# Melt Pool Geometry History
# time(s)  length(m)  depth(m)  width(m)  volume(m3)  Tpeak(K)  laser_on
 2.10000E-05   0.00000E+00   0.00000E+00   0.00000E+00   7.73429E-14      293.00  1
 4.10000E-05   3.78133E-05   1.00027E-04   3.37799E-05   2.22134E-13     1799.95  1
 6.10000E-05   7.13135E-05   1.07953E-04   5.88497E-05   3.43237E-13     2494.03  1
 8.10000E-05   9.82749E-05   1.08798E-04   6.43026E-05   4.72705E-13     2832.78  1
 1.01000E-04   1.23402E-04   1.09091E-04   6.68393E-05   5.76696E-13     2976.78  1
 1.21000E-04   1.48226E-04   1.09243E-04   6.77273E-05   6.82776E-13     2964.33  1
 1.41000E-04   1.72819E-04   1.09367E-04   6.86181E-05   7.92830E-13     3009.00  1
 1.61000E-04   1.98013E-04   1.09261E-04   6.91609E-05   9.06001E-13     3051.31  1
 1.81000E-04   2.20599E-04   1.09191E-04   6.96143E-05   1.00772E-12     3066.39  1
 2.01000E-04   2.46256E-04   1.09046E-04   6.99828E-05   1.17081E-12     2966.62  1
 2.21000E-04   2.71836E-04   1.09462E-04   7.41844E-05   1.12164E-12     2890.65  0
 2.41000E-04   2.74477E-04   1.07458E-04   7.54632E-05   1.06265E-12     2486.96  0
 2.61000E-04   2.75625E-04   1.02962E-04   7.61806E-05   1.00226E-12     2294.05  0
 2.81000E-04   2.75801E-04   9.83254E-05   7.66877E-05   9.42986E-13     2173.00  0
 3.01000E-04   2.75706E-04   9.35094E-05   7.70531E-05   8.90506E-13     2083.43  0
 3.21000E-04   2.75512E-04   8.86111E-05   7.81417E-05   8.44458E-13     2000.44  0
 3.41000E-04   2.75340E-04   8.35325E-05   7.88071E-05   7.99857E-13     1930.50  0
 3.61000E-04   2.75091E-04   7.86426E-05   7.90644E-05   7.57206E-13     1876.03  0
 3.81000E-04   2.74742E-04   7.37224E-05   7.89542E-05   7.15094E-13     1829.47  0
 4.01000E-04   2.69592E-04   6.89324E-05   7.86183E-05   6.67786E-13     1789.79  0
 4.21000E-04   2.75165E-04   6.47322E-05   7.81300E-05   6.26140E-13     1755.83  0
 4.41000E-04   2.73924E-04   6.10342E-05   7.75339E-05   5.83691E-13     1726.91  0
 4.61000E-04   2.73382E-04   5.77348E-05   7.68953E-05   5.41024E-13     1702.46  0
 4.81000E-04   2.72995E-04   5.37375E-05   7.62240E-05   4.98209E-13     1681.96  0
 5.01000E-04   2.72625E-04   5.04420E-05   7.56007E-05   4.55630E-13     1664.84  0
 5.21000E-04   2.72197E-04   4.78892E-05   7.51345E-05   4.13521E-13     1650.84  0
 5.41000E-04   2.68210E-04   4.42843E-05   7.47576E-05   3.72047E-13     1639.63  0
 5.61000E-04   2.64132E-04   4.21109E-05   7.46162E-05   3.32347E-13     1631.25  0
 5.81000E-04   2.62128E-04   3.89109E-05   7.45155E-05   2.94316E-13     1625.62  0
 6.01000E-04   2.57204E-04   3.61393E-05   7.31368E-05   2.48467E-13     1622.92  0
 6.21000E-04   2.51870E-04   3.36721E-05   7.42509E-05   2.14899E-13     1622.25  0
 6.41000E-04   2.43126E-04   3.14787E-05   7.41407E-05   1.83594E-13     1621.29  0
 6.61000E-04   2.34890E-04   2.89768E-05   7.40133E-05   1.54624E-13     1620.01  0
 6.81000E-04   2.28377E-04   2.75326E-05   7.38657E-05   1.28252E-13     1618.38  0
 7.01000E-04   2.11677E-04   2.45999E-05   7.36899E-05   1.04359E-13     1616.35  0
 7.21000E-04   1.93228E-04   2.33069E-05   7.34820E-05   1.58975E-13     1613.95  1
 7.41000E-04   4.71075E-05   1.03154E-04   4.12221E-05   2.96286E-13     1833.53  1
 7.61000E-04   7.52361E-05   1.08603E-04   5.95672E-05   4.17721E-13     2619.98  1
 7.81000E-04   1.02703E-04   1.09828E-04   6.42190E-05   5.28557E-13     2892.35  1
 8.01000E-04   1.23433E-04   1.09687E-04   6.56010E-05   6.50412E-13     2927.64  1
 8.21000E-04   1.51958E-04   1.10089E-04   7.10885E-05   7.74525E-13     2933.22  1
 8.41000E-04   1.73098E-04   1.10446E-04   7.30788E-05   8.96629E-13     2964.70  1
 8.61000E-04   2.01471E-04   1.10651E-04   7.40852E-05   1.02037E-12     2948.86  1
 8.81000E-04   2.22455E-04   1.10925E-04   7.48869E-05   1.13825E-12     2985.41  1
 9.01000E-04   2.50761E-04   1.10913E-04   7.55434E-05   1.26118E-12     2973.75  1
 9.21000E-04   2.71559E-04   1.11176E-04   7.85610E-05   1.38363E-12     2999.50  1
 9.41000E-04   2.99754E-04   1.11083E-04   7.97349E-05   1.50565E-12     2984.79  1
 9.61000E-04   3.20334E-04   1.11211E-04   8.09017E-05   1.62307E-12     3008.89  1
 9.81000E-04   3.48657E-04   1.11063E-04   8.15879E-05   1.73510E-12     2993.85  1
 1.00100E-03   3.68218E-04   1.11004E-04   8.20846E-05   1.84120E-12     3004.02  1
 1.02100E-03   3.96083E-04   1.10750E-04   8.25454E-05   1.93710E-12     2985.79  1
 1.04100E-03   4.17345E-04   1.10778E-04   8.29049E-05   2.02540E-12     2999.11  1
 1.06100E-03   4.45778E-04   1.10477E-04   8.31977E-05   2.10498E-12     2972.19  1
 1.08100E-03   4.66788E-04   1.10336E-04   8.34318E-05   2.18581E-12     2985.25  1
 1.10100E-03   4.95455E-04   1.10180E-04   8.36294E-05   2.25342E-12     2952.22  1
 1.12100E-03   5.16300E-04   1.10024E-04   8.38247E-05   2.16857E-12     2975.53  0
 1.14100E-03   5.17573E-04   1.07891E-04   8.39728E-05   2.07551E-12     2590.73  0
 1.16100E-03   5.17865E-04   1.03600E-04   8.40828E-05   1.98130E-12     2407.35  0
 1.18100E-03   5.17913E-04   9.93785E-05   8.41632E-05   1.88855E-12     2275.44  0
 1.20100E-03   5.17113E-04   9.49518E-05   8.40226E-05   1.78982E-12     2155.82  0
 1.22100E-03   5.16934E-04   9.07700E-05   8.58631E-05   1.70549E-12     2047.33  0
 1.24100E-03   5.16413E-04   8.63261E-05   8.64041E-05   1.62130E-12     1960.93  0
 1.26100E-03   5.15576E-04   8.24069E-05   8.68331E-05   1.53970E-12     1893.50  0
 1.28100E-03   5.09699E-04   7.77970E-05   8.69670E-05   1.45956E-12     1840.97  0
 1.30100E-03   5.00929E-04   7.33414E-05   8.69632E-05   1.38073E-12     1800.46  0
 1.32100E-03   4.94366E-04   6.90196E-05   8.68436E-05   1.30390E-12     1767.79  0
 1.34100E-03   4.85779E-04   6.52142E-05   8.66508E-05   1.22781E-12     1740.83  0
 1.36100E-03   4.78900E-04   6.22654E-05   8.63833E-05   1.15261E-12     1717.87  0
 1.38100E-03   4.73414E-04   5.84386E-05   8.61454E-05   1.07831E-12     1697.92  0
 1.40100E-03   4.66205E-04   5.48306E-05   8.48061E-05   9.81092E-13     1680.57  0
 1.42100E-03   4.62466E-04   5.26756E-05   8.64246E-05   9.09094E-13     1665.41  0
 1.44100E-03   4.55034E-04   4.93437E-05   8.63936E-05   8.38766E-13     1652.33  0
 1.46100E-03   4.53151E-04   4.75506E-05   8.63536E-05   7.70155E-13     1641.66  0
 1.48100E-03   4.51964E-04   4.43792E-05   8.63122E-05   7.04214E-13     1633.33  0
 1.50100E-03   4.44766E-04   4.27219E-05   8.62702E-05   6.40981E-13     1627.34  0
 1.52100E-03   4.39095E-04   3.97487E-05   8.62280E-05   5.80437E-13     1623.77  0
 1.54100E-03   4.33064E-04   3.81230E-05   8.61859E-05   5.22866E-13     1622.72  0
 1.56100E-03   4.26332E-04   3.55631E-05   8.61383E-05   4.67699E-13     1622.10  0
 1.58100E-03   4.21460E-04   3.37348E-05   8.60804E-05   4.15716E-13     1621.24  0
 1.60100E-03   4.12696E-04   3.17105E-05   8.52685E-05   3.43717E-13     1620.06  0
 1.62100E-03   3.93984E-04   2.93920E-05   9.14333E-05   3.78470E-13     1618.70  1
 1.64100E-03   4.35383E-05   1.03817E-04   4.36487E-05   4.73000E-13     1869.74  1
 1.66100E-03   7.36655E-05   1.08868E-04   5.94757E-05   5.80518E-13     2723.73  1
 1.68100E-03   1.00436E-04   1.09831E-04   6.72807E-05   6.77776E-13     2918.44  1
 1.70100E-03   1.25629E-04   1.10222E-04   7.04062E-05   7.77405E-13     2939.57  1
 1.72100E-03   1.50995E-04   1.10441E-04   7.16129E-05   8.78076E-13     2984.20  1
 1.74100E-03   1.75657E-04   1.10513E-04   7.24409E-05   9.75788E-13     2959.19  1
 1.76100E-03   2.00653E-04   1.10780E-04   7.31018E-05   1.07914E-12     2990.87  1
 1.78100E-03   2.25442E-04   1.10829E-04   7.37887E-05   1.17785E-12     2968.27  1
 1.80100E-03   2.49156E-04   1.10367E-04   7.44979E-05   1.31184E-12     2924.96  1
 1.82100E-03   2.73530E-04   1.10727E-04   7.83051E-05   1.42870E-12     2911.44  1
 1.84100E-03   2.97813E-04   1.11197E-04   8.02064E-05   1.53776E-12     2958.22  1
 1.86100E-03   3.22659E-04   1.11175E-04   8.12003E-05   1.64963E-12     2938.55  1
 1.88100E-03   3.47040E-04   1.11465E-04   8.19515E-05   1.75455E-12     2996.39  1
 1.90100E-03   3.72029E-04   1.11398E-04   8.25804E-05   1.86038E-12     2970.31  1
 1.92100E-03   3.96662E-04   1.11608E-04   8.31104E-05   1.95881E-12     3004.53  1
 1.94100E-03   4.21941E-04   1.11538E-04   8.35443E-05   2.05844E-12     2978.03  1
 1.96100E-03   4.46453E-04   1.11700E-04   8.39134E-05   2.15259E-12     3006.15  1
 1.98100E-03   4.71771E-04   1.11624E-04   8.41985E-05   2.24321E-12     2979.69  1
 2.00100E-03   4.95964E-04   1.11718E-04   8.44009E-05   2.33169E-12     3010.44  1
 2.02100E-03   5.21419E-04   1.11573E-04   8.46061E-05   2.41859E-12     2983.29  1
 2.04100E-03   5.46625E-04   1.11738E-04   8.47962E-05   2.49884E-12     3032.06  1
 2.06100E-03   5.71087E-04   1.11581E-04   8.49977E-05   2.58062E-12     3005.67  1
 2.08100E-03   5.95896E-04   1.11609E-04   8.51865E-05   2.65363E-12     3026.97  1
 2.10100E-03   6.20331E-04   1.11402E-04   8.53591E-05   2.72623E-12     2994.45  1
 2.12100E-03   6.38151E-04   1.11383E-04   8.55137E-05   2.78577E-12     3017.44  1
 2.14100E-03   6.55832E-04   1.11118E-04   8.56468E-05   2.84151E-12     2984.31  1
 2.16100E-03   6.75650E-04   1.10998E-04   8.58068E-05   2.89465E-12     3004.45  1
 2.18100E-03   6.93759E-04   1.10743E-04   8.59300E-05   2.94182E-12     2954.91  1
 2.20100E-03   7.11735E-04   1.10447E-04   8.60503E-05   2.98976E-12     2970.56  1
 2.22100E-03   7.31279E-04   1.10310E-04   8.71203E-05   3.03824E-12     2919.71  1
 2.24100E-03   7.50758E-04   1.10355E-04   8.75543E-05   2.92711E-12     2973.75  0
 2.26100E-03   7.46972E-04   1.08057E-04   8.79120E-05   2.80841E-12     2594.75  0
 2.28100E-03   7.40771E-04   1.03945E-04   8.81529E-05   2.68669E-12     2406.51  0
 2.30100E-03   7.35065E-04   9.97634E-05   8.84218E-05   2.56641E-12     2272.89  0
 2.32100E-03   7.30025E-04   9.56631E-05   8.85270E-05   2.44701E-12     2158.43  0
 2.34100E-03   7.23125E-04   9.15402E-05   8.86167E-05   2.32926E-12     2059.37  0
 2.36100E-03   7.18837E-04   8.75609E-05   8.86053E-05   2.21443E-12     1977.25  0
 2.38100E-03   7.10944E-04   8.28638E-05   8.85212E-05   2.10250E-12     1910.96  0
 2.40100E-03   7.04432E-04   7.82753E-05   8.73361E-05   1.97124E-12     1858.04  0
 2.42100E-03   6.98468E-04   7.40276E-05   8.86860E-05   1.86617E-12     1814.26  0
 2.44100E-03   6.89689E-04   7.01950E-05   8.86864E-05   1.76117E-12     1778.55  0
 2.46100E-03   6.84061E-04   6.72289E-05   8.85202E-05   1.65793E-12     1748.18  0
 2.48100E-03   6.74271E-04   6.33181E-05   8.82921E-05   1.55609E-12     1722.31  0
 2.50100E-03   6.66590E-04   5.98099E-05   8.80421E-05   1.45629E-12     1700.26  0
 2.52100E-03   6.59747E-04   5.75417E-05   8.77867E-05   1.35882E-12     1681.43  0
 2.54100E-03   6.50480E-04   5.39606E-05   8.75441E-05   1.26360E-12     1665.51  0
 2.56100E-03   6.42464E-04   5.14750E-05   8.74258E-05   1.17124E-12     1652.31  0
 2.58100E-03   6.36656E-04   4.86902E-05   8.74011E-05   1.08135E-12     1641.54  0
 2.60100E-03   6.23470E-04   4.57104E-05   8.67434E-05   9.47014E-13     1633.15  0
 2.62100E-03   6.20022E-04   4.35009E-05   9.20632E-05   8.52354E-13     1627.07  0
 2.64100E-03   6.10747E-04   4.10338E-05   9.24569E-05   7.64842E-13     1623.52  0
 2.66100E-03   5.99794E-04   3.88031E-05   9.27446E-05   6.83242E-13     1622.64  0
 2.68100E-03   5.86350E-04   3.70136E-05   9.29611E-05   6.07019E-13     1621.98  0
 2.70100E-03   5.68650E-04   3.43857E-05   9.31104E-05   5.35629E-13     1621.08  0
 2.72100E-03   5.49382E-04   3.29675E-05   9.32076E-05   4.69283E-13     1619.96  0
 2.74100E-03   5.29743E-04   3.04845E-05   9.32564E-05   4.93523E-13     1618.64  1
 2.76100E-03   4.41381E-05   1.03817E-04   4.24670E-05   5.79044E-13     1870.73  1
 2.78100E-03   7.74568E-05   1.08822E-04   6.10864E-05   6.72853E-13     2629.86  1
 2.80100E-03   9.87890E-05   1.09032E-04   6.63904E-05   7.33745E-13     2801.44  1
 2.82100E-03   1.24676E-04   1.09718E-04   7.52317E-05   8.17237E-13     2877.17  1
 2.84100E-03   1.50648E-04   1.09965E-04   7.76226E-05   9.11110E-13     2928.62  1
 2.86100E-03   1.74013E-04   1.10243E-04   7.87378E-05   1.00233E-12     2954.31  1
 2.88100E-03   1.99992E-04   1.10387E-04   7.94365E-05   1.10131E-12     2980.77  1
 2.90100E-03   2.22997E-04   1.10665E-04   7.99815E-05   1.19681E-12     2979.85  1
 2.92100E-03   2.49205E-04   1.10822E-04   8.04075E-05   1.29941E-12     2990.06  1
 2.94100E-03   2.72101E-04   1.11045E-04   8.07653E-05   1.39851E-12     2992.56  1
 2.96100E-03   2.98562E-04   1.11155E-04   8.10943E-05   1.50931E-12     2996.92  1
 2.98100E-03   3.21244E-04   1.11325E-04   8.13857E-05   1.61448E-12     3003.25  1
 3.00100E-03   3.47153E-04   1.11350E-04   8.17183E-05   1.72999E-12     2996.89  1
 3.02100E-03   3.75071E-04   1.11376E-04   8.20275E-05   1.84070E-12     3002.48  1
 3.04100E-03   3.96749E-04   1.11717E-04   8.23087E-05   1.94917E-12     3037.76  1
 3.06100E-03   4.25113E-04   1.11642E-04   8.26322E-05   2.05834E-12     3019.75  1
 3.08100E-03   4.46712E-04   1.11795E-04   8.28989E-05   2.16196E-12     3029.93  1
 3.10100E-03   4.75131E-04   1.11735E-04   8.31192E-05   2.26398E-12     3021.52  1
 3.12100E-03   4.96616E-04   1.11879E-04   8.33409E-05   2.36213E-12     3038.84  1
 3.14100E-03   5.25009E-04   1.11825E-04   8.35634E-05   2.45478E-12     3030.91  1
 3.16100E-03   5.46350E-04   1.11943E-04   8.38498E-05   2.54640E-12     3040.31  1
 3.18100E-03   5.74759E-04   1.11890E-04   8.41781E-05   2.63272E-12     3031.33  1
 3.20100E-03   5.95769E-04   1.11972E-04   8.44339E-05   2.71509E-12     3034.53  1
 3.22100E-03   6.24570E-04   1.11865E-04   8.46384E-05   2.79270E-12     3027.66  1
 3.24100E-03   6.46088E-04   1.12032E-04   8.48646E-05   2.86773E-12     3055.19  1
 3.26100E-03   6.68117E-04   1.11951E-04   8.51492E-05   2.94109E-12     3044.73  1
 3.28100E-03   6.84720E-04   1.12010E-04   8.54541E-05   3.01097E-12     3054.62  1
 3.30100E-03   7.05343E-04   1.11922E-04   8.57625E-05   3.08773E-12     3047.41  1
 3.32100E-03   7.20365E-04   1.11975E-04   8.71760E-05   3.15994E-12     3054.03  1
 3.34100E-03   7.44644E-04   1.11870E-04   8.83406E-05   3.23078E-12     3048.03  1
 3.36100E-03   7.64785E-04   1.11895E-04   8.89577E-05   3.29613E-12     3051.88  1
 3.38100E-03   7.85415E-04   1.11763E-04   8.94763E-05   3.35759E-12     3043.53  1
 3.40100E-03   7.99566E-04   1.11743E-04   8.98395E-05   3.41233E-12     3042.95  1
 3.42100E-03   8.23726E-04   1.11580E-04   9.01399E-05   3.46156E-12     3034.85  1
 3.44100E-03   8.41438E-04   1.11532E-04   9.04530E-05   3.50524E-12     3041.53  1
 3.46100E-03   8.58989E-04   1.11340E-04   9.07180E-05   3.54368E-12     3021.98  1
 3.48100E-03   8.79830E-04   1.11170E-04   9.09070E-05   3.57474E-12     3028.58  1
 3.50099E-03   8.97122E-04   1.11000E-04   9.10217E-05   3.60001E-12     2992.03  1
 3.52099E-03   9.19128E-04   1.10746E-04   9.11646E-05   3.62301E-12     3010.73  1
 3.54099E-03   9.35103E-04   1.10627E-04   9.12489E-05   3.63952E-12     2979.06  1
 3.56099E-03   9.57024E-04   1.10332E-04   9.13285E-05   3.65554E-12     3002.81  1
 3.58099E-03   9.72608E-04   1.10312E-04   9.13494E-05   3.51159E-12     2994.29  0
 3.60099E-03   9.66426E-04   1.08021E-04   9.09954E-05   3.34860E-12     2624.85  0
 3.62099E-03   9.58737E-04   1.03907E-04   9.13241E-05   3.19600E-12     2408.85  0
 3.64099E-03   9.52275E-04   9.97324E-05   9.14558E-05   3.04449E-12     2256.81  0
 3.66099E-03   9.43468E-04   9.56555E-05   9.13544E-05   2.89631E-12     2136.26  0
 3.68099E-03   9.32683E-04   9.15515E-05   9.12181E-05   2.75209E-12     2039.53  0
 3.70099E-03   9.22238E-04   8.75518E-05   9.10140E-05   2.61293E-12     1959.80  0
 3.72099E-03   9.12254E-04   8.27932E-05   9.08611E-05   2.47833E-12     1896.90  0
 3.74099E-03   9.03463E-04   7.82020E-05   9.06726E-05   2.34669E-12     1848.91  0
 3.76099E-03   8.92439E-04   7.37068E-05   9.04493E-05   2.21872E-12     1809.21  0
 3.78099E-03   8.80583E-04   6.96856E-05   9.01925E-05   2.09418E-12     1776.20  0
 3.80099E-03   8.68255E-04   6.63077E-05   8.88553E-05   1.90822E-12     1748.83  0
 3.82099E-03   8.56780E-04   6.30639E-05   9.31441E-05   1.76757E-12     1722.08  0
 3.84099E-03   8.44968E-04   5.93834E-05   9.36427E-05   1.63327E-12     1697.50  0
 3.86099E-03   8.32843E-04   5.70196E-05   9.38359E-05   1.50437E-12     1676.28  0
 3.88099E-03   8.20169E-04   5.37770E-05   9.39196E-05   1.38018E-12     1659.32  0
 3.90099E-03   8.06947E-04   5.12673E-05   9.40701E-05   1.26088E-12     1645.96  0
 3.92099E-03   7.93550E-04   4.86635E-05   9.41736E-05   1.14695E-12     1635.89  0
 3.94099E-03   7.79533E-04   4.61976E-05   9.42405E-05   1.03854E-12     1628.80  0
 3.96099E-03   7.62349E-04   4.37274E-05   9.42731E-05   9.35755E-13     1624.44  0
 3.98099E-03   7.47876E-04   4.14422E-05   9.42767E-05   8.38407E-13     1622.83  0
 4.00099E-03   7.32071E-04   3.87997E-05   9.31305E-05   7.16386E-13     1622.13  0
 4.02099E-03   7.18922E-04   3.68741E-05   9.53003E-05   6.22054E-13     1621.22  0
 4.04099E-03   7.01049E-04   3.42394E-05   9.60052E-05   5.36564E-13     1620.05  0
 4.06099E-03   6.75733E-04   3.27580E-05   9.63791E-05   4.58980E-13     1618.63  0
 4.08099E-03   6.47593E-04   2.99927E-05   9.63035E-05   4.68084E-13     1617.04  1
 4.10099E-03   4.37424E-05   1.03767E-04   4.23489E-05   5.57788E-13     1864.78  1
 4.12099E-03   7.39332E-05   1.08835E-04   5.97108E-05   6.36670E-13     2616.26  1
 4.14099E-03   1.00094E-04   1.09862E-04   6.41127E-05   7.15667E-13     2898.48  1
 4.16100E-03   1.25535E-04   1.10331E-04   6.91380E-05   8.00555E-13     2951.73  1
 4.18100E-03   1.50798E-04   1.10609E-04   7.11708E-05   8.93956E-13     2991.58  1
 4.20100E-03   1.75333E-04   1.10119E-04   7.27347E-05   1.00484E-12     2906.31  1
 4.22100E-03   1.99371E-04   1.10576E-04   7.76603E-05   1.10827E-12     2921.19  1
 4.24100E-03   2.24371E-04   1.10853E-04   7.95926E-05   1.21575E-12     2900.80  1
 4.26100E-03   2.48590E-04   1.11217E-04   8.05811E-05   1.32254E-12     2962.76  1
 4.28100E-03   2.73582E-04   1.11186E-04   8.13191E-05   1.43585E-12     2940.65  1
 4.30100E-03   2.97790E-04   1.11481E-04   8.19000E-05   1.55087E-12     2982.64  1
 4.32100E-03   3.22904E-04   1.11439E-04   8.23740E-05   1.66565E-12     2957.96  1
 4.34100E-03   3.47156E-04   1.11661E-04   8.28059E-05   1.77958E-12     3001.17  1
 4.36100E-03   3.72405E-04   1.11618E-04   8.31248E-05   1.89218E-12     2972.59  1
 4.38100E-03   3.96657E-04   1.11792E-04   8.33813E-05   1.99991E-12     3003.35  1
 4.40100E-03   4.19121E-04   1.11687E-04   8.36119E-05   2.09762E-12     2961.23  1
 4.42100E-03   4.50407E-04   1.11738E-04   8.38269E-05   2.20004E-12     3009.28  1
 4.44100E-03   4.74710E-04   1.11998E-04   8.40410E-05   2.29872E-12     3033.52  1
 4.46100E-03   4.97504E-04   1.11926E-04   8.42413E-05   2.39568E-12     3007.74  1
 4.48100E-03   5.21735E-04   1.12024E-04   8.44321E-05   2.48747E-12     3037.39  1
 4.50100E-03   5.44910E-04   1.11975E-04   8.46105E-05   2.57744E-12     3011.94  1
 4.52100E-03   5.68737E-04   1.12079E-04   8.47843E-05   2.66150E-12     3038.08  1
 4.54100E-03   5.91068E-04   1.12039E-04   8.49570E-05   2.74853E-12     3013.70  1
 4.56100E-03   6.10418E-04   1.12128E-04   8.51413E-05   2.82613E-12     3037.01  1
 4.58100E-03   6.32070E-04   1.12092E-04   8.53398E-05   2.90585E-12     3016.76  1
 4.60100E-03   6.51464E-04   1.12148E-04   8.55526E-05   2.97816E-12     3041.28  1
 4.62100E-03   6.72086E-04   1.12057E-04   8.57588E-05   3.05272E-12     3012.03  1
 4.64100E-03   6.92282E-04   1.12202E-04   8.60009E-05   3.13217E-12     3049.90  1
 4.66100E-03   7.12765E-04   1.12156E-04   8.74606E-05   3.21113E-12     3029.61  1
 4.68100E-03   7.37059E-04   1.12202E-04   8.87150E-05   3.28301E-12     3058.92  1
 4.70100E-03   7.60564E-04   1.12157E-04   8.93121E-05   3.35931E-12     3039.37  1
 4.72100E-03   7.78845E-04   1.12206E-04   8.97009E-05   3.42594E-12     3062.77  1
 4.74100E-03   7.97794E-04   1.12155E-04   8.99869E-05   3.49679E-12     3036.34  1
 4.76100E-03   8.18108E-04   1.12189E-04   9.02035E-05   3.55246E-12     3061.12  1
 4.78100E-03   8.37984E-04   1.12128E-04   9.04310E-05   3.61324E-12     3038.96  1
 4.80100E-03   8.55824E-04   1.12124E-04   9.05893E-05   3.66322E-12     3042.80  1
 4.82100E-03   8.76767E-04   1.12056E-04   9.08452E-05   3.71363E-12     3030.58  1
 4.84100E-03   8.98555E-04   1.12086E-04   9.10650E-05   3.75799E-12     3046.75  1
 4.86100E-03   9.14810E-04   1.12000E-04   9.13035E-05   3.80152E-12     3022.67  1
 4.88100E-03   9.36229E-04   1.11972E-04   9.14660E-05   3.84077E-12     3043.18  1
 4.90100E-03   9.52840E-04   1.11865E-04   9.16217E-05   3.87568E-12     3020.89  1
 4.92100E-03   9.73577E-04   1.11796E-04   9.17924E-05   3.90486E-12     3046.19  1
 4.94100E-03   9.90059E-04   1.11673E-04   9.18882E-05   3.93231E-12     3014.09  1
 4.96100E-03   1.00795E-03   1.11529E-04   9.19939E-05   3.95532E-12     3059.32  1
 4.98100E-03   1.02681E-03   1.11419E-04   9.20556E-05   3.97298E-12     3031.01  1
 5.00100E-03   1.04246E-03   1.11177E-04   9.21100E-05   3.99480E-12     3030.08  1
 5.02100E-03   1.06288E-03   1.10945E-04   9.21072E-05   4.00494E-12     3007.49  1
 5.04100E-03   1.07949E-03   1.11025E-04   9.20924E-05   4.00908E-12     3007.16  1
 5.06100E-03   1.09928E-03   1.10747E-04   9.20824E-05   4.00852E-12     2969.02  1
 5.08100E-03   1.11405E-03   1.10591E-04   9.20463E-05   4.00690E-12     2987.59  1
 5.10100E-03   1.13419E-03   1.10392E-04   9.20520E-05   3.84690E-12     2939.54  0
 5.12100E-03   1.12743E-03   1.08134E-04   9.19856E-05   3.68052E-12     2589.69  0
 5.14100E-03   1.11996E-03   1.04200E-04   9.19219E-05   3.51313E-12     2408.65  0
 5.16100E-03   1.11493E-03   1.00241E-04   9.17904E-05   3.34746E-12     2268.45  0
 5.18100E-03   1.10402E-03   9.65720E-05   9.16416E-05   3.18517E-12     2149.37  0
 5.20100E-03   1.09228E-03   9.23827E-05   9.10255E-05   2.95129E-12     2049.38  0
 5.22100E-03   1.08321E-03   8.78874E-05   9.35133E-05   2.78929E-12     1956.87  0
 5.24100E-03   1.07116E-03   8.33719E-05   9.44179E-05   2.62192E-12     1879.17  0
 5.26100E-03   1.05829E-03   7.89012E-05   9.48334E-05   2.45514E-12     1819.07  0
 5.28100E-03   1.04473E-03   7.47784E-05   9.49983E-05   2.29240E-12     1774.36  0
 5.30100E-03   1.02959E-03   7.09693E-05   9.50377E-05   2.13417E-12     1739.55  0
 5.32100E-03   1.01328E-03   6.76733E-05   9.50119E-05   1.98077E-12     1712.46  0
 5.34100E-03   1.00184E-03   6.34494E-05   9.49600E-05   1.83268E-12     1690.67  0
 5.36100E-03   9.89987E-04   5.96602E-05   9.49824E-05   1.69048E-12     1672.89  0
 5.38100E-03   9.77290E-04   5.67892E-05   9.50218E-05   1.55375E-12     1658.55  0
 5.40100E-03   9.60980E-04   5.30257E-05   9.41927E-05   1.34835E-12     1646.72  0
 5.42100E-03   9.40508E-04   4.97227E-05   9.96660E-05   1.20268E-12     1637.17  0
 5.44100E-03   9.14682E-04   4.77798E-05   1.01328E-04   1.07266E-12     1629.92  0
 5.46101E-03   8.85368E-04   4.45015E-05   1.01489E-04   9.52660E-13     1625.12  0
 5.48101E-03   8.59375E-04   4.27501E-05   1.01625E-04   8.42475E-13     1622.95  0
 5.50101E-03   8.29643E-04   3.96530E-05   1.01718E-04   7.39844E-13     1622.35  0
 5.52101E-03   8.02406E-04   3.79483E-05   1.01769E-04   6.44744E-13     1621.47  0
 5.54101E-03   7.70785E-04   3.51162E-05   1.01780E-04   5.56445E-13     1620.33  0
 5.56101E-03   7.39983E-04   3.33223E-05   1.01750E-04   4.74980E-13     1618.94  0
 5.58101E-03   7.07103E-04   3.09661E-05   1.01676E-04   3.99718E-13     1617.36  0
 5.60101E-03   6.71994E-04   2.88619E-05   1.00650E-04   4.00435E-13     1615.42  1
 5.62101E-03   4.58092E-05   1.03178E-04   4.95763E-05   5.06797E-13     1811.38  1
 5.64101E-03   7.31379E-05   1.08675E-04   5.90384E-05   5.89700E-13     2586.30  1
 5.66101E-03   1.02165E-04   1.10101E-04   6.36409E-05   6.73820E-13     2827.42  1
 5.68101E-03   1.24182E-04   1.10763E-04   6.55275E-05   7.67192E-13     2947.96  1
 5.70101E-03   1.52505E-04   1.10933E-04   6.66507E-05   8.59941E-13     2960.75  1
 5.72101E-03   1.74239E-04   1.11278E-04   6.76957E-05   9.57958E-13     3010.80  1
 5.74101E-03   2.02540E-04   1.11225E-04   6.86317E-05   1.06601E-12     3001.21  1
 5.76101E-03   2.24151E-04   1.11517E-04   7.29446E-05   1.18561E-12     3022.85  1
 5.78101E-03   2.52425E-04   1.11464E-04   7.44994E-05   1.32415E-12     3008.97  1
 5.80101E-03   2.72726E-04   1.11629E-04   7.81314E-05   1.46168E-12     3018.79  1
 5.82101E-03   2.99652E-04   1.11547E-04   7.96887E-05   1.59426E-12     2997.51  1
 5.84101E-03   3.22434E-04   1.11831E-04   8.07469E-05   1.72165E-12     3015.84  1
 5.86101E-03   3.49210E-04   1.11821E-04   8.15678E-05   1.84881E-12     3014.36  1
 5.88101E-03   3.71617E-04   1.11911E-04   8.22496E-05   1.96786E-12     3021.10  1
 5.90101E-03   3.98333E-04   1.11892E-04   8.28172E-05   2.08594E-12     3020.73  1
 5.92101E-03   4.20700E-04   1.12002E-04   8.32860E-05   2.19862E-12     3024.94  1
 5.94101E-03   4.47557E-04   1.11965E-04   8.37366E-05   2.30834E-12     3024.79  1
 5.96101E-03   4.69939E-04   1.12081E-04   8.41343E-05   2.41153E-12     3039.37  1
 5.98101E-03   4.96977E-04   1.12043E-04   8.44919E-05   2.51469E-12     3038.86  1
 6.00101E-03   5.18874E-04   1.12112E-04   8.48674E-05   2.61143E-12     3029.93  1
 6.02101E-03   5.47052E-04   1.12094E-04   8.52071E-05   2.71067E-12     3041.22  1
 6.04101E-03   5.68842E-04   1.12218E-04   8.67222E-05   2.81292E-12     3061.32  1
 6.06101E-03   5.96723E-04   1.12188E-04   8.74150E-05   2.91471E-12     3054.43  1
 6.08101E-03   6.18427E-04   1.12247E-04   8.86212E-05   3.00727E-12     3066.69  1
 6.10101E-03   6.46373E-04   1.12223E-04   8.92577E-05   3.10329E-12     3059.64  1
 6.12101E-03   6.67983E-04   1.12277E-04   8.96709E-05   3.18910E-12     3068.17  1
 6.14101E-03   6.95923E-04   1.12253E-04   8.99717E-05   3.27324E-12     3060.03  1
 6.16101E-03   7.17396E-04   1.12296E-04   9.02175E-05   3.35096E-12     3063.95  1
 6.18101E-03   7.45350E-04   1.12275E-04   9.05475E-05   3.42676E-12     3058.09  1
 6.20101E-03   7.65773E-04   1.12300E-04   9.09413E-05   3.49539E-12     3058.02  1
 6.22101E-03   7.94641E-04   1.12227E-04   9.12849E-05   3.56184E-12     3045.70  1
 6.24101E-03   8.09296E-04   1.12345E-04   9.15448E-05   3.62514E-12     3055.61  1
 6.26101E-03   8.28970E-04   1.12308E-04   9.17537E-05   3.68448E-12     3055.38  1
 6.28101E-03   8.44768E-04   1.12324E-04   9.19546E-05   3.74119E-12     3063.09  1
 6.30101E-03   8.65813E-04   1.12291E-04   9.21004E-05   3.79505E-12     3062.63  1
 6.32101E-03   8.81621E-04   1.12315E-04   9.22311E-05   3.84794E-12     3066.55  1
 6.34101E-03   9.06383E-04   1.12278E-04   9.23426E-05   3.89509E-12     3065.35  1
 6.36101E-03   9.27399E-04   1.12294E-04   9.24647E-05   3.94042E-12     3074.46  1
 6.38101E-03   9.53139E-04   1.12248E-04   9.25564E-05   3.98493E-12     3068.40  1
 6.40101E-03   9.64517E-04   1.12185E-04   9.25488E-05   4.02228E-12     3055.23  1
 6.42101E-03   9.84955E-04   1.12088E-04   9.24908E-05   4.05798E-12     3055.04  1
 6.44101E-03   1.00249E-03   1.12205E-04   9.25532E-05   4.08719E-12     3047.73  1
 6.46101E-03   1.02128E-03   1.12175E-04   9.26590E-05   4.11858E-12     3061.29  1
 6.48101E-03   1.03985E-03   1.12056E-04   9.27895E-05   4.14352E-12     3062.81  1
 6.50101E-03   1.05803E-03   1.12035E-04   9.28680E-05   4.16439E-12     3064.11  1
 6.52101E-03   1.07817E-03   1.11899E-04   9.29743E-05   4.18303E-12     3062.04  1
 6.54101E-03   1.09509E-03   1.11873E-04   9.30629E-05   4.19685E-12     3064.91  1
 6.56101E-03   1.11657E-03   1.11706E-04   9.31751E-05   4.20700E-12     3054.26  1
 6.58101E-03   1.13142E-03   1.11656E-04   9.32001E-05   4.21259E-12     3053.51  1
 6.60101E-03   1.15204E-03   1.11454E-04   9.31980E-05   4.21287E-12     3041.45  1
 6.62101E-03   1.16840E-03   1.11354E-04   9.31257E-05   4.21057E-12     3041.44  1
 6.64101E-03   1.18734E-03   1.11153E-04   9.30239E-05   4.04812E-12     3016.03  0
 6.66101E-03   1.18437E-03   1.08718E-04   9.30129E-05   3.87936E-12     2649.20  0
 6.68101E-03   1.17485E-03   1.05937E-04   9.29766E-05   3.70571E-12     2437.32  0
 6.70101E-03   1.16857E-03   1.02891E-04   9.28576E-05   3.53174E-12     2281.20  0
 6.72101E-03   1.16377E-03   9.86934E-05   9.28040E-05   3.36063E-12     2155.48  0
 6.74101E-03   1.16209E-03   9.46488E-05   9.26459E-05   3.19238E-12     2063.24  0
 6.76101E-03   1.15894E-03   9.11786E-05   9.25169E-05   3.02794E-12     1992.34  0
 6.78102E-03   1.14818E-03   8.77488E-05   9.23561E-05   2.86764E-12     1935.18  0
 6.80102E-03   1.13727E-03   8.35249E-05   9.21009E-05   2.71279E-12     1887.80  0
 6.82102E-03   1.12653E-03   7.95752E-05   9.17516E-05   2.56200E-12     1846.62  0
 6.84102E-03   1.11497E-03   7.65191E-05   9.13432E-05   2.41453E-12     1810.91  0
 6.86102E-03   1.10220E-03   7.31011E-05   9.08588E-05   2.27159E-12     1779.32  0
 6.88102E-03   1.08858E-03   6.93832E-05   9.04053E-05   2.13266E-12     1751.74  0
 6.90102E-03   1.07446E-03   6.66956E-05   8.99830E-05   1.99717E-12     1727.61  0
 6.92102E-03   1.06025E-03   6.34745E-05   8.95299E-05   1.86496E-12     1706.60  0
 6.94102E-03   1.04624E-03   6.03831E-05   8.90812E-05   1.73651E-12     1688.62  0
 6.96102E-03   1.02658E-03   5.80031E-05   8.86446E-05   1.61171E-12     1673.29  0
 6.98102E-03   1.01024E-03   5.48109E-05   8.82300E-05   1.49107E-12     1660.13  0
 7.00102E-03   9.78665E-04   5.17568E-05   8.57891E-05   1.30249E-12     1648.56  0
 7.02102E-03   8.95373E-04   4.90501E-05   9.23169E-05   1.17762E-12     1638.99  0
 7.04102E-03   8.66463E-04   4.72613E-05   9.27313E-05   1.06108E-12     1631.33  0
 7.06102E-03   8.38885E-04   4.42322E-05   9.30220E-05   9.51756E-13     1626.10  0
 7.08102E-03   8.14450E-04   4.26606E-05   9.32288E-05   8.50114E-13     1623.25  0
 7.10102E-03   7.86674E-04   3.97259E-05   9.33681E-05   7.55085E-13     1622.55  0
 7.12102E-03   7.60267E-04   3.80969E-05   9.34539E-05   6.66466E-13     1621.82  0
 7.14102E-03   7.32078E-04   3.55869E-05   9.34945E-05   6.80138E-13     1620.86  1
 7.16102E-03   4.17060E-05   1.05784E-04   4.20364E-05   7.73953E-13     1895.52  1
 7.18102E-03   7.31737E-05   1.09775E-04   6.07809E-05   8.50218E-13     2637.08  1
 7.20102E-03   9.97611E-05   1.10471E-04   6.48083E-05   9.09968E-13     2830.78  1
 7.22102E-03   1.24443E-04   1.11163E-04   7.12122E-05   9.95057E-13     2893.91  1
 7.24102E-03   1.50522E-04   1.11593E-04   7.33273E-05   1.07779E-12     2962.02  1
 7.26102E-03   1.74626E-04   1.11607E-04   7.45658E-05   1.17099E-12     2952.57  1
 7.28102E-03   2.00572E-04   1.11811E-04   7.55216E-05   1.25861E-12     2997.73  1
 7.30102E-03   2.24718E-04   1.11760E-04   7.63601E-05   1.35861E-12     2980.49  1
 7.32102E-03   2.50524E-04   1.11924E-04   7.71118E-05   1.45949E-12     3014.13  1
 7.34102E-03   2.74824E-04   1.11880E-04   7.98195E-05   1.57079E-12     2994.45  1
 7.36102E-03   3.00384E-04   1.12021E-04   8.11568E-05   1.68045E-12     3037.39  1
 7.38102E-03   3.24603E-04   1.11983E-04   8.22650E-05   1.79414E-12     3013.46  1
 7.40102E-03   3.50010E-04   1.12092E-04   8.31146E-05   1.91428E-12     3042.81  1
 7.42102E-03   3.74166E-04   1.12055E-04   8.37946E-05   2.03451E-12     3014.57  1
 7.44102E-03   3.99532E-04   1.12150E-04   8.43256E-05   2.15201E-12     3047.07  1
 7.46102E-03   4.23731E-04   1.12120E-04   8.47974E-05   2.27493E-12     3023.87  1
 7.48102E-03   4.48883E-04   1.12200E-04   8.63925E-05   2.39233E-12     3045.11  1
 7.50102E-03   4.73177E-04   1.12174E-04   8.77526E-05   2.50652E-12     3018.98  1
 7.52102E-03   4.98289E-04   1.12241E-04   8.85271E-05   2.61589E-12     3049.75  1
 7.54102E-03   5.22777E-04   1.12219E-04   8.90808E-05   2.72526E-12     3028.57  1
 7.56102E-03   5.47863E-04   1.12274E-04   8.94568E-05   2.82803E-12     3052.21  1
 7.58102E-03   5.72533E-04   1.12255E-04   8.97021E-05   2.93077E-12     3029.04  1
 7.60102E-03   5.97399E-04   1.12289E-04   8.99925E-05   3.02816E-12     3046.21  1
 7.62102E-03   6.22177E-04   1.12219E-04   9.02307E-05   3.12046E-12     3017.03  1
 7.64102E-03   6.48068E-04   1.12340E-04   9.04000E-05   3.21076E-12     3051.23  1
 7.66102E-03   6.72135E-04   1.12315E-04   9.05470E-05   3.29749E-12     3036.63  1
 7.68102E-03   6.97818E-04   1.12334E-04   9.07487E-05   3.37609E-12     3059.90  1
 7.70102E-03   7.21879E-04   1.12310E-04   9.09918E-05   3.45738E-12     3042.58  1
 7.72102E-03   7.47401E-04   1.12339E-04   9.11768E-05   3.52824E-12     3063.54  1
 7.74102E-03   7.71504E-04   1.12317E-04   9.13981E-05   3.60124E-12     3043.09  1
 7.76102E-03   7.96828E-04   1.12344E-04   9.15931E-05   3.66416E-12     3066.78  1
 7.78102E-03   8.20837E-04   1.12317E-04   9.17867E-05   3.73087E-12     3044.64  1
 7.80102E-03   8.38392E-04   1.12306E-04   9.18944E-05   3.78973E-12     3055.61  1
 7.82102E-03   8.58471E-04   1.12139E-04   9.19807E-05   3.84775E-12     3036.70  1
 7.84102E-03   8.80502E-04   1.12355E-04   9.20988E-05   3.89627E-12     3056.09  1
 7.86102E-03   8.97001E-04   1.12298E-04   9.22014E-05   3.94901E-12     3065.30  1
 7.88102E-03   9.23364E-04   1.12267E-04   9.23268E-05   3.98963E-12     3055.01  1
 7.90102E-03   9.36637E-04   1.12202E-04   9.23976E-05   4.03490E-12     3062.60  1
 7.92102E-03   9.57833E-04   1.12187E-04   9.24589E-05   4.06958E-12     3059.43  1
 7.94102E-03   9.73164E-04   1.12075E-04   9.24647E-05   4.10607E-12     3058.54  1
 7.96102E-03   9.96418E-04   1.12064E-04   9.25686E-05   3.97556E-12     3055.66  0
 7.98102E-03   9.90101E-04   1.09911E-04   9.27054E-05   3.83197E-12     2670.72  0
 8.00102E-03   9.85269E-04   1.08088E-04   9.24903E-05   3.65980E-12     2450.54  0
 8.02102E-03   9.82172E-04   1.04519E-04   9.62734E-05   3.50505E-12     2284.11  0
 8.04102E-03   9.79761E-04   1.01764E-04   9.69105E-05   3.34484E-12     2152.43  0
 8.06102E-03   9.72091E-04   9.82963E-05   9.73511E-05   3.18246E-12     2051.27  0
 8.08102E-03   9.68514E-04   9.45038E-05   9.81691E-05   3.02022E-12     1969.36  0
 8.10102E-03   9.63867E-04   9.15108E-05   9.86145E-05   2.86037E-12     1907.86  0
 8.12102E-03   9.56516E-04   8.81237E-05   9.86593E-05   2.70354E-12     1859.64  0
 8.14102E-03   9.53220E-04   8.42545E-05   9.86404E-05   2.55158E-12     1819.93  0
 8.16103E-03   9.44081E-04   8.11821E-05   9.84811E-05   2.40350E-12     1787.44  0
 8.18103E-03   9.39965E-04   7.80456E-05   9.81383E-05   2.25966E-12     1760.06  0
 8.20103E-03   9.29014E-04   7.39470E-05   9.66900E-05   2.05617E-12     1736.63  0
 8.22103E-03   9.28764E-04   7.09295E-05   9.97285E-05   1.90239E-12     1715.08  0
 8.24103E-03   9.19151E-04   6.81208E-05   1.02542E-04   1.75818E-12     1695.20  0
 8.26103E-03   9.10514E-04   6.46540E-05   1.02786E-04   1.62080E-12     1677.47  0
 8.28103E-03   9.02863E-04   6.25830E-05   1.02953E-04   1.48942E-12     1662.54  0
 8.30103E-03   8.92585E-04   5.90638E-05   1.03121E-04   1.36398E-12     1650.28  0
 8.32103E-03   8.78133E-04   5.68278E-05   1.03269E-04   1.24448E-12     1640.48  0
 8.34103E-03   8.61346E-04   5.38313E-05   1.03362E-04   1.13102E-12     1632.93  0
 8.36103E-03   8.45539E-04   5.16010E-05   1.03418E-04   1.02366E-12     1627.48  0
 8.38103E-03   8.20336E-04   4.88465E-05   1.03442E-04   9.22861E-13     1624.07  0
 8.40103E-03   7.90344E-04   4.61329E-05   1.02213E-04   7.97337E-13     1622.84  0
 8.42103E-03   7.57775E-04   4.37894E-05   1.02389E-04   7.00264E-13     1622.35  0
 8.44103E-03   7.12943E-04   4.19739E-05   1.01696E-04   6.12138E-13     1621.68  0
 8.46103E-03   6.75194E-04   3.92768E-05   1.00548E-04   6.26975E-13     1620.84  1
 8.48103E-03   4.39803E-05   1.05674E-04   4.21545E-05   7.21810E-13     1883.74  1
 8.50103E-03   7.57860E-05   1.09802E-04   6.13377E-05   8.08783E-13     2635.88  1
 8.52103E-03   1.02220E-04   1.11058E-04   6.81606E-05   8.94944E-13     2870.35  1
 8.54103E-03   1.28091E-04   1.11640E-04   7.09082E-05   9.88136E-13     2981.34  1
 8.56103E-03   1.52875E-04   1.11754E-04   7.23611E-05   1.07884E-12     2992.88  1
 8.58103E-03   1.78387E-04   1.11902E-04   7.34404E-05   1.17577E-12     3015.40  1
 8.60103E-03   2.00206E-04   1.11380E-04   7.52067E-05   1.28965E-12     2913.98  1
 8.62103E-03   2.29480E-04   1.11505E-04   7.93366E-05   1.39014E-12     2926.74  1
 8.64103E-03   2.51136E-04   1.11893E-04   8.11814E-05   1.49390E-12     2989.22  1
 8.66103E-03   2.79232E-04   1.11862E-04   8.22059E-05   1.59993E-12     2980.50  1
 8.68103E-03   3.01523E-04   1.11983E-04   8.30130E-05   1.70541E-12     3009.45  1
 8.70103E-03   3.29725E-04   1.11933E-04   8.37137E-05   1.81283E-12     3004.12  1
 8.72103E-03   3.51566E-04   1.12046E-04   8.43680E-05   1.91992E-12     3030.97  1
 8.74103E-03   3.79219E-04   1.12006E-04   8.49582E-05   2.02822E-12     3023.03  1
 8.76103E-03   4.00878E-04   1.12103E-04   8.54748E-05   2.13527E-12     3035.01  1
 8.78103E-03   4.28827E-04   1.12072E-04   8.59170E-05   2.24284E-12     3030.68  1
 8.80103E-03   4.48613E-04   1.12137E-04   8.62870E-05   2.34675E-12     3043.75  1
 8.82103E-03   4.76986E-04   1.12055E-04   8.66250E-05   2.45262E-12     3031.47  1
 8.84103E-03   4.98360E-04   1.12210E-04   8.79284E-05   2.55805E-12     3057.56  1
 8.86103E-03   5.25124E-04   1.12173E-04   8.89841E-05   2.65859E-12     3048.17  1
 8.88103E-03   5.46606E-04   1.12223E-04   8.96382E-05   2.75523E-12     3063.34  1
 8.90103E-03   5.74190E-04   1.12190E-04   9.00180E-05   2.85141E-12     3056.74  1
 8.92103E-03   5.92028E-04   1.12245E-04   9.02733E-05   2.94096E-12     3064.34  1
 8.94103E-03   6.17611E-04   1.12218E-04   9.04598E-05   3.03062E-12     3056.95  1
 8.96103E-03   6.37884E-04   1.12262E-04   9.05870E-05   3.11736E-12     3061.71  1
 8.98103E-03   6.64838E-04   1.12233E-04   9.06731E-05   3.20269E-12     3054.30  1
 9.00103E-03   6.85874E-04   1.12265E-04   9.07702E-05   3.27980E-12     3063.93  1
 9.02103E-03   7.09244E-04   1.12222E-04   9.08646E-05   3.36081E-12     3059.13  1
 9.04103E-03   7.26814E-04   1.12239E-04   9.09171E-05   3.43112E-12     3059.58  1
 9.06103E-03   7.48943E-04   1.12178E-04   9.11204E-05   3.50227E-12     3057.23  1
 9.08103E-03   7.67080E-04   1.12163E-04   9.12780E-05   3.40899E-12     3057.06  0
 9.10103E-03   7.66518E-04   1.10055E-04   9.13745E-05   3.30132E-12     2670.36  0
 9.12103E-03   7.61018E-04   1.08253E-04   9.14632E-05   3.18423E-12     2457.91  0
 9.14103E-03   7.59075E-04   1.04881E-04   9.15378E-05   3.06530E-12     2293.82  0
 9.16103E-03   7.56215E-04   1.02561E-04   9.16821E-05   2.94673E-12     2176.86  0
 9.18103E-03   7.50728E-04   9.86244E-05   9.18035E-05   2.82724E-12     2089.12  0
 9.20103E-03   7.47405E-04   9.48989E-05   9.13065E-05   2.67660E-12     2018.10  0
 9.22103E-03   7.42592E-04   9.24395E-05   9.53347E-05   2.55591E-12     1950.74  0
 9.24103E-03   7.39132E-04   8.84904E-05   9.60657E-05   2.43502E-12     1890.86  0
 9.26103E-03   7.32643E-04   8.49203E-05   9.64182E-05   2.31378E-12     1839.51  0
 9.28103E-03   7.28299E-04   8.25107E-05   9.65612E-05   2.19287E-12     1797.37  0
 9.30103E-03   7.23648E-04   7.86087E-05   9.65812E-05   2.07374E-12     1763.52  0
 9.32103E-03   7.17107E-04   7.52490E-05   9.65215E-05   1.95655E-12     1735.50  0
 9.34103E-03   7.13672E-04   7.27887E-05   9.64045E-05   1.84155E-12     1711.96  0
 9.36103E-03   7.05921E-04   6.91087E-05   9.62507E-05   1.72912E-12     1692.23  0
 9.38103E-03   7.02009E-04   6.63983E-05   9.60793E-05   1.61934E-12     1675.67  0
 9.40103E-03   6.94796E-04   6.29112E-05   9.48776E-05   1.45768E-12     1661.93  0
 9.42103E-03   6.88761E-04   5.98733E-05   1.00177E-04   1.33911E-12     1650.20  0
 9.44103E-03   6.83586E-04   5.77574E-05   1.02040E-04   1.22958E-12     1640.50  0
 9.46104E-03   6.76176E-04   5.43261E-05   1.02373E-04   1.12593E-12     1632.93  0
 9.48104E-03   6.72189E-04   5.25637E-05   1.02638E-04   1.02779E-12     1627.45  0
 9.50104E-03   6.63934E-04   4.92253E-05   1.02826E-04   9.34375E-13     1624.05  0
 9.52104E-03   6.56283E-04   4.76137E-05   1.02949E-04   8.45529E-13     1622.86  0
 9.54104E-03   6.50081E-04   4.44869E-05   1.03022E-04   7.60757E-13     1622.40  0
 9.56104E-03   6.42010E-04   4.29071E-05   1.03054E-04   6.80599E-13     1621.77  0
 9.58104E-03   6.32246E-04   4.01668E-05   1.03049E-04   7.00581E-13     1620.97  1
 9.60104E-03   4.02281E-05   1.04449E-04   3.79371E-05   7.60490E-13     1835.71  1
 9.62104E-03   7.31473E-05   1.09420E-04   5.93412E-05   8.24804E-13     2547.76  1
 9.64104E-03   9.88466E-05   1.10721E-04   6.45128E-05   8.94585E-13     2826.81  1
 9.66104E-03   1.24963E-04   1.11242E-04   6.59910E-05   9.70633E-13     2899.16  1
 9.68104E-03   1.50236E-04   1.11610E-04   6.70137E-05   1.04743E-12     2987.04  1
 9.70104E-03   1.75719E-04   1.11569E-04   6.79602E-05   1.12999E-12     2966.75  1
 9.72104E-03   2.00833E-04   1.11752E-04   6.89824E-05   1.23415E-12     3013.33  1
 9.74104E-03   2.26187E-04   1.11697E-04   7.34587E-05   1.34098E-12     2982.69  1
 9.76104E-03   2.50840E-04   1.11841E-04   7.52355E-05   1.45466E-12     3006.57  1
 9.78104E-03   2.76121E-04   1.11788E-04   7.89543E-05   1.56792E-12     2980.05  1
 9.80104E-03   3.00070E-04   1.11891E-04   8.05353E-05   1.68641E-12     3006.26  1
 9.82104E-03   3.24650E-04   1.11793E-04   8.14740E-05   1.80128E-12     2981.42  1
 9.84104E-03   3.49895E-04   1.11989E-04   8.21836E-05   1.91726E-12     3031.63  1
 9.86104E-03   3.74289E-04   1.11925E-04   8.27546E-05   2.03442E-12     3006.16  1
 9.88104E-03   3.99256E-04   1.12020E-04   8.32317E-05   2.14741E-12     3030.18  1
 9.90104E-03   4.23725E-04   1.11966E-04   8.36443E-05   2.26244E-12     3007.10  1
 9.92104E-03   4.48623E-04   1.12058E-04   8.40829E-05   2.36898E-12     3035.85  1
 9.94104E-03   4.73179E-04   1.12004E-04   8.45040E-05   2.47576E-12     3011.75  1
 9.96104E-03   4.98002E-04   1.12076E-04   8.48988E-05   2.57827E-12     3032.48  1
 9.98104E-03   5.22743E-04   1.12010E-04   8.52876E-05   2.68088E-12     3009.74  1
 1.00010E-02   5.47198E-04   1.11987E-04   8.58827E-05   2.66718E-12     3023.10  0
 1.00210E-02   5.48977E-04   1.09769E-04   8.84630E-05   2.59289E-12     2605.68  0
 1.00410E-02   5.50019E-04   1.08047E-04   9.22758E-05   2.50036E-12     2385.75  0
 1.00610E-02   5.50653E-04   1.04439E-04   9.51336E-05   2.39912E-12     2252.41  0
 1.00810E-02   5.50738E-04   1.01580E-04   9.58934E-05   2.30193E-12     2149.46  0
 1.01010E-02   5.50346E-04   9.82377E-05   9.63669E-05   2.20200E-12     2067.58  0
 1.01210E-02   5.49442E-04   9.44572E-05   9.66752E-05   2.10537E-12     1997.70  0
 1.01410E-02   5.48205E-04   9.13420E-05   9.68743E-05   2.01109E-12     1936.94  0
 1.01610E-02   5.46508E-04   8.80746E-05   9.69977E-05   1.92032E-12     1884.64  0
 1.01810E-02   5.45645E-04   8.41841E-05   9.70695E-05   1.83193E-12     1839.92  0
 1.02010E-02   5.38731E-04   8.03035E-05   9.60351E-05   1.71337E-12     1802.98  0
 1.02210E-02   5.33159E-04   7.76498E-05   9.94453E-05   1.62181E-12     1768.35  0
 1.02410E-02   5.26588E-04   7.37513E-05   1.02265E-04   1.53060E-12     1737.46  0
 1.02610E-02   5.22704E-04   7.05611E-05   1.02700E-04   1.44019E-12     1711.19  0
 1.02810E-02   5.16017E-04   6.80601E-05   1.02874E-04   1.35186E-12     1689.10  0
 1.03010E-02   5.12572E-04   6.47876E-05   1.02972E-04   1.26520E-12     1671.30  0
 1.03210E-02   5.05804E-04   6.27807E-05   1.03055E-04   1.18042E-12     1656.92  0
 1.03410E-02   5.02445E-04   5.94229E-05   1.03200E-04   1.09856E-12     1645.62  0
 1.03610E-02   4.95579E-04   5.76348E-05   1.03299E-04   1.01925E-12     1636.92  0
 1.03810E-02   4.92202E-04   5.43408E-05   1.03374E-04   9.43030E-13     1630.44  0
 1.04010E-02   4.83800E-04   5.22488E-05   1.02293E-04   8.37858E-13     1625.86  0
 1.04210E-02   4.80361E-04   4.92305E-05   1.02592E-04   7.61293E-13     1623.37  0
 1.04410E-02   4.67354E-04   4.75805E-05   1.01949E-04   6.90914E-13     1622.74  0
 1.04610E-02   4.58751E-04   4.44899E-05   1.02212E-04   6.25109E-13     1622.26  0
 1.04810E-02   4.48372E-04   4.28736E-05   1.02466E-04   5.63274E-13     1621.63  0
 1.05010E-02   4.37194E-04   4.00856E-05   1.02641E-04   6.00746E-13     1620.86  1
 1.05210E-02   4.32339E-05   1.05567E-04   4.33653E-05   7.11030E-13     1888.56  1
 1.05410E-02   7.66015E-05   1.09581E-04   5.99351E-05   8.02374E-13     2587.03  1
 1.05610E-02   9.95430E-05   1.10756E-04   6.46593E-05   8.99684E-13     2924.50  1
 1.05810E-02   1.28870E-04   1.11229E-04   6.97009E-05   9.99355E-13     2978.73  1
 1.06010E-02   1.49382E-04   1.11073E-04   7.25718E-05   1.10654E-12     2940.79  1
 1.06210E-02   1.77513E-04   1.11191E-04   7.81848E-05   1.20488E-12     2935.98  1
 1.06410E-02   1.98978E-04   1.11593E-04   8.02533E-05   1.30290E-12     2983.59  1
 1.06610E-02   2.27139E-04   1.11539E-04   8.14107E-05   1.40430E-12     2977.06  1
 1.06810E-02   2.48437E-04   1.11704E-04   8.22638E-05   1.50631E-12     3005.75  1
 1.07010E-02   2.76653E-04   1.11614E-04   8.29505E-05   1.43921E-12     2994.20  0
 1.07210E-02   2.77495E-04   1.09276E-04   8.36009E-05   1.36917E-12     2619.43  0
 1.07410E-02   2.77881E-04   1.07787E-04   8.41822E-05   1.29989E-12     2403.86  0
 1.07610E-02   2.77953E-04   1.03777E-04   8.46899E-05   1.23369E-12     2250.15  0
 1.07810E-02   2.77606E-04   1.00475E-04   8.51012E-05   1.17163E-12     2134.31  0
 1.08010E-02   2.76369E-04   9.75876E-05   8.54032E-05   1.10742E-12     2046.05  0
 1.08210E-02   2.77589E-04   9.35045E-05   8.56394E-05   1.05103E-12     1977.65  0
 1.08410E-02   2.78764E-04   8.97744E-05   8.57761E-05   1.00065E-12     1923.38  0
 1.08610E-02   2.79391E-04   8.66008E-05   8.58153E-05   9.54826E-13     1879.31  0
 1.08810E-02   2.79411E-04   8.31163E-05   8.67164E-05   9.10574E-13     1841.05  0
 1.09010E-02   2.78925E-04   7.93111E-05   8.69768E-05   8.66977E-13     1806.99  0
 1.09210E-02   2.78125E-04   7.61538E-05   8.70031E-05   8.24263E-13     1776.06  0
 1.09410E-02   2.77116E-04   7.30795E-05   8.69166E-05   7.81066E-13     1748.15  0
 1.09610E-02   2.75938E-04   6.94934E-05   8.67584E-05   7.37396E-13     1723.82  0
 1.09810E-02   2.74852E-04   6.70781E-05   8.65159E-05   6.93844E-13     1702.75  0
 1.10010E-02   2.73471E-04   6.36359E-05   8.62764E-05   6.50252E-13     1684.44  0
 1.10210E-02   2.72270E-04   6.08160E-05   8.60734E-05   6.06841E-13     1668.87  0
 1.10410E-02   2.71779E-04   5.83005E-05   8.59088E-05   5.64107E-13     1655.77  0
 1.10610E-02   2.67130E-04   5.52794E-05   8.58781E-05   5.22128E-13     1645.01  0
 1.10810E-02   2.64490E-04   5.30976E-05   8.59797E-05   4.81309E-13     1636.51  0
 1.11010E-02   2.62210E-04   5.00230E-05   8.60798E-05   4.41802E-13     1630.10  0
 1.11210E-02   2.61457E-04   4.80623E-05   8.61775E-05   4.04075E-13     1625.72  0
 1.11410E-02   2.54511E-04   4.53035E-05   8.62702E-05   3.68227E-13     1623.32  0
 1.11610E-02   2.50595E-04   4.33832E-05   8.63569E-05   3.33869E-13     1622.75  0
 1.11810E-02   2.44179E-04   4.10505E-05   8.64359E-05   3.01334E-13     1622.29  0
 1.12010E-02   2.41411E-04   3.89367E-05   8.65017E-05   2.70420E-13     1621.67  0
 1.12210E-02   2.34908E-04   3.75189E-05   8.65511E-05   2.40957E-13     1620.89  0
 1.12410E-02   2.31815E-04   3.47240E-05   8.65820E-05   2.13282E-13     1619.95  0
 1.12610E-02   2.26061E-04   3.33417E-05   8.65944E-05   1.87196E-13     1618.83  0
 1.12810E-02   2.14640E-04   3.13348E-05   8.65811E-05   1.62780E-13     1617.53  0
 1.13010E-02   2.07791E-04   2.97060E-05   8.65319E-05   1.39988E-13     1616.04  0
 1.13210E-02   1.94368E-04   2.94493E-05   8.64450E-05   1.18983E-13     1614.36  0
 1.13410E-02   1.84605E-04   2.91569E-05   8.63163E-05   9.95463E-14     1612.46  0
 1.13610E-02   1.74753E-04   2.88593E-05   8.61259E-05   8.16560E-14     1610.32  0
 1.13810E-02   1.69650E-04   2.85642E-05   8.58717E-05   6.57310E-14     1607.95  0
 1.14010E-02   1.53743E-04   2.82704E-05   8.55502E-05   5.16728E-14     1605.39  0
 1.14210E-02   1.42002E-04   2.79629E-05   8.50478E-05   3.95404E-14     1602.60  0
 1.14411E-02   1.27190E-04   2.76408E-05   7.92142E-05   2.92883E-14     1599.78  0
 1.14611E-02   1.19155E-04   2.50909E-05   7.25435E-05   2.09404E-14     1596.84  0
 1.14811E-02   1.06361E-04   2.28153E-05   6.56833E-05   1.41691E-14     1593.81  0
 1.15011E-02   9.71165E-05   1.97025E-05   5.77116E-05   8.87114E-15     1590.84  0
 1.15211E-02   8.78234E-05   1.78633E-05   5.08901E-05   4.97942E-15     1587.88  0
 1.15411E-02   7.91503E-05   1.48366E-05   4.38710E-05   2.37855E-15     1584.72  0
 1.15611E-02   6.19456E-05   1.33155E-05   3.35297E-05   8.02603E-16     1580.95  0
 1.15811E-02   5.02555E-05   1.02192E-05   2.03918E-05   6.79624E-17     1575.87  0
 1.16011E-02   2.38282E-05   4.33531E-06   3.80736E-06   0.00000E+00     1567.22  0
 1.16211E-02   0.00000E+00   0.00000E+00   0.00000E+00   0.00000E+00     1535.02  0
 1.16411E-02   0.00000E+00   0.00000E+00   0.00000E+00   0.00000E+00     1505.44  0
 1.16611E-02   0.00000E+00   0.00000E+00   0.00000E+00   0.00000E+00     1496.27  0
 1.16811E-02   0.00000E+00   0.00000E+00   0.00000E+00   0.00000E+00     1486.42  0
 1.17011E-02   0.00000E+00   0.00000E+00   0.00000E+00   0.00000E+00     1476.16  0
 1.17211E-02   0.00000E+00   0.00000E+00   0.00000E+00   0.00000E+00     1465.66  0
 1.17411E-02   0.00000E+00   0.00000E+00   0.00000E+00   0.00000E+00     1455.05  0
 1.17611E-02   0.00000E+00   0.00000E+00   0.00000E+00   0.00000E+00     1444.41  0
 1.17811E-02   0.00000E+00   0.00000E+00   0.00000E+00   0.00000E+00     1433.79  0
 1.18011E-02   0.00000E+00   0.00000E+00   0.00000E+00   0.00000E+00     1423.23  0
 1.18211E-02   0.00000E+00   0.00000E+00   0.00000E+00   0.00000E+00     1412.77  0
 1.18411E-02   0.00000E+00   0.00000E+00   0.00000E+00   0.00000E+00     1402.43  0
 1.18611E-02   0.00000E+00   0.00000E+00   0.00000E+00   0.00000E+00     1392.21  0
 1.18811E-02   0.00000E+00   0.00000E+00   0.00000E+00   0.00000E+00     1382.15  0
 1.19011E-02   0.00000E+00   0.00000E+00   0.00000E+00   0.00000E+00     1372.24  0
 1.19211E-02   0.00000E+00   0.00000E+00   0.00000E+00   0.00000E+00     1362.48  0
 1.19411E-02   0.00000E+00   0.00000E+00   0.00000E+00   0.00000E+00     1355.24  0
 1.19611E-02   0.00000E+00   0.00000E+00   0.00000E+00   0.00000E+00     1348.23  0
 1.19811E-02   0.00000E+00   0.00000E+00   0.00000E+00   0.00000E+00     1341.18  0
 1.20011E-02   0.00000E+00   0.00000E+00   0.00000E+00   0.00000E+00     1334.13  0
 1.20211E-02   0.00000E+00   0.00000E+00   0.00000E+00   0.00000E+00     1327.06  0
 1.20411E-02   0.00000E+00   0.00000E+00   0.00000E+00   0.00000E+00     1320.00  0
 1.20611E-02   0.00000E+00   0.00000E+00   0.00000E+00   0.00000E+00     1312.95  0
 1.20811E-02   0.00000E+00   0.00000E+00   0.00000E+00   0.00000E+00     1305.92  0
 1.21011E-02   0.00000E+00   0.00000E+00   0.00000E+00   0.00000E+00     1298.92  0
 1.21211E-02   0.00000E+00   0.00000E+00   0.00000E+00   0.00000E+00     1291.94  0
 1.21411E-02   0.00000E+00   0.00000E+00   0.00000E+00   0.00000E+00     1285.00  0
 1.21611E-02   0.00000E+00   0.00000E+00   0.00000E+00   0.00000E+00     1278.10  0
 1.21811E-02   0.00000E+00   0.00000E+00   0.00000E+00   0.00000E+00     1271.25  0
 1.22011E-02   0.00000E+00   0.00000E+00   0.00000E+00   0.00000E+00     1264.71  0
 1.22211E-02   0.00000E+00   0.00000E+00   0.00000E+00   0.00000E+00     1258.38  0
 1.22411E-02   0.00000E+00   0.00000E+00   0.00000E+00   0.00000E+00     1252.07  0
 1.22611E-02   0.00000E+00   0.00000E+00   0.00000E+00   0.00000E+00     1245.79  0
 1.22811E-02   0.00000E+00   0.00000E+00   0.00000E+00   0.00000E+00     1239.54  0
 1.23011E-02   0.00000E+00   0.00000E+00   0.00000E+00   0.00000E+00     1233.33  0
 1.23211E-02   0.00000E+00   0.00000E+00   0.00000E+00   0.00000E+00     1227.47  0
 1.23411E-02   0.00000E+00   0.00000E+00   0.00000E+00   0.00000E+00     1222.06  0
 1.23611E-02   0.00000E+00   0.00000E+00   0.00000E+00   0.00000E+00     1216.68  0
 1.23811E-02   0.00000E+00   0.00000E+00   0.00000E+00   0.00000E+00     1211.32  0
 1.24011E-02   0.00000E+00   0.00000E+00   0.00000E+00   0.00000E+00     1205.98  0
 1.24211E-02   0.00000E+00   0.00000E+00   0.00000E+00   0.00000E+00     1200.68  0
 1.24411E-02   0.00000E+00   0.00000E+00   0.00000E+00   0.00000E+00     1195.41  0
 1.24611E-02   0.00000E+00   0.00000E+00   0.00000E+00   0.00000E+00     1190.17  0
 1.24811E-02   0.00000E+00   0.00000E+00   0.00000E+00   0.00000E+00     1184.97  0
 1.25011E-02   0.00000E+00   0.00000E+00   0.00000E+00   0.00000E+00     1179.81  0
 1.25211E-02   0.00000E+00   0.00000E+00   0.00000E+00   0.00000E+00     1174.69  0
 1.25411E-02   0.00000E+00   0.00000E+00   0.00000E+00   0.00000E+00     1169.60  0
 1.25611E-02   0.00000E+00   0.00000E+00   0.00000E+00   0.00000E+00     1164.56  0
 1.25811E-02   0.00000E+00   0.00000E+00   0.00000E+00   0.00000E+00     1159.56  0
 1.26011E-02   0.00000E+00   0.00000E+00   0.00000E+00   0.00000E+00     1154.64  0
 1.26211E-02   0.00000E+00   0.00000E+00   0.00000E+00   0.00000E+00     1149.85  0
 1.26411E-02   0.00000E+00   0.00000E+00   0.00000E+00   0.00000E+00     1145.09  0
 1.26611E-02   0.00000E+00   0.00000E+00   0.00000E+00   0.00000E+00     1140.37  0
 1.26811E-02   0.00000E+00   0.00000E+00   0.00000E+00   0.00000E+00     1135.69  0
 1.27011E-02   0.00000E+00   0.00000E+00   0.00000E+00   0.00000E+00     1131.05  0
 1.27211E-02   0.00000E+00   0.00000E+00   0.00000E+00   0.00000E+00     1126.45  0
 1.27411E-02   0.00000E+00   0.00000E+00   0.00000E+00   0.00000E+00     1121.90  0
 1.27611E-02   0.00000E+00   0.00000E+00   0.00000E+00   0.00000E+00     1117.38  0
 1.27811E-02   0.00000E+00   0.00000E+00   0.00000E+00   0.00000E+00     1112.91  0
 1.28011E-02   0.00000E+00   0.00000E+00   0.00000E+00   0.00000E+00     1108.48  0
 1.28211E-02   0.00000E+00   0.00000E+00   0.00000E+00   0.00000E+00     1104.09  0
 1.28411E-02   0.00000E+00   0.00000E+00   0.00000E+00   0.00000E+00     1099.75  0
 1.28611E-02   0.00000E+00   0.00000E+00   0.00000E+00   0.00000E+00     1095.45  0
 1.28811E-02   0.00000E+00   0.00000E+00   0.00000E+00   0.00000E+00     1091.19  0
 1.29011E-02   0.00000E+00   0.00000E+00   0.00000E+00   0.00000E+00     1086.98  0
 1.29211E-02   0.00000E+00   0.00000E+00   0.00000E+00   0.00000E+00     1082.80  0
 1.29411E-02   0.00000E+00   0.00000E+00   0.00000E+00   0.00000E+00     1078.68  0
 1.29611E-02   0.00000E+00   0.00000E+00   0.00000E+00   0.00000E+00     1074.59  0
 1.29811E-02   0.00000E+00   0.00000E+00   0.00000E+00   0.00000E+00     1070.54  0
 1.30011E-02   0.00000E+00   0.00000E+00   0.00000E+00   0.00000E+00     1066.54  0
 1.30211E-02   0.00000E+00   0.00000E+00   0.00000E+00   0.00000E+00     1062.58  0
 1.30411E-02   0.00000E+00   0.00000E+00   0.00000E+00   0.00000E+00     1058.67  0
 1.30611E-02   0.00000E+00   0.00000E+00   0.00000E+00   0.00000E+00     1054.79  0
 1.30811E-02   0.00000E+00   0.00000E+00   0.00000E+00   0.00000E+00     1050.96  0
 1.31011E-02   0.00000E+00   0.00000E+00   0.00000E+00   0.00000E+00     1047.17  0
 1.31211E-02   0.00000E+00   0.00000E+00   0.00000E+00   0.00000E+00     1043.41  0
 1.31411E-02   0.00000E+00   0.00000E+00   0.00000E+00   0.00000E+00     1039.70  0
 1.31611E-02   0.00000E+00   0.00000E+00   0.00000E+00   0.00000E+00     1036.03  0
 1.31811E-02   0.00000E+00   0.00000E+00   0.00000E+00   0.00000E+00     1032.40  0
 1.32011E-02   0.00000E+00   0.00000E+00   0.00000E+00   0.00000E+00     1028.81  0
 1.32211E-02   0.00000E+00   0.00000E+00   0.00000E+00   0.00000E+00     1025.26  0
 1.32411E-02   0.00000E+00   0.00000E+00   0.00000E+00   0.00000E+00     1021.75  0
 1.32611E-02   0.00000E+00   0.00000E+00   0.00000E+00   0.00000E+00     1018.27  0
 1.32811E-02   0.00000E+00   0.00000E+00   0.00000E+00   0.00000E+00     1014.83  0
 1.33011E-02   0.00000E+00   0.00000E+00   0.00000E+00   0.00000E+00     1011.44  0
 1.33211E-02   0.00000E+00   0.00000E+00   0.00000E+00   0.00000E+00     1008.07  0
 1.33411E-02   0.00000E+00   0.00000E+00   0.00000E+00   0.00000E+00     1004.75  0
 1.33611E-02   0.00000E+00   0.00000E+00   0.00000E+00   0.00000E+00     1001.46  0
 1.33811E-02   0.00000E+00   0.00000E+00   0.00000E+00   0.00000E+00      998.20  0
 1.34011E-02   0.00000E+00   0.00000E+00   0.00000E+00   0.00000E+00      994.98  0
 1.34211E-02   0.00000E+00   0.00000E+00   0.00000E+00   0.00000E+00      991.80  0
 1.34411E-02   0.00000E+00   0.00000E+00   0.00000E+00   0.00000E+00      988.65  0
 1.34611E-02   0.00000E+00   0.00000E+00   0.00000E+00   0.00000E+00      985.53  0
 1.34811E-02   0.00000E+00   0.00000E+00   0.00000E+00   0.00000E+00      982.45  0
 1.35011E-02   0.00000E+00   0.00000E+00   0.00000E+00   0.00000E+00      979.40  0
 1.35211E-02   0.00000E+00   0.00000E+00   0.00000E+00   0.00000E+00      976.38  0
 1.35411E-02   0.00000E+00   0.00000E+00   0.00000E+00   0.00000E+00      973.39  0
 1.35611E-02   0.00000E+00   0.00000E+00   0.00000E+00   0.00000E+00      970.44  0
 1.35811E-02   0.00000E+00   0.00000E+00   0.00000E+00   0.00000E+00      967.51  0
 1.36011E-02   0.00000E+00   0.00000E+00   0.00000E+00   0.00000E+00      964.62  0
 1.36211E-02   0.00000E+00   0.00000E+00   0.00000E+00   0.00000E+00      961.76  0
 1.36411E-02   0.00000E+00   0.00000E+00   0.00000E+00   0.00000E+00      958.93  0
 1.36611E-02   0.00000E+00   0.00000E+00   0.00000E+00   0.00000E+00      956.12  0
 1.36811E-02   0.00000E+00   0.00000E+00   0.00000E+00   0.00000E+00      953.35  0
 1.37011E-02   0.00000E+00   0.00000E+00   0.00000E+00   0.00000E+00      951.49  0
 1.37211E-02   0.00000E+00   0.00000E+00   0.00000E+00   0.00000E+00      949.81  0
 1.37411E-02   0.00000E+00   0.00000E+00   0.00000E+00   0.00000E+00      948.14  0
 1.37611E-02   0.00000E+00   0.00000E+00   0.00000E+00   0.00000E+00      946.47  0
 1.37811E-02   0.00000E+00   0.00000E+00   0.00000E+00   0.00000E+00      944.81  0
 1.38011E-02   0.00000E+00   0.00000E+00   0.00000E+00   0.00000E+00      943.17  0
 1.38211E-02   0.00000E+00   0.00000E+00   0.00000E+00   0.00000E+00      941.53  0
 1.38411E-02   0.00000E+00   0.00000E+00   0.00000E+00   0.00000E+00      939.91  0
 1.38611E-02   0.00000E+00   0.00000E+00   0.00000E+00   0.00000E+00      938.34  0
 1.38811E-02   0.00000E+00   0.00000E+00   0.00000E+00   0.00000E+00      936.77  0
 1.39011E-02   0.00000E+00   0.00000E+00   0.00000E+00   0.00000E+00      935.22  0
 1.39211E-02   0.00000E+00   0.00000E+00   0.00000E+00   0.00000E+00      933.71  0
 1.39411E-02   0.00000E+00   0.00000E+00   0.00000E+00   0.00000E+00      932.21  0
 1.39611E-02   0.00000E+00   0.00000E+00   0.00000E+00   0.00000E+00      930.72  0
 1.39811E-02   0.00000E+00   0.00000E+00   0.00000E+00   0.00000E+00      929.24  0
 1.40011E-02   0.00000E+00   0.00000E+00   0.00000E+00   0.00000E+00      927.76  0
 1.40211E-02   0.00000E+00   0.00000E+00   0.00000E+00   0.00000E+00      926.28  0
 1.40411E-02   0.00000E+00   0.00000E+00   0.00000E+00   0.00000E+00      924.83  0
 1.40611E-02   0.00000E+00   0.00000E+00   0.00000E+00   0.00000E+00      923.41  0
 1.40811E-02   0.00000E+00   0.00000E+00   0.00000E+00   0.00000E+00      921.99  0
 1.41011E-02   0.00000E+00   0.00000E+00   0.00000E+00   0.00000E+00      920.58  0
 1.41211E-02   0.00000E+00   0.00000E+00   0.00000E+00   0.00000E+00      919.18  0
 1.41411E-02   0.00000E+00   0.00000E+00   0.00000E+00   0.00000E+00      917.78  0
 1.41611E-02   0.00000E+00   0.00000E+00   0.00000E+00   0.00000E+00      916.39  0
 1.41811E-02   0.00000E+00   0.00000E+00   0.00000E+00   0.00000E+00      915.00  0
 1.42011E-02   0.00000E+00   0.00000E+00   0.00000E+00   0.00000E+00      913.65  0
 1.42211E-02   0.00000E+00   0.00000E+00   0.00000E+00   0.00000E+00      912.31  0
 1.42411E-02   0.00000E+00   0.00000E+00   0.00000E+00   0.00000E+00      910.98  0
 1.42611E-02   0.00000E+00   0.00000E+00   0.00000E+00   0.00000E+00      909.65  0
 1.42811E-02   0.00000E+00   0.00000E+00   0.00000E+00   0.00000E+00      908.34  0
 1.43011E-02   0.00000E+00   0.00000E+00   0.00000E+00   0.00000E+00      907.03  0
 1.43211E-02   0.00000E+00   0.00000E+00   0.00000E+00   0.00000E+00      905.73  0
 1.43411E-02   0.00000E+00   0.00000E+00   0.00000E+00   0.00000E+00      904.43  0
 1.43611E-02   0.00000E+00   0.00000E+00   0.00000E+00   0.00000E+00      903.15  0
 1.43811E-02   0.00000E+00   0.00000E+00   0.00000E+00   0.00000E+00      901.89  0
 1.44011E-02   0.00000E+00   0.00000E+00   0.00000E+00   0.00000E+00      900.64  0
 1.44211E-02   0.00000E+00   0.00000E+00   0.00000E+00   0.00000E+00      899.39  0
 1.44411E-02   0.00000E+00   0.00000E+00   0.00000E+00   0.00000E+00      898.15  0
 1.44611E-02   0.00000E+00   0.00000E+00   0.00000E+00   0.00000E+00      896.91  0
 1.44811E-02   0.00000E+00   0.00000E+00   0.00000E+00   0.00000E+00      895.68  0
 1.45011E-02   0.00000E+00   0.00000E+00   0.00000E+00   0.00000E+00      894.45  0
 1.45211E-02   0.00000E+00   0.00000E+00   0.00000E+00   0.00000E+00      893.23  0
 1.45411E-02   0.00000E+00   0.00000E+00   0.00000E+00   0.00000E+00      892.01  0
 1.45611E-02   0.00000E+00   0.00000E+00   0.00000E+00   0.00000E+00      890.82  0
 1.45811E-02   0.00000E+00   0.00000E+00   0.00000E+00   0.00000E+00      889.63  0
 1.46011E-02   0.00000E+00   0.00000E+00   0.00000E+00   0.00000E+00      888.46  0
 1.46211E-02   0.00000E+00   0.00000E+00   0.00000E+00   0.00000E+00      887.28  0
 1.46411E-02   0.00000E+00   0.00000E+00   0.00000E+00   0.00000E+00      886.12  0
 1.46611E-02   0.00000E+00   0.00000E+00   0.00000E+00   0.00000E+00      884.95  0
 1.46811E-02   0.00000E+00   0.00000E+00   0.00000E+00   0.00000E+00      883.79  0
 1.47011E-02   0.00000E+00   0.00000E+00   0.00000E+00   0.00000E+00      882.64  0
 1.47211E-02   0.00000E+00   0.00000E+00   0.00000E+00   0.00000E+00      881.49  0
 1.47411E-02   0.00000E+00   0.00000E+00   0.00000E+00   0.00000E+00      880.34  0
 1.47611E-02   0.00000E+00   0.00000E+00   0.00000E+00   0.00000E+00      879.20  0
 1.47811E-02   0.00000E+00   0.00000E+00   0.00000E+00   0.00000E+00      878.08  0
 1.48011E-02   0.00000E+00   0.00000E+00   0.00000E+00   0.00000E+00      876.97  0
 1.48211E-02   0.00000E+00   0.00000E+00   0.00000E+00   0.00000E+00      875.87  0
 1.48411E-02   0.00000E+00   0.00000E+00   0.00000E+00   0.00000E+00      874.77  0
 1.48611E-02   0.00000E+00   0.00000E+00   0.00000E+00   0.00000E+00      873.67  0
 1.48811E-02   0.00000E+00   0.00000E+00   0.00000E+00   0.00000E+00      872.58  0
 1.49011E-02   0.00000E+00   0.00000E+00   0.00000E+00   0.00000E+00      871.49  0
 1.49211E-02   0.00000E+00   0.00000E+00   0.00000E+00   0.00000E+00      870.41  0
 1.49411E-02   0.00000E+00   0.00000E+00   0.00000E+00   0.00000E+00      869.33  0
 1.49611E-02   0.00000E+00   0.00000E+00   0.00000E+00   0.00000E+00      868.26  0
 1.49811E-02   0.00000E+00   0.00000E+00   0.00000E+00   0.00000E+00      867.19  0
 1.50011E-02   0.00000E+00   0.00000E+00   0.00000E+00   0.00000E+00      866.12  0
 1.50211E-02   0.00000E+00   0.00000E+00   0.00000E+00   0.00000E+00      865.06  0
 1.50411E-02   0.00000E+00   0.00000E+00   0.00000E+00   0.00000E+00      864.01  0
 1.50611E-02   0.00000E+00   0.00000E+00   0.00000E+00   0.00000E+00      862.98  0
 1.50811E-02   0.00000E+00   0.00000E+00   0.00000E+00   0.00000E+00      861.95  0
 1.51011E-02   0.00000E+00   0.00000E+00   0.00000E+00   0.00000E+00      860.92  0
 1.51211E-02   0.00000E+00   0.00000E+00   0.00000E+00   0.00000E+00      859.92  0
 1.51411E-02   0.00000E+00   0.00000E+00   0.00000E+00   0.00000E+00      858.91  0
 1.51611E-02   0.00000E+00   0.00000E+00   0.00000E+00   0.00000E+00      857.90  0
 1.51811E-02   0.00000E+00   0.00000E+00   0.00000E+00   0.00000E+00      856.90  0
 1.52011E-02   0.00000E+00   0.00000E+00   0.00000E+00   0.00000E+00      855.90  0
 1.52211E-02   0.00000E+00   0.00000E+00   0.00000E+00   0.00000E+00      854.91  0
 1.52411E-02   0.00000E+00   0.00000E+00   0.00000E+00   0.00000E+00      853.91  0
 1.52611E-02   0.00000E+00   0.00000E+00   0.00000E+00   0.00000E+00      852.92  0
 1.52811E-02   0.00000E+00   0.00000E+00   0.00000E+00   0.00000E+00      851.94  0
 1.53011E-02   0.00000E+00   0.00000E+00   0.00000E+00   0.00000E+00      850.96  0
 1.53211E-02   0.00000E+00   0.00000E+00   0.00000E+00   0.00000E+00      849.98  0
 1.53411E-02   0.00000E+00   0.00000E+00   0.00000E+00   0.00000E+00      849.02  0
 1.53611E-02   0.00000E+00   0.00000E+00   0.00000E+00   0.00000E+00      848.07  0
 1.53811E-02   0.00000E+00   0.00000E+00   0.00000E+00   0.00000E+00      847.12  0
 1.54011E-02   0.00000E+00   0.00000E+00   0.00000E+00   0.00000E+00      846.17  0
 1.54211E-02   0.00000E+00   0.00000E+00   0.00000E+00   0.00000E+00      845.23  0
 1.54411E-02   0.00000E+00   0.00000E+00   0.00000E+00   0.00000E+00      844.29  0
 1.54611E-02   0.00000E+00   0.00000E+00   0.00000E+00   0.00000E+00      843.35  0
 1.54811E-02   0.00000E+00   0.00000E+00   0.00000E+00   0.00000E+00      842.42  0
 1.55011E-02   0.00000E+00   0.00000E+00   0.00000E+00   0.00000E+00      841.49  0
 1.55211E-02   0.00000E+00   0.00000E+00   0.00000E+00   0.00000E+00      840.56  0
 1.55411E-02   0.00000E+00   0.00000E+00   0.00000E+00   0.00000E+00      839.64  0
 1.55611E-02   0.00000E+00   0.00000E+00   0.00000E+00   0.00000E+00      838.72  0
 1.55811E-02   0.00000E+00   0.00000E+00   0.00000E+00   0.00000E+00      837.80  0
 1.56011E-02   0.00000E+00   0.00000E+00   0.00000E+00   0.00000E+00      836.89  0
 1.56211E-02   0.00000E+00   0.00000E+00   0.00000E+00   0.00000E+00      835.98  0
 1.56411E-02   0.00000E+00   0.00000E+00   0.00000E+00   0.00000E+00      835.07  0
 1.56611E-02   0.00000E+00   0.00000E+00   0.00000E+00   0.00000E+00      834.16  0
 1.56811E-02   0.00000E+00   0.00000E+00   0.00000E+00   0.00000E+00      833.28  0
 1.57011E-02   0.00000E+00   0.00000E+00   0.00000E+00   0.00000E+00      832.39  0
 1.57211E-02   0.00000E+00   0.00000E+00   0.00000E+00   0.00000E+00      831.52  0
 1.57411E-02   0.00000E+00   0.00000E+00   0.00000E+00   0.00000E+00      830.64  0
 1.57611E-02   0.00000E+00   0.00000E+00   0.00000E+00   0.00000E+00      829.77  0
 1.57811E-02   0.00000E+00   0.00000E+00   0.00000E+00   0.00000E+00      828.90  0
 1.58011E-02   0.00000E+00   0.00000E+00   0.00000E+00   0.00000E+00      828.03  0
 1.58211E-02   0.00000E+00   0.00000E+00   0.00000E+00   0.00000E+00      827.17  0
 1.58411E-02   0.00000E+00   0.00000E+00   0.00000E+00   0.00000E+00      826.31  0
 1.58611E-02   0.00000E+00   0.00000E+00   0.00000E+00   0.00000E+00      825.45  0
 1.58811E-02   0.00000E+00   0.00000E+00   0.00000E+00   0.00000E+00      824.59  0
 1.59011E-02   0.00000E+00   0.00000E+00   0.00000E+00   0.00000E+00      823.74  0
 1.59211E-02   0.00000E+00   0.00000E+00   0.00000E+00   0.00000E+00      822.89  0
 1.59411E-02   0.00000E+00   0.00000E+00   0.00000E+00   0.00000E+00      822.04  0
 1.59611E-02   0.00000E+00   0.00000E+00   0.00000E+00   0.00000E+00      821.19  0
 1.59811E-02   0.00000E+00   0.00000E+00   0.00000E+00   0.00000E+00      820.35  0
 1.60011E-02   0.00000E+00   0.00000E+00   0.00000E+00   0.00000E+00      819.51  0
 1.60211E-02   0.00000E+00   0.00000E+00   0.00000E+00   0.00000E+00      818.67  0
 1.60411E-02   0.00000E+00   0.00000E+00   0.00000E+00   0.00000E+00      817.84  0
 1.60611E-02   0.00000E+00   0.00000E+00   0.00000E+00   0.00000E+00      817.02  0
 1.60811E-02   0.00000E+00   0.00000E+00   0.00000E+00   0.00000E+00      816.20  0
 1.61011E-02   0.00000E+00   0.00000E+00   0.00000E+00   0.00000E+00      815.40  0
 1.61211E-02   0.00000E+00   0.00000E+00   0.00000E+00   0.00000E+00      814.60  0
 1.61411E-02   0.00000E+00   0.00000E+00   0.00000E+00   0.00000E+00      813.81  0
 1.61611E-02   0.00000E+00   0.00000E+00   0.00000E+00   0.00000E+00      813.01  0
 1.61811E-02   0.00000E+00   0.00000E+00   0.00000E+00   0.00000E+00      812.22  0
 1.62011E-02   0.00000E+00   0.00000E+00   0.00000E+00   0.00000E+00      811.43  0
