# Melt Pool Geometry History
# time(s)  length(m)  depth(m)  width(m)  volume(m3)  Tpeak(K)  laser_on
 2.10000E-05   0.00000E+00   0.00000E+00   0.00000E+00   8.57531E-14      293.00  1
 4.10000E-05   4.59428E-05   1.03807E-04   4.39829E-05   2.21596E-13     1927.18  1
 6.10000E-05   7.71644E-05   1.08204E-04   5.25394E-05   3.60918E-13     2512.08  1
 8.10000E-05   1.05261E-04   1.08411E-04   5.65532E-05   4.90127E-13     2632.03  1
 1.01000E-04   1.36847E-04   1.08637E-04   5.74529E-05   6.17193E-13     2637.96  1
 1.21000E-04   1.70521E-04   1.08720E-04   5.79515E-05   7.31833E-13     2583.82  1
 1.41000E-04   1.99051E-04   1.08621E-04   5.81099E-05   6.88792E-13     2633.47  0
 1.61000E-04   1.99352E-04   1.04917E-04   5.76550E-05   6.38331E-13     2296.81  0
 1.81000E-04   1.99108E-04   1.00120E-04   5.71554E-05   5.89231E-13     2135.89  0
 2.01000E-04   1.95203E-04   9.05693E-05   5.63767E-05   4.74707E-13     2031.78  0
 2.21000E-04   2.01269E-04   8.61404E-05   6.10335E-05   4.38629E-13     1920.16  0
 2.41000E-04   2.01569E-04   7.86912E-05   6.15288E-05   4.04077E-13     1841.13  0
 2.61000E-04   2.01657E-04   7.17831E-05   6.12164E-05   3.71543E-13     1783.58  0
 2.81000E-04   2.01633E-04   6.47122E-05   6.05439E-05   3.40290E-13     1742.32  0
 3.01000E-04   2.01521E-04   5.87796E-05   5.96595E-05   3.09910E-13     1710.34  0
 3.21000E-04   2.01362E-04   5.34632E-05   5.86539E-05   2.80001E-13     1684.13  0
 3.41000E-04   2.01201E-04   4.87531E-05   5.76129E-05   2.50512E-13     1662.73  0
 3.61000E-04   2.01013E-04   4.45291E-05   5.66846E-05   2.21548E-13     1646.08  0
 3.81000E-04   2.00770E-04   4.10139E-05   5.60362E-05   1.93784E-13     1634.01  0
 4.01000E-04   1.97432E-04   3.79602E-05   5.56403E-05   1.67318E-13     1626.19  0
 4.21000E-04   1.92762E-04   3.43202E-05   5.54381E-05   1.42525E-13     1622.86  0
 4.41000E-04   1.90549E-04   3.19767E-05   5.52478E-05   1.19585E-13     1621.94  0
 4.61000E-04   1.81546E-04   2.88223E-05   5.50553E-05   9.84417E-14     1620.64  0
 4.81000E-04   1.72357E-04   2.65393E-05   5.48494E-05   7.89704E-14     1618.91  0
 5.01000E-04   1.64357E-04   2.38923E-05   5.46190E-05   6.13249E-14     1616.72  0
 5.21000E-04   1.53515E-04   2.20903E-05   5.43461E-05   4.55392E-14     1614.02  0
 5.41000E-04   1.41598E-04   1.92185E-05   5.40180E-05   3.20156E-14     1610.70  0
 5.61000E-04   1.23092E-04   1.77457E-05   5.36108E-05   2.08898E-14     1606.76  0
 5.81000E-04   1.04369E-04   1.47215E-05   5.30883E-05   1.18839E-14     1601.90  0
 6.01000E-04   8.38022E-05   1.29023E-05   4.55123E-05   3.78001E-15     1595.62  0
 6.21000E-04   6.37795E-05   9.44227E-06   4.35920E-05   5.23433E-16     1587.65  0
 6.41000E-04   3.50557E-05   5.98771E-06   2.62349E-05   7.65783E-14     1575.81  1
 6.61000E-04   5.02499E-05   1.03426E-04   4.33194E-05   2.33136E-13     1871.78  1
 6.81000E-04   8.15757E-05   1.08372E-04   5.61416E-05   3.80829E-13     2507.75  1
 7.01000E-04   1.12054E-04   1.08971E-04   6.14953E-05   5.31725E-13     2690.53  1
 7.21000E-04   1.42604E-04   1.09265E-04   6.40581E-05   6.75743E-13     2727.39  1
 7.41000E-04   1.72824E-04   1.09455E-04   6.59632E-05   8.11974E-13     2759.48  1
 7.61000E-04   2.04089E-04   1.09553E-04   6.72344E-05   9.46641E-13     2771.95  1
 7.81000E-04   2.34926E-04   1.09536E-04   7.03026E-05   1.07786E-12     2784.17  1
 8.01000E-04   2.62376E-04   1.08729E-04   7.27457E-05   1.21629E-12     2677.59  1
 8.21000E-04   2.93699E-04   1.08783E-04   7.76989E-05   1.33133E-12     2641.47  1
 8.41000E-04   3.23428E-04   1.08576E-04   7.95904E-05   1.43434E-12     2666.19  1
 8.61000E-04   3.53675E-04   1.08356E-04   8.04786E-05   1.52659E-12     2624.66  1
 8.81000E-04   3.83705E-04   1.08225E-04   8.11255E-05   1.44407E-12     2630.71  0
 9.01000E-04   3.83942E-04   1.03963E-04   8.16516E-05   1.35613E-12     2285.57  0
 9.21000E-04   3.84189E-04   9.89672E-05   8.21648E-05   1.27068E-12     2124.23  0
 9.41000E-04   3.84035E-04   9.39324E-05   8.25313E-05   1.19167E-12     2022.89  0
 9.61000E-04   3.83865E-04   8.86302E-05   8.38457E-05   1.11923E-12     1944.49  0
 9.81000E-04   3.83625E-04   8.31706E-05   8.42968E-05   1.05381E-12     1880.58  0
 1.00100E-03   3.77276E-04   7.73466E-05   8.09201E-05   9.36203E-13     1826.53  0
 1.02100E-03   3.80992E-04   7.20048E-05   8.49583E-05   8.67057E-13     1772.51  0
 1.04100E-03   3.73763E-04   6.66474E-05   8.42192E-05   7.97085E-13     1727.42  0
 1.06100E-03   3.70628E-04   6.20533E-05   8.39508E-05   7.28110E-13     1693.06  0
 1.08100E-03   3.62961E-04   5.78047E-05   8.37446E-05   6.61451E-13     1667.66  0
 1.10100E-03   3.57586E-04   5.36771E-05   8.37102E-05   5.97834E-13     1649.58  0
 1.12100E-03   3.52024E-04   5.02318E-05   8.37064E-05   5.37133E-13     1636.87  0
 1.14100E-03   3.42070E-04   4.77661E-05   8.36708E-05   4.80138E-13     1628.47  0
 1.16100E-03   3.35403E-04   4.41041E-05   8.36090E-05   4.26916E-13     1623.84  0
 1.18100E-03   3.26771E-04   4.17806E-05   8.35276E-05   3.77326E-13     1622.62  0
 1.20100E-03   3.21401E-04   3.86895E-05   8.35274E-05   3.31017E-13     1621.87  0
 1.22100E-03   3.09748E-04   3.62472E-05   8.35081E-05   2.88166E-13     1620.88  0
 1.24100E-03   3.00726E-04   3.36692E-05   8.34689E-05   2.48057E-13     1619.66  0
 1.26100E-03   2.84733E-04   3.15027E-05   8.34083E-05   2.10968E-13     1618.23  0
 1.28100E-03   2.71307E-04   2.89968E-05   8.33256E-05   1.76635E-13     1616.57  0
 1.30100E-03   2.61615E-04   2.75541E-05   8.32189E-05   1.45285E-13     1614.66  0
 1.32100E-03   2.45932E-04   2.46621E-05   8.30853E-05   1.16966E-13     1612.49  0
 1.34100E-03   2.33038E-04   2.32069E-05   8.29184E-05   9.14923E-14     1610.03  0
 1.36100E-03   2.21358E-04   2.09912E-05   8.27170E-05   6.88089E-14     1607.25  0
 1.38100E-03   2.04101E-04   1.90655E-05   8.24736E-05   1.26392E-13     1604.09  1
 1.40100E-03   4.77161E-05   1.02059E-04   4.43353E-05   2.68014E-13     1804.61  1
 1.42100E-03   7.86568E-05   1.07968E-04   5.63966E-05   4.02308E-13     2433.13  1
 1.44100E-03   1.08166E-04   1.08401E-04   6.04566E-05   5.30858E-13     2527.65  1
 1.46100E-03   1.38053E-04   1.08748E-04   6.17949E-05   6.64455E-13     2592.95  1
 1.48100E-03   1.68214E-04   1.09104E-04   6.33570E-05   7.98294E-13     2589.94  1
 1.50100E-03   1.97864E-04   1.09416E-04   6.44323E-05   9.33818E-13     2643.86  1
 1.52100E-03   2.27113E-04   1.09662E-04   6.55425E-05   1.06307E-12     2647.24  1
 1.54100E-03   2.56775E-04   1.09837E-04   6.68367E-05   1.20779E-12     2641.99  1
 1.56100E-03   2.86304E-04   1.09952E-04   7.37887E-05   1.34595E-12     2621.28  1
 1.58100E-03   3.15900E-04   1.10017E-04   7.57901E-05   1.48007E-12     2623.03  1
 1.60100E-03   3.44477E-04   1.10023E-04   7.67121E-05   1.60771E-12     2602.85  1
 1.62100E-03   3.80425E-04   1.10056E-04   7.74482E-05   1.73114E-12     2610.27  1
 1.64100E-03   4.10474E-04   1.09911E-04   8.12175E-05   1.84679E-12     2647.88  1
 1.66100E-03   4.40534E-04   1.09648E-04   8.40278E-05   1.95120E-12     2658.06  1
 1.68100E-03   4.70527E-04   1.09319E-04   8.51904E-05   2.04845E-12     2657.59  1
 1.70100E-03   5.01029E-04   1.09023E-04   8.58917E-05   2.12921E-12     2640.51  1
 1.72100E-03   5.30269E-04   1.08734E-04   8.62157E-05   2.20260E-12     2619.75  1
 1.74100E-03   5.60052E-04   1.08498E-04   8.63135E-05   2.26461E-12     2600.51  1
 1.76100E-03   5.86149E-04   1.08323E-04   8.61910E-05   2.15280E-12     2583.25  0
 1.78100E-03   5.85256E-04   1.04125E-04   8.58062E-05   2.03376E-12     2260.92  0
 1.80100E-03   5.81393E-04   9.91562E-05   8.52139E-05   1.90958E-12     2104.03  0
 1.82100E-03   5.81935E-04   9.41777E-05   8.46763E-05   1.79568E-12     2006.71  0
 1.84100E-03   5.79929E-04   8.88570E-05   8.42919E-05   1.68770E-12     1933.40  0
 1.86100E-03   5.73476E-04   8.35815E-05   8.38336E-05   1.58516E-12     1876.54  0
 1.88100E-03   5.70779E-04   7.82560E-05   8.33134E-05   1.48790E-12     1830.43  0
 1.90100E-03   5.64002E-04   7.30491E-05   8.26932E-05   1.39355E-12     1792.04  0
 1.92100E-03   5.60806E-04   6.80939E-05   8.19969E-05   1.30191E-12     1759.84  0
 1.94100E-03   5.53613E-04   6.36398E-05   8.12318E-05   1.21277E-12     1732.19  0
 1.96100E-03   5.50099E-04   5.99929E-05   8.04146E-05   1.12583E-12     1709.28  0
 1.98100E-03   5.42911E-04   5.75603E-05   7.95655E-05   1.04128E-12     1689.47  0
 2.00100E-03   5.32754E-04   5.32036E-05   7.77629E-05   8.98698E-13     1672.04  0
 2.02100E-03   5.26866E-04   5.03678E-05   8.32036E-05   8.04173E-13     1655.47  0
 2.04100E-03   5.16985E-04   4.80745E-05   8.32308E-05   7.16336E-13     1641.61  0
 2.06100E-03   5.06156E-04   4.50134E-05   8.31363E-05   6.34480E-13     1631.58  0
 2.08100E-03   4.99062E-04   4.30383E-05   8.29536E-05   5.58434E-13     1625.40  0
 2.10100E-03   4.85334E-04   4.01037E-05   8.27017E-05   4.87845E-13     1622.90  0
 2.12100E-03   4.75742E-04   3.82232E-05   8.20297E-05   4.22903E-13     1622.18  0
 2.14100E-03   4.64580E-04   3.55571E-05   8.17512E-05   3.62557E-13     1621.15  0
 2.16100E-03   4.53977E-04   3.35901E-05   8.15926E-05   3.06648E-13     1619.82  0
 2.18100E-03   4.42547E-04   3.13960E-05   8.13855E-05   2.54924E-13     1618.21  0
 2.20100E-03   4.26063E-04   2.88642E-05   7.39989E-05   1.96056E-13     1616.19  0
 2.22100E-03   4.12273E-04   2.73287E-05   7.21155E-05   1.52415E-13     1614.00  0
 2.24100E-03   3.95721E-04   2.44658E-05   6.66971E-05   1.15089E-13     1611.47  0
 2.26100E-03   3.68770E-04   2.29637E-05   6.47744E-05   1.60561E-13     1608.58  1
 2.28100E-03   4.32376E-05   1.03371E-04   4.62552E-05   2.92488E-13     1832.88  1
 2.30100E-03   7.86707E-05   1.08077E-04   5.65089E-05   4.18758E-13     2423.38  1
 2.32100E-03   1.10564E-04   1.08584E-04   6.05392E-05   5.44606E-13     2603.33  1
 2.34100E-03   1.41591E-04   1.08988E-04   6.24620E-05   6.74953E-13     2654.25  1
 2.36100E-03   1.72331E-04   1.09328E-04   6.40891E-05   8.08163E-13     2682.96  1
 2.38100E-03   2.02386E-04   1.09647E-04   6.51403E-05   9.46707E-13     2698.23  1
 2.40100E-03   2.33909E-04   1.09674E-04   6.63079E-05   1.08075E-12     2675.29  1
 2.42100E-03   2.64256E-04   1.09942E-04   7.27389E-05   1.22218E-12     2709.03  1
 2.44100E-03   2.94522E-04   1.10158E-04   7.48315E-05   1.36213E-12     2742.38  1
 2.46100E-03   3.24593E-04   1.10267E-04   7.58199E-05   1.49810E-12     2739.62  1
 2.48100E-03   3.54569E-04   1.10351E-04   7.65695E-05   1.63304E-12     2738.52  1
 2.50100E-03   3.84624E-04   1.10412E-04   7.72112E-05   1.75980E-12     2721.35  1
 2.52100E-03   4.14768E-04   1.10450E-04   7.77128E-05   1.88405E-12     2729.56  1
 2.54100E-03   4.44689E-04   1.10462E-04   8.09253E-05   2.00397E-12     2736.41  1
 2.56100E-03   4.74875E-04   1.10452E-04   8.30751E-05   2.11864E-12     2748.26  1
 2.58100E-03   5.04964E-04   1.10414E-04   8.44782E-05   2.23517E-12     2741.44  1
 2.60100E-03   5.33346E-04   1.10318E-04   8.53598E-05   2.33259E-12     2696.48  1
 2.62100E-03   5.64413E-04   1.10275E-04   8.61879E-05   2.42738E-12     2738.06  1
 2.64100E-03   5.91867E-04   1.10080E-04   8.66650E-05   2.51288E-12     2773.88  1
 2.66100E-03   6.17889E-04   1.09809E-04   8.68486E-05   2.58868E-12     2773.57  1
 2.68100E-03   6.45719E-04   1.09484E-04   8.68123E-05   2.65634E-12     2764.25  1
 2.70100E-03   6.73031E-04   1.09175E-04   8.65876E-05   2.71410E-12     2744.43  1
 2.72100E-03   6.96459E-04   1.08888E-04   8.62884E-05   2.76175E-12     2724.26  1
 2.74100E-03   7.23700E-04   1.08636E-04   8.59102E-05   2.79954E-12     2706.38  1
 2.76100E-03   7.47310E-04   1.08439E-04   8.54894E-05   2.66387E-12     2688.08  0
 2.78100E-03   7.44245E-04   1.04470E-04   8.51346E-05   2.52285E-12     2305.25  0
 2.80100E-03   7.36496E-04   9.98452E-05   8.48041E-05   2.38015E-12     2138.16  0
 2.82100E-03   7.36723E-04   9.49272E-05   8.44774E-05   2.24615E-12     2035.54  0
 2.84100E-03   7.29079E-04   8.97816E-05   8.40231E-05   2.11847E-12     1958.40  0
 2.86100E-03   7.25953E-04   8.45597E-05   8.35424E-05   1.99815E-12     1899.34  0
 2.88100E-03   7.18234E-04   7.92627E-05   8.29839E-05   1.88347E-12     1850.63  0
 2.90100E-03   7.15068E-04   7.41367E-05   8.23768E-05   1.77347E-12     1810.20  0
 2.92100E-03   7.07350E-04   6.93272E-05   8.17076E-05   1.66668E-12     1776.13  0
 2.94100E-03   7.04566E-04   6.50391E-05   8.09797E-05   1.56242E-12     1747.35  0
 2.96100E-03   7.03790E-04   6.17740E-05   8.02104E-05   1.46088E-12     1723.31  0
 2.98100E-03   6.96361E-04   5.82933E-05   7.94386E-05   1.36153E-12     1702.17  0
 3.00100E-03   6.89162E-04   5.42448E-05   7.78424E-05   1.17309E-12     1683.44  0
 3.02100E-03   6.82768E-04   5.21191E-05   8.28328E-05   1.04276E-12     1664.85  0
 3.04100E-03   6.77798E-04   4.89525E-05   8.30139E-05   9.24930E-13     1648.74  0
 3.06100E-03   6.69186E-04   4.68461E-05   8.30495E-05   8.16199E-13     1636.55  0
 3.08100E-03   6.62241E-04   4.40343E-05   8.28316E-05   7.16150E-13     1628.40  0
 3.10100E-03   6.54716E-04   4.22391E-05   8.22443E-05   6.23563E-13     1623.92  0
 3.12100E-03   6.36726E-04   3.92923E-05   8.10620E-05   5.39137E-13     1622.65  0
 3.14100E-03   6.17940E-04   3.76989E-05   7.71469E-05   4.61684E-13     1621.84  0
 3.16100E-03   5.92886E-04   3.47300E-05   7.56224E-05   3.90934E-13     1620.72  0
 3.18100E-03   5.62730E-04   3.30750E-05   7.45857E-05   3.27104E-13     1619.32  0
 3.20100E-03   5.27164E-04   2.99931E-05   7.17489E-05   2.55428E-13     1617.49  0
 3.22100E-03   5.02316E-04   2.82541E-05   7.24344E-05   2.02738E-13     1615.46  0
 3.24100E-03   4.78371E-04   2.57019E-05   7.13398E-05   1.56352E-13     1613.10  0
 3.26100E-03   4.53680E-04   2.37002E-05   6.64258E-05   1.92979E-13     1610.39  1
 3.28100E-03   4.26528E-05   1.03300E-04   4.42830E-05   3.18230E-13     1829.05  1
 3.30100E-03   7.89452E-05   1.08147E-04   5.62086E-05   4.39165E-13     2413.24  1
 3.32100E-03   1.10882E-04   1.08719E-04   6.04081E-05   5.63863E-13     2566.16  1
 3.34100E-03   1.41818E-04   1.09131E-04   6.24546E-05   6.90814E-13     2618.41  1
 3.36100E-03   1.72062E-04   1.09482E-04   6.41791E-05   8.20724E-13     2633.84  1
 3.38100E-03   2.02356E-04   1.09763E-04   6.53005E-05   9.63435E-13     2670.66  1
 3.40100E-03   2.32088E-04   1.09809E-04   7.17560E-05   1.10185E-12     2641.84  1
 3.42100E-03   2.61597E-04   1.10051E-04   7.73425E-05   1.25464E-12     2649.76  1
 3.44100E-03   2.91562E-04   1.10256E-04   7.96595E-05   1.40131E-12     2679.64  1
 3.46100E-03   3.21697E-04   1.10387E-04   8.11901E-05   1.54316E-12     2680.60  1
 3.48100E-03   3.51570E-04   1.10484E-04   8.22535E-05   1.67666E-12     2670.53  1
 3.50099E-03   3.81572E-04   1.10562E-04   8.29679E-05   1.80708E-12     2666.65  1
 3.52099E-03   4.11514E-04   1.10623E-04   8.34872E-05   1.93355E-12     2659.80  1
 3.54099E-03   4.41516E-04   1.10668E-04   8.69210E-05   2.05874E-12     2651.46  1
 3.56099E-03   4.71562E-04   1.10701E-04   8.91038E-05   2.17978E-12     2643.04  1
 3.58099E-03   5.01576E-04   1.10722E-04   9.01919E-05   2.29300E-12     2639.30  1
 3.60099E-03   5.29667E-04   1.10701E-04   9.08318E-05   2.40380E-12     2634.32  1
 3.62099E-03   5.60660E-04   1.10767E-04   9.12360E-05   2.50545E-12     2646.35  1
 3.64099E-03   5.84638E-04   1.10733E-04   9.14177E-05   2.60353E-12     2691.26  1
 3.66099E-03   6.11474E-04   1.10671E-04   9.13964E-05   2.69677E-12     2685.39  1
 3.68099E-03   6.34982E-04   1.10614E-04   9.12849E-05   2.78257E-12     2669.37  1
 3.70099E-03   6.61430E-04   1.10537E-04   9.11367E-05   2.86218E-12     2675.56  1
 3.72099E-03   6.84496E-04   1.10429E-04   9.08843E-05   2.93734E-12     2669.05  1
 3.74099E-03   7.11076E-04   1.10277E-04   9.08233E-05   3.00433E-12     2658.52  1
 3.76099E-03   7.33812E-04   1.10072E-04   9.07202E-05   3.06283E-12     2651.06  1
 3.78099E-03   7.60659E-04   1.09793E-04   9.05198E-05   3.11120E-12     2640.88  1
 3.80099E-03   7.81261E-04   1.09497E-04   9.03373E-05   3.15052E-12     2604.33  1
 3.82099E-03   8.06806E-04   1.09312E-04   8.99666E-05   3.17803E-12     2601.50  1
 3.84099E-03   8.33352E-04   1.08994E-04   8.96570E-05   3.19337E-12     2624.81  1
 3.86099E-03   8.55350E-04   1.08690E-04   8.93433E-05   3.20153E-12     2613.08  1
 3.88099E-03   8.82660E-04   1.08458E-04   8.90251E-05   3.04235E-12     2598.85  0
 3.90099E-03   8.78241E-04   1.04645E-04   8.86826E-05   2.86858E-12     2272.40  0
 3.92099E-03   8.75309E-04   1.00190E-04   8.83366E-05   2.69960E-12     2115.85  0
 3.94099E-03   8.74556E-04   9.50704E-05   8.80320E-05   2.53674E-12     2015.76  0
 3.96099E-03   8.73615E-04   8.98239E-05   8.76879E-05   2.38350E-12     1940.84  0
 3.98099E-03   8.70423E-04   8.44704E-05   8.73063E-05   2.23871E-12     1878.72  0
 4.00099E-03   8.58938E-04   7.86916E-05   8.45366E-05   1.97117E-12     1825.94  0
 4.02099E-03   8.52229E-04   7.35512E-05   9.17444E-05   1.81713E-12     1773.37  0
 4.04099E-03   8.42690E-04   6.85492E-05   9.12796E-05   1.66694E-12     1729.69  0
 4.06099E-03   8.34266E-04   6.37565E-05   8.83523E-05   1.52202E-12     1695.58  0
 4.08099E-03   8.26609E-04   5.93694E-05   8.69429E-05   1.38375E-12     1670.06  0
 4.10099E-03   8.16673E-04   5.55675E-05   8.62633E-05   1.25272E-12     1651.49  0
 4.12099E-03   8.04817E-04   5.26452E-05   8.57422E-05   1.12930E-12     1638.42  0
 4.14099E-03   7.88302E-04   4.87390E-05   8.52316E-05   1.01343E-12     1629.81  0
 4.16100E-03   7.72366E-04   4.57561E-05   8.47019E-05   9.05050E-13     1624.71  0
 4.18100E-03   7.58290E-04   4.31766E-05   8.40893E-05   8.04778E-13     1622.82  0
 4.20100E-03   7.34715E-04   3.98987E-05   8.16831E-05   6.46420E-13     1622.09  0
 4.22100E-03   7.11041E-04   3.79556E-05   8.41490E-05   5.39411E-13     1621.14  0
 4.24100E-03   6.85193E-04   3.49265E-05   8.46208E-05   4.46325E-13     1619.94  0
 4.26100E-03   6.61315E-04   3.30866E-05   8.47167E-05   3.64006E-13     1618.46  0
 4.28100E-03   6.31982E-04   3.02973E-05   8.42075E-05   2.91113E-13     1616.68  0
 4.30100E-03   6.01268E-04   2.84220E-05   8.32740E-05   2.28809E-13     1614.56  0
 4.32100E-03   5.71042E-04   2.60142E-05   8.15713E-05   1.74434E-13     1612.03  0
 4.34100E-03   5.33665E-04   2.38480E-05   7.75533E-05   1.27281E-13     1609.08  0
 4.36100E-03   4.97417E-04   2.19078E-05   7.46338E-05   8.70233E-14     1605.76  0
 4.38100E-03   4.58406E-04   1.91706E-05   7.16294E-05   1.35210E-13     1602.01  1
 4.40100E-03   3.57544E-05   1.00364E-04   3.70526E-05   2.59141E-13     1778.54  1
 4.42100E-03   7.86032E-05   1.08015E-04   5.57163E-05   3.87451E-13     2402.92  1
 4.44100E-03   1.11507E-04   1.08557E-04   6.05193E-05   5.16189E-13     2598.97  1
 4.46100E-03   1.42777E-04   1.08943E-04   6.22158E-05   6.55056E-13     2686.84  1
 4.48100E-03   1.73501E-04   1.09324E-04   6.42308E-05   7.96187E-13     2703.02  1
 4.50100E-03   2.03998E-04   1.09674E-04   6.53375E-05   9.34049E-13     2712.29  1
 4.52100E-03   2.34206E-04   1.09949E-04   7.38896E-05   1.08420E-12     2708.78  1
 4.54100E-03   2.64823E-04   1.10153E-04   7.73542E-05   1.23268E-12     2698.96  1
 4.56100E-03   2.95039E-04   1.10305E-04   8.12602E-05   1.38082E-12     2703.21  1
 4.58100E-03   3.25397E-04   1.10428E-04   8.47512E-05   1.52170E-12     2699.94  1
 4.60100E-03   3.52860E-04   1.10500E-04   8.63649E-05   1.66222E-12     2655.00  1
 4.62100E-03   3.85363E-04   1.10648E-04   8.74069E-05   1.79455E-12     2669.82  1
 4.64100E-03   4.14620E-04   1.10756E-04   8.82552E-05   1.92388E-12     2739.00  1
 4.66100E-03   4.42381E-04   1.10786E-04   9.04426E-05   2.04871E-12     2747.49  1
 4.68100E-03   4.69385E-04   1.10832E-04   9.14699E-05   2.16771E-12     2781.32  1
 4.70100E-03   4.98111E-04   1.10874E-04   9.21283E-05   2.27887E-12     2785.59  1
 4.72100E-03   5.26777E-04   1.10907E-04   9.29140E-05   2.38860E-12     2774.00  1
 4.74100E-03   5.54955E-04   1.10931E-04   9.34807E-05   2.49155E-12     2747.21  1
 4.76100E-03   5.80006E-04   1.10948E-04   9.38697E-05   2.58923E-12     2759.22  1
 4.78100E-03   6.07252E-04   1.10956E-04   9.43402E-05   2.67913E-12     2761.22  1
 4.80100E-03   6.34202E-04   1.10911E-04   9.46295E-05   2.76346E-12     2722.37  1
 4.82100E-03   6.60791E-04   1.10967E-04   9.47916E-05   2.84079E-12     2723.57  1
 4.84100E-03   6.86677E-04   1.10950E-04   9.48576E-05   2.91250E-12     2791.79  1
 4.86100E-03   7.14154E-04   1.10902E-04   9.48802E-05   2.97641E-12     2796.85  1
 4.88100E-03   7.37510E-04   1.10866E-04   9.48955E-05   3.03575E-12     2800.25  1
 4.90100E-03   7.64896E-04   1.10820E-04   9.48747E-05   3.08633E-12     2799.40  1
 4.92100E-03   7.88437E-04   1.10758E-04   9.48095E-05   3.13198E-12     2805.64  1
 4.94100E-03   8.15483E-04   1.10674E-04   9.47708E-05   3.16438E-12     2794.49  1
 4.96100E-03   8.39155E-04   1.10558E-04   9.47359E-05   3.19363E-12     2804.29  1
 4.98100E-03   8.65786E-04   1.10402E-04   9.46467E-05   3.21664E-12     2787.64  1
 5.00100E-03   8.88683E-04   1.10162E-04   9.45251E-05   3.22902E-12     2742.83  1
 5.02100E-03   9.14254E-04   1.10058E-04   9.43876E-05   3.23551E-12     2744.13  1
 5.04100E-03   9.39147E-04   1.09763E-04   9.42284E-05   3.23403E-12     2728.94  1
 5.06100E-03   9.66819E-04   1.09425E-04   9.40603E-05   3.22549E-12     2704.50  1
 5.08100E-03   9.95507E-04   1.09108E-04   9.38408E-05   3.20734E-12     2677.71  1
 5.10100E-03   1.01719E-03   1.08815E-04   9.35942E-05   3.18146E-12     2656.15  1
 5.12100E-03   1.04357E-03   1.08574E-04   9.32575E-05   2.99140E-12     2623.96  0
 5.14100E-03   1.03406E-03   1.04914E-04   9.27044E-05   2.79070E-12     2259.15  0
 5.16100E-03   1.03009E-03   1.00865E-04   9.20848E-05   2.59275E-12     2111.07  0
 5.18100E-03   1.01993E-03   9.58004E-05   9.14209E-05   2.40400E-12     2020.51  0
 5.20100E-03   1.01067E-03   9.02869E-05   8.87242E-05   2.16865E-12     1949.82  0
 5.22100E-03   1.00106E-03   8.52185E-05   8.89485E-05   1.99659E-12     1871.88  0
 5.24100E-03   9.88740E-04   7.98182E-05   8.73213E-05   1.82562E-12     1807.38  0
 5.26100E-03   9.68702E-04   7.46581E-05   8.65238E-05   1.66111E-12     1756.55  0
 5.28100E-03   9.46777E-04   6.96810E-05   8.57845E-05   1.50376E-12     1718.02  0
 5.30100E-03   9.26547E-04   6.50011E-05   8.48128E-05   1.35567E-12     1688.69  0
 5.32100E-03   9.06743E-04   6.07875E-05   8.37953E-05   1.21619E-12     1666.48  0
 5.34100E-03   8.86196E-04   5.73058E-05   8.23805E-05   1.08552E-12     1649.91  0
 5.36100E-03   8.68267E-04   5.31145E-05   7.91542E-05   9.63656E-13     1637.82  0
 5.38100E-03   8.46916E-04   4.91552E-05   7.72619E-05   8.49786E-13     1629.59  0
 5.40100E-03   8.22928E-04   4.53321E-05   7.45719E-05   6.93403E-13     1624.49  0
 5.42100E-03   8.00034E-04   4.27671E-05   7.75889E-05   5.82333E-13     1622.75  0
 5.44100E-03   7.75820E-04   3.91559E-05   7.76345E-05   4.84755E-13     1621.93  0
 5.46101E-03   7.51641E-04   3.66166E-05   7.81307E-05   3.98086E-13     1620.77  0
 5.48101E-03   7.21974E-04   3.36476E-05   7.80756E-05   3.21304E-13     1619.24  0
 5.50101E-03   6.84252E-04   3.09246E-05   7.75424E-05   2.53572E-13     1617.34  0
 5.52101E-03   6.48690E-04   2.84697E-05   7.66882E-05   1.94490E-13     1615.03  0
 5.54101E-03   6.03835E-04   2.56840E-05   7.54889E-05   1.43636E-13     1612.29  0
 5.56101E-03   5.56991E-04   2.33869E-05   7.40296E-05   1.00413E-13     1609.10  0
 5.58101E-03   5.09159E-04   2.05198E-05   7.20078E-05   6.51507E-14     1605.36  0
 5.60101E-03   4.47835E-04   1.77858E-05   6.25100E-05   3.56315E-14     1600.26  0
 5.62101E-03   3.99737E-04   1.45595E-05   5.60304E-05   9.31031E-14     1594.84  1
 5.64101E-03   4.65886E-05   1.03369E-04   4.16786E-05   2.27102E-13     1842.52  1
 5.66101E-03   7.84951E-05   1.08186E-04   5.62859E-05   3.68139E-13     2541.10  1
 5.68101E-03   1.08277E-04   1.08696E-04   6.05831E-05   5.13032E-13     2577.88  1
 5.70101E-03   1.38122E-04   1.09001E-04   6.23622E-05   6.52514E-13     2622.23  1
 5.72101E-03   1.68047E-04   1.09328E-04   6.34324E-05   7.91868E-13     2655.86  1
 5.74101E-03   1.97693E-04   1.09663E-04   6.54738E-05   9.25714E-13     2643.73  1
 5.76101E-03   2.27435E-04   1.09949E-04   6.67640E-05   1.06021E-12     2651.91  1
 5.78101E-03   2.57061E-04   1.10176E-04   6.76787E-05   1.19197E-12     2653.54  1
 5.80101E-03   2.85833E-04   1.09917E-04   7.03334E-05   1.36458E-12     2604.16  1
 5.82101E-03   3.15174E-04   1.10305E-04   7.32022E-05   1.49897E-12     2589.62  1
 5.84101E-03   3.44469E-04   1.10509E-04   7.49099E-05   1.62865E-12     2622.80  1
 5.86101E-03   3.74000E-04   1.10612E-04   7.58707E-05   1.75418E-12     2631.86  1
 5.88101E-03   4.03872E-04   1.10691E-04   7.66157E-05   1.87458E-12     2649.41  1
 5.90101E-03   4.33951E-04   1.10753E-04   7.72349E-05   1.99291E-12     2673.15  1
 5.92101E-03   4.64086E-04   1.10804E-04   7.86839E-05   2.10983E-12     2678.79  1
 5.94101E-03   4.94267E-04   1.10847E-04   8.02546E-05   2.22365E-12     2684.45  1
 5.96101E-03   5.24499E-04   1.10882E-04   8.17337E-05   2.33401E-12     2691.75  1
 5.98101E-03   5.54720E-04   1.10922E-04   8.28584E-05   2.44140E-12     2696.91  1
 6.00101E-03   5.81967E-04   1.10942E-04   8.34725E-05   2.53958E-12     2675.12  1
 6.02101E-03   6.14152E-04   1.11021E-04   8.39015E-05   2.63573E-12     2686.64  1
 6.04101E-03   6.41146E-04   1.11072E-04   8.42384E-05   2.72530E-12     2675.71  1
 6.06101E-03   6.63743E-04   1.11040E-04   8.43932E-05   2.81075E-12     2690.82  1
 6.08101E-03   6.89193E-04   1.11035E-04   8.45476E-05   2.89410E-12     2688.54  1
 6.10101E-03   7.12457E-04   1.11033E-04   8.47162E-05   2.96732E-12     2682.25  1
 6.12101E-03   7.36892E-04   1.11029E-04   8.47970E-05   3.03867E-12     2684.73  1
 6.14101E-03   7.62506E-04   1.11020E-04   8.48305E-05   3.10629E-12     2685.22  1
 6.16101E-03   7.86513E-04   1.11005E-04   8.48849E-05   3.16663E-12     2685.63  1
 6.18101E-03   8.12510E-04   1.10984E-04   8.49402E-05   3.22012E-12     2692.00  1
 6.20101E-03   8.35340E-04   1.10907E-04   8.49356E-05   3.27012E-12     2692.94  1
 6.22101E-03   8.62187E-04   1.10938E-04   8.48946E-05   3.31439E-12     2704.77  1
 6.24101E-03   8.88413E-04   1.10886E-04   8.48545E-05   3.35390E-12     2684.49  1
 6.26101E-03   9.10716E-04   1.10802E-04   8.47949E-05   3.38784E-12     2695.58  1
 6.28101E-03   9.37885E-04   1.10727E-04   8.47209E-05   3.41784E-12     2690.21  1
 6.30101E-03   9.59405E-04   1.10639E-04   8.46358E-05   3.44097E-12     2689.60  1
 6.32101E-03   9.86208E-04   1.10529E-04   8.45457E-05   3.45949E-12     2689.96  1
 6.34101E-03   1.00782E-03   1.10389E-04   8.44536E-05   3.46910E-12     2687.67  1
 6.36101E-03   1.03430E-03   1.10216E-04   8.43604E-05   3.47370E-12     2683.30  1
 6.38101E-03   1.05558E-03   1.09997E-04   8.43115E-05   3.47163E-12     2675.47  1
 6.40101E-03   1.07878E-03   1.09734E-04   8.41722E-05   3.46378E-12     2659.81  1
 6.42101E-03   1.10292E-03   1.09521E-04   8.39623E-05   3.44929E-12     2656.94  1
 6.44101E-03   1.12734E-03   1.09217E-04   8.37600E-05   3.42684E-12     2643.27  1
 6.46101E-03   1.14837E-03   1.08963E-04   8.35487E-05   3.39858E-12     2653.76  1
 6.48101E-03   1.17452E-03   1.08739E-04   8.33065E-05   3.36420E-12     2635.61  1
 6.50101E-03   1.19322E-03   1.08553E-04   8.30087E-05   3.16136E-12     2620.26  0
 6.52101E-03   1.18683E-03   1.04815E-04   8.26827E-05   2.95563E-12     2290.96  0
 6.54101E-03   1.18004E-03   1.00374E-04   8.22426E-05   2.75645E-12     2132.86  0
 6.56101E-03   1.16815E-03   9.56282E-05   8.17265E-05   2.56768E-12     2035.12  0
 6.58101E-03   1.15447E-03   9.04946E-05   8.11194E-05   2.39102E-12     1961.02  0
 6.60101E-03   1.12571E-03   8.49940E-05   8.02733E-05   2.22314E-12     1901.13  0
 6.62101E-03   1.10279E-03   7.97458E-05   7.96690E-05   2.06881E-12     1851.40  0
 6.64101E-03   1.07983E-03   7.44742E-05   7.89332E-05   1.92319E-12     1809.74  0
 6.66101E-03   1.05888E-03   6.94745E-05   7.79990E-05   1.78441E-12     1775.15  0
 6.68101E-03   1.03604E-03   6.49021E-05   7.65482E-05   1.65271E-12     1746.15  0
 6.70101E-03   1.01411E-03   6.09396E-05   7.19259E-05   1.52550E-12     1721.91  0
 6.72101E-03   9.92924E-04   5.77058E-05   7.01142E-05   1.40356E-12     1700.80  0
 6.74101E-03   9.71755E-04   5.37958E-05   6.89835E-05   1.28616E-12     1682.61  0
 6.76101E-03   9.48974E-04   5.08830E-05   6.80821E-05   1.17289E-12     1666.85  0
 6.78102E-03   9.23673E-04   4.83040E-05   6.74505E-05   1.06368E-12     1653.43  0
 6.80102E-03   8.96961E-04   4.53788E-05   6.68996E-05   9.59846E-13     1642.38  0
 6.82102E-03   8.70303E-04   4.32793E-05   6.65974E-05   8.62106E-13     1633.74  0
 6.84102E-03   8.42465E-04   4.06085E-05   6.63796E-05   7.69217E-13     1627.61  0
 6.86102E-03   8.12317E-04   3.86333E-05   6.61758E-05   6.83058E-13     1623.89  0
 6.88102E-03   7.81040E-04   3.65757E-05   6.59773E-05   6.02692E-13     1622.72  0
 6.90102E-03   7.50018E-04   3.42256E-05   6.57768E-05   5.28147E-13     1622.05  0
 6.92102E-03   7.17946E-04   3.28675E-05   6.55662E-05   4.59408E-13     1621.11  0
 6.94102E-03   6.75111E-04   3.26487E-05   6.53424E-05   3.95876E-13     1619.91  0
 6.96102E-03   6.30335E-04   3.07080E-05   6.51069E-05   3.38324E-13     1618.43  0
 6.98102E-03   5.86892E-04   2.80660E-05   6.48757E-05   2.85672E-13     1616.69  0
 7.00102E-03   5.40523E-04   2.45329E-05   6.00529E-05   2.90842E-13     1614.37  1
 7.02102E-03   4.88824E-05   1.04194E-04   4.97516E-05   4.13609E-13     1837.43  1
 7.04102E-03   7.98192E-05   1.08805E-04   5.81412E-05   5.32839E-13     2452.62  1
 7.06102E-03   1.12466E-04   1.09483E-04   6.26675E-05   6.52728E-13     2605.79  1
 7.08102E-03   1.43625E-04   1.09807E-04   6.40475E-05   7.74279E-13     2699.95  1
 7.10102E-03   1.74438E-04   1.10077E-04   6.53019E-05   8.97171E-13     2728.50  1
 7.12102E-03   2.05067E-04   1.10266E-04   6.63406E-05   1.03404E-12     2745.21  1
 7.14102E-03   2.35306E-04   1.10422E-04   7.12300E-05   1.18136E-12     2731.50  1
 7.16102E-03   2.65517E-04   1.10547E-04   7.31723E-05   1.33839E-12     2743.59  1
 7.18102E-03   2.95587E-04   1.10653E-04   7.43328E-05   1.48676E-12     2743.26  1
 7.20102E-03   3.22463E-04   1.10674E-04   7.51733E-05   1.62479E-12     2729.82  1
 7.22102E-03   3.56318E-04   1.10875E-04   7.60377E-05   1.75965E-12     2755.47  1
 7.24102E-03   3.85790E-04   1.10964E-04   7.68673E-05   1.88857E-12     2779.24  1
 7.26102E-03   4.15897E-04   1.10946E-04   7.76753E-05   2.02076E-12     2773.38  1
 7.28102E-03   4.45864E-04   1.10984E-04   8.15652E-05   2.15112E-12     2765.87  1
 7.30102E-03   4.78536E-04   1.10995E-04   8.36944E-05   2.27772E-12     2755.13  1
 7.32102E-03   5.08412E-04   1.11046E-04   8.47152E-05   2.40093E-12     2767.64  1
 7.34102E-03   5.38487E-04   1.11091E-04   8.53110E-05   2.51815E-12     2775.31  1
 7.36102E-03   5.68319E-04   1.11107E-04   8.57407E-05   2.63212E-12     2764.65  1
 7.38102E-03   5.98135E-04   1.11113E-04   8.60002E-05   2.73936E-12     2775.68  1
 7.40102E-03   6.26171E-04   1.11083E-04   8.60771E-05   2.84183E-12     2774.93  1
 7.42102E-03   6.55723E-04   1.11066E-04   8.61441E-05   2.94138E-12     2774.49  1
 7.44102E-03   6.84223E-04   1.11095E-04   8.62898E-05   3.03571E-12     2781.23  1
 7.46102E-03   7.11399E-04   1.11085E-04   8.63905E-05   3.12136E-12     2787.76  1
 7.48102E-03   7.37255E-04   1.11083E-04   8.63888E-05   3.20600E-12     2795.42  1
 7.50102E-03   7.64870E-04   1.11078E-04   8.63561E-05   3.28664E-12     2775.53  1
 7.52102E-03   7.91979E-04   1.11072E-04   8.62580E-05   3.36434E-12     2770.14  1
 7.54102E-03   8.16408E-04   1.11061E-04   8.60979E-05   3.43728E-12     2769.51  1
 7.56102E-03   8.40294E-04   1.11046E-04   8.59466E-05   3.50531E-12     2770.49  1
 7.58102E-03   8.66964E-04   1.11020E-04   8.58268E-05   3.57002E-12     2767.44  1
 7.60102E-03   8.92937E-04   1.10935E-04   8.57105E-05   3.63510E-12     2733.67  1
 7.62102E-03   9.19571E-04   1.10976E-04   8.56067E-05   3.68963E-12     2753.62  1
 7.64102E-03   9.48659E-04   1.11053E-04   8.55062E-05   3.74014E-12     2783.49  1
 7.66102E-03   9.77647E-04   1.10951E-04   8.53885E-05   3.78527E-12     2791.86  1
 7.68102E-03   1.00648E-03   1.10875E-04   8.52438E-05   3.82592E-12     2797.62  1
 7.70102E-03   1.03476E-03   1.10798E-04   8.50813E-05   3.86159E-12     2802.14  1
 7.72102E-03   1.05538E-03   1.10707E-04   8.49025E-05   3.89186E-12     2797.12  1
 7.74102E-03   1.08165E-03   1.10596E-04   8.47141E-05   3.91789E-12     2799.78  1
 7.76102E-03   1.10211E-03   1.10464E-04   8.46487E-05   3.93606E-12     2797.85  1
 7.78102E-03   1.12835E-03   1.10296E-04   8.45827E-05   3.95048E-12     2797.73  1
 7.80102E-03   1.14913E-03   1.10125E-04   8.45079E-05   3.95758E-12     2776.80  1
 7.82102E-03   1.17727E-03   1.09914E-04   8.43836E-05   3.95909E-12     2767.14  1
 7.84102E-03   1.20157E-03   1.09667E-04   8.42492E-05   3.95570E-12     2760.37  1
 7.86102E-03   1.22843E-03   1.09392E-04   8.41409E-05   3.94468E-12     2751.38  1
 7.88102E-03   1.24882E-03   1.09144E-04   8.40267E-05   3.75528E-12     2757.12  0
 7.90102E-03   1.24611E-03   1.07107E-04   8.39030E-05   3.55928E-12     2382.58  0
 7.92102E-03   1.23717E-03   1.02985E-04   8.37377E-05   3.36684E-12     2204.05  0
 7.94102E-03   1.23371E-03   9.84765E-05   8.35690E-05   3.17991E-12     2095.97  0
 7.96102E-03   1.22400E-03   9.39150E-05   8.34086E-05   3.00125E-12     2016.50  0
 7.98102E-03   1.21872E-03   8.91626E-05   8.31862E-05   2.82908E-12     1953.60  0
 8.00102E-03   1.20933E-03   8.39893E-05   8.10646E-05   2.51561E-12     1901.47  0
 8.02102E-03   1.19742E-03   7.94151E-05   8.30505E-05   2.30522E-12     1841.47  0
 8.04102E-03   1.18345E-03   7.49669E-05   8.30329E-05   2.10589E-12     1789.30  0
 8.06102E-03   1.16842E-03   7.07466E-05   7.93480E-05   1.91328E-12     1747.57  0
 8.08102E-03   1.14760E-03   6.73599E-05   7.77640E-05   1.73040E-12     1715.42  0
 8.10102E-03   1.11790E-03   6.31820E-05   7.69290E-05   1.55866E-12     1690.49  0
 8.12102E-03   1.08770E-03   5.92561E-05   7.62460E-05   1.39755E-12     1671.10  0
 8.14102E-03   1.06031E-03   5.61776E-05   7.55941E-05   1.24720E-12     1655.82  0
 8.16103E-03   1.02778E-03   5.31542E-05   7.50518E-05   1.10821E-12     1643.89  0
 8.18103E-03   9.95173E-04   4.96742E-05   7.47554E-05   9.79369E-13     1634.94  0
 8.20103E-03   9.52953E-04   4.75206E-05   7.30808E-05   8.05120E-13     1628.48  0
 8.22103E-03   9.17333E-04   4.40881E-05   7.83985E-05   6.83912E-13     1624.33  0
 8.24103E-03   8.77600E-04   4.20401E-05   7.95854E-05   5.77001E-13     1622.80  0
 8.26103E-03   8.35566E-04   3.90031E-05   8.01885E-05   4.81837E-13     1622.13  0
 8.28103E-03   7.93051E-04   3.71928E-05   8.01859E-05   3.97673E-13     1621.18  0
 8.30103E-03   7.47488E-04   3.42334E-05   7.97528E-05   3.23656E-13     1619.94  0
 8.32103E-03   6.92856E-04   3.26775E-05   7.90049E-05   2.59465E-13     1618.42  0
 8.34103E-03   6.36284E-04   2.97228E-05   7.80383E-05   2.03456E-13     1616.62  0
 8.36103E-03   5.76778E-04   2.80940E-05   7.69323E-05   1.55221E-13     1614.53  0
 8.38103E-03   5.20965E-04   2.55261E-05   7.55226E-05   2.33468E-13     1612.14  1
 8.40103E-03   4.08172E-05   1.07501E-04   5.13570E-05   3.73779E-13     1933.82  1
 8.42103E-03   7.38023E-05   1.09702E-04   6.05764E-05   5.15063E-13     2433.88  1
 8.44103E-03   1.05913E-04   1.10468E-04   6.45453E-05   6.60417E-13     2614.83  1
 8.46103E-03   1.36911E-04   1.10664E-04   7.16876E-05   8.25267E-13     2662.19  1
 8.48103E-03   1.67487E-04   1.10756E-04   7.41777E-05   9.84091E-13     2673.04  1
 8.50103E-03   1.97925E-04   1.10823E-04   7.55143E-05   1.14253E-12     2676.34  1
 8.52103E-03   2.28413E-04   1.10907E-04   7.65526E-05   1.30305E-12     2680.81  1
 8.54103E-03   2.58968E-04   1.10982E-04   8.30808E-05   1.46324E-12     2685.32  1
 8.56103E-03   2.89520E-04   1.11044E-04   8.64763E-05   1.61841E-12     2691.09  1
 8.58103E-03   3.20154E-04   1.11097E-04   8.86340E-05   1.76735E-12     2692.08  1
 8.60103E-03   3.50511E-04   1.11058E-04   9.14421E-05   1.90820E-12     2679.96  1
 8.62103E-03   3.81666E-04   1.11119E-04   9.30069E-05   2.04446E-12     2682.57  1
 8.64103E-03   4.11834E-04   1.11166E-04   9.40611E-05   2.17554E-12     2695.60  1
 8.66103E-03   4.42017E-04   1.11153E-04   9.47024E-05   2.30204E-12     2680.27  1
 8.68103E-03   4.72170E-04   1.11164E-04   9.51655E-05   2.42190E-12     2677.22  1
 8.70103E-03   5.02312E-04   1.11179E-04   9.55330E-05   2.53545E-12     2678.68  1
 8.72103E-03   5.32460E-04   1.11191E-04   9.57118E-05   2.64175E-12     2677.43  1
 8.74103E-03   5.62601E-04   1.11200E-04   9.57989E-05   2.74243E-12     2678.85  1
 8.76103E-03   5.92748E-04   1.11197E-04   9.58332E-05   2.83827E-12     2681.78  1
 8.78103E-03   6.22883E-04   1.11193E-04   9.57814E-05   2.92610E-12     2685.04  1
 8.80103E-03   6.51515E-04   1.11139E-04   9.56410E-05   3.00068E-12     2690.06  1
 8.82103E-03   6.83888E-04   1.11196E-04   9.54813E-05   3.07520E-12     2706.77  1
 8.84103E-03   7.13859E-04   1.11217E-04   9.53053E-05   3.14292E-12     2684.55  1
 8.86103E-03   7.43120E-04   1.11168E-04   9.51207E-05   3.20509E-12     2698.77  1
 8.88103E-03   7.71716E-04   1.11153E-04   9.49312E-05   3.26294E-12     2697.10  1
 8.90103E-03   8.01159E-04   1.11141E-04   9.47397E-05   3.31550E-12     2698.47  1
 8.92103E-03   8.28016E-04   1.11126E-04   9.45462E-05   3.36435E-12     2699.58  1
 8.94103E-03   8.53991E-04   1.11109E-04   9.43501E-05   3.40758E-12     2702.03  1
 8.96103E-03   8.80000E-04   1.11087E-04   9.41906E-05   3.44534E-12     2704.05  1
 8.98103E-03   9.03180E-04   1.11054E-04   9.40287E-05   3.47926E-12     2707.04  1
 9.00103E-03   9.25707E-04   1.10955E-04   9.37530E-05   3.51291E-12     2704.73  1
 9.02103E-03   9.52999E-04   1.10991E-04   9.33128E-05   3.53949E-12     2712.72  1
 9.04103E-03   9.78841E-04   1.11026E-04   9.28647E-05   3.56083E-12     2725.96  1
 9.06103E-03   1.00085E-03   1.10889E-04   9.24069E-05   3.57798E-12     2749.04  1
 9.08103E-03   1.02703E-03   1.10758E-04   9.17250E-05   3.58928E-12     2748.71  1
 9.10103E-03   1.05150E-03   1.10604E-04   9.10331E-05   3.59628E-12     2745.71  1
 9.12103E-03   1.07519E-03   1.10412E-04   8.99349E-05   3.41862E-12     2730.12  0
 9.14103E-03   1.07433E-03   1.08343E-04   8.80020E-05   3.22850E-12     2376.98  0
 9.16103E-03   1.06666E-03   1.04999E-04   8.58010E-05   3.03943E-12     2208.50  0
 9.18103E-03   1.06350E-03   1.02349E-04   8.50670E-05   2.85434E-12     2105.95  0
 9.20103E-03   1.05266E-03   9.76888E-05   8.39557E-05   2.64953E-12     2031.68  0
 9.22103E-03   1.04901E-03   9.34152E-05   8.54096E-05   2.47700E-12     1949.94  0
 9.24103E-03   1.04404E-03   8.90974E-05   8.61024E-05   2.30313E-12     1881.49  0
 9.26103E-03   1.03394E-03   8.50778E-05   8.59759E-05   2.13424E-12     1828.84  0
 9.28103E-03   1.02460E-03   8.13482E-05   8.53274E-05   1.97299E-12     1787.80  0
 9.30103E-03   1.01653E-03   7.77536E-05   8.41008E-05   1.81980E-12     1755.11  0
 9.32103E-03   1.00636E-03   7.34237E-05   8.12298E-05   1.67321E-12     1728.63  0
 9.34103E-03   9.93727E-04   6.96898E-05   7.91004E-05   1.53348E-12     1706.83  0
 9.36103E-03   9.76152E-04   6.68691E-05   7.80092E-05   1.40055E-12     1688.47  0
 9.38103E-03   9.58358E-04   6.33945E-05   7.71742E-05   1.27493E-12     1672.91  0
 9.40103E-03   9.25752E-04   5.92997E-05   7.50015E-05   1.05987E-12     1659.27  0
 9.42103E-03   9.00591E-04   5.68856E-05   8.00795E-05   9.13714E-13     1646.37  0
 9.44103E-03   8.64886E-04   5.35726E-05   8.17825E-05   7.87433E-13     1636.26  0
 9.46104E-03   8.24899E-04   5.06915E-05   8.19742E-05   6.75774E-13     1628.77  0
 9.48104E-03   7.84303E-04   4.82795E-05   8.15256E-05   5.76925E-13     1624.24  0
 9.50104E-03   7.44151E-04   4.53875E-05   8.05260E-05   4.88619E-13     1622.75  0
 9.52104E-03   7.00578E-04   4.32022E-05   7.69417E-05   4.09985E-13     1622.01  0
 9.54104E-03   6.55115E-04   4.02238E-05   7.52719E-05   3.39823E-13     1620.95  0
 9.56104E-03   6.05986E-04   3.81533E-05   7.42816E-05   2.78222E-13     1619.57  0
 9.58104E-03   5.58045E-04   3.52870E-05   7.33915E-05   2.23965E-13     1617.91  0
 9.60104E-03   5.04567E-04   3.31664E-05   7.05110E-05   1.71839E-13     1615.45  0
 9.62104E-03   4.65177E-04   3.03306E-05   6.88788E-05   2.53785E-13     1613.14  1
 9.64104E-03   4.24403E-05   1.07693E-04   5.08918E-05   4.03125E-13     1970.67  1
 9.66104E-03   7.80871E-05   1.09926E-04   6.16199E-05   5.48860E-13     2475.18  1
 9.68104E-03   1.10210E-04   1.10613E-04   6.62665E-05   6.91518E-13     2709.68  1
 9.70104E-03   1.40903E-04   1.10778E-04   6.78324E-05   8.43984E-13     2754.76  1
 9.72104E-03   1.71296E-04   1.10848E-04   8.55044E-05   9.97277E-13     2772.56  1
 9.74104E-03   2.01634E-04   1.10902E-04   8.88070E-05   1.15681E-12     2779.34  1
 9.76104E-03   2.31878E-04   1.10957E-04   9.88252E-05   1.31766E-12     2783.59  1
 9.78104E-03   2.62038E-04   1.11007E-04   1.38204E-04   1.47554E-12     2787.54  1
 9.80104E-03   2.91491E-04   1.10733E-04   1.30242E-04   1.64621E-12     2702.88  1
 9.82104E-03   3.24712E-04   1.10919E-04   1.24583E-04   1.79728E-12     2686.03  1
 9.84104E-03   3.54958E-04   1.11135E-04   1.15638E-04   1.93768E-12     2746.14  1
 9.86104E-03   3.85191E-04   1.11151E-04   1.12239E-04   2.07687E-12     2766.88  1
 9.88104E-03   4.15333E-04   1.11164E-04   1.11696E-04   2.20487E-12     2760.27  1
 9.90104E-03   4.45537E-04   1.11176E-04   1.11430E-04   2.32684E-12     2767.38  1
 9.92104E-03   4.75701E-04   1.11186E-04   1.11277E-04   2.44252E-12     2771.24  1
 9.94104E-03   5.05781E-04   1.11194E-04   1.10816E-04   2.55246E-12     2758.88  1
 9.96104E-03   5.35885E-04   1.11192E-04   1.09896E-04   2.65497E-12     2749.96  1
 9.98104E-03   5.65960E-04   1.11187E-04   1.08933E-04   2.75212E-12     2747.97  1
 1.00010E-02   5.94352E-04   1.11130E-04   1.07439E-04   2.84269E-12     2701.80  1
 1.00210E-02   6.26017E-04   1.11185E-04   1.06297E-04   2.92486E-12     2713.91  1
 1.00410E-02   6.55239E-04   1.11202E-04   1.05755E-04   3.00217E-12     2795.78  1
 1.00610E-02   6.81624E-04   1.11166E-04   1.05341E-04   3.07269E-12     2791.95  1
 1.00810E-02   7.07700E-04   1.11154E-04   1.04929E-04   3.13658E-12     2789.76  1
 1.01010E-02   7.35629E-04   1.11144E-04   1.04509E-04   3.19807E-12     2794.99  1
 1.01210E-02   7.60478E-04   1.11131E-04   1.04091E-04   3.25448E-12     2773.23  1
 1.01410E-02   7.86839E-04   1.11112E-04   1.03666E-04   3.30288E-12     2769.26  1
 1.01610E-02   8.12433E-04   1.11081E-04   1.03248E-04   3.34802E-12     2769.28  1
 1.01810E-02   8.37390E-04   1.11034E-04   1.02750E-04   3.38750E-12     2758.88  1
 1.02010E-02   8.63398E-04   1.10963E-04   1.02047E-04   3.42208E-12     2755.15  1
 1.02210E-02   8.87531E-04   1.10867E-04   1.01291E-04   3.45101E-12     2744.68  1
 1.02410E-02   9.13268E-04   1.10742E-04   1.00160E-04   3.29377E-12     2735.46  0
 1.02610E-02   9.11194E-04   1.08637E-04   9.82399E-05   3.12518E-12     2358.37  0
 1.02810E-02   9.04446E-04   1.05865E-04   9.55656E-05   2.95423E-12     2195.33  0
 1.03010E-02   9.01034E-04   1.03016E-04   9.45077E-05   2.78585E-12     2098.09  0
 1.03210E-02   8.98564E-04   9.88823E-05   9.36930E-05   2.62208E-12     2026.92  0
 1.03410E-02   8.90505E-04   9.52072E-05   9.29773E-05   2.46446E-12     1969.54  0
 1.03610E-02   8.87635E-04   9.20437E-05   9.23831E-05   2.31354E-12     1921.51  0
 1.03810E-02   8.80525E-04   8.81052E-05   9.15520E-05   2.16901E-12     1881.11  0
 1.04010E-02   8.74127E-04   8.39541E-05   9.01909E-05   2.02503E-12     1845.92  0
 1.04210E-02   8.70732E-04   8.03811E-05   8.88783E-05   1.89122E-12     1812.83  0
 1.04410E-02   8.62220E-04   7.75540E-05   8.67837E-05   1.76197E-12     1781.96  0
 1.04610E-02   8.57755E-04   7.34829E-05   8.38292E-05   1.63662E-12     1754.03  0
 1.04810E-02   8.48553E-04   7.00513E-05   8.24574E-05   1.51497E-12     1729.37  0
 1.05010E-02   8.43968E-04   6.75814E-05   8.14280E-05   1.39720E-12     1707.53  0
 1.05210E-02   8.33790E-04   6.38795E-05   8.05057E-05   1.28308E-12     1688.69  0
 1.05410E-02   8.24177E-04   6.10928E-05   7.95316E-05   1.17313E-12     1672.34  0
 1.05610E-02   8.14734E-04   5.83320E-05   7.85457E-05   1.06782E-12     1658.34  0
 1.05810E-02   8.04192E-04   5.52792E-05   7.74974E-05   9.67315E-13     1646.73  0
 1.06010E-02   7.90258E-04   5.28650E-05   7.54840E-05   8.08761E-13     1637.32  0
 1.06210E-02   7.76132E-04   4.97875E-05   8.10148E-05   6.98609E-13     1629.22  0
 1.06410E-02   7.56846E-04   4.78762E-05   7.81275E-05   6.00806E-13     1624.44  0
 1.06610E-02   7.32571E-04   4.48514E-05   7.60397E-05   5.12958E-13     1622.72  0
 1.06810E-02   7.04386E-04   4.30091E-05   7.51416E-05   4.33774E-13     1621.91  0
 1.07010E-02   6.73647E-04   4.00908E-05   7.43967E-05   3.62702E-13     1620.79  0
 1.07210E-02   6.37961E-04   3.81768E-05   7.36853E-05   2.99308E-13     1619.39  0
 1.07410E-02   5.99774E-04   3.53815E-05   7.27997E-05   3.52400E-13     1617.71  1
 1.07610E-02   4.15580E-05   1.07746E-04   4.43436E-05   4.86703E-13     1980.04  1
 1.07810E-02   7.42482E-05   1.10003E-04   6.20740E-05   6.21495E-13     2492.87  1
 1.08010E-02   1.05003E-04   1.10238E-04   6.78017E-05   7.46340E-13     2548.06  1
 1.08210E-02   1.35562E-04   1.10653E-04   7.69073E-05   8.86039E-13     2617.04  1
 1.08410E-02   1.65856E-04   1.10808E-04   7.93607E-05   1.03120E-12     2653.96  1
 1.08610E-02   1.96190E-04   1.10870E-04   8.08290E-05   1.17841E-12     2665.05  1
 1.08810E-02   2.26598E-04   1.10933E-04   8.19964E-05   1.32610E-12     2668.62  1
 1.09010E-02   2.56972E-04   1.10980E-04   8.78527E-05   1.48014E-12     2674.61  1
 1.09210E-02   2.87354E-04   1.11019E-04   9.15062E-05   1.63188E-12     2679.83  1
 1.09410E-02   3.17849E-04   1.11051E-04   9.60252E-05   1.78280E-12     2685.19  1
 1.09610E-02   3.48411E-04   1.11081E-04   1.00451E-04   1.93246E-12     2689.21  1
 1.09810E-02   3.79050E-04   1.11109E-04   1.02394E-04   2.07496E-12     2696.42  1
 1.10010E-02   4.08351E-04   1.11047E-04   1.03117E-04   2.20650E-12     2683.25  1
 1.10210E-02   4.41398E-04   1.11092E-04   1.03440E-04   2.33515E-12     2682.73  1
 1.10410E-02   4.71517E-04   1.11126E-04   1.03873E-04   2.45845E-12     2695.95  1
 1.10610E-02   5.01605E-04   1.11100E-04   1.03766E-04   2.57315E-12     2684.16  1
 1.10810E-02   5.31679E-04   1.11099E-04   1.03542E-04   2.68215E-12     2688.69  1
 1.11010E-02   5.61741E-04   1.11102E-04   1.03234E-04   2.78419E-12     2682.17  1
 1.11210E-02   5.91762E-04   1.11104E-04   1.03012E-04   2.88028E-12     2675.41  1
 1.11410E-02   6.21782E-04   1.11101E-04   1.02725E-04   2.96806E-12     2673.84  1
 1.11610E-02   6.51747E-04   1.11092E-04   1.02433E-04   3.05126E-12     2676.52  1
 1.11810E-02   6.81747E-04   1.11065E-04   1.02111E-04   3.12682E-12     2681.35  1
 1.12010E-02   7.10961E-04   1.10987E-04   1.01731E-04   3.19377E-12     2684.96  1
 1.12210E-02   7.41288E-04   1.10979E-04   1.01336E-04   3.25527E-12     2696.44  1
 1.12410E-02   7.66215E-04   1.10885E-04   1.00896E-04   3.12083E-12     2668.94  0
 1.12610E-02   7.65683E-04   1.08749E-04   1.00430E-04   2.97253E-12     2360.18  0
 1.12810E-02   7.63672E-04   1.06387E-04   9.99842E-05   2.81936E-12     2197.52  0
 1.13010E-02   7.58220E-04   1.03236E-04   9.95497E-05   2.66825E-12     2091.33  0
 1.13210E-02   7.55493E-04   9.92686E-05   9.91038E-05   2.51936E-12     2012.39  0
 1.13410E-02   7.48469E-04   9.59404E-05   9.85351E-05   2.37556E-12     1949.61  0
 1.13610E-02   7.45009E-04   9.26870E-05   9.79083E-05   2.23637E-12     1896.77  0
 1.13810E-02   7.37618E-04   8.84911E-05   9.72067E-05   2.10240E-12     1854.24  0
 1.14010E-02   7.32345E-04   8.43912E-05   9.60211E-05   1.95056E-12     1817.83  0
 1.14210E-02   7.27328E-04   8.10092E-05   9.50904E-05   1.81381E-12     1780.41  0
 1.14411E-02   7.23360E-04   7.77708E-05   9.38566E-05   1.68088E-12     1745.70  0
 1.14611E-02   7.16658E-04   7.37755E-05   9.16815E-05   1.55264E-12     1715.23  0
 1.14811E-02   7.12810E-04   7.02712E-05   8.89897E-05   1.42897E-12     1690.26  0
 1.15011E-02   7.05595E-04   6.76162E-05   8.77387E-05   1.31034E-12     1670.92  0
 1.15211E-02   7.01958E-04   6.37352E-05   8.69104E-05   1.19698E-12     1655.29  0
 1.15411E-02   6.94233E-04   6.05093E-05   8.61724E-05   1.08872E-12     1643.15  0
 1.15611E-02   6.88510E-04   5.79078E-05   8.55519E-05   9.86075E-13     1634.06  0
 1.15811E-02   6.82660E-04   5.42644E-05   8.50584E-05   8.89033E-13     1627.67  0
 1.16011E-02   6.69682E-04   5.14935E-05   8.26375E-05   7.42089E-13     1623.80  0
 1.16211E-02   6.67216E-04   4.85845E-05   8.66750E-05   6.42278E-13     1622.70  0
 1.16411E-02   6.55521E-04   4.57302E-05   8.44558E-05   5.53499E-13     1622.03  0
 1.16611E-02   6.43672E-04   4.32898E-05   8.42145E-05   4.73349E-13     1621.13  0
 1.16811E-02   6.26371E-04   4.03498E-05   8.39595E-05   4.01170E-13     1619.98  0
 1.17011E-02   6.09594E-04   3.82331E-05   8.32715E-05   3.35843E-13     1618.61  0
 1.17211E-02   5.90270E-04   3.53798E-05   8.21826E-05   2.77398E-13     1617.04  0
 1.17411E-02   5.64149E-04   3.33636E-05   8.07145E-05   3.43342E-13     1615.26  1
 1.17611E-02   4.49803E-05   1.07661E-04   4.26751E-05   4.84461E-13     1962.00  1
 1.17811E-02   8.08430E-05   1.09901E-04   6.51102E-05   6.21321E-13     2499.25  1
 1.18011E-02   1.11047E-04   1.10074E-04   7.48584E-05   7.62630E-13     2597.04  1
 1.18211E-02   4.05697E-04   1.10469E-04   1.62263E-04   9.21378E-13     2644.49  1
 1.18411E-02   3.60081E-04   1.10741E-04   1.62062E-04   1.08367E-12     2702.07  1
 1.18611E-02   3.13697E-04   1.10802E-04   1.58313E-04   1.24551E-12     2643.94  1
 1.18811E-02   2.74852E-04   1.10853E-04   1.56712E-04   1.40559E-12     2643.33  1
 1.19011E-02   2.63109E-04   1.10896E-04   1.55377E-04   1.56685E-12     2680.59  1
 1.19211E-02   2.94286E-04   1.10927E-04   1.53620E-04   1.71920E-12     2694.13  1
 1.19411E-02   3.24645E-04   1.10952E-04   1.48885E-04   1.86729E-12     2737.91  1
 1.19611E-02   3.54813E-04   1.10975E-04   1.46364E-04   2.00875E-12     2726.54  1
 1.19811E-02   3.84922E-04   1.10992E-04   1.44573E-04   2.14304E-12     2731.41  1
 1.20011E-02   4.13409E-04   1.10960E-04   1.41258E-04   2.26660E-12     2692.08  1
 1.20211E-02   4.45966E-04   1.11031E-04   1.37860E-04   2.38734E-12     2675.76  1
 1.20411E-02   4.76060E-04   1.11037E-04   1.36301E-04   2.49927E-12     2711.83  1
 1.20611E-02   5.05665E-04   1.11008E-04   1.34719E-04   2.60317E-12     2750.51  1
 1.20811E-02   5.34760E-04   1.10984E-04   1.32110E-04   2.70471E-12     2760.25  1
 1.21011E-02   5.63561E-04   1.10941E-04   1.28940E-04   2.79828E-12     2723.91  1
 1.21211E-02   5.90049E-04   1.10862E-04   1.27504E-04   2.69093E-12     2759.80  0
 1.21411E-02   5.88041E-04   1.08740E-04   1.26433E-04   2.56968E-12     2373.27  0
 1.21611E-02   5.85924E-04   1.06339E-04   1.25513E-04   2.44083E-12     2191.14  0
 1.21811E-02   5.80904E-04   1.03251E-04   1.24099E-04   2.31290E-12     2072.33  0
 1.22011E-02   5.76847E-04   9.84638E-05   1.19415E-04   2.10266E-12     1984.19  0
 1.22211E-02   5.76403E-04   9.47418E-05   1.23274E-04   1.96855E-12     1893.14  0
 1.22411E-02   5.72685E-04   9.16670E-05   1.22571E-04   1.83495E-12     1822.81  0
 1.22611E-02   5.69266E-04   8.80703E-05   1.21347E-04   1.70451E-12     1769.17  0
 1.22811E-02   5.63985E-04   8.40973E-05   1.18046E-04   1.57808E-12     1727.39  0
 1.23011E-02   5.61720E-04   8.05975E-05   1.16184E-04   1.45623E-12     1695.64  0
 1.23211E-02   5.55907E-04   7.76887E-05   1.15114E-04   1.33992E-12     1671.58  0
 1.23411E-02   5.52828E-04   7.36073E-05   1.14087E-04   1.22931E-12     1653.49  0
 1.23611E-02   5.49258E-04   6.99389E-05   1.13080E-04   1.12463E-12     1640.41  0
 1.23811E-02   5.43569E-04   6.70282E-05   1.11706E-04   1.02603E-12     1631.44  0
 1.24011E-02   5.38298E-04   6.26923E-05   1.06384E-04   8.91858E-13     1625.82  0
 1.24211E-02   5.26618E-04   5.92166E-05   1.06386E-04   7.91755E-13     1623.14  0
 1.24411E-02   5.21267E-04   5.61893E-05   1.05755E-04   7.02520E-13     1622.53  0
 1.24611E-02   5.08278E-04   5.31784E-05   1.04968E-04   6.21019E-13     1621.83  0
 1.24811E-02   5.02275E-04   4.97819E-05   1.03346E-04   5.46120E-13     1620.93  0
 1.25011E-02   4.90575E-04   4.75865E-05   9.90852E-05   4.77117E-13     1619.86  0
 1.25211E-02   4.81148E-04   4.40376E-05   9.61928E-05   4.13081E-13     1618.61  0
 1.25411E-02   4.72005E-04   4.16632E-05   9.34474E-05   3.54386E-13     1617.27  0
 1.25611E-02   4.57885E-04   3.88342E-05   8.89160E-05   3.00465E-13     1615.89  0
 1.25811E-02   4.49935E-04   3.64761E-05   8.61393E-05   2.51662E-13     1614.36  0
 1.26011E-02   4.35194E-04   3.38890E-05   8.21382E-05   2.07456E-13     1612.68  0
 1.26211E-02   4.22962E-04   3.18809E-05   7.76122E-05   2.85599E-13     1610.84  1
 1.26411E-02   4.71620E-05   1.07526E-04   5.70661E-05   4.36448E-13     1933.41  1
 1.26611E-02   7.83433E-05   1.09841E-04   7.23153E-05   5.84711E-13     2515.85  1
 1.26811E-02   1.08293E-04   1.10400E-04   8.44767E-05   7.36830E-13     2578.17  1
 1.27011E-02   3.52322E-04   1.10603E-04   1.66513E-04   8.98239E-13     2607.73  1
 1.27211E-02   3.24576E-04   1.10670E-04   1.62451E-04   1.06279E-12     2619.86  1
 1.27411E-02   2.90576E-04   1.10699E-04   1.60683E-04   1.22435E-12     2672.33  1
 1.27611E-02   2.51064E-04   1.10728E-04   1.59410E-04   1.38047E-12     2692.44  1
 1.27811E-02   2.59087E-04   1.10754E-04   1.57738E-04   1.53696E-12     2693.62  1
 1.28011E-02   2.86593E-04   1.10754E-04   1.52081E-04   1.68480E-12     2654.25  1
 1.28211E-02   3.21836E-04   1.10835E-04   1.49442E-04   1.83000E-12     2669.38  1
 1.28411E-02   3.51409E-04   1.10861E-04   1.44600E-04   1.96487E-12     2672.00  1
 1.28611E-02   3.81663E-04   1.10788E-04   1.39174E-04   2.09401E-12     2685.24  1
 1.28811E-02   4.11713E-04   1.10698E-04   1.33134E-04   2.03351E-12     2670.21  0
 1.29011E-02   4.13705E-04   1.08608E-04   1.29758E-04   1.95370E-12     2339.06  0
 1.29211E-02   4.15029E-04   1.05944E-04   1.28058E-04   1.86577E-12     2173.93  0
 1.29411E-02   4.15447E-04   1.03061E-04   1.25046E-04   1.77482E-12     2068.74  0
 1.29611E-02   4.15585E-04   9.90611E-05   1.23722E-04   1.68318E-12     1992.83  0
 1.29811E-02   4.15557E-04   9.56366E-05   1.22834E-04   1.59306E-12     1930.85  0
 1.30011E-02   4.11843E-04   9.07503E-05   1.21215E-04   1.46863E-12     1875.03  0
 1.30211E-02   4.16979E-04   8.79008E-05   1.21986E-04   1.37810E-12     1809.18  0
 1.30411E-02   4.17244E-04   8.38984E-05   1.19665E-04   1.28528E-12     1759.63  0
 1.30611E-02   4.17656E-04   8.04160E-05   1.17660E-04   1.19369E-12     1720.35  0
 1.30811E-02   4.12212E-04   7.76922E-05   1.16602E-04   1.10464E-12     1691.13  0
 1.31011E-02   4.08676E-04   7.36974E-05   1.15718E-04   1.01875E-12     1668.92  0
 1.31211E-02   4.01725E-04   7.02405E-05   1.14721E-04   9.36801E-13     1652.36  0
 1.31411E-02   3.97883E-04   6.76751E-05   1.13835E-04   8.59152E-13     1640.33  0
 1.31611E-02   3.90782E-04   6.38196E-05   1.12526E-04   7.85727E-13     1631.79  0
 1.31811E-02   3.86268E-04   6.06576E-05   1.09924E-04   7.16389E-13     1626.24  0
 1.32011E-02   3.79215E-04   5.79811E-05   1.07747E-04   6.51316E-13     1623.36  0
 1.32211E-02   3.73264E-04   5.44606E-05   1.06600E-04   5.90206E-13     1622.68  0
 1.32411E-02   3.63179E-04   5.22083E-05   1.05687E-04   5.32746E-13     1622.14  0
 1.32611E-02   3.54832E-04   4.87828E-05   1.04661E-04   4.78907E-13     1621.47  0
 1.32811E-02   3.47286E-04   4.62553E-05   1.03601E-04   4.28361E-13     1620.67  0
 1.33011E-02   3.36066E-04   4.35875E-05   1.02171E-04   3.80999E-13     1619.76  0
 1.33211E-02   3.30518E-04   4.10840E-05   9.86514E-05   3.36655E-13     1618.72  0
 1.33411E-02   3.17047E-04   3.86660E-05   9.65758E-05   2.94765E-13     1617.56  0
 1.33611E-02   3.11284E-04   3.66279E-05   9.53347E-05   2.56009E-13     1616.27  0
 1.33811E-02   2.98045E-04   3.42796E-05   9.41032E-05   3.32338E-13     1614.87  1
 1.34011E-02   3.80664E-05   1.05662E-04   4.13849E-05   4.68516E-13     1868.42  1
 1.34211E-02   7.96353E-05   1.09742E-04   5.94700E-05   6.03765E-13     2444.32  1
 1.34411E-02   1.13847E-04   1.10284E-04   6.38093E-05   7.37920E-13     2636.86  1
 1.34611E-02   1.44386E-04   1.10446E-04   6.54073E-05   8.74834E-13     2735.01  1
 1.34811E-02   1.74940E-04   1.10470E-04   7.16709E-05   1.01557E-12     2740.07  1
 1.35011E-02   2.05243E-04   1.10434E-04   7.38763E-05   9.80846E-13     2738.68  0
 1.35211E-02   2.06010E-04   1.08401E-04   7.52603E-05   9.29512E-13     2372.47  0
 1.35411E-02   2.06216E-04   1.05264E-04   7.63253E-05   8.73578E-13     2202.95  0
 1.35611E-02   2.06304E-04   1.02707E-04   7.72306E-05   8.22813E-13     2096.50  0
 1.35811E-02   2.06192E-04   9.84683E-05   8.28084E-05   7.77269E-13     2015.46  0
 1.36011E-02   2.05216E-04   9.46231E-05   8.54987E-05   7.29589E-13     1949.51  0
 1.36211E-02   2.06001E-04   9.10871E-05   8.72217E-05   6.88245E-13     1893.75  0
 1.36411E-02   2.06955E-04   8.78011E- 1.81210E-02   0.00000E+00   0.00000E+00   0.00000E+00   0.00000E+00      859.63  0
 1.81410E-02   0.00000E+00   0.00000E+00   0.00000E+00   0.00000E+00      858.67  0
 1.81610E-02   0.00000E+00   0.00000E+00   0.00000E+00   0.00000E+00      857.72  0
 1.81810E-02   0.00000E+00   0.00000E+00   0.00000E+00   0.00000E+00      856.76  0
 1.82010E-02   0.00000E+00   0.00000E+00   0.00000E+00   0.00000E+00      855.81  0
 1.82210E-02   0.00000E+00   0.00000E+00   0.00000E+00   0.00000E+00      854.87  0
 1.82410E-02   0.00000E+00   0.00000E+00   0.00000E+00   0.00000E+00      853.94  0
 1.82610E-02   0.00000E+00   0.00000E+00   0.00000E+00   0.00000E+00      853.02  0
 1.82810E-02   0.00000E+00   0.00000E+00   0.00000E+00   0.00000E+00      852.10  0
 1.83010E-02   0.00000E+00   0.00000E+00   0.00000E+00   0.00000E+00      851.19  0
 1.83210E-02   0.00000E+00   0.00000E+00   0.00000E+00   0.00000E+00      850.28  0
 1.83410E-02   0.00000E+00   0.00000E+00   0.00000E+00   0.00000E+00      849.38  0
 1.83610E-02   0.00000E+00   0.00000E+00   0.00000E+00   0.00000E+00      848.47  0
 1.83810E-02   0.00000E+00   0.00000E+00   0.00000E+00   0.00000E+00      847.57  0
 1.84010E-02   0.00000E+00   0.00000E+00   0.00000E+00   0.00000E+00      846.68  0
 1.84210E-02   0.00000E+00   0.00000E+00   0.00000E+00   0.00000E+00      845.78  0
 1.84410E-02   0.00000E+00   0.00000E+00   0.00000E+00   0.00000E+00      844.89  0
 1.84610E-02   0.00000E+00   0.00000E+00   0.00000E+00   0.00000E+00      844.00  0
 1.84810E-02   0.00000E+00   0.00000E+00   0.00000E+00   0.00000E+00      843.12  0
 1.85010E-02   0.00000E+00   0.00000E+00   0.00000E+00   0.00000E+00      842.23  0
 1.85210E-02   0.00000E+00   0.00000E+00   0.00000E+00   0.00000E+00      841.35  0
 1.85410E-02   0.00000E+00   0.00000E+00   0.00000E+00   0.00000E+00      840.47  0
 1.85610E-02   0.00000E+00   0.00000E+00   0.00000E+00   0.00000E+00      839.60  0
 1.85810E-02   0.00000E+00   0.00000E+00   0.00000E+00   0.00000E+00      838.73  0
 1.86010E-02   0.00000E+00   0.00000E+00   0.00000E+00   0.00000E+00      837.86  0
 1.86210E-02   0.00000E+00   0.00000E+00   0.00000E+00   0.00000E+00      836.99  0
 1.86410E-02   0.00000E+00   0.00000E+00   0.00000E+00   0.00000E+00      836.14  0
 1.86610E-02   0.00000E+00   0.00000E+00   0.00000E+00   0.00000E+00      835.30  0
 1.86810E-02   0.00000E+00   0.00000E+00   0.00000E+00   0.00000E+00      834.47  0
 1.87010E-02   0.00000E+00   0.00000E+00   0.00000E+00   0.00000E+00      833.63  0
 1.87210E-02   0.00000E+00   0.00000E+00   0.00000E+00   0.00000E+00      832.80  0
 1.87410E-02   0.00000E+00   0.00000E+00   0.00000E+00   0.00000E+00      831.97  0
 1.87610E-02   0.00000E+00   0.00000E+00   0.00000E+00   0.00000E+00      831.15  0
 1.87810E-02   0.00000E+00   0.00000E+00   0.00000E+00   0.00000E+00      830.33  0
 1.88010E-02   0.00000E+00   0.00000E+00   0.00000E+00   0.00000E+00      829.52  0
 1.88210E-02   0.00000E+00   0.00000E+00   0.00000E+00   0.00000E+00      828.70  0
 1.88410E-02   0.00000E+00   0.00000E+00   0.00000E+00   0.00000E+00      827.89  0
 1.88610E-02   0.00000E+00   0.00000E+00   0.00000E+00   0.00000E+00      827.08  0
 1.88810E-02   0.00000E+00   0.00000E+00   0.00000E+00   0.00000E+00      826.28  0
 1.89010E-02   0.00000E+00   0.00000E+00   0.00000E+00   0.00000E+00      825.47  0
 1.89210E-02   0.00000E+00   0.00000E+00   0.00000E+00   0.00000E+00      824.67  0
 1.89410E-02   0.00000E+00   0.00000E+00   0.00000E+00   0.00000E+00      823.87  0
 1.89610E-02   0.00000E+00   0.00000E+00   0.00000E+00   0.00000E+00      823.07  0
 1.89810E-02   0.00000E+00   0.00000E+00   0.00000E+00   0.00000E+00      822.28  0
 1.90010E-02   0.00000E+00   0.00000E+00   0.00000E+00   0.00000E+00      821.48  0
