# Thermal History - 10 Monitoring Points
# Columns: time(s)  T1..T10 (K)
# Point physical coordinates:
#  P 1:  x= 4.000E-04m  y= 1.000E-03m  z= 6.950E-04m
#  P 2:  x= 1.000E-03m  y= 1.000E-03m  z= 6.950E-04m
#  P 3:  x= 1.600E-03m  y= 1.000E-03m  z= 6.950E-04m
#  P 4:  x= 1.000E-03m  y= 1.000E-03m  z= 6.600E-04m
#  P 5:  x= 1.000E-03m  y= 1.000E-03m  z= 6.000E-04m
#  P 6:  x= 1.000E-03m  y= 1.050E-03m  z= 6.950E-04m
#  P 7:  x= 1.000E-03m  y= 1.200E-03m  z= 6.950E-04m
#  P 8:  x= 1.000E-03m  y= 1.500E-03m  z= 6.950E-04m
#  P 9:  x= 1.000E-03m  y= 1.800E-03m  z= 6.950E-04m
#  P10:  x= 1.000E-03m  y= 1.000E-03m  z= 2.000E-04m
#  time(s)    T 1(K)       T 2(K)       T 3(K)       T 4(K)       T 5(K)       T 6(K)       T 7(K)       T 8(K)       T 9(K)       T10(K)       
 2.10000E-05     293.000     293.000     293.000     292.999     292.999     293.000     293.000     293.000     293.000     293.000
 4.10000E-05     293.000     292.999     293.000     292.992     292.992     292.999     292.999     292.999     292.999     293.000
 6.10000E-05     293.000     292.997     293.000     292.977     292.977     292.997     292.997     292.997     292.997     292.999
 8.10000E-05     293.000     292.998     293.000     292.987     292.987     292.998     292.998     292.998     292.998     292.999
 1.01000E-04     293.000     292.998     293.000     292.989     292.989     292.998     292.998     292.998     292.998     292.999
 1.21000E-04     293.000     292.998     293.000     292.990     292.991     292.998     292.998     292.998     292.998     292.999
 1.41000E-04     293.000     292.997     293.000     292.988     292.988     292.997     292.997     292.997     292.997     292.999
 1.61000E-04     293.000     292.997     293.000     292.985     292.984     292.997     292.997     292.997     292.997     292.999
 1.81000E-04     293.000     292.996     293.000     292.982     292.981     292.996     292.996     292.996     292.996     292.999
 2.01000E-04     293.000     292.996     293.000     292.981     292.980     292.996     292.996     292.996     292.996     292.999
 2.21000E-04     293.000     292.996     293.000     292.980     292.978     292.996     292.996     292.996     292.996     292.999
 2.41000E-04     293.000     292.996     293.000     292.978     292.976     292.996     292.996     292.995     292.996     292.999
 2.61000E-04     293.000     292.995     293.000     292.977     292.974     292.995     292.995     292.995     292.995     292.999
 2.81000E-04     293.000     292.995     293.000     292.975     292.973     292.995     292.995     292.995     292.995     292.999
 3.01000E-04     293.000     292.995     293.000     292.974     292.971     292.995     292.995     292.995     292.995     292.999
 3.21000E-04     293.000     292.994     293.000     292.972     292.969     292.994     292.994     292.994     292.994     292.999
 3.41000E-04     293.000     292.994     293.000     292.971     292.968     292.994     292.994     292.994     292.994     292.999
 3.61000E-04     293.000     292.994     293.000     292.970     292.966     292.994     292.994     292.994     292.994     292.999
 3.81000E-04     293.000     292.993     293.000     292.969     292.965     292.994     292.993     292.993     292.993     292.999
 4.01000E-04     293.000     292.993     293.000     292.968     292.964     292.993     292.993     292.993     292.993     292.999
 4.21000E-04     293.000     292.993     293.000     292.967     292.963     292.993     292.993     292.993     292.993     292.999
 4.41000E-04     293.000     292.992     293.000     292.966     292.962     292.992     292.992     292.992     292.992     292.999
 4.61000E-04     293.000     292.992     293.000     292.965     292.960     292.992     292.992     292.992     292.992     292.999
 4.81000E-04     293.000     292.992     293.000     292.964     292.959     292.992     292.992     292.992     292.992     292.999
 5.01000E-04     293.000     292.991     293.000     292.963     292.958     292.991     292.991     292.991     292.991     292.999
 5.21000E-04     293.000     292.991     293.000     292.962     292.957     292.991     292.991     292.991     292.991     292.999
 5.41000E-04     293.000     292.990     293.000     292.961     292.956     292.990     292.990     292.991     292.991     292.999
 5.61000E-04     293.000     292.990     293.000     292.960     292.955     292.990     292.990     292.990     292.990     292.999
 5.81000E-04     293.000     292.989     293.000     292.958     292.953     292.990     292.990     292.990     292.990     292.999
 6.01000E-04     293.000     292.989     293.000     292.957     292.952     292.989     292.989     292.989     292.989     292.999
 6.21000E-04     293.000     292.988     293.000     292.955     292.950     292.988     292.989     292.989     292.989     292.999
 6.41000E-04     293.000     292.988     293.000     292.955     292.950     292.988     292.988     292.988     292.988     292.999
 6.61000E-04     293.000     292.988     293.000     292.955     292.950     292.988     292.988     292.988     292.988     292.999
 6.81000E-04     293.000     292.987     293.000     292.955     292.950     292.987     292.987     292.987     292.988     292.999
 7.01000E-04     293.000     292.987     293.000     292.955     292.951     292.987     292.987     292.987     292.987     292.999
 7.21000E-04     293.000     292.986     293.000     292.951     292.946     292.986     292.986     292.986     292.986     292.999
 7.41000E-04     293.000     292.984     293.000     292.938     292.932     292.984     292.984     292.985     292.985     292.999
 7.61000E-04     293.000     292.984     293.000     292.937     292.931     292.984     292.984     292.984     292.984     292.999
 7.81000E-04     293.000     292.983     293.000     292.937     292.931     292.983     292.983     292.983     292.983     292.999
 8.01000E-04     293.000     292.982     293.000     292.937     292.931     292.982     292.983     292.983     292.983     292.999
 8.21000E-04     293.000     292.982     293.000     292.937     292.931     292.982     292.982     292.982     292.982     292.999
 8.41000E-04     293.000     292.981     293.000     292.938     292.932     292.981     292.982     292.982     292.982     292.999
 8.61000E-04     293.000     292.981     293.000     292.938     292.932     292.981     292.981     292.981     292.981     292.999
 8.81000E-04     293.000     292.980     293.000     292.937     292.932     292.980     292.980     292.981     292.981     292.999
 9.01000E-04     293.000     292.979     293.000     292.937     292.931     292.980     292.980     292.980     292.980     292.999
 9.21000E-04     293.000     292.979     293.000     292.936     292.931     292.979     292.979     292.979     292.979     292.999
 9.41000E-04     293.000     292.978     293.000     292.935     292.930     292.978     292.979     292.979     292.979     292.999
 9.61000E-04     293.000     292.977     293.000     292.935     292.929     292.978     292.978     292.978     292.978     292.999
 9.81000E-04     293.000     292.977     293.000     292.934     292.929     292.977     292.977     292.978     292.978     292.999
 1.00100E-03     293.000     292.976     293.000     292.934     292.928     292.976     292.977     292.977     292.977     292.999
 1.02100E-03     293.000     292.976     293.000     292.933     292.928     292.976     292.976     292.976     292.976     292.999
 1.04100E-03     293.000     292.975     293.000     292.933     292.928     292.975     292.975     292.976     292.976     292.999
 1.06100E-03     293.000     292.974     293.000     292.933     292.928     292.974     292.975     292.975     292.975     292.999
 1.08100E-03     293.000     292.974     293.000     292.932     292.928     292.974     292.974     292.975     292.975     292.999
 1.10100E-03     293.000     292.973     293.000     292.932     292.928     292.973     292.974     292.974     292.974     292.999
 1.12100E-03     293.000     292.972     293.000     292.932     292.928     292.973     292.973     292.973     292.973     292.999
 1.14100E-03     293.000     292.972     293.000     292.932     292.928     292.972     292.972     292.973     292.973     292.999
 1.16100E-03     293.000     292.971     293.000     292.932     292.927     292.971     292.972     292.972     292.972     292.999
 1.18100E-03     293.000     292.971     293.000     292.931     292.927     292.971     292.971     292.972     292.972     292.999
 1.20100E-03     293.000     292.970     293.000     292.931     292.927     292.970     292.971     292.971     292.971     292.999
 1.22100E-03     293.000     292.969     293.000     292.931     292.927     292.970     292.970     292.970     292.971     292.999
 1.24100E-03     293.000     292.969     293.000     292.930     292.926     292.969     292.969     292.970     292.970     292.999
 1.26100E-03     293.000     292.968     293.000     292.930     292.926     292.968     292.969     292.969     292.969     292.999
 1.28100E-03     293.000     292.968     293.000     292.929     292.926     292.968     292.968     292.969     292.969     292.999
 1.30100E-03     293.000     292.967     293.000     292.929     292.925     292.967     292.968     292.968     292.968     292.999
 1.32100E-03     293.000     292.966     293.000     292.929     292.925     292.967     292.967     292.968     292.968     292.999
 1.34100E-03     293.000     292.966     293.000     292.928     292.924     292.966     292.966     292.967     292.967     292.999
 1.36100E-03     293.000     292.965     293.000     292.927     292.924     292.965     292.966     292.966     292.967     292.999
 1.38100E-03     293.000     292.965     293.000     292.928     292.924     292.965     292.965     292.966     292.966     292.999
 1.40100E-03     293.000     292.964     293.000     292.928     292.925     292.964     292.965     292.965     292.966     292.999
 1.42100E-03     293.000     292.964     293.000     292.928     292.925     292.964     292.964     292.965     292.965     292.999
 1.44100E-03     293.000     292.963     293.000     292.929     292.926     292.963     292.964     292.964     292.965     292.999
 1.46100E-03     293.000     292.963     293.000     292.929     292.926     292.963     292.963     292.964     292.964     292.999
 1.48100E-03     293.000     292.962     293.000     292.929     292.927     292.962     292.963     292.963     292.964     292.999
 1.50100E-03     293.000     292.961     293.000     292.929     292.927     292.962     292.962     292.963     292.963     292.999
 1.52100E-03     293.000     292.961     293.000     292.929     292.927     292.961     292.962     292.962     292.963     292.999
 1.54100E-03     293.000     292.960     293.000     292.922     292.919     292.960     292.961     292.961     292.962     292.999
 1.56100E-03     293.000     292.959     293.000     292.918     292.914     292.959     292.960     292.960     292.961     292.999
 1.58100E-03     293.000     292.958     293.000     292.917     292.914     292.959     292.959     292.960     292.960     292.999
 1.60100E-03     293.000     292.958     293.000     292.917     292.914     292.958     292.959     292.959     292.960     292.998
 1.62100E-03     293.000     292.957     293.000     292.917     292.914     292.958     292.958     292.959     292.959     292.998
 1.64100E-03     293.000     292.957     293.000     292.917     292.914     292.957     292.958     292.958     292.959     292.998
 1.66100E-03     293.000     292.956     293.000     292.917     292.914     292.956     292.957     292.958     292.958     292.998
 1.68100E-03     293.000     292.956     293.000     292.918     292.915     292.956     292.957     292.957     292.958     292.998
 1.70100E-03     293.000     292.955     293.000     292.918     292.915     292.955     292.956     292.957     292.957     292.998
 1.72100E-03     293.000     292.955     293.000     292.918     292.916     292.955     292.956     292.957     292.957     292.998
 1.74100E-03     293.000     292.954     293.000     292.919     292.916     292.954     292.955     292.956     292.956     292.998
 1.76100E-03     293.000     292.954     293.000     292.919     292.917     292.954     292.955     292.956     292.956     292.998
 1.78100E-03     293.000     292.953     293.000     292.919     292.917     292.954     292.954     292.955     292.955     292.998
 1.80100E-03     293.000     292.953     293.000     292.919     292.918     292.953     292.954     292.955     292.955     292.998
 1.82100E-03     293.000     292.952     293.000     292.920     292.918     292.952     292.953     292.954     292.954     292.998
 1.84100E-03     293.000     292.952     293.000     292.919     292.918     292.952     292.953     292.954     292.954     292.998
 1.86100E-03     293.000     292.951     293.000     292.919     292.917     292.951     292.952     292.953     292.953     292.998
 1.88100E-03     293.000     292.951     293.000     292.919     292.917     292.951     292.952     292.953     292.953     292.998
 1.90100E-03     293.000     292.950     293.000     292.918     292.917     292.950     292.951     292.952     292.952     292.998
 1.92100E-03     293.000     292.949     293.000     292.918     292.916     292.950     292.951     292.952     292.952     292.998
 1.94100E-03     293.000     292.949     293.000     292.917     292.916     292.949     292.950     292.951     292.951     292.998
 1.96100E-03     293.000     292.948     293.000     292.917     292.916     292.949     292.950     292.951     292.951     292.998
 1.98100E-03     293.000     292.948     293.000     292.917     292.916     292.948     292.949     292.950     292.951     292.998
 2.00100E-03     293.000     292.947     293.000     292.917     292.916     292.948     292.949     292.950     292.950     292.998
 2.02100E-03     293.000     292.947     293.000     292.917     292.915     292.947     292.948     292.949     292.950     292.998
 2.04100E-03     293.000     292.947     293.000     292.916     292.915     292.947     292.948     292.949     292.949     292.998
 2.06100E-03     293.000     292.946     293.000     292.916     292.915     292.946     292.947     292.948     292.949     292.998
 2.08100E-03     293.000     292.946     293.000     292.916     292.915     292.946     292.947     292.948     292.948     292.998
 2.10100E-03     293.000     292.945     293.000     292.915     292.915     292.946     292.946     292.948     292.948     292.998
 2.12100E-03     293.000     292.945     293.000     292.915     292.914     292.945     292.946     292.947     292.948     292.998
 2.14100E-03     293.000     292.944     293.000     292.915     292.914     292.945     292.946     292.947     292.947     292.998
 2.16100E-03     293.000     292.944     293.000     292.914     292.913     292.944     292.945     292.946     292.947     292.998
 2.18100E-03     293.000     292.943     293.000     292.914     292.913     292.944     292.945     292.946     292.946     292.998
 2.20100E-03     293.000     292.943     293.000     292.914     292.913     292.943     292.944     292.945     292.946     292.998
 2.22100E-03     293.000     292.942     293.000     292.913     292.912     292.943     292.944     292.945     292.945     292.998
 2.24100E-03     293.000     292.942     293.000     292.913     292.912     292.942     292.943     292.945     292.945     292.998
 2.26100E-03     293.000     292.942     293.000     292.913     292.912     292.942     292.943     292.944     292.945     292.998
 2.28100E-03     293.000     292.941     293.000     292.913     292.913     292.942     292.943     292.944     292.944     292.998
 2.30100E-03     293.000     292.941     293.000     292.913     292.912     292.941     292.942     292.943     292.944     292.998
 2.32100E-03     293.000     292.940     293.000     292.912     292.912     292.941     292.942     292.943     292.943     292.998
 2.34100E-03     293.000     292.940     293.000     292.912     292.911     292.940     292.941     292.943     292.943     292.998
 2.36100E-03     293.000     292.939     293.000     292.911     292.911     292.940     292.941     292.942     292.942     292.998
 2.38100E-03     293.000     292.939     293.000     292.911     292.911     292.939     292.940     292.942     292.942     292.998
 2.40100E-03     293.000     292.939     293.000     292.911     292.911     292.939     292.940     292.941     292.942     292.998
 2.42100E-03     293.000     292.938     293.000     292.912     292.912     292.939     292.940     292.941     292.941     292.998
 2.44100E-03     293.000     292.938     293.000     292.912     292.912     292.938     292.939     292.941     292.941     292.998
 2.46100E-03     293.000     292.937     293.000     292.911     292.911     292.938     292.939     292.940     292.941     292.998
 2.48100E-03     293.000     292.934     293.000     292.890     292.889     292.934     292.935     292.937     292.937     292.997
 2.50100E-03     293.000     292.933     293.000     292.891     292.890     292.934     292.935     292.937     292.937     292.997
 2.52100E-03     293.000     292.933     293.000     292.893     292.891     292.934     292.935     292.936     292.937     292.997
 2.54100E-03     293.000     292.933     293.000     292.894     292.892     292.933     292.935     292.936     292.937     292.997
 2.56100E-03     293.000     292.932     293.000     292.894     292.893     292.933     292.934     292.936     292.936     292.997
 2.58100E-03     293.000     292.932     293.000     292.895     292.893     292.933     292.934     292.935     292.936     292.997
 2.60100E-03     293.000     292.932     293.000     292.896     292.894     292.932     292.934     292.935     292.936     292.997
 2.62100E-03     293.000     292.931     293.000     292.896     292.895     292.932     292.933     292.935     292.935     292.997
 2.64100E-03     293.000     292.931     293.000     292.897     292.896     292.931     292.933     292.934     292.935     292.997
 2.66100E-03     293.000     292.930     293.000     292.898     292.897     292.931     292.932     292.934     292.934     292.997
 2.68100E-03     293.000     292.930     293.000     292.899     292.899     292.930     292.932     292.934     292.934     292.997
 2.70100E-03     293.000     292.930     293.000     292.900     292.900     292.930     292.931     292.933     292.934     292.997
 2.72100E-03     293.000     292.929     293.000     292.901     292.901     292.930     292.931     292.933     292.933     292.997
 2.74100E-03     293.000     292.929     293.000     292.902     292.903     292.929     292.931     292.932     292.933     292.997
 2.76100E-03     293.000     292.928     293.000     292.903     292.904     292.928     292.930     292.932     292.932     292.997
 2.78100E-03     293.000     292.928     293.000     292.904     292.905     292.928     292.930     292.931     292.932     292.997
 2.80100E-03     293.000     292.928     293.000     292.906     292.908     292.928     292.929     292.931     292.931     292.996
 2.82100E-03     293.000     292.927     293.000     292.908     292.910     292.927     292.929     292.930     292.931     292.996
 2.84100E-03     293.000     292.927     293.000     292.909     292.911     292.927     292.928     292.930     292.931     292.996
 2.86100E-03     293.000     292.926     293.000     292.911     292.913     292.926     292.928     292.929     292.930     292.996
 2.88100E-03     293.000     292.926     293.000     292.912     292.915     292.926     292.927     292.929     292.930     292.996
 2.90100E-03     293.000     292.926     293.000     292.914     292.917     292.925     292.927     292.929     292.929     292.996
 2.92100E-03     293.000     292.925     293.000     292.916     292.919     292.925     292.927     292.928     292.929     292.996
 2.94100E-03     293.000     292.925     293.000     292.918     292.922     292.924     292.926     292.928     292.928     292.996
 2.96100E-03     293.000     292.925     293.000     292.920     292.925     292.924     292.926     292.927     292.928     292.996
 2.98100E-03     293.000     292.925     293.000     292.923     292.928     292.923     292.925     292.927     292.928     292.996
 3.00100E-03     293.000     292.924     293.000     292.927     292.932     292.923     292.925     292.926     292.927     292.996
 3.02100E-03     293.000     292.924     293.000     292.930     292.936     292.923     292.924     292.926     292.927     292.996
 3.04100E-03     293.000     292.924     293.000     292.934     292.940     292.922     292.924     292.926     292.926     292.996
 3.06100E-03     293.000     292.924     293.000     292.938     292.945     292.922     292.923     292.925     292.926     292.996
 3.08100E-03     293.000     292.924     293.000     292.942     292.950     292.921     292.923     292.925     292.926     292.996
 3.10100E-03     293.000     292.924     293.000     292.947     292.955     292.921     292.923     292.924     292.925     292.996
 3.12100E-03     293.000     292.924     293.000     292.952     292.960     292.921     292.922     292.924     292.925     292.996
 3.14100E-03     293.000     292.924     293.000     292.957     292.967     292.920     292.922     292.924     292.924     292.996
 3.16100E-03     293.000     292.924     293.000     292.963     292.974     292.920     292.921     292.923     292.924     292.996
 3.18100E-03     293.000     292.925     293.000     292.970     292.981     292.920     292.921     292.923     292.924     292.996
 3.20100E-03     293.000     292.925     293.000     292.978     292.990     292.919     292.921     292.922     292.923     292.996
 3.22100E-03     293.000     292.925     293.000     292.987     293.000     292.919     292.920     292.922     292.923     292.996
 3.24100E-03     293.000     292.926     293.000     292.996     293.010     292.919     292.920     292.922     292.923     292.996
 3.26100E-03     293.000     292.926     293.000     293.007     293.022     292.918     292.919     292.921     292.922     292.996
 3.28100E-03     293.000     292.927     293.000     293.018     293.035     292.918     292.919     292.921     292.922     292.996
 3.30100E-03     293.000     292.928     293.000     293.030     293.048     292.918     292.919     292.921     292.922     292.996
 3.32100E-03     293.000     292.928     293.000     293.043     293.062     292.918     292.918     292.920     292.921     292.996
 3.34100E-03     293.000     292.929     293.000     293.057     293.078     292.917     292.918     292.920     292.921     292.996
 3.36100E-03     293.000     292.931     293.000     293.074     293.097     292.917     292.918     292.919     292.921     292.996
 3.38100E-03     293.000     292.932     293.000     293.092     293.116     292.917     292.917     292.919     292.920     292.996
 3.40100E-03     293.000     292.933     293.001     293.112     293.139     292.917     292.917     292.919     292.920     292.996
 3.42100E-03     293.000     292.935     293.001     293.133     293.162     292.917     292.917     292.919     292.920     292.996
 3.44100E-03     293.000     292.937     293.001     293.155     293.186     292.917     292.916     292.918     292.919     292.996
 3.46100E-03     293.000     292.939     293.001     293.180     293.213     292.917     292.916     292.918     292.919     292.996
 3.48100E-03     293.000     292.941     293.001     293.205     293.241     292.917     292.916     292.918     292.919     292.996
 3.50099E-03     293.000     292.944     293.001     293.233     293.271     292.917     292.915     292.917     292.918     292.996
 3.52099E-03     293.000     292.947     293.001     293.262     293.303     292.917     292.915     292.917     292.918     292.996
 3.54099E-03     293.000     292.948     293.001     293.283     293.327     292.915     292.913     292.915     292.916     292.995
 3.56099E-03     293.001     292.951     293.001     293.317     293.363     292.916     292.913     292.915     292.916     292.995
 3.58099E-03     293.001     292.955     293.001     293.353     293.402     292.916     292.913     292.915     292.916     292.994
 3.60099E-03     293.001     292.959     293.001     293.391     293.444     292.916     292.912     292.915     292.916     292.994
 3.62099E-03     293.001     292.964     293.001     293.433     293.489     292.916     292.912     292.914     292.915     292.995
 3.64099E-03     293.001     292.969     293.001     293.477     293.536     292.917     292.912     292.914     292.915     292.994
 3.66099E-03     293.001     292.974     293.001     293.523     293.587     292.917     292.911     292.914     292.915     292.995
 3.68099E-03     293.001     292.980     293.001     293.572     293.640     292.918     292.911     292.913     292.915     292.995
 3.70099E-03     293.001     292.986     293.001     293.625     293.697     292.918     292.911     292.913     292.914     292.995
 3.72099E-03     293.001     292.993     293.001     293.680     293.756     292.919     292.911     292.913     292.914     292.995
 3.74099E-03     293.001     293.000     293.001     293.738     293.819     292.920     292.910     292.913     292.914     292.995
 3.76099E-03     293.001     293.008     293.001     293.800     293.886     292.920     292.910     292.912     292.913     292.995
 3.78099E-03     293.001     293.017     293.002     293.866     293.957     292.921     292.910     292.912     292.913     292.995
 3.80099E-03     293.001     293.026     293.002     293.936     294.031     292.922     292.910     292.912     292.913     292.995
 3.82099E-03     293.001     293.036     293.002     294.011     294.112     292.923     292.909     292.911     292.913     292.995
 3.84099E-03     293.001     293.047     293.002     294.091     294.197     292.925     292.909     292.911     292.912     292.995
 3.86099E-03     293.001     293.059     293.002     294.177     294.289     292.926     292.909     292.911     292.912     292.995
 3.88099E-03     293.002     293.071     293.002     294.270     294.387     292.928     292.908     292.911     292.912     292.995
 3.90099E-03     293.002     293.085     293.002     294.370     294.493     292.929     292.908     292.910     292.912     292.995
 3.92099E-03     293.002     293.099     293.003     294.479     294.607     292.931     292.908     292.910     292.911     292.995
 3.94099E-03     293.002     293.114     293.003     294.597     294.731     292.933     292.908     292.910     292.911     292.995
 3.96099E-03     293.002     293.131     293.003     294.726     294.866     292.935     292.907     292.910     292.911     292.995
 3.98099E-03     293.003     293.149     293.003     294.866     295.011     292.938     292.907     292.909     292.910     292.995
 4.00099E-03     293.003     293.174     293.003     295.072     295.222     292.941     292.907     292.909     292.910     292.995
 4.02099E-03     293.004     293.195     293.004     295.243     295.399     292.943     292.906     292.909     292.910     292.995
 4.04099E-03     293.004     293.218     293.004     295.430     295.591     292.947     292.906     292.909     292.910     292.995
 4.06099E-03     293.005     293.242     293.004     295.633     295.799     292.950     292.906     292.908     292.910     292.996
 4.08099E-03     293.005     293.268     293.004     295.852     296.024     292.954     292.906     292.908     292.909     292.996
 4.10099E-03     293.006     293.296     293.005     296.090     296.266     292.958     292.905     292.908     292.909     292.996
 4.12099E-03     293.007     293.326     293.005     296.346     296.527     292.962     292.905     292.907     292.909     292.996
 4.14099E-03     293.008     293.359     293.006     296.622     296.807     292.966     292.905     292.907     292.909     292.996
 4.16100E-03     293.009     293.394     293.006     296.918     297.108     292.971     292.905     292.907     292.908     292.996
 4.18100E-03     293.011     293.432     293.006     297.234     297.429     292.977     292.904     292.907     292.908     292.997
 4.20100E-03     293.012     293.476     293.007     297.599     297.797     292.986     292.904     292.906     292.908     292.997
 4.22100E-03     293.014     293.521     293.007     297.960     298.161     292.992     292.904     292.906     292.908     292.997
 4.24100E-03     293.016     293.569     293.008     298.341     298.547     292.999     292.904     292.906     292.907     292.997
 4.26100E-03     293.019     293.620     293.008     298.745     298.954     293.007     292.903     292.906     292.907     292.997
 4.28100E-03     293.021     293.676     293.009     299.171     299.384     293.015     292.903     292.905     292.907     292.998
 4.30100E-03     293.024     293.736     293.010     299.619     299.835     293.024     292.903     292.905     292.907     292.998
 4.32100E-03     293.027     293.801     293.010     300.089     300.308     293.033     292.903     292.905     292.906     292.998
 4.34100E-03     293.030     293.871     293.011     300.581     300.803     293.044     292.902     292.905     292.906     292.998
 4.36100E-03     293.034     293.945     293.012     301.095     301.319     293.055     292.902     292.904     292.906     292.999
 4.38100E-03     293.038     294.025     293.012     301.631     301.858     293.067     292.902     292.904     292.906     292.999
 4.40100E-03     293.044     294.135     293.013     302.344     302.566     293.082     292.902     292.904     292.906     293.000
 4.42100E-03     293.049     294.228     293.014     302.928     303.151     293.096     292.902     292.904     292.905     293.000
 4.44100E-03     293.055     294.328     293.015     303.531     303.756     293.111     292.901     292.903     292.905     293.000
 4.46100E-03     293.061     294.435     293.017     304.155     304.380     293.128     292.901     292.903     292.905     293.001
 4.48100E-03     293.067     294.549     293.018     304.798     305.024     293.145     292.901     292.903     292.905     293.001
 4.50100E-03     293.074     294.670     293.019     305.460     305.686     293.164     292.901     292.903     292.904     293.002
 4.52100E-03     293.082     294.799     293.021     306.140     306.366     293.185     292.901     292.903     292.904     293.002
 4.54100E-03     293.090     294.935     293.023     306.837     307.064     293.207     292.901     292.902     292.904     293.003
 4.56100E-03     293.099     295.080     293.025     307.552     307.778     293.230     292.900     292.902     292.904     293.004
 4.58100E-03     293.108     295.232     293.029     308.282     308.508     293.255     292.900     292.902     292.904     293.004
 4.60100E-03     293.118     295.393     293.033     309.029     309.253     293.282     292.900     292.902     292.904     293.005
 4.62100E-03     293.129     295.563     293.039     309.791     310.014     293.311     292.900     292.902     292.903     293.006
 4.64100E-03     293.141     295.742     293.048     310.567     310.788     293.342     292.900     292.901     292.903     293.007
 4.66100E-03     293.153     295.930     293.059     311.357     311.576     293.375     292.900     292.901     292.903     293.008
 4.68100E-03     293.166     296.127     293.073     312.160     312.376     293.410     292.900     292.901     292.903     293.008
 4.70100E-03     293.179     296.334     293.092     312.975     313.188     293.447     292.900     292.901     292.902     293.009
 4.72100E-03     293.194     296.549     293.116     313.794     314.003     293.486     292.899     292.900     292.902     293.009
 4.74100E-03     293.209     296.774     293.147     314.631     314.834     293.527     292.898     292.899     292.901     293.009
 4.76100E-03     293.225     297.010     293.185     315.504     315.696     293.571     292.898     292.899     292.900     293.009
 4.78100E-03     293.242     297.255     293.231     316.427     316.602     293.618     292.898     292.898     292.900     293.010
 4.80100E-03     293.262     297.511     293.287     317.432     317.575     293.668     292.898     292.898     292.900     293.012
 4.82100E-03     293.281     297.777     293.353     318.559     318.647     293.721     292.898     292.898     292.899     293.013
 4.84100E-03     293.300     298.053     293.431     319.853     319.855     293.777     292.898     292.898     292.899     293.014
 4.86100E-03     293.321     298.341     293.522     321.362     321.236     293.836     292.898     292.897     292.899     293.016
 4.88100E-03     293.343     298.641     293.627     323.128     322.827     293.898     292.897     292.897     292.899     293.017
 4.90100E-03     293.365     298.953     293.746     325.189     324.656     293.963     292.898     292.897     292.898     293.019
 4.92100E-03     293.389     299.279     293.881     327.570     326.746     294.031     292.898     292.896     292.898     293.020
 4.94100E-03     293.414     299.621     294.033     330.286     329.112     294.103     292.898     292.896     292.898     293.022
 4.96100E-03     293.439     299.980     294.202     333.339     331.757     294.179     292.898     292.896     292.897     293.024
 4.98100E-03     293.466     300.360     294.390     336.723     334.678     294.259     292.898     292.896     292.897     293.025
 5.00100E-03     293.497     300.762     294.596     340.422     337.866     294.342     292.898     292.895     292.897     293.027
 5.02100E-03     293.525     301.190     294.821     344.405     341.299     294.430     292.898     292.895     292.897     293.029
 5.04100E-03     293.556     301.647     295.066     348.647     344.958     294.523     292.898     292.895     292.896     293.031
 5.06100E-03     293.586     302.137     295.331     353.114     348.817     294.620     292.898     292.894     292.896     293.033
 5.08100E-03     293.619     302.663     295.615     357.770     352.848     294.722     292.899     292.894     292.896     293.035
 5.10100E-03     293.652     303.229     295.920     362.580     357.025     294.830     292.899     292.894     292.895     293.038
 5.12100E-03     293.686     303.839     296.245     367.509     361.319     294.945     292.899     292.893     292.895     293.040
 5.14100E-03     293.722     304.495     296.590     372.525     365.703     295.066     292.900     292.893     292.895     293.043
 5.16100E-03     293.758     305.200     296.956     377.593     370.148     295.194     292.900     292.893     292.895     293.045
 5.18100E-03     293.796     305.959     297.341     382.689     374.634     295.330     292.901     292.893     292.894     293.048
 5.20100E-03     293.838     306.861     297.825     388.397     379.624     295.491     292.902     292.892     292.894     293.051
 5.22100E-03     293.878     307.738     298.254     393.470     384.127     295.647     292.902     292.892     292.894     293.054
 5.24100E-03     293.920     308.675     298.703     398.504     388.611     295.812     292.903     292.892     292.893     293.057
 5.26100E-03     293.963     309.672     299.170     403.484     393.062     295.988     292.904     292.891     292.893     293.060
 5.28100E-03     294.007     310.731     299.655     408.396     397.469     296.177     292.905     292.891     292.893     293.063
 5.30100E-03     294.053     311.852     300.159     413.231     401.821     296.378     292.905     292.891     292.893     293.066
 5.32100E-03     294.101     313.036     300.680     417.980     406.110     296.592     292.906     292.891     292.892     293.070
 5.34100E-03     294.152     314.282     301.217     422.636     410.328     296.821     292.908     292.890     292.892     293.074
 5.36100E-03     294.205     315.589     301.771     427.194     414.471     297.066     292.909     292.890     292.892     293.077
 5.38100E-03     294.261     316.958     302.341     431.649     418.533     297.326     292.910     292.890     292.892     293.081
 5.40100E-03     294.335     318.805     303.151     437.245     423.475     297.689     292.912     292.890     292.891     293.086
 5.42100E-03     294.401     320.310     303.757     441.458     427.343     297.990     292.913     292.889     292.891     293.090
 5.44100E-03     294.473     321.872     304.377     445.566     431.124     298.308     292.915     292.889     292.891     293.094
 5.46101E-03     294.551     323.490     305.010     449.569     434.816     298.647     292.917     292.889     292.891     293.099
 5.48101E-03     294.636     325.160     305.655     453.470     438.421     299.004     292.919     292.889     292.890     293.104
 5.50101E-03     294.729     326.883     306.313     457.268     441.938     299.383     292.921     292.888     292.890     293.109
 5.52101E-03     294.832     328.654     306.982     460.968     445.371     299.782     292.923     292.888     292.890     293.113
 5.54101E-03     294.944     330.473     307.661     464.572     448.718     300.202     292.925     292.888     292.890     293.119
 5.56101E-03     295.068     332.337     308.351     468.080     451.981     300.644     292.927     292.887     292.889     293.124
 5.58101E-03     295.203     334.244     309.050     471.496     455.163     301.108     292.930     292.887     292.889     293.130
 5.60101E-03     295.375     336.594     309.971     475.496     458.767     301.695     292.933     292.887     292.889     293.136
 5.62101E-03     296.009     338.589     310.691     478.721     461.785     302.208     292.936     292.887     292.889     293.142
 5.64101E-03     329.395     340.621     311.418     481.860     464.725     302.743     292.940     292.886     292.889     293.148
 5.66101E-03     457.473     342.686     312.153     484.913     467.592     303.301     292.943     292.886     292.888     293.154
 5.68101E-03     502.496     344.782     312.894     487.881     470.385     303.881     292.947     292.886     292.888     293.161
 5.70101E-03     530.957     346.908     313.641     490.765     473.105     304.484     292.950     292.886     292.888     293.168
 5.72101E-03     558.395     349.061     314.393     493.567     475.754     305.109     292.954     292.886     292.888     293.175
 5.74101E-03     584.691     351.239     315.151     496.286     478.333     305.756     292.959     292.885     292.887     293.182
 5.76101E-03     609.720     353.440     315.913     498.923     480.840     306.426     292.964     292.885     292.887     293.190
 5.78101E-03     633.425     355.662     316.678     501.477     483.273     307.117     292.968     292.885     292.887     293.197
 5.80101E-03     678.195     358.237     317.582     504.434     486.003     307.928     292.976     292.885     292.887     293.206
 5.82101E-03     700.534     360.502     318.356     506.829     488.303     308.665     292.982     292.884     292.887     293.214
 5.84101E-03     721.863     362.783     319.133     509.152     490.539     309.423     292.988     292.884     292.886     293.222
 5.86101E-03     742.111     365.077     319.912     511.404     492.712     310.201     292.995     292.884     292.886     293.231
 5.88101E-03     761.233     367.384     320.693     513.581     494.815     311.000     293.002     292.884     292.886     293.240
 5.90101E-03     779.233     369.701     321.474     515.691     496.859     311.818     293.009     292.883     292.886     293.249
 5.92101E-03     796.156     372.026     322.257     517.741     498.851     312.655     293.017     292.883     292.885     293.259
 5.94101E-03     812.060     374.359     323.040     519.725     500.781     313.511     293.025     292.883     292.885     293.268
 5.96101E-03     827.027     376.697     323.824     521.651     502.660     314.386     293.034     292.882     292.885     293.278
 5.98101E-03     841.147     379.040     324.607     523.529     504.493     315.278     293.043     292.882     292.885     293.289
 6.00101E-03     854.506     381.386     325.400     525.638     506.484     316.187     293.053     292.882     292.884     293.299
 6.02101E-03     867.186     384.341     326.188     533.675     512.737     317.113     293.063     292.882     292.884     293.310
 6.04101E-03     879.241     425.226     326.973     607.015     566.548     318.054     293.072     292.880     292.882     293.320
 6.06101E-03     890.713     538.677     327.756     772.366     687.463     319.018     293.084     292.880     292.882     293.332
 6.08101E-03     901.636     579.134     328.536     882.067     760.545     320.004     293.097     292.880     292.882     293.344
 6.10101E-03     912.034     613.682     329.314     965.513     813.147     321.018     293.110     292.879     292.882     293.356
 6.12101E-03     921.925     647.741     330.090    1029.217     852.160     322.067     293.124     292.879     292.882     293.369
 6.14101E-03     931.323     680.619     330.862    1076.784     881.100     323.160     293.138     292.879     292.882     293.382
 6.16101E-03     940.231     711.902     331.632    1111.789     902.627     324.310     293.154     292.879     292.881     293.395
 6.18101E-03     948.653     741.374     332.398    1137.225     918.691     325.531     293.170     292.879     292.881     293.409
 6.20101E-03     956.234     768.929     333.206    1155.541     930.638     326.841     293.187     292.878     292.881     293.423
 6.22101E-03     963.607     794.596     333.965    1168.849     939.596     328.253     293.205     292.878     292.881     293.438
 6.24101E-03     970.415     818.402     334.720    1178.290     946.218     329.787     293.224     292.878     292.881     293.452
 6.26101E-03     976.614     840.422     335.472    1184.786     951.042     331.459     293.243     292.878     292.880     293.467
 6.28101E-03     982.178     860.748     336.219    1189.177     954.474     333.283     293.264     292.877     292.880     293.483
 6.30101E-03     987.092     879.483     336.963    1191.674     956.811     335.272     293.286     292.877     292.880     293.499
 6.32101E-03     991.353     896.733     337.701    1192.569     958.279     337.438     293.309     292.877     292.880     293.516
 6.34101E-03     994.971     912.609     338.436    1192.496     959.055     339.787     293.333     292.876     292.879     293.532
 6.36101E-03     997.960     927.221     339.165    1191.378     959.275     342.325     293.358     292.876     292.879     293.550
 6.38101E-03    1000.348     940.677     339.890    1189.499     959.054     345.053     293.384     292.876     292.879     293.567
 6.40101E-03    1002.064     953.072     340.643    1187.198     958.480     347.975     293.412     292.876     292.878     293.585
 6.42101E-03    1003.383     964.534     343.212    1184.616     957.628     351.082     293.441     292.875     292.878     293.604
 6.44101E-03    1004.236     975.150     401.486    1181.724     956.544     354.372     293.471     292.875     292.878     293.623
 6.46101E-03    1004.660     985.018     504.331    1178.434     955.273     357.840     293.503     292.875     292.878     293.642
 6.48101E-03    1004.689     994.238     542.605    1174.838     953.854     361.476     293.536     292.874     292.877     293.662
 6.50101E-03    1004.358    1002.912     576.967    1171.047     952.319     365.272     293.570     292.874     292.877     293.683
 6.52101E-03    1003.696    1011.119     610.499    1167.164     950.695     369.218     293.606     292.874     292.877     293.703
 6.54101E-03    1002.732    1018.919     642.484    1163.163     948.998     373.304     293.644     292.874     292.877     293.725
 6.56101E-03    1001.492    1026.360     672.545    1159.022     947.246     377.518     293.683     292.874     292.876     293.747
 6.58101E-03    1000.000    1033.477     700.521    1154.830     945.454     381.849     293.725     292.873     292.876     293.769
 6.60101E-03     998.466    1040.917     727.384    1150.771     943.638     386.325     293.773     292.873     292.876     293.792
 6.62101E-03     996.522    1047.491     751.302    1146.642     941.800     390.859     293.818     292.873     292.876     293.815
 6.64101E-03     994.391    1053.823     773.307    1142.508     939.954     395.478     293.866     292.873     292.876     293.839
 6.66101E-03     992.086    1059.921     793.534    1138.399     938.108     400.170     293.915     292.872     292.875     293.863
 6.68101E-03     989.622    1065.791     812.136    1134.326     936.266     404.925     293.967     292.872     292.875     293.888
 6.70101E-03     987.014    1071.437     829.264    1130.295     934.434     409.734     294.022     292.872     292.875     293.914
 6.72101E-03     984.273    1076.861     845.069    1126.318     932.616     414.587     294.079     292.872     292.875     293.940
 6.74101E-03     981.411    1082.063     859.699    1122.396     930.814     419.474     294.139     292.871     292.874     293.966
 6.76101E-03     978.439    1087.047     873.296    1118.536     929.031     424.389     294.202     292.871     292.874     293.993
 6.78102E-03     975.368    1091.809     886.005    1114.736     927.266     429.322     294.268     292.871     292.874     294.021
 6.80102E-03     972.208    1096.348     897.947    1110.994     925.522     434.266     294.338     292.871     292.874     294.049
 6.82102E-03     968.966    1100.663     909.214    1107.310     923.800     439.216     294.411     292.871     292.874     294.078
 6.84102E-03     965.653    1104.749     919.874    1103.680     922.098     444.163     294.488     292.870     292.873     294.107
 6.86102E-03     962.276    1108.599     929.979    1100.095     920.417     449.103     294.569     292.870     292.873     294.137
 6.88102E-03     958.841    1112.209     939.566    1096.544     918.754     454.029     294.654     292.870     292.873     294.168
 6.90102E-03     955.356    1115.556     948.663    1093.021     917.108     458.937     294.744     292.870     292.873     294.199
 6.92102E-03     951.828    1118.599     957.288    1089.504     915.479     463.823     294.838     292.869     292.873     294.231
 6.94102E-03     948.261    1121.295     965.453    1085.965     913.863     468.681     294.937     292.869     292.872     294.263
 6.96102E-03     944.662    1123.615     973.162    1082.367     912.257     473.509     295.042     292.869     292.872     294.296
 6.98102E-03     941.035    1125.545     980.416    1078.686     910.659     478.302     295.151     292.869     292.872     294.329
 7.00102E-03     932.913    1132.201    1006.108    1077.694     908.714     485.567     295.307     292.869     292.872     294.366
 7.02102E-03     929.411    1133.878    1059.470    1075.273     907.127     490.288     295.429     292.868     292.872     294.401
 7.04102E-03     925.837    1135.116    1139.433    1072.432     905.552     494.964     295.558     292.868     292.871     294.437
 7.06102E-03     922.208    1135.929    1170.443    1069.223     903.982     499.593     295.692     292.868     292.871     294.473
 7.08102E-03     918.536    1136.339    1197.647    1065.728     902.410     504.172     295.834     292.868     292.871     294.510
 7.10102E-03     914.835    1136.384    1223.349    1062.060     900.840     508.700     295.982     292.868     292.871     294.547
 7.12102E-03     911.109    1136.087    1266.750    1058.230     899.249     513.176     296.136     292.868     292.871     294.586
 7.14102E-03     907.370    1135.483    1309.001    1054.322     897.646     517.598     296.298     292.867     292.871     294.625
 7.16102E-03     903.620    1134.598    1347.870    1050.349     896.022     521.964     296.467     292.867     292.870     294.664
 7.18102E-03     899.866    1133.457    1381.388    1046.340     894.375     526.274     296.643     292.867     292.870     294.705
 7.20102E-03     895.939    1132.095    1408.391    1042.350     892.719     530.526     296.827     292.867     292.870     294.746
 7.22102E-03     892.200    1130.536    1430.646    1038.366     891.045     534.721     297.018     292.867     292.870     294.788
 7.24102E-03     888.471    1128.798    1448.297    1034.399     889.352     538.856     297.216     292.866     292.869     294.830
 7.26102E-03     884.755    1126.901    1461.985    1030.457     887.643     542.932     297.423     292.866     292.869     294.873
 7.28102E-03     881.055    1124.862    1472.206    1026.547     885.918     546.947     297.638     292.866     292.869     294.917
 7.30102E-03     877.372    1122.696    1479.432    1022.667     884.178     550.902     297.860     292.866     292.869     294.962
 7.32102E-03     873.707    1120.413    1484.251    1018.814     882.420     554.796     298.091     292.866     292.868     295.007
 7.34102E-03     870.061    1118.029    1487.076    1015.002     880.653     558.628     298.330     292.865     292.868     295.054
 7.36102E-03     866.436    1115.551    1488.489    1011.269     878.906     562.398     298.577     292.865     292.868     295.101
 7.38102E-03     862.832    1112.999    1488.947    1008.434     877.784     566.488     298.832     292.865     292.868     295.149
 7.40102E-03     859.286    1112.449    1488.761    1018.437     886.260     695.215     299.096     292.864     292.867     295.197
 7.42102E-03     855.742    1164.625    1488.343    1105.232     954.872    1883.450     299.366     292.863     292.866     295.244
 7.44102E-03     852.224    1249.979    1487.783    1214.904    1038.223    2668.178     299.646     292.863     292.865     295.294
 7.46102E-03     848.733    1307.466    1487.062    1287.756    1085.461    2456.544     299.935     292.862     292.865     295.345
 7.48102E-03     845.269    1361.653    1486.172    1341.985    1120.383    2310.611     300.232     292.862     292.865     295.397
 7.50102E-03     841.834    1408.163    1485.116    1379.209    1146.313    2211.754     300.538     292.862     292.865     295.449
 7.52102E-03     838.427    1446.413    1483.872    1407.466    1165.342    2137.811     300.853     292.861     292.864     295.503
 7.54102E-03     835.051    1500.096    1482.423    1429.298    1179.104    2077.518     301.176     292.861     292.864     295.557
 7.56102E-03     831.703    1564.104    1480.800    1444.580    1188.848    2024.335     301.507     292.861     292.864     295.613
 7.58102E-03     828.386    1636.553    1478.985    1453.498    1195.525    1975.803     301.848     292.861     292.863     295.669
 7.60102E-03     824.890    1664.214    1479.494    1457.832    1199.823    1931.427     302.199     292.860     292.863     295.725
 7.62102E-03     821.641    1675.074    1478.440    1460.128    1202.388    1890.885     302.560     292.860     292.863     295.782
 7.64102E-03     818.424    1676.414    1477.023    1461.583    1203.575    1854.025     302.932     292.860     292.862     295.841
 7.66102E-03     815.239    1672.409    1475.200    1461.821    1203.673    1820.762     303.316     292.859     292.862     295.900
 7.68102E-03     812.084    1665.832    1472.923    1462.012    1202.932    1791.008     303.714     292.859     292.861     295.961
 7.70102E-03     808.961    1657.612    1470.101    1490.233    1201.540    1764.498     304.126     292.859     292.861     296.022
 7.72102E-03     805.869    1648.377    1466.674    1498.155    1199.665    1740.991     304.556     292.858     292.861     296.084
 7.74102E-03     802.807    1638.704    1462.237    1500.759    1197.433    1720.185     305.005     292.858     292.860     296.147
 7.76102E-03     799.776    1629.016    1456.672    1500.842    1194.937    1701.795     305.474     292.858     292.860     296.210
 7.78102E-03     796.807    1619.694    1449.189    1499.491    1192.241    1685.628     305.967     292.858     292.860     296.275
 7.80102E-03     799.583    1611.001    1455.667    1497.371    1189.385    1671.463     306.486     292.857     292.860     296.340
 7.82102E-03     871.780    1603.002    1442.639    1494.758    1186.416    1659.138     307.033     292.857     292.859     296.407
 7.84102E-03     972.306    1595.968    1430.384    1491.462    1183.359    1648.565     307.611     292.857     292.859     296.474
 7.86102E-03    1048.950    1590.084    1416.941    1486.159    1180.239    1639.694     308.222     292.857     292.859     296.543
 7.88102E-03    1119.033    1586.383    1403.539    1480.778    1177.082    1632.713     308.867     292.856     292.858     296.612
 7.90102E-03    1176.938    1585.129    1390.120    1475.769    1173.895    1627.545     309.551     292.856     292.858     296.682
 7.92102E-03    1223.007    1583.809    1376.786    1470.954    1170.686    1624.148     310.273     292.856     292.858     296.753
 7.94102E-03    1259.180    1582.501    1363.614    1466.241    1167.471    1622.642     311.036     292.856     292.857     296.825
 7.96102E-03    1287.197    1581.183    1350.648    1461.014    1164.259    1621.918     311.842     292.856     292.857     296.898
 7.98102E-03    1308.660    1579.840    1337.905    1454.924    1161.056    1621.045     312.691     292.855     292.857     296.972
 8.00102E-03    1322.172    1581.024    1289.651    1443.871    1157.245    1619.693     313.807     292.855     292.857     297.049
 8.02102E-03    1343.008    1564.541    1268.296    1437.537    1154.110    1618.196     314.759     292.855     292.856     297.125
 8.04102E-03    1354.100    1544.606    1250.709    1431.060    1151.036    1616.434     315.756     292.855     292.856     297.202
 8.06102E-03    1359.908    1534.962    1235.436    1424.661    1148.031    1614.467     316.800     292.855     292.856     297.279
 8.08102E-03    1363.121    1528.609    1221.705    1418.488    1145.092    1612.285     317.891     292.855     292.855     297.358
 8.10102E-03    1365.299    1522.868    1209.101    1412.357    1142.214    1609.883     319.028     292.855     292.855     297.437
 8.12102E-03    1367.900    1516.490    1197.369    1406.360    1139.393    1607.264     320.212     292.855     292.855     297.518
 8.14102E-03    1370.746    1508.278    1186.365    1400.425    1136.626    1604.475     321.441     292.855     292.855     297.599
 8.16103E-03    1373.098    1496.582    1175.948    1394.501    1133.903    1601.417     322.715     292.855     292.854     297.682
 8.18103E-03    1375.018    1486.310    1166.031    1388.566    1131.220    1598.076     324.032     292.854     292.854     297.765
 8.20103E-03    1410.916    1479.335    1147.459    1382.261    1128.160    1593.703     325.706     292.854     292.854     297.852
 8.22103E-03    1417.307    1471.108    1137.151    1376.397    1125.541    1588.992     327.119     292.854     292.854     297.937
 8.24103E-03    1422.004    1461.197    1128.048    1370.474    1122.948    1583.542     328.572     292.854     292.853     298.024
 8.26103E-03    1425.299    1451.666    1119.535    1364.470    1120.378    1575.822     330.064     292.855     292.853     298.111
 8.28103E-03    1427.404    1442.473    1111.397    1358.398    1117.826    1564.741     331.594     292.855     292.853     298.199
 8.30103E-03    1428.293    1432.986    1103.541    1352.242    1115.287    1547.022     333.159     292.855     292.853     298.288
 8.32103E-03    1428.171    1423.225    1095.906    1345.959    1112.756    1519.874     334.760     292.855     292.852     298.378
 8.34103E-03    1427.182    1413.198    1088.488    1339.524    1110.229    1492.245     336.394     292.855     292.852     298.469
 8.36103E-03    1424.680    1403.042    1081.271    1332.926    1107.702    1469.294     338.059     292.855     292.852     298.561
 8.38103E-03    1421.145    1392.652    1074.115    1326.117    1105.153    1449.248     339.755     292.855     292.852     298.655
 8.40103E-03    1370.520    1382.795    1065.310    1319.141    1102.442    1431.756     341.623     292.856     292.851     298.749
 8.42103E-03    1337.438    1373.295    1056.985    1312.337    1099.902    1415.912     343.377     292.856     292.851     298.844
 8.44103E-03    1312.611    1364.100    1049.382    1305.558    1097.350    1401.369     345.156     292.856     292.851     298.940
 8.46103E-03    1292.151    1355.166    1042.318    1298.818    1094.776    1387.848     346.960     292.856     292.851     299.037
 8.48103E-03    1274.429    1346.605    1035.724    1292.187    1092.196    1375.339     348.785     292.856     292.850     299.135
 8.50103E-03    1258.246    1338.230    1029.402    1285.614    1089.586    1363.454     350.632     292.856     292.850     299.234
 8.52103E-03    1243.309    1330.096    1023.327    1279.135    1086.955    1352.180     352.497     292.856     292.850     299.334
 8.54103E-03    1229.275    1322.249    1017.490    1272.779    1084.314    1341.511     354.381     292.857     292.849     299.435
 8.56103E-03    1216.003    1314.565    1011.797    1266.507    1081.647    1331.235     356.281     292.857     292.849     299.537
 8.58103E-03    1203.217    1307.047    1006.235    1260.324    1078.959    1321.321     358.197     292.857     292.849     299.640
 8.60103E-03    1190.965    1299.443    1000.672    1254.146    1076.221    1311.434     360.126     292.857     292.849     299.744
 8.62103E-03    1179.436    1292.128     995.283    1248.091    1073.482    1302.020     362.069     292.858     292.848     299.849
 8.64103E-03    1168.538    1285.053     990.044    1242.151    1070.740    1293.002     364.022     292.858     292.848     299.955
 8.66103E-03    1158.195    1278.165     984.924    1236.317    1067.993    1284.302     365.986     292.859     292.848     300.062
 8.68103E-03    1148.354    1271.423     979.898    1230.578    1065.241    1275.864     367.959     292.859     292.848     300.170
 8.70103E-03    1138.982    1264.857     974.979    1224.946    1062.491    1267.750     369.979     292.859     292.847     300.279
 8.72103E-03    1130.047    1258.573     970.222    1219.460    1059.759    1260.248     375.111     292.859     292.846     300.388
 8.74103E-03    1121.483    1252.504     965.587    1214.126    1057.064    1253.472     394.684     292.859     292.846     300.499
 8.76103E-03    1113.230    1246.499     960.990    1208.898    1054.399    1247.318     408.311     292.860     292.845     300.611
 8.78103E-03    1105.309    1240.689     956.489    1203.843    1051.810    1242.160     420.801     292.860     292.845     300.724
 8.80103E-03    1097.641    1235.065     952.113    1198.980    1049.323    1238.199     434.041     292.861     292.845     300.838
 8.82103E-03    1090.255    1229.604     947.742    1194.324    1046.973    1235.903     448.039     292.861     292.844     300.953
 8.84103E-03    1083.121    1224.463     943.479    1189.950    1044.804    1235.794     462.582     292.862     292.844     301.070
 8.86103E-03    1076.216    1219.614     939.282    1185.863    1042.827    1237.727     477.527     292.863     292.844     301.187
 8.88103E-03    1069.535    1215.097     935.146    1182.089    1041.059    1241.718     492.742     292.863     292.843     301.305
 8.90103E-03    1063.078    1210.912     931.047    1178.631    1039.498    1247.520     508.111     292.864     292.843     301.425
 8.92103E-03    1056.867    1207.101     926.991    1175.507    1038.147    1254.616     523.529     292.865     292.843     301.545
 8.94103E-03    1050.868    1203.711     922.997    1172.732    1037.000    1262.462     538.906     292.866     292.842     301.667
 8.96103E-03    1045.112    1200.697     919.030    1170.287    1036.041    1270.431     554.166     292.867     292.842     301.789
 8.98103E-03    1039.556    1198.102     915.124    1168.180    1035.261    1278.227     569.242     292.868     292.842     301.913
 9.00103E-03    1034.208    1195.881     911.276    1166.387    1034.641    1285.528     584.074     292.869     292.841     302.037
 9.02103E-03    1029.063    1194.035     907.449    1164.893    1034.170    1292.290     598.631     292.870     292.841     302.162
 9.04103E-03    1024.087    1192.528     903.680    1163.671    1033.831    1298.463     612.869     292.871     292.841     302.289
 9.06103E-03    1019.268    1191.320     899.970    1162.690    1033.606    1304.032     626.762     292.872     292.841     302.416
 9.08103E-03    1014.588    1190.369     896.321    1161.919    1033.480    1308.998     640.291     292.873     292.840     302.545
 9.10103E-03    1010.042    1189.636     892.731    1161.328    1033.438    1313.373     653.440     292.875     292.840     302.675
 9.12103E-03    1005.622    1189.080     889.197    1160.883    1033.466    1317.172     666.204     292.876     292.840     302.805
 9.14103E-03    1001.316    1188.669     885.723    1160.559    1033.550    1320.434     678.580     292.878     292.839     302.937
 9.16103E-03     997.135    1188.372     882.327    1160.328    1033.677    1323.178     690.569     292.879     292.839     303.070
 9.18103E-03     993.080    1188.159     879.020    1160.167    1033.837    1325.439     702.180     292.881     292.839     303.203
 9.20103E-03     988.907    1188.266     875.562    1160.277    1034.124    1328.115     726.772     292.883     292.839     303.340
 9.22103E-03     984.837    1188.161     872.240    1160.200    1034.321    1329.769     737.953     292.885     292.838     303.475
 9.24103E-03     980.840    1188.079     869.000    1160.137    1034.522    1331.025     749.095     292.887     292.838     303.612
 9.26103E-03     976.926    1188.005     865.860    1160.078    1034.719    1331.847     760.154     292.889     292.838     303.750
 9.28103E-03     973.113    1187.925     862.844    1160.009    1034.908    1332.207     771.088     292.891     292.837     303.888
 9.30103E-03     969.391    1187.826     859.948    1159.921    1035.083    1332.104     781.862     292.893     292.837     304.028
 9.32103E-03     965.756    1187.696     857.175    1159.804    1035.238    1331.589     792.445     292.895     292.837     304.169
 9.34103E-03     962.213    1187.524     854.531    1159.652    1035.372    1330.758     802.809     292.898     292.837     304.311
 9.36103E-03     958.744    1187.304     852.005    1159.458    1035.479    1329.673     812.933     292.900     292.836     304.453
 9.38103E-03     955.344    1187.027     849.593    1159.215    1035.558    1328.380     822.800     292.903     292.836     304.597
 9.40103E-03     952.017    1186.710     847.295    1158.937    1035.612    1326.955     837.090     292.906     292.836     304.742
 9.42103E-03     948.718    1186.313     845.075    1158.592    1035.629    1325.308     849.473     292.909     292.836     304.887
 9.44103E-03     945.468    1185.853     842.957    1158.192    1035.613    1323.458     862.177     292.912     292.835     305.034
 9.46104E-03     942.263    1185.327     840.950    1157.737    1035.562    1321.408     874.857     292.915     292.835     305.182
 9.48104E-03     939.101    1184.736     839.055    1157.226    1035.476    1319.178     887.274     292.919     292.835     305.331
 9.50104E-03     935.982    1184.080     837.275    1156.659    1035.355    1316.783     899.259     292.922     292.835     305.480
 9.52104E-03     932.904    1183.360     835.609    1156.036    1035.198    1314.231     910.703     292.926     292.835     305.631
 9.54104E-03     929.866    1182.574     834.052    1155.356    1035.007    1311.528     921.540     292.930     292.834     305.783
 9.56104E-03     926.868    1181.724     832.600    1154.620    1034.780    1308.682     931.730     292.934     292.834     305.935
 9.58104E-03     923.908    1180.809     831.244    1153.827    1034.517    1305.698     941.257     292.938     292.834     306.089
 9.60104E-03     920.764    1180.285     830.059    1153.353    1034.373    1302.770     967.146     292.943     292.834     306.247
 9.62104E-03     917.825    1179.177     828.838    1152.411    1034.026    1299.362     972.225     292.947     292.833     306.403
 9.64104E-03     914.978    1178.049     827.697    1151.426    1033.647    1295.967     977.021     292.952     292.833     306.559
 9.66104E-03     912.167    1176.866     826.611    1150.389    1033.234    1292.467     981.516     292.957     292.833     306.716
 9.68104E-03     909.402    1175.636     825.578    1149.304    1032.789    1288.892     985.698     292.962     292.833     306.875
 9.70104E-03     906.661    1174.346     824.584    1148.168    1032.311    1285.215     989.563     292.967     292.832     307.034
 9.72104E-03     903.944    1172.998     823.623    1146.982    1031.800    1281.451     993.111     292.973     292.832     307.194
 9.74104E-03     901.252    1171.593     822.689    1145.745    1031.255    1277.615     996.347     292.978     292.832     307.355
 9.76104E-03     898.586    1170.132     821.777    1144.459    1030.678    1273.720     999.277     292.984     292.832     307.517
 9.78104E-03     895.945    1168.618     820.881    1143.125    1030.068    1269.779    1001.911     292.991     292.831     307.680
 9.80104E-03     893.244    1167.031     820.058    1141.756    1029.425    1265.620    1007.098     293.002     292.831     307.844
 9.82104E-03     890.583    1165.338     819.146    1140.299    1028.742    1261.423    1009.515     293.009     292.831     308.009
 9.84104E-03     887.950    1163.601     818.236    1138.794    1028.027    1257.227    1011.738     293.016     292.831     308.175
 9.86104E-03     885.345    1161.819     817.325    1137.243    1027.280    1253.038    1013.744     293.024     292.830     308.342
 9.88104E-03     882.765    1159.996     816.412    1135.650    1026.501    1248.858    1015.613     293.031     292.830     308.509
 9.90104E-03     880.210    1158.127     815.496    1134.009    1025.685    1244.684    1040.507     293.039     292.830     308.677
 9.92104E-03     877.679    1156.217     814.575    1132.325    1024.833    1240.521    1368.773     293.047     292.828     308.846
 9.94104E-03     875.175    1154.286     813.650    1130.617    1023.965    1236.395    1699.975     293.056     292.828     309.016
 9.96104E-03     872.695    1152.320     812.717    1128.877    1023.068    1232.285    1920.788     293.065     292.828     309.188
 9.98104E-03     870.239    1150.325     811.776    1127.106    1022.144    1228.203    1946.960     293.075     292.827     309.360
 1.00010E-02     867.813    1148.297     810.869    1125.300    1021.187    1224.149    1848.080     293.085     292.827     309.532
 1.00210E-02     865.407    1146.251     809.909    1123.475    1020.210    1220.138    1822.396     293.095     292.827     309.706
 1.00410E-02     863.023    1144.183     808.939    1121.626    1019.210    1216.172    1807.889     293.106     292.827     309.881
 1.00610E-02     860.661    1142.096     807.958    1119.755    1018.186    1212.261    1789.006     293.118     292.826     310.057
 1.00810E-02     858.327    1140.000     806.969    1117.868    1017.142    1208.434    1768.969     293.130     292.826     310.234
 1.01010E-02     856.011    1137.883     805.966    1115.964    1016.077    1204.666    1742.476     293.142     292.826     310.411
 1.01210E-02     853.732    1135.776     804.959    1114.052    1014.996    1201.024    1720.489     293.155     292.825     310.590
 1.01410E-02     851.505    1133.698     803.955    1112.144    1013.905    1197.544    1700.949     293.169     292.825     310.769
 1.01610E-02     849.284    1131.597     802.935    1110.226    1012.797    1194.136    1683.390     293.183     292.825     310.949
 1.01810E-02     847.083    1129.491     801.904    1108.304    1011.676    1190.836    1668.422     293.197     292.824     311.130
 1.02010E-02     844.892    1127.373     800.931    1106.378    1010.544    1187.637    1655.648     293.213     292.824     311.312
 1.02210E-02     842.708    1125.240     799.874    1104.448    1009.401    1184.535    1645.561     293.229     292.824     311.495
 1.02410E-02     840.535    1123.100     798.802    1102.519    1008.252    1181.539    1637.488     293.246     292.824     311.678
 1.02610E-02     838.386    1120.976     797.722    1100.597    1007.098    1178.681    1630.944     293.263     292.823     311.863
 1.02810E-02     836.260    1118.869     796.635    1098.685    1005.944    1175.958    1626.174     293.281     292.823     312.048
 1.03010E-02     834.155    1116.782     795.540    1096.787    1004.790    1173.366    1622.355     293.300     292.823     312.234
 1.03210E-02     832.072    1114.717     794.439    1094.906    1003.639    1170.901    1620.497     293.320     292.822     312.421
 1.03410E-02     830.022    1112.694     793.336    1093.048    1002.494    1168.577    1618.938     293.340     292.822     312.609
 1.03610E-02     828.010    1110.721     792.237    1091.220    1001.360    1166.392    1617.270     293.362     292.822     312.797
 1.03810E-02     826.016    1108.771     791.131    1089.416    1000.233    1164.308    1615.502     293.384     292.822     312.987
 1.04010E-02     823.861    1106.829     790.058    1087.611     999.048    1162.327    1613.526     293.416     292.821     313.179
 1.04210E-02     821.907    1104.939     788.931    1085.865     997.947    1160.435    1611.506     293.440     292.821     313.370
 1.04410E-02     819.968    1103.078     787.795    1084.146     996.857    1158.626    1609.151     293.466     292.821     313.562
 1.04610E-02     818.048    1101.254     786.656    1082.457     995.781    1156.901    1606.562     293.492     292.820     313.754
 1.04810E-02     816.143    1099.459     785.512    1080.796     994.718    1155.245    1603.664     293.520     292.820     313.948
 1.05010E-02     814.251    1097.696     784.365    1079.165     993.668    1153.654    1600.607     293.549     292.820     314.142
 1.05210E-02     812.375    1095.965     783.217    1077.563     992.634    1152.120    1597.047     293.579     292.820     314.337
 1.05410E-02     810.513    1094.265     782.070    1075.991     991.615    1150.639    1593.399     293.611     292.819     314.532
 1.05610E-02     808.672    1092.602     780.926    1074.449     990.611    1149.210    1589.555     293.644     292.819     314.729
 1.05810E-02     806.845    1090.970     779.784    1072.935     989.623    1147.822    1586.338     293.678     292.819     314.926
 1.06010E-02     804.977    1089.376     778.707    1071.457     988.641    1146.709    1581.541     293.717     292.819     315.124
 1.06210E-02     803.177    1087.799     777.565    1069.998     987.684    1145.379    1576.746     293.754     292.818     315.323
 1.06410E-02     801.392    1086.252     776.424    1068.566     986.742    1144.078    1570.446     293.794     292.818     315.522
 1.06610E-02     799.622    1084.734     775.284    1067.159     985.815    1142.802    1561.624     293.835     292.818     315.723
 1.06810E-02     797.867    1083.243     774.145    1065.777     984.902    1141.546    1547.652     293.878     292.818     315.924
 1.07010E-02     796.127    1081.778     773.009    1064.419     984.004    1140.307    1536.049     293.923     292.818     316.125
 1.07210E-02     794.402    1080.339     771.875    1063.083     983.119    1139.082    1526.110     293.970     292.817     316.328
 1.07410E-02     792.669    1078.897     770.731    1061.762     982.244    1137.842    1514.766     294.020     292.817     316.531
 1.07610E-02     791.023    1077.552     769.633    1060.485     981.394    1136.682    1502.324     294.072     292.817     316.735
 1.07810E-02     789.380    1076.215     768.530    1059.225     980.553    1135.516    1490.400     294.127     292.816     316.940
 1.08010E-02     787.696    1074.856     767.438    1057.974     979.717    1134.419    1477.030     294.207     292.816     317.145
 1.08210E-02     786.060    1073.530     766.325    1056.739     978.892    1133.238    1463.712     294.269     292.816     317.351
 1.08410E-02     784.432    1072.219     765.209    1055.520     978.078    1132.051    1450.560     294.334     292.816     317.557
 1.08610E-02     782.812    1070.922     764.089    1054.316     977.273    1130.857    1437.844     294.402     292.815     317.765
 1.08810E-02     781.209    1069.646     762.974    1053.129     976.478    1129.663    1425.761     294.473     292.815     317.973
 1.09010E-02     779.624    1068.392     761.863    1051.958     975.693    1128.469    1414.298     294.548     292.815     318.182
 1.09210E-02     778.050    1067.151     760.755    1050.802     974.917    1127.269    1403.351     294.627     292.814     318.391
 1.09410E-02     776.494    1065.930     759.655    1049.659     974.150    1126.067    1392.981     294.709     292.814     318.602
 1.09610E-02     774.944    1064.714     758.554    1048.526     973.388    1124.851    1383.067     294.795     292.814     318.812
 1.09810E-02     773.405    1063.507     757.458    1047.401     972.630    1123.622    1373.595     294.885     292.813     319.024
 1.10010E-02     771.865    1062.288     756.390    1046.279     971.875    1122.356    1364.195     294.980     292.813     319.235
 1.10210E-02     770.323    1061.075     755.284    1045.166     971.129    1121.073    1355.103     295.080     292.812     319.448
 1.10410E-02     768.810    1059.888     754.193    1044.065     970.389    1119.799    1346.704     295.184     292.812     319.662
 1.10610E-02     767.316    1058.716     753.113    1042.972     969.655    1118.521    1338.846     295.293     292.812     319.876
 1.10810E-02     765.836    1057.551     752.038    1041.887     968.925    1117.230    1331.423     295.406     292.812     320.091
 1.11010E-02     764.370    1056.394     750.967    1040.809     968.199    1115.928    1324.533     295.525     292.812     320.306
 1.11210E-02     762.924    1055.250     749.908    1039.738     967.478    1114.622    1318.308     295.649     292.811     320.522
 1.11410E-02     761.484    1054.102     748.849    1038.670     966.758    1113.292    1312.618     295.779     292.811     320.739
 1.11610E-02     760.065    1052.967     747.800    1037.609     966.041    1111.960    1307.639     295.914     292.811     320.956
 1.11810E-02     758.653    1051.828     746.753    1036.549     965.325    1110.604    1303.219     296.055     292.810     321.174
 1.12010E-02     757.254    1050.687     745.734    1035.486     964.604    1109.231    1299.406     296.202     292.810     321.392
 1.12210E-02     755.870    1049.555     744.698    1034.433     963.891    1107.850    1296.143     296.357     292.810     321.611
 1.12410E-02     754.482    1048.402     743.653    1033.375     963.176    1106.421    1293.147     296.519     292.809     321.831
 1.12610E-02     753.110    1047.253     742.614    1032.318     962.462    1104.984    1290.608     296.689     292.809     322.051
 1.12810E-02     751.753    1046.108     741.583    1031.261     961.748    1103.538    1288.457     296.868     292.809     322.272
 1.13010E-02     750.419    1044.979     740.566    1030.208     961.034    1102.104    1286.643     297.057     292.808     322.494
 1.13210E-02     749.102    1043.854     739.557    1029.157     960.322    1100.666    1285.085     297.257     292.808     322.716
 1.13410E-02     747.800    1042.733     738.555    1028.108     959.608    1099.222    1283.725     297.469     292.808     322.938
 1.13610E-02     746.511    1041.612     737.559    1027.059     958.894    1097.769    1282.516     297.695     292.807     323.162
 1.13810E-02     745.237    1040.493     736.569    1026.012     958.180    1096.314    1281.423     297.935     292.807     323.385
 1.14010E-02     743.898    1039.432     735.572    1025.015     957.483    1094.883    1280.488     298.202     292.807     323.608
 1.14210E-02     742.650    1038.311     734.591    1023.966     956.765    1093.411    1279.533     298.478     292.807     323.832
 1.14411E-02     741.417    1037.192     733.616    1022.919     956.047    1091.940    1278.619     298.772     292.807     324.058
 1.14611E-02     740.195    1036.073     732.646    1021.871     955.327    1090.466    1277.725     299.088     292.806     324.284
 1.14811E-02     738.983    1034.954     731.678    1020.823     954.605    1088.990    1276.836     299.426     292.806     324.510
 1.15011E-02     737.783    1033.837     730.717    1019.776     953.882    1087.518    1275.942     299.788     292.806     324.737
 1.15211E-02     736.593    1032.720     729.759    1018.729     953.158    1086.046    1275.030     300.176     292.805     324.965
 1.15411E-02     735.412    1031.602     728.804    1017.681     952.432    1084.576    1274.090     300.591     292.805     325.193
 1.15611E-02     734.240    1030.484     727.854    1016.633     951.704    1083.107    1273.115     301.033     292.805     325.421
 1.15811E-02     733.078    1029.365     726.907    1015.585     950.975    1081.642    1272.100     301.505     292.805     325.650
 1.16011E-02     731.750    1028.356     725.892    1014.630     950.275    1080.244    1271.219     302.090     292.804     325.873
 1.16211E-02     730.608    1027.232     724.952    1013.578     949.541    1078.783    1270.107     302.629     292.804     326.103
 1.16411E-02     729.474    1026.109     724.016    1012.525     948.805    1077.328    1268.941     303.201     292.804     326.333
 1.16611E-02     728.348    1024.987     723.083    1011.474     948.068    1075.880    1267.715     303.805     292.803     326.564
 1.16811E-02     727.231    1023.865     722.154    1010.423     947.330    1074.438    1266.430     304.443     292.803     326.796
 1.17011E-02     726.122    1022.746     721.228    1009.373     946.592    1073.005    1265.082     305.115     292.803     327.027
 1.17211E-02     725.020    1021.624     720.304    1008.323     945.852    1071.575    1263.666     305.821     292.803     327.260
 1.17411E-02     723.914    1020.482     719.371    1007.269     945.109    1070.124    1262.130     306.562     292.803     327.492
 1.17611E-02     722.833    1019.370     718.458    1006.221     944.368    1068.720    1260.601     307.337     292.802     327.725
 1.17811E-02     721.763    1018.263     717.553    1005.177     943.628    1067.330    1259.020     308.147     292.802     327.959
 1.18011E-02     720.687    1017.161     716.640    1004.148     942.889    1065.936    1257.474     309.059     292.802     328.191
 1.18211E-02     719.622    1016.038     715.731    1003.101     942.145    1064.539    1255.710     309.941     292.802     328.426
 1.18411E-02     718.563    1014.914     714.822    1002.054     941.401    1063.146    1253.876     310.857     292.802     328.660
 1.18611E-02     717.512    1013.795     713.917    1001.009     940.656    1061.765    1251.990     311.806     292.802     328.895
 1.18811E-02     716.469    1012.678     713.014     999.967     939.912    1060.394    1250.046     312.788     292.801     329.131
 1.19011E-02     715.432    1011.556     712.113     998.918     939.160    1059.024    1248.031     313.837     292.801     329.367
 1.19211E-02     714.404    1010.437     711.215     997.870     938.407    1057.665    1245.964     315.228     292.800     329.603
 1.19411E-02     713.382    1009.331     710.320     996.835     937.665    1056.326    1243.855     316.880     292.800     329.840
 1.19611E-02     712.369    1008.230     709.429     995.803     936.923    1055.000    1241.698     318.811     292.800     330.077
 1.19811E-02     711.362    1007.135     708.541     994.774     936.183    1053.685    1239.492     321.135     292.800     330.315
 1.20011E-02     710.368    1006.040     707.665     993.745     935.440    1052.378    1237.235     323.947     292.799     330.552
 1.20211E-02     709.378    1004.953     706.784     992.724     934.701    1051.085    1234.937     327.318     292.799     330.791
 1.20411E-02     708.395    1003.870     705.908     991.706     933.964    1049.802    1232.597     331.308     292.799     331.030
 1.20611E-02     707.419    1002.793     705.036     990.691     933.228    1048.529    1230.218     335.950     292.799     331.269
 1.20811E-02     706.449    1001.720     704.168     989.681     932.494    1047.266    1227.806     341.254     292.799     331.508
 1.21011E-02     705.487    1000.651     703.304     988.674     931.761    1046.014    1225.365     347.208     292.799     331.748
 1.21211E-02     704.531     999.587     702.445     987.671     931.028    1044.770    1222.900     353.785     292.798     331.988
 1.21411E-02     703.583     998.528     701.590     986.672     930.298    1043.535    1220.417     360.945     292.798     332.229
 1.21611E-02     702.642     997.475     700.740     985.678     929.569    1042.310    1217.925     368.638     292.798     332.470
 1.21811E-02     701.711     996.432     699.898     984.688     928.843    1041.103    1215.458     376.810     292.798     332.711
 1.22011E-02     700.799     995.392     699.081     983.697     928.109    1039.937    1213.055     399.456     292.798     332.951
 1.22211E-02     699.888     994.368     698.253     982.720     927.388    1038.756    1210.613     409.564     292.798     333.192
 1.22411E-02     698.983     993.347     697.430     981.748     926.668    1037.581    1208.176     420.154     292.798     333.435
 1.22611E-02     698.085     992.332     696.611     980.781     925.951    1036.415    1205.758     431.168     292.798     333.677
 1.22811E-02     697.192     991.321     695.795     979.819     925.235    1035.255    1203.355     442.535     292.798     333.920
 1.23011E-02     696.307     990.316     694.984     978.861     924.522    1034.104    1200.981     454.180     292.798     334.163
 1.23211E-02     695.427     989.315     694.176     977.909     923.811    1032.959    1198.629     466.032     292.798     334.406
 1.23411E-02     694.553     988.317     693.372     976.960     923.102    1031.819    1196.301     478.020     292.798     334.650
 1.23611E-02     693.684     987.324     692.571     976.015     922.394    1030.684    1194.001     490.084     292.798     334.894
 1.23811E-02     692.821     986.334     691.773     975.075     921.689    1029.555    1191.730     502.167     292.798     335.138
 1.24011E-02     691.961     985.349     690.994     974.139     920.984    1028.506    1189.506     526.721     292.800     335.382
 1.24211E-02     691.106     984.370     690.197     973.208     920.283    1027.386    1187.298     540.785     292.800     335.626
 1.24411E-02     690.257     983.393     689.405     972.281     919.584    1026.270    1185.122     555.314     292.800     335.871
 1.24611E-02     689.414     982.421     688.616     971.357     918.887    1025.159    1182.979     570.070     292.800     336.116
 1.24811E-02     688.578     981.452     687.830     970.436     918.191    1024.053    1180.870     584.865     292.800     336.362
 1.25011E-02     687.747     980.487     687.047     969.519     917.497    1022.951    1178.793     599.556     292.801     336.607
 1.25211E-02     686.921     979.525     686.265     968.605     916.805    1021.853    1176.749     614.033     292.801     336.853
 1.25411E-02     686.101     978.566     685.486     967.695     916.115    1020.760    1174.737     628.213     292.801     337.099
 1.25611E-02     685.286     977.612     684.710     966.788     915.427    1019.670    1172.756     642.034     292.801     337.346
 1.25811E-02     684.476     976.660     683.936     965.884     914.740    1018.585    1170.804     655.450     292.802     337.592
 1.26011E-02     683.672     975.713     683.165     964.983     914.055    1017.503    1168.883     668.433     292.802     337.839
 1.26211E-02     682.861     974.750     682.387     964.081     913.370    1016.401    1166.933     680.963     292.802     338.087
 1.26411E-02     682.063     973.803     681.619     963.184     912.687    1015.319    1165.049     693.028     292.803     338.334
 1.26611E-02     681.274     972.865     680.857     962.291     912.007    1014.249    1163.209     704.624     292.803     338.582
 1.26811E-02     680.490     971.931     680.099     961.401     911.328    1013.181    1161.393     715.766     292.804     338.829
 1.27011E-02     679.711     970.999     679.344     960.513     910.650    1012.116    1159.599     737.882     292.804     339.077
 1.27211E-02     678.936     970.063     678.592     959.623     909.967    1011.047    1157.816    1376.569     292.804     339.326
 1.27411E-02     678.162     969.130     677.840     958.740     909.292    1009.979    1156.045    2041.464     292.805     339.574
 1.27611E-02     677.389     968.194     677.089     957.858     908.618    1008.907    1154.274    2129.150     292.806     339.822
 1.27811E-02     676.622     967.262     676.342     956.979     907.945    1007.839    1152.525    2068.275     292.806     340.071
 1.28011E-02     675.862     966.337     675.605     956.106     907.275    1006.827    1150.843    2007.726     292.807     340.319
 1.28211E-02     675.103     965.416     674.862     955.234     906.606    1005.768    1149.141    1953.381     292.808     340.568
 1.28411E-02     674.350     964.499     674.125     954.364     905.938    1004.713    1147.454    1906.727     292.809     340.817
 1.28611E-02     673.602     963.584     673.391     953.496     905.272    1003.662    1145.783    1866.415     292.810     341.066
 1.28811E-02     672.859     962.673     672.661     952.631     904.607    1002.616    1144.126    1831.515     292.811     341.315
 1.29011E-02     672.121     961.764     671.933     951.768     903.942    1001.573    1142.480    1800.806     292.812     341.565
 1.29211E-02     671.387     960.859     671.209     950.908     903.279    1000.534    1140.847    1773.502     292.813     341.815
 1.29411E-02     670.659     959.960     670.489     950.050     902.618     999.502    1139.234    1749.258     292.814     342.064
 1.29611E-02     669.938     959.070     669.775     949.196     901.958     998.483    1137.647    1727.788     292.815     342.314
 1.29811E-02     669.223     958.185     669.067     948.346     901.299     997.469    1136.074    1708.497     292.816     342.565
 1.30011E-02     668.295     957.383     668.167     947.567     900.654     996.465    1134.547    1688.896     292.820     342.780
 1.30211E-02     667.589     956.503     667.464     946.722     899.998     995.458    1132.986    1670.795     292.822     343.030
 1.30411E-02     666.886     955.625     666.764     945.881     899.344     994.454    1131.431    1655.135     292.823     343.280
 1.30611E-02     666.188     954.751     666.068     945.042     898.691     993.456    1129.886    1642.630     292.825     343.530
 1.30811E-02     665.492     953.879     665.373     944.207     898.039     992.460    1128.346    1633.278     292.827     343.781
 1.31011E-02     664.800     953.010     664.681     943.374     897.389     991.467    1126.809    1626.961     292.829     344.032
 1.31211E-02     664.112     952.145     663.993     942.544     896.741     990.480    1125.281    1623.361     292.831     344.282
 1.31411E-02     663.427     951.282     663.308     941.717     896.094     989.496    1123.757    1622.211     292.833     344.533
 1.31611E-02     662.746     950.422     662.625     940.892     895.447     988.514    1122.235    1621.356     292.836     344.784
 1.31811E-02     662.067     949.563     661.946     940.070     894.802     987.535    1120.716    1620.466     292.839     345.035
 1.32011E-02     661.393     948.707     661.269     939.250     894.158     986.559    1119.199    1619.532     292.841     345.286
 1.32211E-02     660.721     947.852     660.596     938.432     893.516     985.586    1117.684    1618.541     292.844     345.537
 1.32411E-02     660.054     947.001     659.927     937.617     892.874     984.616    1116.172    1617.485     292.847     345.789
 1.32611E-02     659.390     946.151     659.261     936.803     892.234     983.649    1114.662    1616.344     292.851     346.040
 1.32811E-02     658.730     945.303     658.599     935.993     891.594     982.685    1113.154    1615.120     292.854     346.292
 1.33011E-02     658.074     944.458     657.940     935.184     890.956     981.724    1111.649    1613.802     292.858     346.543
 1.33211E-02     657.422     943.616     657.285     934.377     890.319     980.766    1110.147    1612.366     292.863     346.795
 1.33411E-02     656.773     942.775     656.634     933.573     889.684     979.811    1108.646    1610.807     292.867     347.046
 1.33611E-02     656.128     941.937     655.987     932.770     889.049     978.859    1107.149    1609.123     292.872     347.298
 1.33811E-02     655.476     941.083     655.333     931.966     888.414     977.889    1105.608    1607.297     292.877     347.550
 1.34011E-02     654.758     940.255     654.617     931.180     887.775     976.991    1104.114    1604.858     292.882     347.786
 1.34211E-02     654.117     939.408     653.975     930.372     887.135     976.029    1102.589    1602.589     292.886     348.037
 1.34411E-02     653.481     938.573     653.336     929.577     886.507     975.080    110 1.81210E-02     558.297     788.096     558.215     783.669     762.610     806.583     848.443     801.353     407.116     401.167
 1.81410E-02     558.028     787.584     557.947     783.168     762.162     806.016     847.664     800.198     407.343     401.348
 1.81610E-02     557.761     787.073     557.679     782.668     761.715     805.451     846.888     799.051     407.567     401.529
 1.81810E-02     557.494     786.563     557.412     782.169     761.268     804.886     846.113     797.909     407.788     401.710
 1.82010E-02     557.227     786.054     557.147     781.670     760.821     804.323     845.340     796.774     408.006     401.890
 1.82210E-02     556.962     785.545     556.881     781.172     760.376     803.760     844.569     795.645     408.221     402.070
 1.82410E-02     556.697     785.037     556.616     780.675     759.930     803.198     843.800     794.522     408.434     402.249
 1.82610E-02     556.432     784.529     556.353     780.179     759.486     802.637     843.033     793.405     408.643     402.428
 1.82810E-02     556.169     784.023     556.089     779.683     759.042     802.077     842.268     792.294     408.850     402.606
 1.83010E-02     555.906     783.518     555.827     779.188     758.599     801.518     841.505     791.189     409.054     402.784
 1.83210E-02     555.644     783.012     555.565     778.694     758.156     800.960     840.743     790.090     409.255     402.962
 1.83410E-02     555.383     782.509     555.303     778.201     757.713     800.403     839.983     788.997     409.453     403.139
 1.83610E-02     555.122     782.005     555.043     777.709     757.272     799.847     839.226     787.909     409.649     403.315
 1.83810E-02     554.862     781.503     554.783     777.217     756.830     799.292     838.470     786.828     409.842     403.491
 1.84010E-02     554.602     781.001     554.524     776.726     756.390     798.738     837.716     785.752     410.032     403.667
 1.84210E-02     554.344     780.500     554.266     776.235     755.950     798.184     836.963     784.682     410.220     403.842
 1.84410E-02     554.086     780.000     554.008     775.746     755.511     797.632     836.213     783.617     410.405     404.017
 1.84610E-02     553.828     779.501     553.751     775.257     755.071     797.080     835.465     782.558     410.587     404.191
 1.84810E-02     553.571     779.002     553.494     774.769     754.633     796.530     834.718     781.504     410.767     404.365
 1.85010E-02     553.315     778.504     553.238     774.281     754.196     795.980     833.973     780.456     410.945     404.538
 1.85210E-02     553.060     778.008     552.983     773.795     753.758     795.432     833.230     779.414     411.120     404.711
 1.85410E-02     552.805     777.511     552.729     773.309     753.322     794.884     832.489     778.377     411.292     404.883
 1.85610E-02     552.551     777.016     552.475     772.824     752.886     794.337     831.749     777.345     411.462     405.055
 1.85810E-02     552.297     776.521     552.222     772.340     752.450     793.791     831.012     776.318     411.630     405.227
 1.86010E-02     552.045     776.027     551.969     771.856     752.015     793.246     830.276     775.297     411.795     405.398
 1.86210E-02     551.792     775.534     551.717     771.373     751.581     792.702     829.542     774.281     411.958     405.568
 1.86410E-02     551.541     775.042     551.466     770.891     751.147     792.159     828.810     773.270     412.118     405.739
 1.86610E-02     551.290     774.550     551.216     770.409     750.714     791.617     828.080     772.264     412.277     405.908
 1.86810E-02     551.040     774.059     550.966     769.929     750.281     791.075     827.351     771.264     412.432     406.078
 1.87010E-02     550.790     773.569     550.717     769.449     749.849     790.535     826.625     770.268     412.586     406.246
 1.87210E-02     550.542     773.080     550.468     768.969     749.417     789.995     825.900     769.278     412.738     406.415
 1.87410E-02     550.295     772.596     550.222     768.493     748.988     789.462     825.183     768.303     412.887     406.583
 1.87610E-02     550.049     772.112     549.976     768.017     748.559     788.929     824.469     767.333     413.034     406.750
 1.87810E-02     549.804     771.629     549.731     767.542     748.131     788.397     823.756     766.366     413.179     406.917
 1.88010E-02     549.559     771.146     549.487     767.068     747.703     787.865     823.043     765.404     413.322     407.084
 1.88210E-02     549.315     770.664     549.243     766.595     747.276     787.334     822.333     764.447     413.462     407.250
 1.88410E-02     549.071     770.182     548.999     766.122     746.850     786.803     821.624     763.494     413.601     407.415
 1.88610E-02     548.828     769.702     548.757     765.650     746.424     786.274     820.917     762.545     413.737     407.581
 1.88810E-02     548.586     769.222     548.514     765.179     745.998     785.745     820.211     761.601     413.872     407.745
 1.89010E-02     548.343     768.742     548.273     764.709     745.573     785.217     819.507     760.661     414.004     407.910
 1.89210E-02     548.102     768.263     548.031     764.239     745.149     784.690     818.804     759.726     414.134     408.073
 1.89410E-02     547.861     767.785     547.791     763.770     744.725     784.164     818.103     758.795     414.263     408.237
 1.89610E-02     547.621     767.307     547.551     763.302     744.302     783.638     817.404     757.868     414.389     408.400
 1.89810E-02     547.381     766.831     547.312     762.834     743.879     783.114     816.706     756.946     414.514     408.562
 1.90010E-02     547.142     766.355     547.073     762.367     743.457     782.590     816.010     756.028     414.637     408.724
