# Melt Pool Geometry History
# time(s)  length(m)  depth(m)  width(m)  volume(m3)  Tpeak(K)  laser_on
 2.10000E-05   0.00000E+00   0.00000E+00   0.00000E+00   8.99354E-14      293.00  1
 4.10000E-05   4.45232E-05   1.04119E-04   4.16430E-05   2.20511E-13     1959.78  1
 6.10000E-05   7.78458E-05   1.08636E-04   5.28707E-05   3.66111E-13     2620.72  1
 8.10000E-05   1.03451E-04   1.09165E-04   5.73118E-05   5.08085E-13     2762.65  1
 1.01000E-04   1.36218E-04   1.09385E-04   5.89072E-05   6.32641E-13     2761.23  1
 1.21000E-04   1.61716E-04   1.09372E-04   5.91835E-05   7.57407E-13     2826.05  1
 1.41000E-04   1.92945E-04   1.09417E-04   5.96523E-05   8.64153E-13     2797.93  1
 1.61000E-04   2.21088E-04   1.09369E-04   5.99302E-05   9.78079E-13     2784.63  1
 1.81000E-04   2.47672E-04   1.09417E-04   5.98581E-05   1.07562E-12     2852.04  1
 2.01000E-04   2.71560E-04   1.08054E-04   5.98490E-05   1.09713E-12     2657.78  1
 2.21000E-04   3.03230E-04   1.08309E-04   6.46016E-05   1.02983E-12     2619.78  0
 2.41000E-04   3.05055E-04   1.04129E-04   6.54688E-05   9.58209E-13     2283.93  0
 2.61000E-04   3.05237E-04   9.89074E-05   6.58888E-05   8.87507E-13     2127.24  0
 2.81000E-04   3.05252E-04   9.35180E-05   6.60860E-05   8.23132E-13     2032.26  0
 3.01000E-04   3.05096E-04   8.78733E-05   6.61245E-05   7.65812E-13     1962.22  0
 3.21000E-04   3.04810E-04   8.17908E-05   6.59695E-05   7.14080E-13     1905.01  0
 3.41000E-04   3.04416E-04   7.49975E-05   6.56354E-05   6.66475E-13     1858.00  0
 3.61000E-04   3.03932E-04   6.92228E-05   6.51127E-05   6.21591E-13     1816.59  0
 3.81000E-04   3.03384E-04   6.38549E-05   6.44031E-05   5.78414E-13     1781.07  0
 4.01000E-04   2.96299E-04   5.89181E-05   6.25064E-05   5.04985E-13     1749.50  0
 4.21000E-04   3.02944E-04   5.48592E-05   6.27449E-05   4.57649E-13     1712.80  0
 4.41000E-04   2.99533E-04   5.14633E-05   6.31221E-05   4.10088E-13     1679.74  0
 4.61000E-04   2.92150E-04   4.80195E-05   6.33030E-05   3.63961E-13     1655.00  0
 4.81000E-04   2.84391E-04   4.43099E-05   6.33937E-05   3.20165E-13     1638.14  0
 5.01000E-04   2.76628E-04   4.15621E-05   6.34358E-05   2.79282E-13     1627.89  0
 5.21000E-04   2.67372E-04   3.84140E-05   6.34451E-05   2.41595E-13     1623.06  0
 5.41000E-04   2.59762E-04   3.52046E-05   6.34255E-05   2.06473E-13     1622.07  0
 5.61000E-04   2.52613E-04   3.29695E-05   6.33834E-05   1.74047E-13     1620.81  0
 5.81000E-04   2.43515E-04   2.97049E-05   6.33163E-05   1.44272E-13     1619.23  0
 6.01000E-04   2.30513E-04   2.74185E-05   5.77626E-05   1.08406E-13     1617.31  0
 6.21000E-04   2.18993E-04   2.43839E-05   6.52103E-05   8.55132E-14     1615.06  0
 6.41000E-04   2.02616E-04   2.28485E-05   6.44052E-05   6.54922E-14     1612.42  0
 6.61000E-04   1.85824E-04   2.00194E-05   6.37491E-05   4.81118E-14     1609.33  0
 6.81000E-04   1.69803E-04   1.83940E-05   6.31045E-05   3.34590E-14     1605.77  0
 7.01000E-04   1.53941E-04   1.61982E-05   5.99960E-05   2.11970E-14     1601.62  0
 7.21000E-04   1.34555E-04   1.39865E-05   5.57191E-05   8.65312E-14     1596.87  1
 7.41000E-04   4.52443E-05   1.03115E-04   4.26875E-05   2.34288E-13     1891.79  1
 7.61000E-04   7.78405E-05   1.08074E-04   5.74176E-05   3.70097E-13     2502.09  1
 7.81000E-04   1.07384E-04   1.08682E-04   6.16927E-05   4.97742E-13     2699.86  1
 8.01000E-04   1.34483E-04   1.08163E-04   6.24840E-05   6.15331E-13     2640.22  1
 8.21000E-04   1.65934E-04   1.08426E-04   6.69067E-05   7.32874E-13     2669.62  1
 8.41000E-04   1.95186E-04   1.08493E-04   6.87040E-05   8.47057E-13     2742.41  1
 8.61000E-04   2.24973E-04   1.08604E-04   6.96751E-05   9.54771E-13     2758.41  1
 8.81000E-04   2.54107E-04   1.08718E-04   7.03055E-05   1.06017E-12     2774.79  1
 9.01000E-04   2.83730E-04   1.08790E-04   7.07348E-05   1.16356E-12     2772.91  1
 9.21000E-04   3.13036E-04   1.08824E-04   7.09304E-05   1.26189E-12     2773.70  1
 9.41000E-04   3.42694E-04   1.08815E-04   7.11873E-05   1.35077E-12     2764.91  1
 9.61000E-04   3.72285E-04   1.08817E-04   7.14088E-05   1.43909E-12     2795.48  1
 9.81000E-04   4.02059E-04   1.08899E-04   7.16781E-05   1.52254E-12     2815.36  1
 1.00100E-03   4.14071E-04   1.08742E-04   7.18972E-05   1.60038E-12     2771.51  1
 1.02100E-03   4.50325E-04   1.08892E-04   7.21469E-05   1.67336E-12     2735.35  1
 1.04100E-03   4.77939E-04   1.08842E-04   7.24154E-05   1.74672E-12     2731.43  1
 1.06100E-03   5.06630E-04   1.08783E-04   7.26453E-05   1.81640E-12     2729.81  1
 1.08100E-03   5.28558E-04   1.08747E-04   7.28169E-05   1.87867E-12     2721.26  1
 1.10100E-03   5.56256E-04   1.08680E-04   7.29501E-05   1.94233E-12     2706.26  1
 1.12100E-03   5.83897E-04   1.08596E-04   7.30339E-05   1.99760E-12     2683.37  1
 1.14100E-03   6.09222E-04   1.08490E-04   7.30048E-05   2.04583E-12     2689.28  1
 1.16100E-03   6.33826E-04   1.08404E-04   7.28749E-05   2.09291E-12     2706.81  1
 1.18100E-03   6.61314E-04   1.08465E-04   7.26828E-05   1.98168E-12     2715.12  0
 1.20100E-03   6.52205E-04   1.04551E-04   7.22578E-05   1.85768E-12     2344.87  0
 1.22100E-03   6.48952E-04   9.97920E-05   7.38230E-05   1.75257E-12     2158.38  0
 1.24100E-03   6.43548E-04   9.46951E-05   7.54489E-05   1.64190E-12     2033.88  0
 1.26100E-03   6.38277E-04   8.91638E-05   7.58584E-05   1.53414E-12     1939.34  0
 1.28100E-03   6.30788E-04   8.36501E-05   7.58598E-05   1.43174E-12     1868.74  0
 1.30100E-03   6.25318E-04   7.79367E-05   7.56834E-05   1.33409E-12     1812.39  0
 1.32100E-03   6.17639E-04   7.24936E-05   7.53293E-05   1.23986E-12     1768.01  0
 1.34100E-03   6.09826E-04   6.61358E-05   7.49134E-05   1.14884E-12     1732.81  0
 1.36100E-03   6.04274E-04   6.08898E-05   7.44504E-05   1.06110E-12     1704.24  0
 1.38100E-03   5.96782E-04   5.61857E-05   7.39635E-05   9.75801E-13     1681.39  0
 1.40100E-03   5.88048E-04   5.15280E-05   6.89853E-05   8.07014E-13     1662.79  0
 1.42100E-03   5.79321E-04   4.79633E-05   7.78434E-05   7.09738E-13     1647.07  0
 1.44100E-03   5.69864E-04   4.40896E-05   7.96753E-05   6.21479E-13     1635.07  0
 1.46100E-03   5.59098E-04   4.11202E-05   8.09443E-05   5.41580E-13     1627.09  0
 1.48100E-03   5.46931E-04   3.83308E-05   8.10538E-05   4.67976E-13     1623.16  0
 1.50100E-03   5.33819E-04   3.52286E-05   8.11377E-05   4.00331E-13     1622.24  0
 1.52100E-03   5.20571E-04   3.30986E-05   8.11864E-05   3.38850E-13     1621.10  0
 1.54100E-03   4.96596E-04   3.01081E-05   8.11977E-05   2.82459E-13     1619.60  0
 1.56100E-03   4.72415E-04   2.82098E-05   8.11756E-05   2.31654E-13     1617.75  0
 1.58100E-03   4.46876E-04   2.55132E-05   8.10773E-05   1.85837E-13     1615.54  0
 1.60100E-03   4.14479E-04   2.33616E-05   7.40889E-05   1.33428E-13     1612.63  0
 1.62100E-03   3.82981E-04   2.10715E-05   8.02284E-05   9.70257E-14     1609.63  0
 1.64100E-03   3.50085E-04   1.89430E-05   7.54152E-05   6.66281E-14     1606.19  0
 1.66100E-03   3.16476E-04   1.75739E-05   7.21273E-05   4.20524E-14     1602.28  0
 1.68100E-03   2.81042E-04   1.46405E-05   6.57340E-05   9.38243E-14     1597.70  1
 1.70100E-03   4.31155E-05   1.03210E-04   4.62295E-05   2.44841E-13     1838.22  1
 1.72100E-03   7.25953E-05   1.08063E-04   5.67553E-05   3.74840E-13     2547.31  1
 1.74100E-03   1.04971E-04   1.08492E-04   6.15458E-05   4.94584E-13     2638.64  1
 1.76100E-03   1.34271E-04   1.08494E-04   6.26770E-05   6.16694E-13     2717.67  1
 1.78100E-03   1.60370E-04   1.08604E-04   6.36513E-05   7.39138E-13     2725.42  1
 1.80100E-03   1.87002E-04   1.08607E-04   6.42689E-05   8.49615E-13     2663.53  1
 1.82100E-03   2.15202E-04   1.08744E-04   6.50577E-05   9.57730E-13     2679.03  1
 1.84100E-03   2.44235E-04   1.08820E-04   6.54238E-05   1.06623E-12     2677.71  1
 1.86100E-03   2.73716E-04   1.08843E-04   6.57768E-05   1.16875E-12     2678.80  1
 1.88100E-03   3.03535E-04   1.08823E-04   6.60807E-05   1.26337E-12     2680.82  1
 1.90100E-03   3.31999E-04   1.08872E-04   6.63416E-05   1.35378E-12     2697.75  1
 1.92100E-03   3.56849E-04   1.08965E-04   6.65009E-05   1.44543E-12     2714.47  1
 1.94100E-03   3.84319E-04   1.09041E-04   6.66801E-05   1.52578E-12     2669.09  1
 1.96100E-03   4.13244E-04   1.09092E-04   6.67305E-05   1.61088E-12     2688.51  1
 1.98100E-03   4.42521E-04   1.09094E-04   6.67281E-05   1.69221E-12     2675.43  1
 2.00100E-03   4.72365E-04   1.09061E-04   6.67819E-05   1.76680E-12     2677.17  1
 2.02100E-03   5.02059E-04   1.09062E-04   6.68831E-05   1.83529E-12     2696.46  1
 2.04100E-03   5.30166E-04   1.09147E-04   6.69623E-05   1.90137E-12     2715.73  1
 2.06100E-03   5.55259E-04   1.09194E-04   6.70392E-05   1.96729E-12     2724.59  1
 2.08100E-03   5.83105E-04   1.09236E-04   6.71118E-05   2.02392E-12     2680.99  1
 2.10100E-03   6.12220E-04   1.09247E-04   6.71974E-05   2.08451E-12     2685.45  1
 2.12100E-03   6.41697E-04   1.09208E-04   6.72772E-05   2.14165E-12     2682.77  1
 2.14100E-03   6.71181E-04   1.09136E-04   6.73419E-05   2.18967E-12     2692.75  1
 2.16100E-03   7.00801E-04   1.09145E-04   6.74449E-05   2.23272E-12     2717.24  1
 2.18100E-03   7.25684E-04   1.09129E-04   6.75623E-05   2.27675E-12     2737.28  1
 2.20100E-03   7.47452E-04   1.09054E-04   6.76738E-05   2.31609E-12     2680.08  1
 2.22100E-03   7.69910E-04   1.09072E-04   6.77218E-05   2.34514E-12     2686.35  1
 2.24100E-03   7.91240E-04   1.08987E-04   6.77787E-05   2.37953E-12     2695.97  1
 2.26100E-03   8.11864E-04   1.08854E-04   6.78481E-05   2.41170E-12     2674.12  1
 2.28100E-03   8.33447E-04   1.08719E-04   6.79179E-05   2.43554E-12     2677.52  1
 2.30100E-03   8.57063E-04   1.08551E-04   6.79783E-05   2.45416E-12     2694.49  1
 2.32100E-03   8.78455E-04   1.08538E-04   6.80244E-05   2.47130E-12     2701.36  1
 2.34100E-03   8.95068E-04   1.08557E-04   6.80164E-05   2.33756E-12     2707.12  0
 2.36100E-03   8.89476E-04   1.04792E-04   6.79848E-05   2.19487E-12     2338.33  0
 2.38100E-03   8.83188E-04   1.00416E-04   6.79048E-05   2.05626E-12     2184.99  0
 2.40100E-03   8.75884E-04   9.48716E-05   6.61361E-05   1.92647E-12     2090.35  0
 2.42100E-03   8.65312E-04   8.96419E-05   6.65876E-05   1.79989E-12     1988.67  0
 2.44100E-03   8.55390E-04   8.41326E-05   6.77782E-05   1.66844E-12     1902.07  0
 2.46100E-03   8.45377E-04   7.85905E-05   6.79236E-05   1.54000E-12     1835.35  0
 2.48100E-03   8.34661E-04   7.32311E-05   6.76972E-05   1.41657E-12     1785.51  0
 2.50100E-03   8.22301E-04   6.80210E-05   6.72801E-05   1.29870E-12     1747.49  0
 2.52100E-03   8.08388E-04   6.30760E-05   6.67550E-05   1.18621E-12     1717.38  0
 2.54100E-03   7.93989E-04   5.83413E-05   6.61676E-05   1.07853E-12     1692.66  0
 2.56100E-03   7.78692E-04   5.40373E-05   6.55714E-05   9.75584E-13     1673.21  0
 2.58100E-03   7.59191E-04   5.02727E-05   6.50125E-05   8.77579E-13     1657.25  0
 2.60100E-03   7.32385E-04   4.63375E-05   6.19673E-05   7.12639E-13     1644.06  0
 2.62100E-03   7.11956E-04   4.33651E-05   7.11656E-05   6.13068E-13     1633.44  0
 2.64100E-03   6.84822E-04   4.01884E-05   7.13069E-05   5.25181E-13     1626.29  0
 2.66100E-03   6.53795E-04   3.79908E-05   7.14566E-05   4.46190E-13     1622.95  0
 2.68100E-03   6.19030E-04   3.48354E-05   7.15608E-05   3.75550E-13     1622.08  0
 2.70100E-03   5.84380E-04   3.29292E-05   7.16000E-05   3.11910E-13     1620.82  0
 2.72100E-03   5.50300E-04   2.99115E-05   7.15263E-05   2.54601E-13     1619.18  0
 2.74100E-03   5.12170E-04   2.81190E-05   7.14118E-05   2.04009E-13     1617.17  0
 2.76100E-03   4.77735E-04   2.53406E-05   7.01994E-05   1.58637E-13     1614.81  0
 2.78100E-03   4.39668E-04   2.34802E-05   6.79143E-05   1.19357E-13     1612.07  0
 2.80100E-03   4.00164E-04   2.06191E-05   6.19215E-05   7.85371E-14     1608.31  0
 2.82100E-03   3.63495E-04   1.86588E-05   6.39751E-05   5.06065E-14     1604.69  0
 2.84100E-03   3.22594E-04   1.66702E-05   5.98661E-05   1.07835E-13     1600.55  1
 2.86100E-03   4.23604E-05   1.03586E-04   4.30087E-05   2.51383E-13     1853.56  1
 2.88100E-03   7.68560E-05   1.08177E-04   5.69589E-05   3.77358E-13     2504.33  1
 2.90100E-03   1.07197E-04   1.08677E-04   6.14788E-05   4.99665E-13     2757.21  1
 2.92100E-03   1.36864E-04   1.08707E-04   6.30261E-05   6.22125E-13     2797.20  1
 2.94100E-03   1.66231E-04   1.08803E-04   6.39970E-05   7.41051E-13     2786.77  1
 2.96100E-03   1.96162E-04   1.08925E-04   6.46823E-05   8.54896E-13     2801.06  1
 2.98100E-03   2.25753E-04   1.09029E-04   6.52113E-05   9.66451E-13     2809.11  1
 3.00100E-03   2.50606E-04   1.08495E-04   6.52939E-05   1.06621E-12     2721.40  1
 3.02100E-03   2.80769E-04   1.08721E-04   6.90657E-05   1.17185E-12     2738.80  1
 3.04100E-03   3.09376E-04   1.08886E-04   7.05747E-05   1.27065E-12     2777.15  1
 3.06100E-03   3.39367E-04   1.08967E-04   7.12920E-05   1.36097E-12     2765.35  1
 3.08100E-03   3.68691E-04   1.09038E-04   7.18519E-05   1.44764E-12     2766.45  1
 3.10100E-03   3.97211E-04   1.09068E-04   7.21870E-05   1.53398E-12     2765.96  1
 3.12100E-03   4.26537E-04   1.09059E-04   7.24208E-05   1.61405E-12     2766.81  1
 3.14100E-03   4.55572E-04   1.09035E-04   7.25362E-05   1.69171E-12     2759.01  1
 3.16100E-03   4.84011E-04   1.09115E-04   7.25549E-05   1.76501E-12     2784.68  1
 3.18100E-03   4.99305E-04   1.09194E-04   7.25362E-05   1.83388E-12     2790.66  1
 3.20100E-03   5.24288E-04   1.09060E-04   7.26343E-05   1.90693E-12     2731.67  1
 3.22100E-03   5.52152E-04   1.09268E-04   7.28050E-05   1.96964E-12     2698.66  1
 3.24100E-03   5.74893E-04   1.09299E-04   7.29744E-05   2.03472E-12     2741.75  1
 3.26100E-03   6.01387E-04   1.09310E-04   7.31252E-05   2.09495E-12     2760.68  1
 3.28100E-03   6.24222E-04   1.09347E-04   7.32540E-05   2.14981E-12     2747.20  1
 3.30100E-03   6.50628E-04   1.09364E-04   7.33295E-05   2.20644E-12     2740.36  1
 3.32100E-03   6.72656E-04   1.09340E-04   7.33248E-05   2.26527E-12     2752.51  1
 3.34100E-03   6.89484E-04   1.09324E-04   7.32611E-05   2.31237E-12     2730.28  1
 3.36100E-03   7.12948E-04   1.09370E-04   7.32313E-05   2.35883E-12     2747.34  1
 3.38100E-03   7.32844E-04   1.09408E-04   7.32405E-05   2.40639E-12     2748.83  1
 3.40100E-03   7.54987E-04   1.09258E-04   7.32852E-05   2.45002E-12     2694.70  1
 3.42100E-03   7.81593E-04   1.09431E-04   7.33797E-05   2.48956E-12     2714.39  1
 3.44100E-03   8.03591E-04   1.09472E-04   7.34415E-05   2.52534E-12     2742.42  1
 3.46100E-03   8.25793E-04   1.09438E-04   7.35344E-05   2.55951E-12     2775.35  1
 3.48100E-03   8.51335E-04   1.09431E-04   7.35773E-05   2.58938E-12     2765.79  1
 3.50099E-03   8.72232E-04   1.09400E-04   7.35943E-05   2.62124E-12     2754.29  1
 3.52099E-03   8.93286E-04   1.09315E-04   7.35607E-05   2.64982E-12     2754.12  1
 3.54099E-03   9.15192E-04   1.09225E-04   7.35418E-05   2.67084E-12     2757.06  1
 3.56099E-03   9.27248E-04   1.09179E-04   7.36772E-05   2.69212E-12     2766.45  1
 3.58099E-03   9.47196E-04   1.09111E-04   7.37592E-05   2.70627E-12     2772.70  1
 3.60099E-03   9.65968E-04   1.09005E-04   7.38394E-05   2.71779E-12     2725.48  1
 3.62099E-03   9.83199E-04   1.08967E-04   7.39028E-05   2.73348E-12     2726.19  1
 3.64099E-03   1.00074E-03   1.08829E-04   7.39319E-05   2.74271E-12     2725.67  1
 3.66099E-03   1.01836E-03   1.08682E-04   7.39570E-05   2.74522E-12     2755.22  1
 3.68099E-03   1.03525E-03   1.08557E-04   7.39341E-05   2.74679E-12     2740.80  1
 3.70099E-03   1.05286E-03   1.08561E-04   7.38926E-05   2.74686E-12     2753.34  1
 3.72099E-03   1.06984E-03   1.08581E-04   7.37819E-05   2.59133E-12     2756.79  0
 3.74099E-03   1.05763E-03   1.04774E-04   7.36145E-05   2.42500E-12     2372.83  0
 3.76099E-03   1.04551E-03   1.00493E-04   7.33354E-05   2.26364E-12     2192.76  0
 3.78099E-03   1.03279E-03   9.49318E-05   7.30024E-05   2.11178E-12     2078.52  0
 3.80099E-03   1.01782E-03   8.94890E-05   7.14737E-05   1.88595E-12     1994.48  0
 3.82099E-03   9.99180E-04   8.38162E-05   7.31992E-05   1.71583E-12     1912.98  0
 3.84099E-03   9.80887E-04   7.83487E-05   7.49665E-05   1.56323E-12     1847.26  0
 3.86099E-03   9.57650E-04   7.27829E-05   7.59546E-05   1.42341E-12     1794.06  0
 3.88099E-03   9.33546E-04   6.75320E-05   7.58803E-05   1.29210E-12     1751.98  0
 3.90099E-03   9.07030E-04   6.23029E-05   7.56470E-05   1.16839E-12     1717.77  0
 3.92099E-03   8.80087E-04   5.76205E-05   7.52981E-05   1.05136E-12     1690.64  0
 3.94099E-03   8.53595E-04   5.30506E-05   7.48816E-05   9.41052E-13     1668.53  0
 3.96099E-03   8.25615E-04   4.87468E-05   7.44461E-05   8.37563E-13     1651.07  0
 3.98099E-03   7.96182E-04   4.50609E-05   7.42709E-05   7.40015E-13     1637.93  0
 4.00099E-03   7.62629E-04   4.25561E-05   6.85706E-05   6.01814E-13     1628.42  0
 4.02099E-03   7.30864E-04   3.88643E-05   8.07210E-05   5.14463E-13     1623.39  0
 4.04099E-03   6.95220E-04   3.62135E-05   8.09090E-05   4.36311E-13     1622.16  0
 4.06099E-03   6.59255E-04   3.35146E-05   8.10222E-05   3.65933E-13     1620.79  0
 4.08099E-03   6.23366E-04   3.07555E-05   8.10709E-05   3.02678E-13     1619.02  0
 4.10099E-03   5.82084E-04   2.84810E-05   8.10392E-05   2.45979E-13     1616.91  0
 4.12099E-03   5.40688E-04   2.59253E-05   8.09616E-05   1.95359E-13     1614.45  0
 4.14099E-03   4.99608E-04   2.36987E-05   8.08297E-05   1.50713E-13     1611.67  0
 4.16100E-03   4.60120E-04   2.16912E-05   8.06198E-05   1.11858E-13     1608.52  0
 4.18100E-03   4.19106E-04   1.91298E-05   8.03260E-05   7.90562E-14     1605.23  0
 4.20100E-03   3.75098E-04   1.77026E-05   7.09099E-05   4.76538E-14     1601.25  0
 4.22100E-03   3.30725E-04   1.48066E-05   6.35819E-05   1.06804E-13     1596.73  1
 4.24100E-03   4.20955E-05   1.03643E-04   4.21170E-05   2.46709E-13     1856.27  1
 4.26100E-03   7.45726E-05   1.08159E-04   5.75709E-05   3.78990E-13     2508.24  1
 4.28100E-03   1.04252E-04   1.08927E-04   6.19481E-05   5.07465E-13     2669.96  1
 4.30100E-03   1.33908E-04   1.09067E-04   6.32247E-05   6.36622E-13     2672.50  1
 4.32100E-03   1.63927E-04   1.09075E-04   6.40822E-05   7.57388E-13     2691.72  1
 4.34100E-03   1.93658E-04   1.09079E-04   6.47798E-05   8.73903E-13     2728.08  1
 4.36100E-03   2.21755E-04   1.09164E-04   6.53313E-05   9.87547E-13     2755.15  1
 4.38100E-03   2.46898E-04   1.09249E-04   6.57844E-05   1.09626E-12     2765.30  1
 4.40100E-03   2.74115E-04   1.08802E-04   6.56534E-05   1.20897E-12     2668.97  1
 4.42100E-03   3.02665E-04   1.08996E-04   6.91155E-05   1.32184E-12     2642.67  1
 4.44100E-03   3.31958E-04   1.09079E-04   7.06692E-05   1.42654E-12     2667.95  1
 4.46100E-03   3.62154E-04   1.09055E-04   7.14203E-05   1.51506E-12     2679.76  1
 4.48100E-03   3.90823E-04   1.09128E-04   7.19024E-05   1.59951E-12     2722.59  1
 4.50100E-03   4.15829E-04   1.09198E-04   7.22590E-05   1.68584E-12     2729.31  1
 4.52100E-03   4.43371E-04   1.09265E-04   7.25217E-05   1.76248E-12     2673.54  1
 4.54100E-03   4.72263E-04   1.09301E-04   7.26375E-05   1.84082E-12     2690.71  1
 4.56100E-03   5.01632E-04   1.09296E-04   7.26035E-05   1.91897E-12     2674.90  1
 4.58100E-03   5.31163E-04   1.09258E-04   7.26613E-05   1.98994E-12     2686.01  1
 4.60100E-03   5.56538E-04   1.09252E-04   7.26281E-05   2.05597E-12     2685.96  1
 4.62100E-03   5.90151E-04   1.09304E-04   7.26598E-05   2.11766E-12     2704.78  1
 4.64100E-03   6.12283E-04   1.09417E-04   7.27093E-05   2.17696E-12     2730.81  1
 4.66100E-03   6.34460E-04   1.09427E-04   7.27640E-05   2.23608E-12     2737.68  1
 4.68100E-03   6.55478E-04   1.09458E-04   7.28122E-05   2.28697E-12     2686.67  1
 4.70100E-03   6.79309E-04   1.09471E-04   7.28361E-05   2.34057E-12     2698.58  1
 4.72100E-03   7.01646E-04   1.09438E-04   7.29280E-05   2.39497E-12     2690.34  1
 4.74100E-03   7.24887E-04   1.09441E-04   7.30930E-05   2.43887E-12     2706.55  1
 4.76100E-03   7.50328E-04   1.09484E-04   7.31966E-05   2.47984E-12     2720.88  1
 4.78100E-03   7.68796E-04   1.09512E-04   7.32485E-05   2.52286E-12     2737.92  1
 4.80100E-03   7.92179E-04   1.09366E-04   7.33248E-05   2.55919E-12     2672.67  1
 4.82100E-03   8.16540E-04   1.09543E-04   7.34078E-05   2.59335E-12     2696.86  1
 4.84100E-03   8.41592E-04   1.09599E-04   7.34869E-05   2.62469E-12     2712.74  1
 4.86100E-03   8.58917E-04   1.09566E-04   7.35774E-05   2.65829E-12     2746.15  1
 4.88100E-03   8.83144E-04   1.09571E-04   7.36610E-05   2.67943E-12     2693.73  1
 4.90100E-03   9.04081E-04   1.09562E-04   7.36986E-05   2.70454E-12     2704.42  1
 4.92100E-03   9.27333E-04   1.09506E-04   7.37081E-05   2.73234E-12     2697.49  1
 4.94100E-03   9.51434E-04   1.09505E-04   7.38153E-05   2.75094E-12     2706.68  1
 4.96100E-03   9.73399E-04   1.09509E-04   7.39101E-05   2.76818E-12     2735.67  1
 4.98100E-03   9.94475E-04   1.09492E-04   7.39296E-05   2.78151E-12     2742.31  1
 5.00100E-03   1.01155E-03   1.09376E-04   7.39297E-05   2.79079E-12     2719.50  1
 5.02100E-03   1.03065E-03   1.09414E-04   7.39681E-05   2.80394E-12     2690.07  1
 5.04100E-03   1.05202E-03   1.09294E-04   7.39901E-05   2.81330E-12     2707.35  1
 5.06100E-03   1.07344E-03   1.09205E-04   7.39733E-05   2.81560E-12     2719.66  1
 5.08100E-03   1.09035E-03   1.09113E-04   7.39954E-05   2.81534E-12     2725.56  1
 5.10100E-03   1.10299E-03   1.09038E-04   7.40122E-05   2.65710E-12     2732.39  0
 5.12100E-03   1.09207E-03   1.06381E-04   7.40226E-05   2.48978E-12     2355.05  0
 5.14100E-03   1.07459E-03   1.02650E-04   7.40322E-05   2.32655E-12     2189.75  0
 5.16100E-03   1.05670E-03   9.78525E-05   7.40391E-05   2.17057E-12     2083.11  0
 5.18100E-03   1.03444E-03   9.29165E-05   7.39954E-05   2.02468E-12     2003.20  0
 5.20100E-03   1.00874E-03   8.76308E-05   7.28234E-05   1.81715E-12     1936.76  0
 5.22100E-03   9.84878E-04   8.26142E-05   7.43216E-05   1.67655E-12     1862.63  0
 5.24100E-03   9.58090E-04   7.75501E-05   7.51655E-05   1.53693E-12     1802.29  0
 5.26100E-03   9.31672E-04   7.24499E-05   7.53851E-05   1.40273E-12     1754.59  0
 5.28100E-03   9.02105E-04   6.76253E-05   7.51987E-05   1.27521E-12     1717.70  0
 5.30100E-03   8.73611E-04   6.28417E-05   7.48587E-05   1.15405E-12     1690.00  0
 5.32100E-03   8.43278E-04   5.83528E-05   7.45199E-05   1.04012E-12     1668.67  0
 5.34100E-03   8.14753E-04   5.41618E-05   7.42819E-05   9.32743E-13     1652.59  0
 5.36100E-03   7.83156E-04   5.06033E-05   7.41028E-05   8.32654E-13     1640.54  0
 5.38100E-03   7.52963E-04   4.77111E-05   7.41164E-05   7.39471E-13     1631.92  0
 5.40100E-03   7.16144E-04   4.31560E-05   7.05103E-05   5.98250E-13     1625.99  0
 5.42100E-03   6.78958E-04   4.01575E-05   7.84643E-05   5.07483E-13     1623.07  0
 5.44100E-03   6.43702E-04   3.79376E-05   7.97278E-05   4.28216E-13     1622.34  0
 5.46101E-03   6.04311E-04   3.47964E-05   8.04631E-05   3.58168E-13     1621.35  0
 5.48101E-03   5.66593E-04   3.29478E-05   8.06209E-05   2.95980E-13     1620.04  0
 5.50101E-03   5.25364E-04   3.00109E-05   8.03121E-05   2.40872E-13     1618.41  0
 5.52101E-03   4.88651E-04   2.82443E-05   7.96292E-05   1.92580E-13     1616.51  0
 5.54101E-03   4.46013E-04   2.58071E-05   7.86247E-05   1.50052E-13     1614.31  0
 5.56101E-03   4.09563E-04   2.38107E-05   7.74232E-05   1.13575E-13     1611.82  0
 5.58101E-03   3.67017E-04   2.23663E-05   7.58856E-05   8.25952E-14     1609.00  0
 5.60101E-03   3.26648E-04   1.95651E-05   7.39089E-05   1.34128E-13     1605.62  1
 5.62101E-03   4.54491E-05   1.03165E-04   4.95777E-05   2.80318E-13     1824.26  1
 5.64101E-03   7.76516E-05   1.08233E-04   5.71165E-05   4.03079E-13     2463.78  1
 5.66101E-03   1.05276E-04   1.08734E-04   6.13529E-05   5.24118E-13     2671.61  1
 5.68101E-03   1.33481E-04   1.08950E-04   6.28190E-05   6.43489E-13     2719.56  1
 5.70101E-03   1.61928E-04   1.09034E-04   6.36635E-05   7.64571E-13     2734.57  1
 5.72101E-03   1.90494E-04   1.09060E-04   6.43550E-05   8.85343E-13     2745.30  1
 5.74101E-03   2.19647E-04   1.09044E-04   6.49074E-05   9.97065E-13     2752.60  1
 5.76101E-03   2.48617E-04   1.09021E-04   6.53118E-05   1.10271E-12     2753.44  1
 5.78101E-03   2.77521E-04   1.09096E-04   6.57554E-05   1.20578E-12     2760.74  1
 5.80101E-03   3.04514E-04   1.08976E-04   6.60515E-05   1.30392E-12     2746.24  1
 5.82101E-03   3.34209E-04   1.09167E-04   6.63566E-05   1.39163E-12     2765.44  1
 5.84101E-03   3.63616E-04   1.09253E-04   6.66326E-05   1.47931E-12     2804.16  1
 5.86101E-03   3.93211E-04   1.09265E-04   6.68825E-05   1.56492E-12     2797.47  1
 5.88101E-03   4.23100E-04   1.09309E-04   6.71410E-05   1.64535E-12     2793.72  1
 5.90101E-03   4.53073E-04   1.09330E-04   6.73595E-05   1.72603E-12     2791.13  1
 5.92101E-03   4.82732E-04   1.09308E-04   6.75538E-05   1.80151E-12     2784.88  1
 5.94101E-03   5.12612E-04   1.09282E-04   6.76904E-05   1.87112E-12     2787.85  1
 5.96101E-03   5.42361E-04   1.09340E-04   6.79215E-05   1.93709E-12     2815.31  1
 5.98101E-03   5.71829E-04   1.09393E-04   6.81671E-05   2.00046E-12     2829.15  1
 6.00101E-03   5.84073E-04   1.09259E-04   6.82877E-05   2.06115E-12     2786.77  1
 6.02101E-03   6.14767E-04   1.09440E-04   6.84098E-05   2.11713E-12     2768.32  1
 6.04101E-03   6.41702E-04   1.09493E-04   6.85120E-05   2.17300E-12     2762.27  1
 6.06101E-03   6.64252E-04   1.09481E-04   6.86393E-05   2.22752E-12     2786.98  1
 6.08101E-03   6.91648E-04   1.09500E-04   6.88111E-05   2.27581E-12     2768.88  1
 6.10101E-03   7.14074E-04   1.09506E-04   6.90019E-05   2.33209E-12     2755.82  1
 6.12101E-03   7.32133E-04   1.09469E-04   7.02544E-05   2.39166E-12     2749.35  1
 6.14101E-03   7.55293E-04   1.09476E-04   7.11526E-05   2.44082E-12     2737.23  1
 6.16101E-03   7.80975E-04   1.09508E-04   7.16218E-05   2.48829E-12     2755.75  1
 6.18101E-03   8.03860E-04   1.09528E-04   7.18281E-05   2.53404E-12     2762.11  1
 6.20101E-03   8.27293E-04   1.09412E-04   7.19583E-05   2.57351E-12     2746.24  1
 6.22101E-03   8.46396E-04   1.09524E-04   7.19982E-05   2.61396E-12     2757.30  1
 6.24101E-03   8.71920E-04   1.09515E-04   7.20080E-05   2.64923E-12     2767.54  1
 6.26101E-03   8.94016E-04   1.09482E-04   7.19841E-05   2.51766E-12     2773.05  0
 6.28101E-03   8.90299E-04   1.07576E-04   7.19799E-05   2.38274E-12     2421.72  0
 6.30101E-03   8.84801E-04   1.03202E-04   7.19917E-05   2.24973E-12     2257.05  0
 6.32101E-03   8.79065E-04   9.87198E-05   7.20307E-05   2.12139E-12     2152.55  0
 6.34101E-03   8.72480E-04   9.41716E-05   7.21115E-05   1.99877E-12     2074.59  0
 6.36101E-03   8.66779E-04   8.94460E-05   7.21388E-05   1.88207E-12     2007.81  0
 6.38101E-03   8.58341E-04   8.45469E-05   7.21082E-05   1.77012E-12     1948.92  0
 6.40101E-03   8.51452E-04   7.91296E-05   6.95839E-05   1.59842E-12     1894.20  0
 6.42101E-03   8.41036E-04   7.45293E-05   7.27071E-05   1.48364E-12     1830.01  0
 6.44101E-03   8.30408E-04   7.02421E-05   7.36336E-05   1.36593E-12     1772.53  0
 6.46101E-03   8.18871E-04   6.63360E-05   7.38299E-05   1.25024E-12     1728.27  0
 6.48101E-03   8.05914E-04   6.27433E-05   7.37993E-05   1.13892E-12     1695.47  0
 6.50101E-03   7.92190E-04   5.85589E-05   7.36830E-05   1.03312E-12     1671.26  0
 6.52101E-03   7.73945E-04   5.47229E-05   7.35633E-05   9.32573E-13     1653.55  0
 6.54101E-03   7.56174E-04   5.18330E-05   7.35632E-05   8.38020E-13     1640.71  0
 6.56101E-03   7.34668E-04   4.83540E-05   7.36151E-05   7.49446E-13     1631.89  0
 6.58101E-03   7.09549E-04   4.48886E-05   7.36513E-05   6.66649E-13     1626.15  0
 6.60101E-03   6.82860E-04   4.17250E-05   6.94251E-05   5.31749E-13     1623.10  0
 6.62101E-03   6.53905E-04   3.87782E-05   7.71272E-05   4.47932E-13     1622.38  0
 6.64101E-03   6.21921E-04   3.64296E-05   7.85212E-05   3.75261E-13     1621.46  0
 6.66101E-03   5.86589E-04   3.37983E-05   7.95398E-05   3.11055E-13     1620.25  0
 6.68101E-03   5.55596E-04   3.17345E-05   8.00339E-05   2.54408E-13     1618.74  0
 6.70101E-03   5.17488E-04   2.91142E-05   8.00663E-05   2.04607E-13     1616.93  0
 6.72101E-03   4.74405E-04   2.76221E-05   7.97308E-05   1.61217E-13     1614.81  0
 6.74101E-03   4.32159E-04   2.46846E-05   7.90856E-05   1.23603E-13     1612.42  0
 6.76101E-03   3.90989E-04   2.31587E-05   7.81368E-05   1.75995E-13     1609.70  1
 6.78102E-03   4.39527E-05   1.03712E-04   4.50819E-05   3.11741E-13     1835.81  1
 6.80102E-03   7.50959E-05   1.08169E-04   5.73362E-05   4.20363E-13     2519.40  1
 6.82102E-03   1.04098E-04   1.08624E-04   6.38601E-05   5.34084E-13     2648.23  1
 6.84102E-03   1.29875E-04   1.08891E-04   6.75849E-05   6.54048E-13     2674.65  1
 6.86102E-03   1.57399E-04   1.08999E-04   6.87656E-05   7.68978E-13     2665.92  1
 6.88102E-03   1.86117E-04   1.09060E-04   6.96800E-05   8.87459E-13     2677.94  1
 6.90102E-03   2.15051E-04   1.09070E-04   7.00671E-05   1.00941E-12     2668.88  1
 6.92102E-03   2.44569E-04   1.09048E-04   7.05867E-05   1.12181E-12     2675.63  1
 6.94102E-03   2.74433E-04   1.09047E-04   7.10110E-05   1.22813E-12     2701.82  1
 6.96102E-03   3.01593E-04   1.09116E-04   7.13604E-05   1.33139E-12     2713.68  1
 6.98102E-03   3.26472E-04   1.09185E-04   7.16314E-05   1.43022E-12     2718.70  1
 7.00102E-03   3.52776E-04   1.09057E-04   7.18348E-05   1.52259E-12     2655.84  1
 7.02102E-03   3.90313E-04   1.09256E-04   7.19607E-05   1.60894E-12     2673.70  1
 7.04102E-03   4.17708E-04   1.09284E-04   7.20951E-05   1.69461E-12     2696.06  1
 7.06102E-03   4.44094E-04   1.09295E-04   7.22004E-05   1.77955E-12     2691.86  1
 7.08102E-03   4.71900E-04   1.09335E-04   7.23058E-05   1.85379E-12     2679.22  1
 7.10102E-03   5.00882E-04   1.09353E-04   7.23930E-05   1.93129E-12     2695.48  1
 7.12102E-03   5.26484E-04   1.09327E-04   7.24387E-05   2.00853E-12     2688.34  1
 7.14102E-03   5.54972E-04   1.09304E-04   7.25066E-05   2.07528E-12     2698.96  1
 7.16102E-03   5.83175E-04   1.09351E-04   7.26527E-05   2.13981E-12     2735.38  1
 7.18102E-03   6.08344E-04   1.09380E-04   7.27988E-05   2.20306E-12     2743.81  1
 7.20102E-03   6.29399E-04   1.09174E-04   7.28399E-05   2.11204E-12     2681.37  0
 7.22102E-03   6.26980E-04   1.07262E-04   7.54494E-05   2.00771E-12     2322.09  0
 7.24102E-03   6.24186E-04   1.02959E-04   7.69708E-05   1.89263E-12     2143.53  0
 7.26102E-03   6.18098E-04   9.84451E-05   7.73815E-05   1.77273E-12     2024.15  0
 7.28102E-03   6.14403E-04   9.36594E-05   7.74233E-05   1.65663E-12     1935.50  0
 7.30102E-03   6.08157E-04   8.87970E-05   7.73211E-05   1.54581E-12     1868.81  0
 7.32102E-03   6.04007E-04   8.38380E-05   7.71119E-05   1.44126E-12     1815.59  0
 7.34102E-03   5.97475E-04   7.88269E-05   7.67083E-05   1.34152E-12     1773.58  0
 7.36102E-03   5.93218E-04   7.39090E-05   7.62605E-05   1.24620E-12     1739.87  0
 7.38102E-03   5.86463E-04   6.89869E-05   7.57864E-05   1.15472E-12     1713.13  0
 7.40102E-03   5.77323E-04   6.35524E-05   7.25030E-05   9.81915E-13     1690.19  0
 7.42102E-03   5.79564E-04   5.93368E-05   8.11657E-05   8.83469E-13     1669.78  0
 7.44102E-03   5.72144E-04   5.54345E-05   8.15059E-05   7.93020E-13     1652.39  0
 7.46102E-03   5.64454E-04   5.23499E-05   8.17431E-05   7.09247E-13     1638.99  0
 7.48102E-03   5.56564E-04   4.84129E-05   8.19077E-05   6.30886E-13     1629.76  0
 7.50102E-03   5.45335E-04   4.49751E-05   8.20288E-05   5.57983E-13     1624.37  0
 7.52102E-03   5.33803E-04   4.26609E-05   8.21165E-05   4.90397E-13     1622.70  0
 7.54102E-03   5.19541E-04   3.90945E-05   8.21785E-05   4.27681E-13     1621.91  0
 7.56102E-03   5.04245E-04   3.69227E-05   8.22134E-05   3.69299E-13     1620.86  0
 7.58102E-03   4.90163E-04   3.39285E-05   8.22319E-05   3.15627E-13     1619.55  0
 7.60102E-03   4.64839E-04   3.08740E-05   7.63270E-05   2.40817E-13     1617.70  0
 7.62102E-03   4.43926E-04   2.86464E-05   8.27020E-05   1.90939E-13     1615.85  0
 7.64102E-03   4.15796E-04   2.66510E-05   8.24512E-05   1.48399E-13     1613.75  0
 7.66102E-03   3.84127E-04   2.41844E-05   8.13956E-05   1.12434E-13     1611.37  0
 7.68102E-03   3.46666E-04   2.27556E-05   7.80025E-05   8.21168E-14     1608.68  0
 7.70102E-03   3.10586E-04   1.99841E-05   7.50229E-05   1.33055E-13     1605.62  1
 7.72102E-03   4.26384E-05   1.03584E-04   4.95866E-05   2.77613E-13     1841.47  1
 7.74102E-03   7.54533E-05   1.08213E-04   5.65952E-05   4.03039E-13     2479.64  1
 7.76102E-03   1.06933E-04   1.08723E-04   6.14929E-05   5.21025E-13     2699.00  1
 7.78102E-03   1.36507E-04   1.08748E-04   6.26285E-05   6.38266E-13     2727.09  1
 7.80102E-03   1.63790E-04   1.08647E-04   6.35652E-05   7.58113E-13     2704.82  1
 7.82102E-03   1.93968E-04   1.08901E-04   6.45180E-05   8.74222E-13     2728.71  1
 7.84102E-03   2.23788E-04   1.08997E-04   6.50616E-05   9.83478E-13     2764.79  1
 7.86102E-03   2.53393E-04   1.09040E-04   6.55382E-05   1.08886E-12     2770.94  1
 7.88102E-03   2.83275E-04   1.09096E-04   6.59366E-05   1.18728E-12     2772.44  1
 7.90102E-03   3.13208E-04   1.09124E-04   6.62637E-05   1.28848E-12     2771.13  1
 7.92102E-03   3.42715E-04   1.09110E-04   6.65314E-05   1.22281E-12     2772.23  0
 7.94102E-03   3.42466E-04   1.06805E-04   6.68484E-05   1.15081E-12     2408.68  0
 7.96102E-03   3.42555E-04   1.02726E-04   6.71395E-05   1.08142E-12     2241.18  0
 7.98102E-03   3.42634E-04   9.80934E-05   6.73534E-05   1.01474E-12     2138.59  0
 8.00102E-03   3.40635E-04   9.31216E-05   6.75544E-05   9.47062E-13     2059.94  0
 8.02102E-03   3.42098E-04   8.80794E-05   6.76282E-05   8.90394E-13     1994.29  0
 8.04102E-03   3.41986E-04   8.31144E-05   6.75530E-05   8.37354E-13     1939.52  0
 8.06102E-03   3.41833E-04   7.80803E-05   6.73474E-05   7.87463E-13     1890.82  0
 8.08102E-03   3.41812E-04   7.33238E-05   6.69881E-05   7.39516E-13     1849.16  0
 8.10102E-03   3.41726E-04   6.86896E-05   6.64504E-05   6.93147E-13     1811.87  0
 8.12102E-03   3.41419E-04   6.45015E-05   6.57418E-05   6.47916E-13     1779.43  0
 8.14102E-03   3.38151E-04   6.08923E-05   6.48674E-05   6.03170E-13     1750.50  0
 8.16103E-03   3.34175E-04   5.78201E-05   6.38560E-05   5.59438E-13     1724.89  0
 8.18103E-03   3.30278E-04   5.40341E-05   6.27425E-05   5.16342E-13     1702.64  0
 8.20103E-03   3.27015E-04   5.11530E-05   6.15603E-05   4.74045E-13     1683.11  0
 8.22103E-03   3.17447E-04   4.83465E-05   6.03730E-05   4.32396E-13     1666.35  0
 8.24103E-03   3.09169E-04   4.53536E-05   5.92286E-05   3.91974E-13     1652.06  0
 8.26103E-03   3.03974E-04   4.31662E-05   5.82112E-05   3.52593E-13     1640.48  0
 8.28103E-03   2.94828E-04   4.02256E-05   5.74752E-05   3.14912E-13     1631.57  0
 8.30103E-03   2.89920E-04   3.83080E-05   5.71385E-05   2.79464E-13     1625.73  0
 8.32103E-03   2.76107E-04   3.57474E-05   5.68971E-05   2.46209E-13     1623.01  0
 8.34103E-03   2.67194E-04   3.37423E-05   5.66820E-05   2.15375E-13     1622.39  0
 8.36103E-03   2.55300E-04   3.19409E-05   5.64808E-05   1.86605E-13     1621.51  0
 8.38103E-03   2.45282E-04   2.93879E-05   5.62834E-05   1.59929E-13     1620.33  0
 8.40103E-03   2.34474E-04   2.80317E-05   5.60806E-05   1.35418E-13     1618.86  0
 8.42103E-03   2.23301E-04   2.56342E-05   5.58631E-05   1.12702E-13     1617.07  0
 8.44103E-03   2.09815E-04   2.39278E-05   5.56227E-05   9.19682E-14     1614.93  0
 8.46103E-03   2.01098E-04   2.27026E-05   5.53512E-05   7.33539E-14     1612.45  0
 8.48103E-03   1.85193E-04   2.01323E-05   5.50355E-05   5.64398E-14     1609.57  0
 8.50103E-03   1.72542E-04   1.86784E-05   5.46650E-05   4.16386E-14     1606.27  0
 8.52103E-03   1.58105E-04   1.73848E-05   5.42265E-05   2.89015E-14     1602.58  0
 8.54103E-03   1.42373E-04   1.47080E-05   5.36811E-05   1.81045E-14     1598.29  0
 8.56103E-03   1.25854E-04   1.33070E-05   5.30237E-05   9.77551E-15     1593.46  0
 8.58103E-03   1.05791E-04   1.10066E-05   5.21286E-05   3.81033E-15     1587.79  0
 8.60103E-03   8.19169E-05   8.67865E-06   4.58419E-05   6.50588E-16     1581.04  0
 8.62103E-03   4.57604E-05   5.24567E-06   3.18389E-05   0.00000E+00     1571.84  0
 8.64103E-03   0.00000E+00   0.00000E+00   0.00000E+00   0.00000E+00     1546.05  0
 8.66103E-03   0.00000E+00   0.00000E+00   0.00000E+00   0.00000E+00     1504.01  0
 8.68103E-03   0.00000E+00   0.00000E+00   0.00000E+00   0.00000E+00     1473.27  0
 8.70103E-03   0.00000E+00   0.00000E+00   0.00000E+00   0.00000E+00     1447.40  0
 8.72103E-03   0.00000E+00   0.00000E+00   0.00000E+00   0.00000E+00     1424.70  0
 8.74103E-03   0.00000E+00   0.00000E+00   0.00000E+00   0.00000E+00     1404.08  0
 8.76103E-03   0.00000E+00   0.00000E+00   0.00000E+00   0.00000E+00     1386.84  0
 8.78103E-03   0.00000E+00   0.00000E+00   0.00000E+00   0.00000E+00     1375.09  0
 8.80103E-03   0.00000E+00   0.00000E+00   0.00000E+00   0.00000E+00     1363.51  0
 8.82103E-03   0.00000E+00   0.00000E+00   0.00000E+00   0.00000E+00     1352.02  0
 8.84103E-03   0.00000E+00   0.00000E+00   0.00000E+00   0.00000E+00     1340.67  0
 8.86103E-03   0.00000E+00   0.00000E+00   0.00000E+00   0.00000E+00     1329.49  0
 8.88103E-03   0.00000E+00   0.00000E+00   0.00000E+00   0.00000E+00     1318.48  0
 8.90103E-03   0.00000E+00   0.00000E+00   0.00000E+00   0.00000E+00     1307.67  0
 8.92103E-03   0.00000E+00   0.00000E+00   0.00000E+00   0.00000E+00     1297.06  0
 8.94103E-03   0.00000E+00   0.00000E+00   0.00000E+00   0.00000E+00     1286.65  0
 8.96103E-03   0.00000E+00   0.00000E+00   0.00000E+00   0.00000E+00     1276.45  0
 8.98103E-03   0.00000E+00   0.00000E+00   0.00000E+00   0.00000E+00     1266.46  0
 9.00103E-03   0.00000E+00   0.00000E+00   0.00000E+00   0.00000E+00     1256.68  0
 9.02103E-03   0.00000E+00   0.00000E+00   0.00000E+00   0.00000E+00     1247.12  0
 9.04103E-03   0.00000E+00   0.00000E+00   0.00000E+00   0.00000E+00     1237.75  0
 9.06103E-03   0.00000E+00   0.00000E+00   0.00000E+00   0.00000E+00     1228.58  0
 9.08103E-03   0.00000E+00   0.00000E+00   0.00000E+00   0.00000E+00     1219.60  0
 9.10103E-03   0.00000E+00   0.00000E+00   0.00000E+00   0.00000E+00     1210.81  0
 9.12103E-03   0.00000E+00   0.00000E+00   0.00000E+00   0.00000E+00     1202.20  0
 9.14103E-03   0.00000E+00   0.00000E+00   0.00000E+00   0.00000E+00     1193.76  0
 9.16103E-03   0.00000E+00   0.00000E+00   0.00000E+00   0.00000E+00     1185.50  0
 9.18103E-03   0.00000E+00   0.00000E+00   0.00000E+00   0.00000E+00     1177.40  0
 9.20103E-03   0.00000E+00   0.00000E+00   0.00000E+00   0.00000E+00     1169.46  0
 9.22103E-03   0.00000E+00   0.00000E+00   0.00000E+00   0.00000E+00     1162.27  0
 9.24103E-03   0.00000E+00   0.00000E+00   0.00000E+00   0.00000E+00     1158.03  0
 9.26103E-03   0.00000E+00   0.00000E+00   0.00000E+00   0.00000E+00     1153.77  0
 9.28103E-03   0.00000E+00   0.00000E+00   0.00000E+00   0.00000E+00     1149.49  0
 9.30103E-03   0.00000E+00   0.00000E+00   0.00000E+00   0.00000E+00     1145.19  0
 9.32103E-03   0.00000E+00   0.00000E+00   0.00000E+00   0.00000E+00     1140.89  0
 9.34103E-03   0.00000E+00   0.00000E+00   0.00000E+00   0.00000E+00     1136.58  0
 9.36103E-03   0.00000E+00   0.00000E+00   0.00000E+00   0.00000E+00     1132.26  0
 9.38103E-03   0.00000E+00   0.00000E+00   0.00000E+00   0.00000E+00     1127.95  0
 9.40103E-03   0.00000E+00   0.00000E+00   0.00000E+00   0.00000E+00     1123.63  0
 9.42103E-03   0.00000E+00   0.00000E+00   0.00000E+00   0.00000E+00     1119.32  0
 9.44103E-03   0.00000E+00   0.00000E+00   0.00000E+00   0.00000E+00     1115.02  0
 9.46104E-03   0.00000E+00   0.00000E+00   0.00000E+00   0.00000E+00     1110.73  0
 9.48104E-03   0.00000E+00   0.00000E+00   0.00000E+00   0.00000E+00     1106.44  0
 9.50104E-03   0.00000E+00   0.00000E+00   0.00000E+00   0.00000E+00     1102.17  0
 9.52104E-03   0.00000E+00   0.00000E+00   0.00000E+00   0.00000E+00     1097.91  0
 9.54104E-03   0.00000E+00   0.00000E+00   0.00000E+00   0.00000E+00     1093.67  0
 9.56104E-03   0.00000E+00   0.00000E+00   0.00000E+00   0.00000E+00     1089.44  0
 9.58104E-03   0.00000E+00   0.00000E+00   0.00000E+00   0.00000E+00     1085.23  0
 9.60104E-03   0.00000E+00   0.00000E+00   0.00000E+00   0.00000E+00     1081.04  0
 9.62104E-03   0.00000E+00   0.00000E+00   0.00000E+00   0.00000E+00     1077.99  0
 9.64104E-03   0.00000E+00   0.00000E+00   0.00000E+00   0.00000E+00     1075.45  0
 9.66104E-03   0.00000E+00   0.00000E+00   0.00000E+00   0.00000E+00     1072.87  0
 9.68104E-03   0.00000E+00   0.00000E+00   0.00000E+00   0.00000E+00     1070.24  0
 9.70104E-03   0.00000E+00   0.00000E+00   0.00000E+00   0.00000E+00     1067.59  0
 9.72104E-03   0.00000E+00   0.00000E+00   0.00000E+00   0.00000E+00     1064.90  0
 9.74104E-03   0.00000E+00   0.00000E+00   0.00000E+00   0.00000E+00     1062.18  0
 9.76104E-03   0.00000E+00   0.00000E+00   0.00000E+00   0.00000E+00     1059.44  0
 9.78104E-03   0.00000E+00   0.00000E+00   0.00000E+00   0.00000E+00     1056.66  0
 9.80104E-03   0.00000E+00   0.00000E+00   0.00000E+00   0.00000E+00     1053.87  0
 9.82104E-03   0.00000E+00   0.00000E+00   0.00000E+00   0.00000E+00     1051.05  0
 9.84104E-03   0.00000E+00   0.00000E+00   0.00000E+00   0.00000E+00     1048.21  0
 9.86104E-03   0.00000E+00   0.00000E+00   0.00000E+00   0.00000E+00     1045.36  0
 9.88104E-03   0.00000E+00   0.00000E+00   0.00000E+00   0.00000E+00     1042.49  0
 9.90104E-03   0.00000E+00   0.00000E+00   0.00000E+00   0.00000E+00     1039.60  0
 9.92104E-03   0.00000E+00   0.00000E+00   0.00000E+00   0.00000E+00     1036.70  0
 9.94104E-03   0.00000E+00   0.00000E+00   0.00000E+00   0.00000E+00     1033.79  0
 9.96104E-03   0.00000E+00   0.00000E+00   0.00000E+00   0.00000E+00     1031.14  0
 9.98104E-03   0.00000E+00   0.00000E+00   0.00000E+00   0.00000E+00     1029.01  0
 1.00010E-02   0.00000E+00   0.00000E+00   0.00000E+00   0.00000E+00     1026.85  0
 1.00210E-02   0.00000E+00   0.00000E+00   0.00000E+00   0.00000E+00     1024.66  0
 1.00410E-02   0.00000E+00   0.00000E+00   0.00000E+00   0.00000E+00     1022.43  0
 1.00610E-02   0.00000E+00   0.00000E+00   0.00000E+00   0.00000E+00     1020.19  0
 1.00810E-02   0.00000E+00   0.00000E+00   0.00000E+00   0.00000E+00     1017.91  0
 1.01010E-02   0.00000E+00   0.00000E+00   0.00000E+00   0.00000E+00     1015.61  0
 1.01210E-02   0.00000E+00   0.00000E+00   0.00000E+00   0.00000E+00     1013.29  0
 1.01410E-02   0.00000E+00   0.00000E+00   0.00000E+00   0.00000E+00     1010.95  0
 1.01610E-02   0.00000E+00   0.00000E+00   0.00000E+00   0.00000E+00     1008.58  0
 1.01810E-02   0.00000E+00   0.00000E+00   0.00000E+00   0.00000E+00     1006.20  0
 1.02010E-02   0.00000E+00   0.00000E+00   0.00000E+00   0.00000E+00     1003.80  0
 1.02210E-02   0.00000E+00   0.00000E+00   0.00000E+00   0.00000E+00     1001.39  0
 1.02410E-02   0.00000E+00   0.00000E+00   0.00000E+00   0.00000E+00      998.96  0
 1.02610E-02   0.00000E+00   0.00000E+00   0.00000E+00   0.00000E+00      996.51  0
 1.02810E-02   0.00000E+00   0.00000E+00   0.00000E+00   0.00000E+00      994.05  0
 1.03010E-02   0.00000E+00   0.00000E+00   0.00000E+00   0.00000E+00      991.59  0
 1.03210E-02   0.00000E+00   0.00000E+00   0.00000E+00   0.00000E+00      989.11  0
 1.03410E-02   0.00000E+00   0.00000E+00   0.00000E+00   0.00000E+00      986.62  0
 1.03610E-02   0.00000E+00   0.00000E+00   0.00000E+00   0.00000E+00      984.12  0
 1.03810E-02   0.00000E+00   0.00000E+00   0.00000E+00   0.00000E+00      981.62  0
 1.04010E-02   0.00000E+00   0.00000E+00   0.00000E+00   0.00000E+00      979.10  0
 1.04210E-02   0.00000E+00   0.00000E+00   0.00000E+00   0.00000E+00      976.59  0
 1.04410E-02   0.00000E+00   0.00000E+00   0.00000E+00   0.00000E+00      974.06  0
 1.04610E-02   0.00000E+00   0.00000E+00   0.00000E+00   0.00000E+00      971.60  0
 1.04810E-02   0.00000E+00   0.00000E+00   0.00000E+00   0.00000E+00      969.37  0
 1.05010E-02   0.00000E+00   0.00000E+00   0.00000E+00   0.00000E+00      967.13  0
 1.05210E-02   0.00000E+00   0.00000E+00   0.00000E+00   0.00000E+00      964.88  0
 1.05410E-02   0.00000E+00   0.00000E+00   0.00000E+00   0.00000E+00      962.62  0
 1.05610E-02   0.00000E+00   0.00000E+00   0.00000E+00   0.00000E+00      960.35  0
 1.05810E-02   0.00000E+00   0.00000E+00   0.00000E+00   0.00000E+00      958.08  0
 1.06010E-02   0.00000E+00   0.00000E+00   0.00000E+00   0.00000E+00      955.80  0
 1.06210E-02   0.00000E+00   0.00000E+00   0.00000E+00   0.00000E+00      953.52  0
 1.06410E-02   0.00000E+00   0.00000E+00   0.00000E+00   0.00000E+00      951.23  0
 1.06610E-02   0.00000E+00   0.00000E+00   0.00000E+00   0.00000E+00      948.94  0
 1.06810E-02   0.00000E+00   0.00000E+00   0.00000E+00   0.00000E+00      946.64  0
 1.07010E-02   0.00000E+00   0.00000E+00   0.00000E+00   0.00000E+00      944.35  0
 1.07210E-02   0.00000E+00   0.00000E+00   0.00000E+00   0.00000E+00      942.05  0
 1.07410E-02   0.00000E+00   0.00000E+00   0.00000E+00   0.00000E+00      939.75  0
 1.07610E-02   0.00000E+00   0.00000E+00   0.00000E+00   0.00000E+00      937.44  0
 1.07810E-02   0.00000E+00   0.00000E+00   0.00000E+00   0.00000E+00      935.14  0
 1.08010E-02   0.00000E+00   0.00000E+00   0.00000E+00   0.00000E+00      932.84  0
 1.08210E-02   0.00000E+00   0.00000E+00   0.00000E+00   0.00000E+00      930.54  0
 1.08410E-02   0.00000E+00   0.00000E+00   0.00000E+00   0.00000E+00      928.24  0
 1.08610E-02   0.00000E+00   0.00000E+00   0.00000E+00   0.00000E+00      925.94  0
 1.08810E-02   0.00000E+00   0.00000E+00   0.00000E+00   0.00000E+00      923.65  0
 1.09010E-02   0.00000E+00   0.00000E+00   0.00000E+00   0.00000E+00      921.36  0
 1.09210E-02   0.00000E+00   0.00000E+00   0.00000E+00   0.00000E+00      919.07  0
 1.09410E-02   0.00000E+00   0.00000E+00   0.00000E+00   0.00000E+00      916.78  0
 1.09610E-02   0.00000E+00   0.00000E+00   0.00000E+00   0.00000E+00      914.50  0
 1.09810E-02   0.00000E+00   0.00000E+00   0.00000E+00   0.00000E+00      912.22  0
 1.10010E-02   0.00000E+00   0.00000E+00   0.00000E+00   0.00000E+00      909.95  0
 1.10210E-02   0.00000E+00   0.00000E+00   0.00000E+00   0.00000E+00      907.68  0
 1.10410E-02   0.00000E+00   0.00000E+00   0.00000E+00   0.00000E+00      905.42  0
 1.10610E-02   0.00000E+00   0.00000E+00   0.00000E+00   0.00000E+00      903.16  0
 1.10810E-02   0.00000E+00   0.00000E+00   0.00000E+00   0.00000E+00      900.91  0
 1.11010E-02   0.00000E+00   0.00000E+00   0.00000E+00   0.00000E+00      898.66  0
 1.11210E-02   0.00000E+00   0.00000E+00   0.00000E+00   0.00000E+00      896.42  0
 1.11410E-02   0.00000E+00   0.00000E+00   0.00000E+00   0.00000E+00      894.19  0
 1.11610E-02   0.00000E+00   0.00000E+00   0.00000E+00   0.00000E+00      891.96  0
 1.11810E-02   0.00000E+00   0.00000E+00   0.00000E+00   0.00000E+00      889.74  0
 1.12010E-02   0.00000E+00   0.00000E+00   0.00000E+00   0.00000E+00      887.53  0
 1.12210E-02   0.00000E+00   0.00000E+00   0.00000E+00   0.00000E+00      885.33  0
 1.12410E-02   0.00000E+00   0.00000E+00   0.00000E+00   0.00000E+00      883.14  0
 1.12610E-02   0.00000E+00   0.00000E+00   0.00000E+00   0.00000E+00      880.95  0
 1.12810E-02   0.00000E+00   0.00000E+00   0.00000E+00   0.00000E+00      878.77  0
 1.13010E-02   0.00000E+00   0.00000E+00   0.00000E+00   0.00000E+00      876.60  0
 1.13210E-02   0.00000E+00   0.00000E+00   0.00000E+00   0.00000E+00      874.44  0
 1.13410E-02   0.00000E+00   0.00000E+00   0.00000E+00   0.00000E+00      872.29  0
 1.13610E-02   0.00000E+00   0.00000E+00   0.00000E+00   0.00000E+00      870.14  0
 1.13810E-02   0.00000E+00   0.00000E+00   0.00000E+00   0.00000E+00      868.01  0
 1.14010E-02   0.00000E+00   0.00000E+00   0.00000E+00   0.00000E+00      865.88  0
 1.14210E-02   0.00000E+00   0.00000E+00   0.00000E+00   0.00000E+00      863.77  0
 1.14411E-02   0.00000E+00   0.00000E+00   0.00000E+00   0.00000E+00      861.66  0
 1.14611E-02   0.00000E+00   0.00000E+00   0.00000E+00   0.00000E+00      859.56  0
 1.14811E-02   0.00000E+00   0.00000E+00   0.00000E+00   0.00000E+00      857.48  0
 1.15011E-02   0.00000E+00   0.00000E+00   0.00000E+00   0.00000E+00      855.40  0
 1.15211E-02   0.00000E+00   0.00000E+00   0.00000E+00   0.00000E+00      853.33  0
 1.15411E-02   0.00000E+00   0.00000E+00   0.00000E+00   0.00000E+00      851.27  0
 1.15611E-02   0.00000E+00   0.00000E+00   0.00000E+00   0.00000E+00      849.23  0
 1.15811E-02   0.00000E+00   0.00000E+00   0.00000E+00   0.00000E+00      847.19  0
 1.16011E-02   0.00000E+00   0.00000E+00   0.00000E+00   0.00000E+00      845.16  0
 1.16211E-02   0.00000E+00   0.00000E+00   0.00000E+00   0.00000E+00      843.15  0
 1.16411E-02   0.00000E+00   0.00000E+00   0.00000E+00   0.00000E+00      841.14  0
 1.16611E-02   0.00000E+00   0.00000E+00   0.00000E+00   0.00000E+00      839.15  0
 1.16811E-02   0.00000E+00   0.00000E+00   0.00000E+00   0.00000E+00      837.16  0
 1.17011E-02   0.00000E+00   0.00000E+00   0.00000E+00   0.00000E+00      835.19  0
 1.17211E-02   0.00000E+00   0.00000E+00   0.00000E+00   0.00000E+00      833.23  0
 1.17411E-02   0.00000E+00   0.00000E+00   0.00000E+00   0.00000E+00      831.27  0
 1.17611E-02   0.00000E+00   0.00000E+00   0.00000E+00   0.00000E+00      829.33  0
 1.17811E-02   0.00000E+00   0.00000E+00   0.00000E+00   0.00000E+00      827.40  0
 1.18011E-02   0.00000E+00   0.00000E+00   0.00000E+00   0.00000E+00      825.48  0
 1.18211E-02   0.00000E+00   0.00000E+00   0.00000E+00   0.00000E+00      823.60  0
 1.18411E-02   0.00000E+00   0.00000E+00   0.00000E+00   0.00000E+00      821.80  0
 1.18611E-02   0.00000E+00   0.00000E+00   0.00000E+00   0.00000E+00      820.02  0
 1.18811E-02   0.00000E+00   0.00000E+00   0.00000E+00   0.00000E+00      818.24  0
 1.19011E-02   0.00000E+00   0.00000E+00   0.00000E+00   0.00000E+00      816.48  0
 1.19211E-02   0.00000E+00   0.00000E+00   0.00000E+00   0.00000E+00      814.72  0
 1.19411E-02   0.00000E+00   0.00000E+00   0.00000E+00   0.00000E+00      812.97  0
 1.19611E-02   0.00000E+00   0.00000E+00   0.00000E+00   0.00000E+00      811.24  0
 1.19811E-02   0.00000E+00   0.00000E+00   0.00000E+00   0.00000E+00      809.51  0
 1.20011E-02   0.00000E+00   0.00000E+00   0.00000E+00   0.00000E+00      807.79  0
 1.20211E-02   0.00000E+00   0.00000E+00   0.00000E+00   0.00000E+00      806.23  0
 1.20411E-02   0.00000E+00   0.00000E+00   0.00000E+00   0.00000E+00      805.05  0
 1.20611E-02   0.00000E+00   0.00000E+00   0.00000E+00   0.00000E+00      803.88  0
 1.20811E-02   0.00000E+00   0.00000E+00   0.00000E+00   0.00000E+00      802.72  0
 1.21011E-02   0.00000E+00   0.00000E+00   0.00000E+00   0.00000E+00      801.56  0
 1.21211E-02   0.00000E+00   0.00000E+00   0.00000E+00   0.00000E+00      800.41  0
 1.21411E-02   0.00000E+00   0.00000E+00   0.00000E+00   0.00000E+00      799.26  0
 1.21611E-02   0.00000E+00   0.00000E+00   0.00000E+00   0.00000E+00      798.12  0
 1.21811E-02   0.00000E+00   0.00000E+00   0.00000E+00   0.00000E+00      796.98  0
 1.22011E-02   0.00000E+00   0.00000E+00   0.00000E+00   0.00000E+00      795.85  0
 1.22211E-02   0.00000E+00   0.00000E+00   0.00000E+00   0.00000E+00      794.72  0
 1.22411E-02   0.00000E+00   0.00000E+00   0.00000E+00   0.00000E+00      793.60  0
 1.22611E-02   0.00000E+00   0.00000E+00   0.00000E+00   0.00000E+00      792.49  0
 1.22811E-02   0.00000E+00   0.00000E+00   0.00000E+00   0.00000E+00      791.38  0
 1.23011E-02   0.00000E+00   0.00000E+00   0.00000E+00   0.00000E+00      790.27  0
 1.23211E-02   0.00000E+00   0.00000E+00   0.00000E+00   0.00000E+00      789.17  0
 1.23411E-02   0.00000E+00   0.00000E+00   0.00000E+00   0.00000E+00      788.07  0
 1.23611E-02   0.00000E+00   0.00000E+00   0.00000E+00   0.00000E+00      786.98  0
 1.23811E-02   0.00000E+00   0.00000E+00   0.00000E+00   0.00000E+00      785.90  0
 1.24011E-02   0.00000E+00   0.00000E+00   0.00000E+00   0.00000E+00      784.81  0
 1.24211E-02   0.00000E+00   0.00000E+00   0.00000E+00   0.00000E+00      783.74  0
 1.24411E-02   0.00000E+00   0.00000E+00   0.00000E+00   0.00000E+00      782.67  0
 1.24611E-02   0.00000E+00   0.00000E+00   0.00000E+00   0.00000E+00      781.60  0
 1.24811E-02   0.00000E+00   0.00000E+00   0.00000E+00   0.00000E+00      780.54  0
 1.25011E-02   0.00000E+00   0.00000E+00   0.00000E+00   0.00000E+00      779.48  0
 1.25211E-02   0.00000E+00   0.00000E+00   0.00000E+00   0.00000E+00      778.43  0
 1.25411E-02   0.00000E+00   0.00000E+00   0.00000E+00   0.00000E+00      777.38  0
 1.25611E-02   0.00000E+00   0.00000E+00   0.00000E+00   0.00000E+00      776.34  0
 1.25811E-02   0.00000E+00   0.00000E+00   0.00000E+00   0.00000E+00      775.30  0
 1.26011E-02   0.00000E+00   0.00000E+00   0.00000E+00   0.00000E+00      774.26  0
 1.26211E-02   0.00000E+00   0.00000E+00   0.00000E+00   0.00000E+00      773.23  0
 1.26411E-02   0.00000E+00   0.00000E+00   0.00000E+00   0.00000E+00      772.21  0
 1.26611E-02   0.00000E+00   0.00000E+00   0.00000E+00   0.00000E+00      771.19  0
 1.26811E-02   0.00000E+00   0.00000E+00   0.00000E+00   0.00000E+00      770.17  0
 1.27011E-02   0.00000E+00   0.00000E+00   0.00000E+00   0.00000E+00      769.16  0
 1.27211E-02   0.00000E+00   0.00000E+00   0.00000E+00   0.00000E+00      768.15  0
 1.27411E-02   0.00000E+00   0.00000E+00   0.00000E+00   0.00000E+00      767.15  0
 1.27611E-02   0.00000E+00   0.00000E+00   0.00000E+00   0.00000E+00      766.15  0
 1.27811E-02   0.00000E+00   0.00000E+00   0.00000E+00   0.00000E+00      765.15  0
 1.28011E-02   0.00000E+00   0.00000E+00   0.00000E+00   0.00000E+00      764.16  0
 1.28211E-02   0.00000E+00   0.00000E+00   0.00000E+00   0.00000E+00      763.18  0
 1.28411E-02   0.00000E+00   0.00000E+00   0.00000E+00   0.00000E+00      762.19  0
 1.28611E-02   0.00000E+00   0.00000E+00   0.00000E+00   0.00000E+00      761.22  0
 1.28811E-02   0.00000E+00   0.00000E+00   0.00000E+00   0.00000E+00      760.24  0
 1.29011E-02   0.00000E+00   0.00000E+00   0.00000E+00   0.00000E+00      759.27  0
 1.29211E-02   0.00000E+00   0.00000E+00   0.00000E+00   0.00000E+00      758.31  0
 1.29411E-02   0.00000E+00   0.00000E+00   0.00000E+00   0.00000E+00      757.35  0
 1.29611E-02   0.00000E+00   0.00000E+00   0.00000E+00   0.00000E+00      756.39  0
 1.29811E-02   0.00000E+00   0.00000E+00   0.00000E+00   0.00000E+00      755.44  0
 1.30011E-02   0.00000E+00   0.00000E+00   0.00000E+00   0.00000E+00      754.49  0
 1.30211E-02   0.00000E+00   0.00000E+00   0.00000E+00   0.00000E+00      753.54  0
 1.30411E-02   0.00000E+00   0.00000E+00   0.00000E+00   0.00000E+00      752.60  0
 1.30611E-02   0.00000E+00   0.00000E+00   0.00000E+00   0.00000E+00      751.66  0
 1.30811E-02   0.00000E+00   0.00000E+00   0.00000E+00   0.00000E+00      750.73  0
 1.31011E-02   0.00000E+00   0.00000E+00   0.00000E+00   0.00000E+00      749.80  0
 1.31211E-02   0.00000E+00   0.00000E+00   0.00000E+00   0.00000E+00      748.87  0
 1.31411E-02   0.00000E+00   0.00000E+00   0.00000E+00   0.00000E+00      747.95  0
 1.31611E-02   0.00000E+00   0.00000E+00   0.00000E+00   0.00000E+00      747.03  0
 1.31811E-02   0.00000E+00   0.00000E+00   0.00000E+00   0.00000E+00      746.12  0
 1.32011E-02   0.00000E+00   0.00000E+00   0.00000E+00   0.00000E+00      745.21  0
 1.32211E-02   0.00000E+00   0.00000E+00   0.00000E+00   0.00000E+00      744.30  0
 1.32411E-02   0.00000E+00   0.00000E+00   0.00000E+00   0.00000E+00      743.40  0
 1.32611E-02   0.00000E+00   0.00000E+00   0.00000E+00   0.00000E+00      742.50  0
 1.32811E-02   0.00000E+00   0.00000E+00   0.00000E+00   0.00000E+00      741.61  0
 1.33011E-02   0.00000E+00   0.00000E+00   0.00000E+00   0.00000E+00      740.72  0
 1.33211E-02   0.00000E+00   0.00000E+00   0.00000E+00   0.00000E+00      739.83  0
 1.33411E-02   0.00000E+00   0.00000E+00   0.00000E+00   0.00000E+00      738.95  0
 1.33611E-02   0.00000E+00   0.00000E+00   0.00000E+00   0.00000E+00      738.06  0
 1.33811E-02   0.00000E+00   0.00000E+00   0.00000E+00   0.00000E+00      737.19  0
 1.34011E-02   0.00000E+00   0.00000E+00   0.00000E+00   0.00000E+00      736.32  0
 1.34211E-02   0.00000E+00   0.00000E+00   0.00000E+00   0.00000E+00      735.45  0
