# Melt Pool Geometry History
# time(s)  length(m)  depth(m)  width(m)  volume(m3)  Tpeak(K)  laser_on
 2.10000E-05   0.00000E+00   0.00000E+00   0.00000E+00   7.07671E-14      293.00  1
 4.10000E-05   3.57467E-05   9.94683E-05   3.36852E-05   2.26261E-13     1798.11  1
 6.10000E-05   7.41705E-05   1.07550E-04   5.65709E-05   3.49990E-13     2369.13  1
 8.10000E-05   1.02490E-04   1.07960E-04   6.03538E-05   4.77408E-13     2605.07  1
 1.01000E-04   1.30264E-04   1.08094E-04   6.27687E-05   5.93051E-13     2716.88  1
 1.21000E-04   1.60169E-04   1.08085E-04   6.36237E-05   7.12185E-13     2682.88  1
 1.41000E-04   1.85085E-04   1.08077E-04   6.41971E-05   8.15942E-13     2737.11  1
 1.61000E-04   2.17396E-04   1.08125E-04   6.45833E-05   7.81531E-13     2663.36  0
 1.81000E-04   2.19158E-04   1.03882E-04   6.46505E-05   7.37098E-13     2472.44  0
 2.01000E-04   2.18697E-04   9.87962E-05   6.43793E-05   6.64246E-13     2294.50  0
 2.21000E-04   2.17516E-04   9.37618E-05   6.78070E-05   6.24514E-13     2078.69  0
 2.41000E-04   2.16318E-04   8.82668E-05   6.91284E-05   5.81881E-13     1949.59  0
 2.61000E-04   2.15332E-04   8.29304E-05   6.92051E-05   5.41296E-13     1860.66  0
 2.81000E-04   2.14562E-04   7.66477E-05   6.88373E-05   5.03621E-13     1797.58  0
 3.01000E-04   2.14094E-04   6.97947E-05   6.82416E-05   4.67693E-13     1751.82  0
 3.21000E-04   2.13793E-04   6.37541E-05   6.75126E-05   4.32991E-13     1717.94  0
 3.41000E-04   2.13649E-04   5.81371E-05   6.67177E-05   3.98457E-13     1691.01  0
 3.61000E-04   2.13496E-04   5.30223E-05   6.59206E-05   3.64016E-13     1669.26  0
 3.81000E-04   2.13327E-04   4.83423E-05   6.52166E-05   3.29816E-13     1652.06  0
 4.01000E-04   2.13139E-04   4.41415E-05   6.47941E-05   2.96230E-13     1638.97  0
 4.21000E-04   2.12927E-04   4.07404E-05   6.45949E-05   2.63522E-13     1629.74  0
 4.41000E-04   2.12676E-04   3.79413E-05   6.45066E-05   2.32391E-13     1624.22  0
 4.61000E-04   2.12379E-04   3.44143E-05   6.44105E-05   2.02607E-13     1622.60  0
 4.81000E-04   2.12011E-04   3.25377E-05   6.43005E-05   1.74473E-13     1621.69  0
 5.01000E-04   2.11539E-04   2.91844E-05   6.41722E-05   1.47551E-13     1620.42  0
 5.21000E-04   2.10253E-04   2.75782E-05   6.40226E-05   1.22427E-13     1618.79  0
 5.41000E-04   2.01201E-04   2.44396E-05   6.38418E-05   9.87785E-14     1616.74  0
 5.61000E-04   1.92555E-04   2.29094E-05   6.36214E-05   7.68214E-14     1614.25  0
 5.81000E-04   1.89886E-04   2.01155E-05   6.33589E-05   5.69643E-14     1611.23  0
 6.01000E-04   1.68935E-04   1.83092E-05   5.82851E-05   3.58710E-14     1607.30  0
 6.21000E-04   1.52070E-04   1.59540E-05   6.26885E-05   2.17743E-14     1603.00  0
 6.41000E-04   1.31333E-04   1.38118E-05   6.18830E-05   1.10540E-14     1597.92  0
 6.61000E-04   1.08416E-04   1.19265E-05   6.08341E-05   8.06121E-14     1591.92  1
 6.81000E-04   4.78998E-05   1.02733E-04   4.38179E-05   2.33120E-13     1837.94  1
 7.01000E-04   7.91757E-05   1.08122E-04   5.71127E-05   3.73761E-13     2491.39  1
 7.21000E-04   1.07524E-04   1.08666E-04   6.15247E-05   5.04106E-13     2695.76  1
 7.41000E-04   1.36489E-04   1.08988E-04   6.28959E-05   6.33414E-13     2746.47  1
 7.61000E-04   1.65721E-04   1.09218E-04   6.38388E-05   7.62238E-13     2752.07  1
 7.81000E-04   1.95086E-04   1.09381E-04   6.46783E-05   8.90381E-13     2766.70  1
 8.01000E-04   2.23907E-04   1.09293E-04   6.54707E-05   1.01128E-12     2759.37  1
 8.21000E-04   2.53794E-04   1.09555E-04   6.86623E-05   1.13064E-12     2794.86  1
 8.41000E-04   2.83270E-04   1.09690E-04   7.17574E-05   1.24596E-12     2817.74  1
 8.61000E-04   3.13140E-04   1.09585E-04   7.31595E-05   1.35796E-12     2822.74  1
 8.81000E-04   3.42599E-04   1.09401E-04   7.41110E-05   1.45952E-12     2809.50  1
 9.01000E-04   3.71928E-04   1.09175E-04   7.48032E-05   1.55932E-12     2801.47  1
 9.21000E-04   4.01945E-04   1.08919E-04   7.54060E-05   1.65020E-12     2776.24  1
 9.41000E-04   4.31696E-04   1.08693E-04   7.59239E-05   1.72871E-12     2769.30  1
 9.61000E-04   4.61349E-04   1.08548E-04   7.63757E-05   1.64830E-12     2794.61  0
 9.81000E-04   4.61159E-04   1.05079E-04   7.67663E-05   1.56075E-12     2410.92  0
 1.00100E-03   4.54240E-04   1.00605E-04   7.71453E-05   1.46324E-12     2225.96  0
 1.02100E-03   4.54973E-04   9.56012E-05   7.87832E-05   1.38443E-12     2104.26  0
 1.04100E-03   4.52662E-04   9.03127E-05   7.99937E-05   1.30838E-12     2017.06  0
 1.06100E-03   4.49007E-04   8.48921E-05   8.05685E-05   1.23654E-12     1947.60  0
 1.08100E-03   4.47011E-04   7.93973E-05   8.07995E-05   1.16890E-12     1886.50  0
 1.10100E-03   4.44247E-04   7.41363E-05   8.09074E-05   1.10302E-12     1833.80  0
 1.12100E-03   4.37760E-04   6.91652E-05   8.09015E-05   1.03874E-12     1790.24  0
 1.14100E-03   4.34792E-04   6.46511E-05   8.07496E-05   9.76162E-13     1754.44  0
 1.16100E-03   4.27649E-04   6.08003E-05   8.04786E-05   9.14342E-13     1724.62  0
 1.18100E-03   4.24117E-04   5.77150E-05   8.00982E-05   8.54065E-13     1699.93  0
 1.20100E-03   4.15067E-04   5.35282E-05   7.64260E-05   7.43450E-13     1679.97  0
 1.22100E-03   4.10271E-04   5.05085E-05   8.23655E-05   6.75026E-13     1661.81  0
 1.24100E-03   3.99227E-04   4.81007E-05   8.28697E-05   6.09838E-13     1646.23  0
 1.26100E-03   3.93763E-04   4.50006E-05   8.32037E-05   5.47755E-13     1634.71  0
 1.28100E-03   3.84581E-04   4.29862E-05   8.34291E-05   4.89916E-13     1627.06  0
 1.30100E-03   3.76200E-04   3.99706E-05   8.35825E-05   4.35883E-13     1623.26  0
 1.32100E-03   3.65383E-04   3.80981E-05   8.36814E-05   3.85422E-13     1622.41  0
 1.34100E-03   3.54214E-04   3.53144E-05   8.37319E-05   3.38711E-13     1621.48  0
 1.36100E-03   3.40845E-04   3.33985E-05   8.37400E-05   2.95152E-13     1620.28  0
 1.38100E-03   3.30907E-04   3.10770E-05   8.37076E-05   2.54520E-13     1618.82  0
 1.40100E-03   3.14411E-04   2.88262E-05   7.75770E-05   1.97722E-13     1616.62  0
 1.42100E-03   2.99951E-04   2.74041E-05   9.03456E-05   1.60357E-13     1614.63  0
 1.44100E-03   2.87966E-04   2.46184E-05   9.02432E-05   1.27344E-13     1612.40  0
 1.46100E-03   2.72414E-04   2.32350E-05   9.00590E-05   1.77207E-13     1609.90  1
 1.48100E-03   4.38589E-05   1.03599E-04   4.31005E-05   3.06219E-13     1860.15  1
 1.50100E-03   7.40323E-05   1.08150E-04   5.73120E-05   4.22613E-13     2492.09  1
 1.52100E-03   1.04257E-04   1.08858E-04   6.17307E-05   5.41302E-13     2652.91  1
 1.54100E-03   1.34157E-04   1.09056E-04   6.31188E-05   6.59376E-13     2674.81  1
 1.56100E-03   1.64330E-04   1.09195E-04   6.39957E-05   7.75596E-13     2713.89  1
 1.58100E-03   1.93884E-04   1.09456E-04   6.46313E-05   8.93420E-13     2768.19  1
 1.60100E-03   2.19057E-04   1.09078E-04   6.49438E-05   1.02531E-12     2701.23  1
 1.62100E-03   2.51198E-04   1.09616E-04   6.99172E-05   1.15749E-12     2700.59  1
 1.64100E-03   2.80196E-04   1.10033E-04   7.18804E-05   1.27850E-12     2745.95  1
 1.66100E-03   3.05605E-04   1.10136E-04   7.28519E-05   1.40093E-12     2762.72  1
 1.68100E-03   3.33151E-04   1.10200E-04   7.35961E-05   1.51358E-12     2708.49  1
 1.70100E-03   3.62129E-04   1.10220E-04   7.42177E-05   1.62379E-12     2713.42  1
 1.72100E-03   3.91628E-04   1.10344E-04   7.49602E-05   1.73455E-12     2707.13  1
 1.74100E-03   4.21336E-04   1.10366E-04   7.56282E-05   1.83982E-12     2717.53  1
 1.76100E-03   4.51111E-04   1.10334E-04   7.62455E-05   1.93777E-12     2732.28  1
 1.78100E-03   4.79112E-04   1.10265E-04   7.68102E-05   2.02836E-12     2755.59  1
 1.80100E-03   5.01064E-04   1.10084E-04   7.73994E-05   2.11538E-12     2720.15  1
 1.82100E-03   5.32935E-04   1.09976E-04   7.79954E-05   2.19481E-12     2708.17  1
 1.84100E-03   5.59577E-04   1.09825E-04   8.03151E-05   2.27062E-12     2738.75  1
 1.86100E-03   5.78054E-04   1.09503E-04   8.13864E-05   2.34312E-12     2758.45  1
 1.88100E-03   6.02972E-04   1.09241E-04   8.23083E-05   2.40027E-12     2688.60  1
 1.90100E-03   6.25359E-04   1.09018E-04   8.27502E-05   2.46165E-12     2690.76  1
 1.92100E-03   6.51742E-04   1.08803E-04   8.30316E-05   2.35266E-12     2675.10  0
 1.94100E-03   6.47680E-04   1.05833E-04   8.31624E-05   2.23323E-12     2350.80  0
 1.96100E-03   6.44988E-04   1.02222E-04   8.32256E-05   2.11565E-12     2186.24  0
 1.98100E-03   6.38854E-04   9.75788E-05   8.32442E-05   2.00210E-12     2081.38  0
 2.00100E-03   6.34056E-04   9.16067E-05   8.31818E-05   1.88050E-12     1999.30  0
 2.02100E-03   6.27094E-04   8.65947E-05   8.39428E-05   1.77842E-12     1915.16  0
 2.04100E-03   6.21571E-04   8.10871E-05   8.50118E-05   1.67233E-12     1844.86  0
 2.06100E-03   6.14589E-04   7.58836E-05   8.53193E-05   1.56737E-12     1793.27  0
 2.08100E-03   6.07171E-04   7.09865E-05   8.53812E-05   1.46476E-12     1753.19  0
 2.10100E-03   6.02437E-04   6.65670E-05   8.52945E-05   1.36511E-12     1722.47  0
 2.12100E-03   5.94331E-04   6.27469E-05   8.51889E-05   1.26879E-12     1698.67  0
 2.14100E-03   5.87409E-04   5.87323E-05   8.51610E-05   1.17570E-12     1679.10  0
 2.16100E-03   5.82138E-04   5.55535E-05   8.52342E-05   1.08586E-12     1662.95  0
 2.18100E-03   5.73684E-04   5.30044E-05   8.53282E-05   9.99692E-13     1649.70  0
 2.20100E-03   5.63054E-04   4.90866E-05   8.06340E-05   8.50832E-13     1638.93  0
 2.22100E-03   5.56998E-04   4.68111E-05   9.15260E-05   7.61565E-13     1630.19  0
 2.24100E-03   5.48350E-04   4.37775E-05   9.18948E-05   6.78972E-13     1624.67  0
 2.26100E-03   5.40290E-04   4.14511E-05   9.21378E-05   6.03199E-13     1622.76  0
 2.28100E-03   5.26437E-04   3.87822E-05   9.22891E-05   5.32217E-13     1622.03  0
 2.30100E-03   5.12411E-04   3.67746E-05   9.23759E-05   4.66448E-13     1621.04  0
 2.32100E-03   4.95337E-04   3.42047E-05   9.24107E-05   4.05639E-13     1619.81  0
 2.34100E-03   4.80776E-04   3.27370E-05   9.24045E-05   3.49499E-13     1618.34  0
 2.36100E-03   4.63507E-04   2.99460E-05   9.23583E-05   2.97447E-13     1616.66  0
 2.38100E-03   4.45810E-04   2.83670E-05   9.22796E-05   2.49851E-13     1614.74  0
 2.40100E-03   4.24056E-04   2.61646E-05   8.52184E-05   1.89630E-13     1612.22  0
 2.42100E-03   4.04727E-04   2.41477E-05   9.11870E-05   2.24370E-13     1609.85  1
 2.44100E-03   4.28772E-05   1.03583E-04   4.33565E-05   3.37392E-13     1858.27  1
 2.46100E-03   7.80299E-05   1.08344E-04   5.85435E-05   4.45444E-13     2517.83  1
 2.48100E-03   1.08433E-04   1.08819E-04   6.21026E-05   5.55703E-13     2740.35  1
 2.50100E-03   1.38185E-04   1.09144E-04   6.36555E-05   6.66708E-13     2783.04  1
 2.52100E-03   1.67994E-04   1.09412E-04   6.46232E-05   7.79717E-13     2815.24  1
 2.54100E-03   1.97292E-04   1.09664E-04   6.54186E-05   8.96008E-13     2832.31  1
 2.56100E-03   2.26707E-04   1.09858E-04   6.63216E-05   1.02603E-12     2828.61  1
 2.58100E-03   2.56503E-04   1.10052E-04   6.97160E-05   1.15380E-12     2806.80  1
 2.60100E-03   2.83591E-04   1.09656E-04   7.19170E-05   1.30135E-12     2750.41  1
 2.62100E-03   3.12547E-04   1.10059E-04   7.67346E-05   1.42872E-12     2762.20  1
 2.64100E-03   3.41995E-04   1.10384E-04   7.88663E-05   1.54916E-12     2802.21  1
 2.66100E-03   3.59049E-04   1.10463E-04   7.98845E-05   1.66675E-12     2800.02  1
 2.68100E-03   3.87559E-04   1.10492E-04   8.06547E-05   1.77843E-12     2789.16  1
 2.70100E-03   4.16284E-04   1.10506E-04   8.13637E-05   1.88915E-12     2781.16  1
 2.72100E-03   4.45299E-04   1.10627E-04   8.20634E-05   1.99593E-12     2774.49  1
 2.74100E-03   4.74562E-04   1.10685E-04   8.27033E-05   2.10195E-12     2800.11  1
 2.76100E-03   5.03886E-04   1.10699E-04   8.33120E-05   2.20308E-12     2792.06  1
 2.78100E-03   5.33226E-04   1.10781E-04   8.55159E-05   2.29955E-12     2817.86  1
 2.80100E-03   5.56716E-04   1.10679E-04   8.61953E-05   2.39651E-12     2798.98  1
 2.82100E-03   5.81335E-04   1.10658E-04   8.70102E-05   2.48883E-12     2804.31  1
 2.84100E-03   6.03384E-04   1.10752E-04   8.74315E-05   2.57419E-12     2842.11  1
 2.86100E-03   6.24603E-04   1.10660E-04   8.77989E-05   2.65793E-12     2851.19  1
 2.88100E-03   6.48030E-04   1.10463E-04   8.80409E-05   2.73633E-12     2848.35  1
 2.90100E-03   6.73281E-04   1.10303E-04   8.82632E-05   2.80547E-12     2836.50  1
 2.92100E-03   6.96487E-04   1.10234E-04   8.84034E-05   2.87410E-12     2819.31  1
 2.94100E-03   7.22693E-04   1.10020E-04   8.84435E-05   2.92961E-12     2809.30  1
 2.96100E-03   7.45380E-04   1.09780E-04   8.84646E-05   2.98097E-12     2819.09  1
 2.98100E-03   7.71432E-04   1.09513E-04   8.84539E-05   3.02481E-12     2830.42  1
 3.00100E-03   7.79846E-04   1.09252E-04   8.83919E-05   3.05417E-12     2817.36  1
 3.02100E-03   8.04136E-04   1.09062E-04   8.82930E-05   3.09083E-12     2767.02  1
 3.04100E-03   8.27087E-04   1.08852E-04   8.81894E-05   2.95149E-12     2711.97  0
 3.06100E-03   8.23748E-04   1.05976E-04   8.81027E-05   2.80874E-12     2350.03  0
 3.08100E-03   8.16442E-04   1.02377E-04   8.79916E-05   2.66525E-12     2178.14  0
 3.10100E-03   8.13524E-04   9.76358E-05   8.78890E-05   2.52551E-12     2060.93  0
 3.12100E-03   8.05026E-04   9.25234E-05   8.77951E-05   2.39301E-12     1973.39  0
 3.14100E-03   8.01109E-04   8.74724E-05   8.76600E-05   2.26517E-12     1903.37  0
 3.16100E-03   7.92776E-04   8.19951E-05   8.74815E-05   2.14345E-12     1849.51  0
 3.18100E-03   7.86266E-04   7.67431E-05   8.72707E-05   2.02682E-12     1806.77  0
 3.20100E-03   7.77524E-04   7.07495E-05   8.57559E-05   1.80962E-12     1771.28  0
 3.22100E-03   7.72377E-04   6.64004E-05   9.20968E-05   1.67515E-12     1737.02  0
 3.24100E-03   7.63028E-04   6.25972E-05   9.24817E-05   1.54723E-12     1706.53  0
 3.26100E-03   7.55840E-04   5.82398E-05   9.27969E-05   1.42545E-12     1682.06  0
 3.28100E-03   7.48492E-04   5.43401E-05   9.30065E-05   1.30856E-12     1662.65  0
 3.30100E-03   7.38460E-04   5.19526E-05   9.31355E-05   1.19670E-12     1647.88  0
 3.32100E-03   7.28783E-04   4.87022E-05   9.32079E-05   1.09073E-12     1637.01  0
 3.34100E-03   7.19202E-04   4.61227E-05   9.32387E-05   9.89773E-13     1629.42  0
 3.36100E-03   7.09410E-04   4.35312E-05   9.32390E-05   8.93833E-13     1624.76  0
 3.38100E-03   7.01035E-04   4.09647E-05   9.32146E-05   8.02853E-13     1622.89  0
 3.40100E-03   6.88678E-04   3.83744E-05   8.67584E-05   6.48869E-13     1622.17  0
 3.42100E-03   6.77276E-04   3.59088E-05   1.00247E-04   5.48562E-13     1621.24  0
 3.44100E-03   6.59273E-04   3.37615E-05   9.99737E-05   4.60015E-13     1620.04  0
 3.46100E-03   6.32131E-04   3.19023E-05   9.74301E-05   3.81482E-13     1618.61  0
 3.48100E-03   6.05495E-04   2.93349E-05   9.61035E-05   3.12235E-13     1616.93  0
 3.50099E-03   5.77191E-04   2.79061E-05   9.46952E-05   2.51286E-13     1614.97  0
 3.52099E-03   5.48581E-04   2.53159E-05   9.22360E-05   1.97383E-13     1612.72  0
 3.54099E-03   5.17897E-04   2.36718E-05   8.85681E-05   2.34395E-13     1610.18  1
 3.56099E-03   4.18974E-05   1.03392E-04   4.31670E-05   3.49012E-13     1842.42  1
 3.58099E-03   7.68242E-05   1.08295E-04   5.79550E-05   4.53530E-13     2607.97  1
 3.60099E-03   1.04492E-04   1.08443E-04   6.14066E-05   5.53942E-13     2625.62  1
 3.62099E-03   1.30067E-04   1.08893E-04   6.63842E-05   6.73263E-13     2696.81  1
 3.64099E-03   1.57622E-04   1.09328E-04   6.89601E-05   7.95368E-13     2677.52  1
 3.66099E-03   1.86327E-04   1.09647E-04   7.05167E-05   9.16497E-13     2704.89  1
 3.68099E-03   2.15351E-04   1.09863E-04   7.15109E-05   1.04648E-12     2703.57  1
 3.70099E-03   2.44651E-04   1.10098E-04   7.24344E-05   1.17594E-12     2716.47  1
 3.72099E-03   2.74310E-04   1.10269E-04   7.32956E-05   1.31140E-12     2737.76  1
 3.74099E-03   3.02330E-04   1.10396E-04   7.87039E-05   1.44428E-12     2763.85  1
 3.76099E-03   3.27391E-04   1.10479E-04   8.04534E-05   1.57965E-12     2791.00  1
 3.78099E-03   3.54655E-04   1.10534E-04   8.13871E-05   1.71020E-12     2744.08  1
 3.80099E-03   3.82262E-04   1.10586E-04   8.19944E-05   1.83238E-12     2731.96  1
 3.82099E-03   4.15469E-04   1.10750E-04   8.25467E-05   1.94969E-12     2744.12  1
 3.84099E-03   4.44450E-04   1.10863E-04   8.30747E-05   2.06301E-12     2771.82  1
 3.86099E-03   4.69926E-04   1.10930E-04   8.35389E-05   2.17027E-12     2815.84  1
 3.88099E-03   4.96285E-04   1.10891E-04   8.39598E-05   2.27721E-12     2771.91  1
 3.90099E-03   5.23171E-04   1.10849E-04   8.53820E-05   2.38373E-12     2753.57  1
 3.92099E-03   5.47593E-04   1.10885E-04   8.67581E-05   2.48721E-12     2741.29  1
 3.94099E-03   5.73696E-04   1.10942E-04   8.82707E-05   2.58904E-12     2750.83  1
 3.96099E-03   6.01607E-04   1.10964E-04   8.93893E-05   2.68690E-12     2766.44  1
 3.98099E-03   6.24891E-04   1.11038E-04   9.00861E-05   2.77666E-12     2788.83  1
 4.00099E-03   6.45607E-04   1.10935E-04   9.05399E-05   2.86244E-12     2758.28  1
 4.02099E-03   6.73210E-04   1.10923E-04   9.07751E-05   2.94548E-12     2752.59  1
 4.04099E-03   7.00498E-04   1.11037E-04   9.08565E-05   3.02230E-12     2777.33  1
 4.06099E-03   7.21610E-04   1.11030E-04   9.09291E-05   3.09200E-12     2788.38  1
 4.08099E-03   7.44500E-04   1.10883E-04   9.09478E-05   3.16050E-12     2799.70  1
 4.10099E-03   7.65545E-04   1.10724E-04   9.08928E-05   3.21597E-12     2755.22  1
 4.12099E-03   7.91554E-04   1.10679E-04   9.07633E-05   3.27122E-12     2738.69  1
 4.14099E-03   8.14038E-04   1.10593E-04   9.06115E-05   3.32270E-12     2745.41  1
 4.16100E-03   8.40713E-04   1.10480E-04   9.06573E-05   3.36342E-12     2748.48  1
 4.18100E-03   8.62671E-04   1.10291E-04   9.04736E-05   3.39756E-12     2771.02  1
 4.20100E-03   8.82534E-04   1.09988E-04   9.01265E-05   3.42929E-12     2737.77  1
 4.22100E-03   9.10655E-04   1.09832E-04   8.99193E-05   3.44909E-12     2725.51  1
 4.24100E-03   9.31093E-04   1.09622E-04   8.96747E-05   3.46249E-12     2730.63  1
 4.26100E-03   9.52677E-04   1.09329E-04   8.94096E-05   3.47221E-12     2749.28  1
 4.28100E-03   9.75411E-04   1.09115E-04   8.91174E-05   3.47181E-12     2692.57  1
 4.30100E-03   9.98904E-04   1.08924E-04   8.88342E-05   3.30505E-12     2682.66  0
 4.32100E-03   1.00029E-03   1.06199E-04   8.85121E-05   3.12559E-12     2355.37  0
 4.34100E-03   1.00050E-03   1.02536E-04   8.81733E-05   2.95386E-12     2168.96  0
 4.36100E-03   9.98624E-04   9.77350E-05   8.80416E-05   2.78572E-12     2052.55  0
 4.38100E-03   9.89630E-04   9.26176E-05   8.78916E-05   2.62418E-12     1963.29  0
 4.40100E-03   9.79920E-04   8.71309E-05   8.62122E-05   2.34149E-12     1894.19  0
 4.42100E-03   9.73997E-04   8.21655E-05   8.90731E-05   2.16042E-12     1829.63  0
 4.44100E-03   9.63729E-04   7.67207E-05   8.71173E-05   1.98194E-12     1775.15  0
 4.46100E-03   9.54603E-04   7.17858E-05   8.63877E-05   1.81046E-12     1731.66  0
 4.48100E-03   9.46267E-04   6.70822E-05   8.58501E-05   1.64655E-12     1698.60  0
 4.50100E-03   9.36443E-04   6.26727E-05   8.53564E-05   1.49195E-12     1673.95  0
 4.52100E-03   9.23849E-04   5.81619E-05   8.49545E-05   1.34608E-12     1655.80  0
 4.54100E-03   9.08490E-04   5.40229E-05   8.44504E-05   1.20992E-12     1642.71  0
 4.56100E-03   8.91733E-04   5.06102E-05   8.38871E-05   1.08328E-12     1633.42  0
 4.58100E-03   8.66759E-04   4.78220E-05   8.37392E-05   9.66741E-13     1627.28  0
 4.60100E-03   8.24138E-04   4.31904E-05   7.83144E-05   7.98416E-13     1623.64  0
 4.62100E-03   7.86961E-04   4.04048E-05   9.06744E-05   6.89511E-13     1622.65  0
 4.64100E-03   7.56726E-04   3.81307E-05   9.02567E-05   5.92410E-13     1621.92  0
 4.66100E-03   7.28427E-04   3.52460E-05   8.98169E-05   5.03320E-13     1620.91  0
 4.68100E-03   6.96970E-04   3.32975E-05   8.93664E-05   4.22380E-13     1619.66  0
 4.70100E-03   6.63760E-04   3.08590E-05   8.85980E-05   3.49142E-13     1618.15  0
 4.72100E-03   6.27684E-04   2.88108E-05   8.75802E-05   2.83337E-13     1616.38  0
 4.74100E-03   5.95380E-04   2.72706E-05   8.63499E-05   2.25584E-13     1614.34  0
 4.76100E-03   5.57699E-04   2.45434E-05   8.47800E-05   1.74239E-13     1612.02  0
 4.78100E-03   5.24578E-04   2.31310E-05   8.28058E-05   1.29279E-13     1609.38  0
 4.80100E-03   4.81226E-04   2.04078E-05   7.45078E-05   1.60118E-13     1605.97  1
 4.82100E-03   4.11469E-05   1.03109E-04   5.03444E-05   2.90939E-13     1830.17  1
 4.84100E-03   7.55015E-05   1.08081E-04   5.66863E-05   4.05539E-13     2514.35  1
 4.86100E-03   1.06791E-04   1.08588E-04   6.14527E-05   5.20057E-13     2679.61  1
 4.88100E-03   1.36517E-04   1.08777E-04   6.25735E-05   6.40387E-13     2732.38  1
 4.90100E-03   1.66108E-04   1.09152E-04   6.37359E-05   7.68813E-13     2751.78  1
 4.92100E-03   1.96080E-04   1.09520E-04   6.46315E-05   8.96159E-13     2764.23  1
 4.94100E-03   2.25877E-04   1.09809E-04   6.54492E-05   1.02037E-12     2770.31  1
 4.96100E-03   2.55403E-04   1.09993E-04   6.62825E-05   1.14265E-12     2779.47  1
 4.98100E-03   2.84718E-04   1.10230E-04   6.71559E-05   1.26437E-12     2787.31  1
 5.00100E-03   3.12899E-04   1.10372E-04   6.79576E-05   1.38989E-12     2785.78  1
 5.02100E-03   3.42662E-04   1.10502E-04   7.25722E-05   1.51579E-12     2824.13  1
 5.04100E-03   3.72304E-04   1.10677E-04   7.43191E-05   1.64181E-12     2844.75  1
 5.06100E-03   4.02182E-04   1.10717E-04   7.52840E-05   1.76392E-12     2850.51  1
 5.08100E-03   4.17331E-04   1.10743E-04   7.60716E-05   1.88079E-12     2858.94  1
 5.10100E-03   4.46194E-04   1.10775E-04   7.68061E-05   1.99605E-12     2832.57  1
 5.12100E-03   4.75298E-04   1.10883E-04   7.75204E-05   2.10376E-12     2784.15  1
 5.14100E-03   5.04772E-04   1.10925E-04   7.82254E-05   2.20729E-12     2810.68  1
 5.16100E-03   5.34287E-04   1.11012E-04   7.89178E-05   2.31153E-12     2832.68  1
 5.18100E-03   5.63732E-04   1.11107E-04   8.15424E-05   2.41547E-12     2848.42  1
 5.20100E-03   5.88437E-04   1.11010E-04   8.34841E-05   2.51254E-12     2832.04  1
 5.22100E-03   6.17136E-04   1.11028E-04   8.43983E-05   2.60970E-12     2848.09  1
 5.24100E-03   6.44344E-04   1.11174E-04   8.48593E-05   2.69936E-12     2866.53  1
 5.26100E-03   6.66544E-04   1.11213E-04   8.51304E-05   2.78518E-12     2874.27  1
 5.28100E-03   6.92836E-04   1.11170E-04   8.52837E-05   2.86972E-12     2884.36  1
 5.30100E-03   7.15009E-04   1.11098E-04   8.54916E-05   2.95183E-12     2889.64  1
 5.32100E-03   7.40100E-04   1.11067E-04   8.57069E-05   3.02798E-12     2879.96  1
 5.34100E-03   7.63241E-04   1.11107E-04   8.58223E-05   3.10554E-12     2859.49  1
 5.36100E-03   7.87083E-04   1.11134E-04   8.58628E-05   3.17598E-12     2849.84  1
 5.38100E-03   8.12116E-04   1.11186E-04   8.58909E-05   3.24072E-12     2881.30  1
 5.40100E-03   8.28863E-04   1.11084E-04   8.58580E-05   3.30599E-12     2875.13  1
 5.42100E-03   8.53197E-04   1.11061E-04   8.59554E-05   3.36600E-12     2871.70  1
 5.44100E-03   8.77109E-04   1.11166E-04   8.60236E-05   3.42250E-12     2867.87  1
 5.46101E-03   8.99041E-04   1.11153E-04   8.60356E-05   3.47540E-12     2861.88  1
 5.48101E-03   9.11681E-04   1.11032E-04   8.60552E-05   3.52372E-12     2856.87  1
 5.50101E-03   9.32776E-04   1.10872E-04   8.60667E-05   3.57203E-12     2852.22  1
 5.52101E-03   9.57370E-04   1.10797E-04   8.60802E-05   3.62365E-12     2809.22  1
 5.54101E-03   9.78525E-04   1.10720E-04   8.71900E-05   3.67077E-12     2806.95  1
 5.56101E-03   1.00482E-03   1.10618E-04   8.79575E-05   3.70895E-12     2820.14  1
 5.58101E-03   1.03348E-03   1.10482E-04   8.83273E-05   3.74085E-12     2844.34  1
 5.60101E-03   1.05315E-03   1.10169E-04   8.84010E-05   3.76961E-12     2853.88  1
 5.62101E-03   1.07905E-03   1.09929E-04   8.83383E-05   3.78607E-12     2837.79  1
 5.64101E-03   1.09893E-03   1.09772E-04   8.82055E-05   3.80230E-12     2820.38  1
 5.66101E-03   1.12455E-03   1.09489E-04   8.79152E-05   3.80662E-12     2790.49  1
 5.68101E-03   1.14421E-03   1.09241E-04   8.75964E-05   3.80522E-12     2785.14  1
 5.70101E-03   1.16512E-03   1.09029E-04   8.72899E-05   3.79694E-12     2790.50  1
 5.72101E-03   1.17448E-03   1.08894E-04   8.69829E-05   3.62199E-12     2777.84  0
 5.74101E-03   1.16341E-03   1.06013E-04   8.67466E-05   3.43678E-12     2390.34  0
 5.76101E-03   1.15239E-03   1.02505E-04   8.65713E-05   3.25193E-12     2213.92  0
 5.78101E-03   1.14266E-03   9.76516E-05   8.64534E-05   3.07452E-12     2103.76  0
 5.80101E-03   1.13513E-03   9.24074E-05   8.58466E-05   2.88886E-12     2020.97  0
 5.82101E-03   1.12546E-03   8.71542E-05   8.58259E-05   2.72950E-12     1953.09  0
 5.84101E-03   1.11619E-03   8.16495E-05   8.57227E-05   2.57441E-12     1892.03  0
 5.86101E-03   1.10771E-03   7.64120E-05   8.54421E-05   2.42298E-12     1840.04  0
 5.88101E-03   1.09583E-03   7.15145E-05   8.50618E-05   2.27650E-12     1796.45  0
 5.90101E-03   1.08356E-03   6.75258E-05   8.49195E-05   2.13408E-12     1761.48  0
 5.92101E-03   1.07078E-03   6.30564E-05   8.48532E-05   1.99541E-12     1732.91  0
 5.94101E-03   1.05766E-03   5.90417E-05   8.47806E-05   1.86008E-12     1708.65  0
 5.96101E-03   1.04441E-03   5.59091E-05   8.47025E-05   1.72817E-12     1687.99  0
 5.98101E-03   1.02782E-03   5.31239E-05   8.46192E-05   1.59991E-12     1670.64  0
 6.00101E-03   1.01198E-03   4.97703E-05   8.45310E-05   1.47539E-12     1656.36  0
 6.02101E-03   9.97036E-04   4.77124E-05   8.44370E-05   1.35514E-12     1644.76  0
 6.04101E-03   9.77766E-04   4.43938E-05   8.43402E-05   1.23948E-12     1635.56  0
 6.06101E-03   9.60698E-04   4.26204E-05   8.42499E-05   1.12839E-12     1628.84  0
 6.08101E-03   9.38795E-04   3.94520E-05   8.41577E-05   1.02210E-12     1624.56  0
 6.10101E-03   9.16352E-04   3.77996E-05   8.40621E-05   9.20845E-13     1622.86  0
 6.12101E-03   8.92861E-04   3.49163E-05   8.39635E-05   8.24434E-13     1622.26  0
 6.14101E-03   8.68446E-04   3.33039E-05   8.38598E-05   7.33239E-13     1621.41  0
 6.16101E-03   8.43668E-04   3.26785E-05   8.37471E-05   6.46748E-13     1620.32  0
 6.18101E-03   8.14079E-04   3.11428E-05   8.36230E-05   5.65205E-13     1618.97  0
 6.20101E-03   7.77428E-04   2.73487E-05   7.85853E-05   4.11450E-13     1617.08  0
 6.22101E-03   7.32537E-04   2.49255E-05   8.34536E-05   4.05431E-13     1615.12  1
 6.24101E-03   4.87030E-05   1.04061E-04   4.23925E-05   4.93127E-13     1844.33  1
 6.26101E-03   7.68555E-05   1.08780E-04   5.81370E-05   5.78685E-13     2502.72  1
 6.28101E-03   1.04656E-04   1.09676E-04   6.26956E-05   6.70634E-13     2698.02  1
 6.30101E-03   1.33481E-04   1.10002E-04   6.40969E-05   7.73506E-13     2731.74  1
 6.32101E-03   1.63025E-04   1.10141E-04   6.53327E-05   8.80312E-13     2723.69  1
 6.34101E-03   1.92800E-04   1.10358E-04   6.62769E-05   9.95736E-13     2736.79  1
 6.36101E-03   2.23090E-04   1.10474E-04   6.71743E-05   1.11324E-12     2754.03  1
 6.38101E-03   2.52597E-04   1.10563E-04   6.79949E-05   1.23182E-12     2798.57  1
 6.40101E-03   2.77044E-04   1.10322E-04   6.90002E-05   1.40164E-12     2776.85  1
 6.42101E-03   3.04321E-04   1.10538E-04   7.20865E-05   1.53591E-12     2720.77  1
 6.44101E-03   3.32816E-04   1.10701E-04   7.40079E-05   1.65930E-12     2716.34  1
 6.46101E-03   3.62114E-04   1.10838E-04   7.51325E-05   1.78167E-12     2716.43  1
 6.48101E-03   3.91666E-04   1.10934E-04   7.61059E-05   1.90144E-12     2730.63  1
 6.50101E-03   4.21693E-04   1.10989E-04   7.69906E-05   2.01504E-12     2762.23  1
 6.52101E-03   4.50361E-04   1.11103E-04   7.78319E-05   2.12202E-12     2786.08  1
 6.54101E-03   4.75873E-04   1.11139E-04   7.86353E-05   2.23560E-12     2803.03  1
 6.56101E-03   5.03475E-04   1.11100E-04   8.14017E-05   2.34893E-12     2750.89  1
 6.58101E-03   5.32413E-04   1.11053E-04   8.37410E-05   2.45615E-12     2740.85  1
 6.60101E-03   5.61808E-04   1.11113E-04   8.45355E-05   2.56408E-12     2747.66  1
 6.62101E-03   5.91444E-04   1.11130E-04   8.51260E-05   2.66361E-12     2754.90  1
 6.64101E-03   6.21227E-04   1.11225E-04   8.55387E-05   2.75961E-12     2785.92  1
 6.66101E-03   6.49386E-04   1.11287E-04   8.58250E-05   2.84819E-12     2795.71  1
 6.68101E-03   6.74826E-04   1.11261E-04   8.59892E-05   2.93517E-12     2811.23  1
 6.70101E-03   7.02505E-04   1.11187E-04   8.60704E-05   3.01990E-12     2759.06  1
 6.72101E-03   7.31473E-04   1.11143E-04   8.60761E-05   3.09893E-12     2745.19  1
 6.74101E-03   7.60440E-04   1.11182E-04   8.61193E-05   3.17816E-12     2764.29  1
 6.76101E-03   7.82064E-04   1.11226E-04   8.61484E-05   3.24839E-12     2773.38  1
 6.78102E-03   8.02971E-04   1.11279E-04   8.61870E-05   3.31451E-12     2808.22  1
 6.80102E-03   8.20224E-04   1.11179E-04   8.61592E-05   3.37960E-12     2782.51  1
 6.82102E-03   8.42936E-04   1.11158E-04   8.61317E-05   3.44463E-12     2769.71  1
 6.84102E-03   8.67423E-04   1.11281E-04   8.60570E-05   3.50415E-12     2799.97  1
 6.86102E-03   8.89111E-04   1.11285E-04   8.59511E-05   3.55612E-12     2806.76  1
 6.88102E-03   9.10197E-04   1.11206E-04   8.58371E-05   3.60979E-12     2829.62  1
 6.90102E-03   9.34234E-04   1.11091E-04   8.57374E-05   3.65571E-12     2776.68  1
 6.92102E-03   9.55942E-04   1.11027E-04   8.59676E-05   3.69872E-12     2761.64  1
 6.94102E-03   9.82673E-04   1.11028E-04   8.61653E-05   3.74107E-12     2771.46  1
 6.96102E-03   1.00500E-03   1.11012E-04   8.62879E-05   3.77595E-12     2785.35  1
 6.98102E-03   1.03161E-03   1.11012E-04   8.64153E-05   3.80493E-12     2814.47  1
 7.00102E-03   1.04880E-03   1.10833E-04   8.64783E-05   3.82944E-12     2776.52  1
 7.02102E-03   1.07408E-03   1.10701E-04   8.64561E-05   3.85524E-12     2767.43  1
 7.04102E-03   1.09801E-03   1.10661E-04   8.63783E-05   3.86935E-12     2786.88  1
 7.06102E-03   1.12162E-03   1.10560E-04   8.62611E-05   3.88079E-12     2805.71  1
 7.08102E-03   1.14686E-03   1.10279E-04   8.61658E-05   3.88828E-12     2800.47  1
 7.10102E-03   1.16344E-03   1.10029E-04   8.60586E-05   3.88242E-12     2795.61  1
 7.12102E-03   1.18898E-03   1.09815E-04   8.59406E-05   3.87527E-12     2741.13  1
 7.14102E-03   1.21714E-03   1.09632E-04   8.58332E-05   3.69785E-12     2720.50  0
 7.16102E-03   1.21796E-03   1.07732E-04   8.57158E-05   3.51017E-12     2392.92  0
 7.18102E-03   1.20943E-03   1.03446E-04   8.56138E-05   3.32561E-12     2224.60  0
 7.20102E-03   1.20077E-03   9.89158E-05   8.44136E-05   3.07379E-12     2115.03  0
 7.22102E-03   1.19135E-03   9.45939E-05   8.54007E-05   2.88278E-12     2007.37  0
 7.24102E-03   1.18066E-03   9.02349E-05   8.62239E-05   2.69064E-12     1922.46  0
 7.26102E-03   1.16983E-03   8.56364E-05   8.65830E-05   2.50291E-12     1856.83  0
 7.28102E-03   1.15952E-03   8.13728E-05   8.65371E-05   2.32273E-12     1807.37  0
 7.30102E-03   1.14586E-03   7.71216E-05   8.63402E-05   2.15151E-12     1768.50  0
 7.32102E-03   1.12936E-03   7.27887E-05   8.61348E-05   1.98898E-12     1737.90  0
 7.34102E-03   1.10756E-03   6.82970E-05   8.58726E-05   1.83489E-12     1712.78  0
 7.36102E-03   1.08087E-03   6.41430E-05   8.55774E-05   1.68870E-12     1692.31  0
 7.38102E-03   1.05211E-03   6.04867E-05   8.52696E-05   1.55014E-12     1675.13  0
 7.40102E-03   1.01477E-03   5.66594E-05   8.14770E-05   1.30065E-12     1660.63  0
 7.42102E-03   9.66113E-04   5.34924E-05   8.53461E-05   1.14122E-12     1647.96  0
 7.44102E-03   9.25016E-04   5.04244E-05   8.41235E-05   9.96858E-13     1637.62  0
 7.46102E-03   8.85611E-04   4.80705E-05   8.35392E-05   8.67419E-13     1629.95  0
 7.48102E-03   8.44077E-04   4.48987E-05   8.29970E-05   7.51265E-13     1625.04  0
 7.50102E-03   8.05048E-04   4.29276E-05   8.25267E-05   6.47352E-13     1622.94  0
 7.52102E-03   7.64519E-04   3.98782E-05   8.25219E-05   5.52527E-13     1622.32  0
 7.54102E-03   7.27773E-04   3.80242E-05   8.24846E-05   4.65921E-13     1621.40  0
 7.56102E-03   6.96829E-04   3.51651E-05   8.24068E-05   3.87612E-13     1620.20  0
 7.58102E-03   6.63379E-04   3.33372E-05   8.22918E-05   3.17863E-13     1618.74  0
 7.60102E-03   6.19353E-04   3.02662E-05   7.57384E-05   2.39497E-13     1616.75  0
 7.62102E-03   5.73232E-04   2.84750E-05   8.18394E-05   1.84801E-13     1614.73  0
 7.64102E-03   5.20091E-04   2.62599E-05   8.02694E-05   2.40066E-13     1612.45  1
 7.66102E-03   4.40662E-05   1.06767E-04   4.12865E-05   3.75328E-13     1914.47  1
 7.68102E-03   7.77385E-05   1.09724E-04   6.09946E-05   5.08828E-13     2611.58  1
 7.70102E-03   1.10256E-04   1.10460E-04   6.78665E-05   6.44596E-13     2741.17  1
 7.72102E-03   1.39589E-04   1.10745E-04   7.02579E-05   7.81000E-13     2788.39  1
 7.74102E-03   1.68527E-04   1.10898E-04   7.15236E-05   9.21373E-13     2815.00  1
 7.76102E-03   1.97767E-04   1.10941E-04   7.23723E-05   1.06413E-12     2823.82  1
 7.78102E-03   2.27117E-04   1.10978E-04   7.32061E-05   1.20847E-12     2810.05  1
 7.80102E-03   2.49056E-04   1.10539E-04   7.49729E-05   1.36428E-12     2704.64  1
 7.82102E-03   2.75537E-04   1.10767E-04   7.85219E-05   1.51218E-12     2734.27  1
 7.84102E-03   3.04828E-04   1.11018E-04   8.03937E-05   1.64841E-12     2779.95  1
 7.86102E-03   3.34037E-04   1.11113E-04   8.13127E-05   1.77853E-12     2791.72  1
 7.88102E-03   3.64066E-04   1.11195E-04   8.21027E-05   1.90175E-12     2803.43  1
 7.90102E-03   3.93461E-04   1.11174E-04   8.28191E-05   2.02296E-12     2823.58  1
 7.92102E-03   4.23105E-04   1.11126E-04   8.34522E-05   2.13948E-12     2810.85  1
 7.94102E-03   4.52897E-04   1.11122E-04   8.40109E-05   2.25162E-12     2791.23  1
 7.96102E-03   4.82500E-04   1.11173E-04   8.45209E-05   2.36789E-12     2786.99  1
 7.98102E-03   5.12149E-04   1.11229E-04   8.63770E-05   2.47842E-12     2790.32  1
 8.00102E-03   5.27565E-04   1.11189E-04   8.71973E-05   2.58159E-12     2778.56  1
 8.02102E-03   5.62112E-04   1.11223E-04   8.80200E-05   2.68629E-12     2808.06  1
 8.04102E-03   5.91798E-04   1.11339E-04   8.84765E-05   2.78404E-12     2780.92  1
 8.06102E-03   6.17587E-04   1.11364E-04   8.87401E-05   2.87526E-12     2821.63  1
 8.08102E-03   6.44480E-04   1.11332E-04   8.89561E-05   2.96529E-12     2840.22  1
 8.10102E-03   6.67331E-04   1.11260E-04   8.91158E-05   3.04746E-12     2819.39  1
 8.12102E-03   6.94951E-04   1.11196E-04   8.92193E-05   3.12903E-12     2796.83  1
 8.14102E-03   7.23708E-04   1.11225E-04   8.92880E-05   3.21008E-12     2762.53  1
 8.16103E-03   7.48727E-04   1.11262E-04   8.93984E-05   3.28512E-12     2782.61  1
 8.18103E-03   7.74393E-04   1.11315E-04   8.94758E-05   3.35497E-12     2817.90  1
 8.20103E-03   8.00266E-04   1.11234E-04   8.94640E-05   3.42284E-12     2807.56  1
 8.22103E-03   8.28469E-04   1.11144E-04   8.94199E-05   3.48588E-12     2824.62  1
 8.24103E-03   8.50622E-04   1.11382E-04   8.93566E-05   3.54656E-12     2854.87  1
 8.26103E-03   8.76490E-04   1.11242E-04   8.92839E-05   3.60261E-12     2846.63  1
 8.28103E-03   8.98503E-04   1.11114E-04   8.92233E-05   3.65461E-12     2841.02  1
 8.30103E-03   9.25035E-04   1.11106E-04   8.91404E-05   3.70536E-12     2827.14  1
 8.32103E-03   9.48337E-04   1.11087E-04   8.91056E-05   3.75407E-12     2818.12  1
 8.34103E-03   9.73919E-04   1.11103E-04   8.90911E-05   3.79119E-12     2826.45  1
 8.36103E-03   9.97970E-04   1.11083E-04   8.90499E-05   3.82575E-12     2854.47  1
 8.38103E-03   1.01001E-03   1.10898E-04   8.90075E-05   3.85743E-12     2858.83  1
 8.40103E-03   1.03333E-03   1.10645E-04   8.82803E-05   3.62830E-12     2844.97  0
 8.42103E-03   1.02817E-03   1.08511E-04   8.85609E-05   3.42577E-12     2406.22  0
 8.44103E-03   1.02349E-03   1.05355E-04   8.86701E-05   3.22148E-12     2187.31  0
 8.46103E-03   1.01599E-03   1.02724E-04   8.92974E-05   3.02068E-12     2052.82  0
 8.48103E-03   1.01177E-03   9.84047E-05   8.94382E-05   2.82604E-12     1962.39  0
 8.50103E-03   1.00230E-03   9.43075E-05   8.95697E-05   2.64057E-12     1893.32  0
 8.52103E-03   9.93820E-04   9.04441E-05   8.96113E-05   2.46479E-12     1840.31  0
 8.54103E-03   9.87660E-04   8.70617E-05   8.95112E-05   2.29736E-12     1797.88  0
 8.56103E-03   9.76897E-04   8.29510E-05   8.92875E-05   2.13853E-12     1763.43  0
 8.58103E-03   9.66157E-04   7.85509E-05   8.89722E-05   1.98713E-12     1735.76  0
 8.60103E-03   9.53348E-04   7.33496E-05   8.78713E-05   1.76134E-12     1712.00  0
 8.62103E-03   9.41343E-04   6.94768E-05   9.21187E-05   1.61390E-12     1691.66  0
 8.64103E-03   9.27494E-04   6.57812E-05   9.26201E-05   1.47322E-12     1673.23  0
 8.66103E-03   9.10853E-04   6.27206E-05   9.29213E-05   1.33947E-12     1657.72  0
 8.68103E-03   8.91904E-04   5.86341E-05   9.31157E-05   1.21304E-12     1645.23  0
 8.70103E-03   8.71568E-04   5.52413E-05   9.32468E-05   1.09366E-12     1635.73  0
 8.72103E-03   8.55187E-04   5.27861E-05   9.33373E-05   9.82395E-13     1628.92  0
 8.74103E-03   8.33044E-04   4.92702E-05   9.33949E-05   8.78349E-13     1624.68  0
 8.76103E-03   8.08569E-04   4.73426E-05   9.34271E-05   7.81719E-13     1622.93  0
 8.78103E-03   7.77536E-04   4.39794E-05   9.34385E-05   6.91926E-13     1622.44  0
 8.80103E-03   7.40800E-04   4.19429E-05   8.78398E-05   5.62360E-13     1621.67  0
 8.82103E-03   7.08882E-04   3.91328E-05   9.36004E-05   4.74657E-13     1620.80  0
 8.84103E-03   6.73190E-04   3.75519E-05   9.25660E-05   3.97361E-13     1619.77  0
 8.86103E-03   6.32315E-04   3.45453E-05   9.16952E-05   3.29397E-13     1618.58  0
 8.88103E-03   5.86980E-04   3.30499E-05   8.81574E-05   2.69443E-13     1617.20  0
 8.90103E-03   5.41715E-04   3.05080E-05   8.45800E-05   3.30538E-13     1615.61  1
 8.92103E-03   4.17955E-05   1.06501E-04   5.04222E-05   4.53032E-13     1895.90  1
 8.94103E-03   7.49766E-05   1.09529E-04   5.90282E-05   5.74501E-13     2563.14  1
 8.96103E-03   1.06309E-04   1.10333E-04   6.38071E-05   6.94400E-13     2685.35  1
 8.98103E-03   1.34865E-04   1.10630E-04   6.51397E-05   8.12190E-13     2744.60  1
 9.00103E-03   1.60482E-04   1.10774E-04   6.63742E-05   9.42808E-13     2780.49  1
 9.02103E-03   1.88092E-04   1.10806E-04   7.19103E-05   1.07972E-12     2742.55  1
 9.04103E-03   2.16877E-04   1.10843E-04   7.39929E-05   1.21458E-12     2734.47  1
 9.06103E-03   2.45986E-04   1.10918E-04   7.51419E-05   1.35132E-12     2739.16  1
 9.08103E-03   2.75375E-04   1.10989E-04   7.61601E-05   1.48805E-12     2747.63  1
 9.10103E-03   3.05368E-04   1.11045E-04   7.70924E-05   1.62038E-12     2777.73  1
 9.12103E-03   3.33124E-04   1.11139E-04   7.79544E-05   1.74916E-12     2802.57  1
 9.14103E-03   3.58341E-04   1.11159E-04   8.20078E-05   1.88026E-12     2820.46  1
 9.16103E-03   3.85828E-04   1.11113E-04   8.42027E-05   2.00982E-12     2771.33  1
 9.18103E-03   4.14635E-04   1.11064E-04   8.54840E-05   2.13487E-12     2758.87  1
 9.20103E-03   4.43742E-04   1.11127E-04   8.62755E-05   2.26114E-12     2767.14  1
 9.22103E-03   4.72873E-04   1.11137E-04   8.68882E-05   2.38007E-12     2767.12  1
 9.24103E-03   5.02686E-04   1.11238E-04   8.73184E-05   2.49504E-12     2792.68  1
 9.26103E-03   5.31083E-04   1.11299E-04   8.76249E-05   2.59893E-12     2826.88  1
 9.28103E-03   5.56583E-04   1.11278E-04   8.78404E-05   2.70387E-12     2836.00  1
 9.30103E-03   5.84362E-04   1.11206E-04   8.80011E-05   2.80367E-12     2781.22  1
 9.32103E-03   6.13432E-04   1.11162E-04   8.80446E-05   2.89932E-12     2766.60  1
 9.34103E-03   6.42874E-04   1.11203E-04   8.79770E-05   2.99562E-12     2777.06  1
 9.36103E-03   6.72511E-04   1.11251E-04   8.78386E-05   3.08468E-12     2780.92  1
 9.38103E-03   7.02216E-04   1.11308E-04   8.76535E-05   3.16776E-12     2810.84  1
 9.40103E-03   7.28216E-04   1.11284E-04   8.74364E-05   3.24709E-12     2823.97  1
 9.42103E-03   7.57427E-04   1.11169E-04   8.71846E-05   3.32146E-12     2797.39  1
 9.44103E-03   7.84437E-04   1.11270E-04   8.69192E-05   3.39276E-12     2793.73  1
 9.46104E-03   8.12590E-04   1.11130E-04   8.66606E-05   3.45590E-12     2771.40  1
 9.48104E-03   8.41729E-04   1.11109E-04   8.64153E-05   3.51960E-12     2770.14  1
 9.50104E-03   8.70921E-04   1.11078E-04   8.62244E-05   3.57663E-12     2780.82  1
 9.52104E-03   8.96497E-04   1.11049E-04   8.61026E-05   3.44968E-12     2797.63  0
 9.54104E-03   8.94950E-04   1.08786E-04   8.60249E-05   3.30973E-12     2431.00  0
 9.56104E-03   8.94582E-04   1.06346E-04   8.59606E-05   3.16825E-12     2258.47  0
 9.58104E-03   8.93980E-04   1.03116E-04   8.59187E-05   3.02811E-12     2151.90  0
 9.60104E-03   8.88136E-04   9.90750E-05   8.55118E-05   2.88472E-12     2072.06  0
 9.62104E-03   8.88644E-04   9.53750E-05   8.58033E-05   2.75098E-12     2004.53  0
 9.64104E-03   8.81090E-04   9.25118E-05   8.55693E-05   2.61973E-12     1947.03  0
 9.66104E-03   8.78361E-04   8.81894E-05   8.53282E-05   2.49084E-12     1898.43  0
 9.68104E-03   8.77600E-04   8.42527E-05   8.49942E-05   2.36544E-12     1855.47  0
 9.70104E-03   8.76454E-04   8.07875E-05   8.45464E-05   2.24330E-12     1817.96  0
 9.72104E-03   8.68210E-04   7.77547E-05   8.39906E-05   2.12333E-12     1785.64  0
 9.74104E-03   8.63599E-04   7.37943E-05   8.33233E-05   2.00606E-12     1757.26  0
 9.76104E-03   8.54412E-04   7.04370E-05   8.25715E-05   1.89127E-12     1732.90  0
 9.78104E-03   8.50350E-04   6.78112E-05   8.17465E-05   1.77865E-12     1711.88  0
 9.80104E-03   8.37030E-04   6.31184E-05   7.89794E-05   1.54234E-12     1693.49  0
 9.82104E-03   8.32884E-04   5.99807E-05   8.12497E-05   1.39317E-12     1674.85  0
 9.84104E-03   8.26350E-04   5.78538E-05   7.79624E-05   1.25072E-12     1658.91  0
 9.86104E-03   8.15664E-04   5.45777E-05   7.71326E-05   1.11604E-12     1645.73  0
 9.88104E-03   8.05486E-04   5.27538E-05   7.67271E-05   9.90766E-13     1635.50  0
 9.90104E-03   7.94548E-04   4.95168E-05   7.64267E-05   8.74062E-13     1628.33  0
 9.92104E-03   7.82643E-04   4.77975E-05   7.61291E-05   7.66828E-13     1624.19  0
 9.94104E-03   7.65577E-04   4.47368E-05   7.58128E-05   6.68169E-13     1622.76  0
 9.96104E-03   7.47346E-04   4.29692E-05   7.54312E-05   5.77994E-13     1622.12  0
 9.98104E-03   7.25759E-04   4.00941E-05   7.49197E-05   4.95352E-13     1621.23  0
 1.00010E-02   6.93419E-04   3.80324E-05   7.05654E-05   3.97972E-13     1619.75  0
 1.00210E-02   6.62241E-04   3.52946E-05   7.46370E-05   4.39430E-13     1618.27  1
 1.00410E-02   4.46395E-05   1.06074E-04   4.95091E-05   5.48525E-13     1882.38  1
 1.00610E-02   7.91101E-05   1.09331E-04   5.86373E-05   6.48776E-13     2518.23  1
 1.00810E-02   1.08430E-04   1.10262E-04   6.30735E-05   7.55570E-13     2734.01  1
 1.01010E-02   1.37819E-04   1.10425E-04   6.45432E-05   8.67724E-13     2784.50  1
 1.01210E-02   1.67156E-04   1.10577E-04   6.55716E-05   9.75320E-13     2802.76  1
 1.01410E-02   1.96509E-04   1.10685E-04   6.65220E-05   1.08762E-12     2839.02  1
 1.01610E-02   2.26004E-04   1.10700E-04   6.73803E-05   1.19843E-12     2831.07  1
 1.01810E-02   2.55472E-04   1.10812E-04   6.81347E-05   1.30778E-12     2863.03  1
 1.02010E-02   2.80812E-04   1.10747E-04   6.89233E-05   1.46536E-12     2840.10  1
 1.02210E-02   3.13774E-04   1.10845E-04   7.25143E-05   1.59533E-12     2831.84  1
 1.02410E-02   3.41576E-04   1.11054E-04   7.43729E-05   1.71227E-12     2854.60  1
 1.02610E-02   3.69413E-04   1.11118E-04   7.53624E-05   1.82917E-12     2863.87  1
 1.02810E-02   3.98817E-04   1.11078E-04   7.61967E-05   1.94207E-12     2868.36  1
 1.03010E-02   4.28953E-04   1.11023E-04   7.69382E-05   2.05351E-12     2863.63  1
 1.03210E-02   4.57795E-04   1.11023E-04   7.76307E-05   2.16002E-12     2848.72  1
 1.03410E-02   4.87452E-04   1.11074E-04   7.82848E-05   2.26655E-12     2831.74  1
 1.03610E-02   5.17044E-04   1.11106E-04   7.89405E-05   2.37168E-12     2833.47  1
 1.03810E-02   5.45320E-04   1.11178E-04   8.11224E-05   2.47390E-12     2867.87  1
 1.04010E-02   5.68330E-04   1.11086E-04   8.29861E-05   2.57407E-12     2857.86  1
 1.04210E-02   5.95238E-04   1.11066E-04   8.38804E-05   2.67175E-12     2873.46  1
 1.04410E-02   6.22703E-04   1.11172E-04   8.44894E-05   2.76320E-12     2890.68  1
 1.04610E-02   6.47420E-04   1.11149E-04   8.49474E-05   2.84753E-12     2879.04  1
 1.04810E-02   6.74166E-04   1.11001E-04   8.52928E-05   2.75432E-12     2896.94  0
 1.05010E-02   6.73194E-04   1.08773E-04   8.56014E-05   2.65142E-12     2495.24  0
 1.05210E-02   6.71370E-04   1.06248E-04   8.59530E-05   2.54517E-12     2300.73  0
 1.05410E-02   6.67043E-04   1.03166E-04   8.62734E-05   2.44233E-12     2180.77  0
 1.05610E-02   6.64057E-04   9.92318E-05   8.65334E-05   2.34078E-12     2094.72  0
 1.05810E-02   6.62187E-04   9.56993E-05   8.67738E-05   2.24204E-12     2026.51  0
 1.06010E-02   6.55275E-04   9.22696E-05   8.67001E-05   2.13687E-12     1967.77  0
 1.06210E-02   6.52725E-04   8.82709E-05   8.70853E-05   2.03833E-12     1903.31  0
 1.06410E-02   6.48313E-04   8.43133E-05   8.79766E-05   1.93575E-12     1846.65  0
 1.06610E-02   6.44654E-04   8.10485E-05   8.83508E-05   1.83341E-12     1798.05  0
 1.06810E-02   6.42666E-04   7.78797E-05   8.84159E-05   1.73187E-12     1757.88  0
 1.07010E-02   6.36892E-04   7.39953E-05   8.83383E-05   1.63207E-12     1726.04  0
 1.07210E-02   6.34169E-04   7.08651E-05   8.81832E-05   1.53436E-12     1701.26  0
 1.07410E-02   6.30153E-04   6.79762E-05   8.79932E-05   1.43924E-12     1681.69  0
 1.07610E-02   6.24949E-04   6.43668E-05   8.79492E-05   1.34660E-12     1666.00  0
 1.07810E-02   6.22297E-04   6.18835E-05   8.80085E-05   1.25719E-12     1653.66  0
 1.08010E-02   6.14871E-04   5.79720E-05   8.47988E-05   1.12129E-12     1643.31  0
 1.08210E-02   6.10852E-04   5.48118E-05   9.23059E-05   1.03308E-12     1635.30  0
 1.08410E-02   6.01019E-04   5.28564E-05   9.27448E-05   9.49993E-13     1629.02  0
 1.08610E-02   5.92901E-04   4.96417E-05   9.30374E-05   8.70906E-13     1624.87  0
 1.08810E-02   5.85173E-04   4.78260E-05   9.32281E-05   7.96106E-13     1622.97  0
 1.09010E-02   5.75743E-04   4.48038E-05   9.33462E-05   7.25174E-13     1622.51  0
 1.09210E-02   5.65523E-04   4.30238E-05   9.34126E-05   6.57665E-13     1621.85  0
 1.09410E-02   5.53710E-04   4.02302E-05   9.34381E-05   5.93379E-13     1621.00  0
 1.09610E-02   5.40395E-04   3.84635E-05   9.34305E-05   5.32570E-13     1619.99  0
 1.09810E-02   5.27825E-04   3.62414E-05   9.33905E-05   5.77533E-13     1618.82  1
 1.10010E-02   3.83074E-05   1.04974E-04   3.82171E-05   6.38995E-13     1845.77  1
 1.10210E-02   7.57123E-05   1.09469E-04   5.87779E-05   7.28910E-13     2494.49  1
 1.10410E-02   1.06235E-04   1.10302E-04   6.33344E-05   8.17200E-13     2668.79  1
 1.10610E-02   1.32738E-04   1.10544E-04   6.46285E-05   9.11977E-13     2757.30  1
 1.10810E-02   1.62208E-04   1.10630E-04   6.56671E-05   1.00849E-12     2726.40  1
 1.11010E-02   1.91816E-04   1.10638E-04   6.66489E-05   1.10772E-12     2723.72  1
 1.11210E-02   2.21603E-04   1.10734E-04   6.75287E-05   1.23005E-12     2723.75  1
 1.11410E-02   2.51585E-04   1.10802E-04   7.17846E-05   1.35266E-12     2736.13  1
 1.11610E-02   2.81445E-04   1.10834E-04   7.37299E-05   1.47015E-12     2768.10  1
 1.11810E-02   3.08485E-04   1.10925E-04   7.47291E-05   1.58600E-12     2794.80  1
 1.12010E-02   3.32606E-04   1.10847E-04   7.55008E-05   1.70273E-12     2747.18  1
 1.12210E-02   3.67759E-04   1.10856E-04   7.62623E-05   1.81810E-12     2752.40  1
 1.12410E-02   3.95652E-04   1.10981E-04   7.69699E-05   1.93149E-12     2770.27  1
 1.12610E-02   4.22609E-04   1.10975E-04   7.76578E-05   2.03920E-12     2805.98  1
 1.12810E-02   4.47676E-04   1.10814E-04   7.83489E-05   1.97874E-12     2811.51  0
 1.13010E-02   4.50913E-04   1.08625E-04   8.13019E-05   1.90914E-12     2447.04  0
 1.13210E-02   4.51259E-04   1.05761E-04   8.25190E-05   1.83639E-12     2270.95  0
 1.13410E-02   4.50653E-04   1.02934E-04   8.37953E-05   1.76239E-12     2161.80  0
 1.13610E-02   4.49794E-04   9.88579E-05   8.45084E-05   1.68963E-12     2076.10  0
 1.13810E-02   4.48426E-04   9.51082E-05   8.49965E-05   1.61978E-12     2008.20  0
 1.14010E-02   4.44972E-04   9.08431E-05   8.54325E-05   1.53900E-12     1949.93  0
 1.14210E-02   4.42400E-04   8.78058E-05   8.63353E-05   1.46473E-12     1886.58  0
 1.14411E-02   4.37263E-04   8.37020E-05   8.81166E-05   1.38409E-12     1835.13  0
 1.14611E-02   4.35200E-04   8.00974E-05   8.89711E-05   1.30245E-12     1791.58  0
 1.14811E-02   4.33191E-04   7.74935E-05   8.93049E-05   1.22184E-12     1758.03  0
 1.15011E-02   4.28908E-04   7.34686E-05   8.93447E-05   1.14218E-12     1730.04  0
 1.15211E-02   4.25770E-04   7.01058E-05   8.91963E-05   1.06440E-12     1706.36  0
 1.15411E-02   4.24145E-04   6.76416E-05   8.89188E-05   9.88717E-13     1686.49  0
 1.15611E-02   4.23695E-04   6.38823E-05   8.85995E-05   9.15441E-13     1669.64  0
 1.15811E-02   4.23016E-04   6.11009E-05   8.83483E-05   8.44849E-13     1655.59  0
 1.16011E-02   4.21957E-04   5.83232E-05   8.80666E-05   7.76936E-13     1644.22  0
 1.16211E-02   4.15659E-04   5.51327E-05   8.77519E-05   7.11909E-13     1635.40  0
 1.16411E-02   4.12019E-04   5.29628E-05   8.74125E-05   6.49985E-13     1628.97  0
 1.16611E-02   4.04836E-04   4.97133E-05   8.70632E-05   5.90775E-13     1624.93  0
 1.16811E-02   4.01465E-04   4.78172E-05   8.66957E-05   5.34988E-13     1623.06  0
 1.17011E-02   3.92894E-04   4.46154E-05   8.63133E-05   4.81877E-13     1622.66  0
 1.17211E-02   3.85206E-04   4.29080E-05   8.59159E-05   4.31970E-13     1622.14  0
 1.17411E-02   3.78281E-04   4.02113E-05   8.55027E-05   3.84678E-13     1621.47  0
 1.17611E-02   3.65592E-04   3.84792E-05   8.51065E-05   3.40019E-13     1620.63  0
 1.17811E-02   3.55029E-04   3.64808E-05   8.47079E-05   3.98992E-13     1619.62  1
 1.18011E-02   4.15592E-05   1.05206E-04   4.77810E-05   5.16649E-13     1852.35  1
 1.18211E-02   7.61892E-05   1.09380E-04   5.80627E-05   6.34605E-13     2495.91  1
 1.18411E-02   1.07049E-04   1.10154E-04   6.27040E-05   7.44475E-13     2667.94  1
 1.18611E-02   1.36707E-04   1.10382E-04   6.40228E-05   8.56694E-13     2742.89  1
 1.18811E-02   1.66383E-04   1.10424E-04   6.51384E-05   9.69241E-13     2768.18  1
 1.19011E-02   1.95551E-04   1.10436E-04   6.61226E-05   1.07813E-12     2774.83  1
 1.19211E-02   2.25073E-04   1.10524E-04   6.69645E-05   1.19033E-12     2778.86  1
 1.19411E-02   2.54809E-04   1.10512E-04   6.77236E-05   1.14657E-12     2793.54  0
 1.19611E-02   2.55664E-04   1.08367E-04   7.13627E-05   1.09409E-12     2433.65  0
 1.19811E-02   2.56162E-04   1.05112E-04   7.32187E-05   1.03923E-12     2272.67  0
 1.20011E-02   2.52893E-04   1.02477E-04   7.40525E-05   9.76137E-13     2156.44  0
 1.20211E-02   2.61393E-04   9.82096E-05   7.46615E-05   9.22062E-13     2065.72  0
 1.20411E-02   2.61815E-04   9.41013E-05   7.51137E-05   8.72126E-13     1992.06  0
 1.20611E-02   2.62177E-04   9.03679E-05   7.54151E-05   8.25442E-13     1930.25  0
 1.20811E-02   2.62278E-04   8.70966E-05   7.55866E-05   7.81332E-13     1878.64  0
 1.21011E-02   2.62275E-04   8.31387E-05   7.56211E-05   7.39123E-13     1835.10  0
 1.21211E-02   2.62226E-04   7.90965E-05   7.55322E-05   6.98485E-13     1798.04  0
 1.21411E-02   2.62176E-04   7.54693E-05   7.53251E-05   6.59465E-13     1767.09  0
 1.21611E-02   2.62102E-04   7.26635E-05   7.50124E-05   6.21199E-13     1741.11  0
 1.21811E-02   2.62008E-04   6.86402E-05   7.46129E-05   5.83896E-13     1718.47  0
 1.22011E-02   2.61924E-04   6.51274E-05   7.41524E-05   5.47047E-13     1699.64  0
 1.22211E-02   2.61805E-04   6.27044E-05   7.36406E-05   5.11139E-13     1683.16  0
 1.22411E-02   2.61651E-04   5.89637E-05   7.31002E-05   4.75511E-13     1668.80  0
 1.22611E-02   2.61405E-04   5.62586E-05   7.25661E-05   4.40527E-13     1656.51  0
 1.22811E-02   2.56292E-04   5.35603E-05   7.20704E-05   4.06346E-13     1646.21  0
 1.23011E-02   2.52754E-04   5.10385E-05   7.16969E-05   3.73092E-13     1637.69  0
 1.23211E-02   2.51328E-04   4.86259E-05   7.14794E-05   3.40920E-13     1631.09  0
 1.23411E-02   2.44789E-04   4.62737E-05   7.13068E-05   3.09961E-13     1626.35  0
 1.23611E-02   2.40194E-04   4.38808E-05   7.12384E-05   2.80646E-13     1623.62  0
 1.23811E-02   2.33891E-04   4.20089E-05   7.11937E-05   2.52653E-13     1622.83  0
 1.24011E-02   2.30914E-04   3.93366E-05   7.11606E-05   2.26082E-13     1622.41  0
 1.24211E-02   2.24589E-04   3.78549E-05   7.11300E-05   2.01155E-13     1621.81  0
 1.24411E-02   2.21223E-04   3.51727E-05   7.10932E-05   1.77666E-13     1621.03  0
 1.24611E-02   2.09186E-04   3.35891E-05   7.10425E-05   1.55737E-13     1620.07  0
 1.24811E-02   2.01740E-04   3.17952E-05   7.09693E-05   1.35163E-13     1618.92  0
 1.25011E-02   1.94852E-04   2.95170E-05   7.08663E-05   1.15966E-13     1617.55  0
 1.25211E-02   1.86536E-04   2.82244E-05   7.07265E-05   9.82137E-14     1615.95  0
 1.25411E-02   1.81143E-04   2.62664E-05   7.05363E-05   8.17204E-14     1614.12  0
 1.25611E-02   1.74315E-04   2.44797E-05   7.02869E-05   6.65487E-14     1612.14  0
 1.25811E-02   1.64974E-04   2.33224E-05   6.99693E-05   5.28920E-14     1609.94  0
 1.26011E-02   1.55927E-04   2.16935E-05   6.95594E-05   4.06367E-14     1607.48  0
 1.26211E-02   1.47588E-04   1.96652E-05   6.90348E-05   2.98901E-14     1604.70  0
 1.26411E-02   1.31798E-04   1.84398E-05   6.83822E-05   2.08629E-14     1601.61  0
 1.26611E-02   1.15578E-04   1.68594E-05   6.74480E-05   1.35697E-14     1598.18  0
 1.26811E-02   1.02348E-04   1.45774E-05   5.94482E-05   7.89614E-15     1594.25  0
 1.27011E-02   8.55319E-05   1.32142E-05   4.97001E-05   3.89745E-15     1589.87  0
 1.27211E-02   6.86269E-05   1.08382E-05   4.03227E-05   1.31733E-15     1584.59  0
 1.27411E-02   4.94621E-05   8.53394E-06   2.96669E-05   1.29642E-16     1578.42  0
 1.27611E-02   2.34175E-05   4.44276E-06   1.38417E-05   0.00000E+00     1569.09  0
 1.27811E-02   0.00000E+00   0.00000E+00   0.00000E+00   0.00000E+00     1535.85  0
 1.28011E-02   0.00000E+00   0.00000E+00   0.00000E+00   0.00000E+00     1521.32  0
 1.28211E-02   0.00000E+00   0.00000E+00   0.00000E+00   0.00000E+00     1510.34  0
 1.28411E-02   0.00000E+00   0.00000E+00   0.00000E+00   0.00000E+00     1498.60  0
 1.28611E-02   0.00000E+00   0.00000E+00   0.00000E+00   0.00000E+00     1486.47  0
 1.28811E-02   0.00000E+00   0.00000E+00   0.00000E+00   0.00000E+00     1474.17  0
 1.29011E-02   0.00000E+00   0.00000E+00   0.00000E+00   0.00000E+00     1461.83  0
 1.29211E-02   0.00000E+00   0.00000E+00   0.00000E+00   0.00000E+00     1449.54  0
 1.29411E-02   0.00000E+00   0.00000E+00   0.00000E+00   0.00000E+00     1437.37  0
 1.29611E-02   0.00000E+00   0.00000E+00   0.00000E+00   0.00000E+00     1425.35  0
 1.29811E-02   0.00000E+00   0.00000E+00   0.00000E+00   0.00000E+00     1413.52  0
 1.30011E-02   0.00000E+00   0.00000E+00   0.00000E+00   0.00000E+00     1401.90  0
 1.30211E-02   0.00000E+00   0.00000E+00   0.00000E+00   0.00000E+00     1390.48  0
 1.30411E-02   0.00000E+00   0.00000E+00   0.00000E+00   0.00000E+00     1379.27  0
 1.30611E-02   0.00000E+00   0.00000E+00   0.00000E+00   0.00000E+00     1371.86  0
 1.30811E-02   0.00000E+00   0.00000E+00   0.00000E+00   0.00000E+00     1364.73  0
 1.31011E-02   0.00000E+00   0.00000E+00   0.00000E+00   0.00000E+00     1357.51  0
 1.31211E-02   0.00000E+00   0.00000E+00   0.00000E+00   0.00000E+00     1350.23  0
 1.31411E-02   0.00000E+00   0.00000E+00   0.00000E+00   0.00000E+00     1342.90  0
 1.31611E-02   0.00000E+00   0.00000E+00   0.00000E+00   0.00000E+00     1335.53  0
 1.31811E-02   0.00000E+00   0.00000E+00   0.00000E+00   0.00000E+00     1328.15  0
 1.32011E-02   0.00000E+00   0.00000E+00   0.00000E+00   0.00000E+00     1320.75  0
 1.32211E-02   0.00000E+00   0.00000E+00   0.00000E+00   0.00000E+00     1313.36  0
 1.32411E-02   0.00000E+00   0.00000E+00   0.00000E+00   0.00000E+00     1305.99  0
 1.32611E-02   0.00000E+00   0.00000E+00   0.00000E+00   0.00000E+00     1298.64  0
 1.32811E-02   0.00000E+00   0.00000E+00   0.00000E+00   0.00000E+00     1291.31  0
 1.33011E-02   0.00000E+00   0.00000E+00   0.00000E+00   0.00000E+00     1284.03  0
 1.33211E-02   0.00000E+00   0.00000E+00   0.00000E+00   0.00000E+00     1276.79  0
 1.33411E-02   0.00000E+00   0.00000E+00   0.00000E+00   0.00000E+00     1269.60  0
 1.33611E-02   0.00000E+00   0.00000E+00   0.00000E+00   0.00000E+00     1262.47  0
 1.33811E-02   0.00000E+00   0.00000E+00   0.00000E+00   0.00000E+00     1255.39  0
 1.34011E-02   0.00000E+00   0.00000E+00   0.00000E+00   0.00000E+00     1248.38  0
 1.34211E-02   0.00000E+00   0.00000E+00   0.00000E+00   0.00000E+00     1241.44  0
 1.34411E-02   0.00000E+00   0.00000E+00   0.00000E+00   0.00000E+00     1234.56  0
 1.34611E-02   0.00000E+00   0.00000E+00   0.00000E+00   0.00000E+00     1227.76  0
 1.34811E-02   0.00000E+00   0.00000E+00   0.00000E+00   0.00000E+00     1221.03  0
 1.35011E-02   0.00000E+00   0.00000E+00   0.00000E+00   0.00000E+00     1214.38  0
 1.35211E-02   0.00000E+00   0.00000E+00   0.00000E+00   0.00000E+00     1207.80  0
 1.35411E-02   0.00000E+00   0.00000E+00   0.00000E+00   0.00000E+00     1201.30  0
 1.35611E-02   0.00000E+00   0.00000E+00   0.00000E+00   0.00000E+00     1194.89  0
 1.35811E-02   0.00000E+00   0.00000E+00   0.00000E+00   0.00000E+00     1188.55  0
 1.36011E-02   0.00000E+00   0.00000E+00   0.00000E+00   0.00000E+00     1182.29  0
 1.36211E-02   0.00000E+00   0.00000E+00   0.00000E+00   0.00000E+00     1176.11  0
 1.36411E-02   0.00000E+00   0.00000E+00   0.00000E+00   0.00000E+00     1170.02  0
 1.36611E-02   0.00000E+00   0.00000E+00   0.00000E+00   0.00000E+00     1164.01  0
 1.36811E-02   0.00000E+00   0.00000E+00   0.00000E+00   0.00000E+00     1158.07  0
 1.37011E-02   0.00000E+00   0.00000E+00   0.00000E+00   0.00000E+00     1152.22  0
 1.37211E-02   0.00000E+00   0.00000E+00   0.00000E+00   0.00000E+00     1146.45  0
 1.37411E-02   0.00000E+00   0.00000E+00   0.00000E+00   0.00000E+00     1140.77  0
 1.37611E-02   0.00000E+00   0.00000E+00   0.00000E+00   0.00000E+00     1135.16  0
 1.37811E-02   0.00000E+00   0.00000E+00   0.00000E+00   0.00000E+00     1129.63  0
 1.38011E-02   0.00000E+00   0.00000E+00   0.00000E+00   0.00000E+00     1124.18  0
 1.38211E-02   0.00000E+00   0.00000E+00   0.00000E+00   0.00000E+00     1118.80  0
 1.38411E-02   0.00000E+00   0.00000E+00   0.00000E+00   0.00000E+00     1113.50  0
 1.38611E-02   0.00000E+00   0.00000E+00   0.00000E+00   0.00000E+00     1108.28  0
 1.38811E-02   0.00000E+00   0.00000E+00   0.00000E+00   0.00000E+00     1103.14  0
 1.39011E-02   0.00000E+00   0.00000E+00   0.00000E+00   0.00000E+00     1098.06  0
 1.39211E-02   0.00000E+00   0.00000E+00   0.00000E+00   0.00000E+00     1093.06  0
 1.39411E-02   0.00000E+00   0.00000E+00   0.00000E+00   0.00000E+00     1088.13  0
 1.39611E-02   0.00000E+00   0.00000E+00   0.00000E+00   0.00000E+00     1083.27  0
 1.39811E-02   0.00000E+00   0.00000E+00   0.00000E+00   0.00000E+00     1078.48  0
 1.40011E-02   0.00000E+00   0.00000E+00   0.00000E+00   0.00000E+00     1073.76  0
 1.40211E-02   0.00000E+00   0.00000E+00   0.00000E+00   0.00000E+00     1069.11  0
 1.40411E-02   0.00000E+00   0.00000E+00   0.00000E+00   0.00000E+00     1064.52  0
 1.40611E-02   0.00000E+00   0.00000E+00   0.00000E+00   0.00000E+00     1060.00  0
 1.40811E-02   0.00000E+00   0.00000E+00   0.00000E+00   0.00000E+00     1055.54  0
 1.41011E-02   0.00000E+00   0.00000E+00   0.00000E+00   0.00000E+00     1051.14  0
 1.41211E-02   0.00000E+00   0.00000E+00   0.00000E+00   0.00000E+00     1046.81  0
 1.41411E-02   0.00000E+00   0.00000E+00   0.00000E+00   0.00000E+00     1042.54  0
 1.41611E-02   0.00000E+00   0.00000E+00   0.00000E+00   0.00000E+00     1038.32  0
 1.41811E-02   0.00000E+00   0.00000E+00   0.00000E+00   0.00000E+00     1034.17  0
 1.42011E-02   0.00000E+00   0.00000E+00   0.00000E+00   0.00000E+00     1030.08  0
 1.42211E-02   0.00000E+00   0.00000E+00   0.00000E+00   0.00000E+00     1026.04  0
 1.42411E-02   0.00000E+00   0.00000E+00   0.00000E+00   0.00000E+00     1022.06  0
 1.42611E-02   0.00000E+00   0.00000E+00   0.00000E+00   0.00000E+00     1018.13  0
 1.42811E-02   0.00000E+00   0.00000E+00   0.00000E+00   0.00000E+00     1014.25  0
 1.43011E-02   0.00000E+00   0.00000E+00   0.00000E+00   0.00000E+00     1010.79  0
 1.43211E-02   0.00000E+00   0.00000E+00   0.00000E+00   0.00000E+00     1007.58  0
 1.43411E-02   0.00000E+00   0.00000E+00   0.00000E+00   0.00000E+00     1004.39  0
 1.43611E-02   0.00000E+00   0.00000E+00   0.00000E+00   0.00000E+00     1001.25  0
 1.43811E-02   0.00000E+00   0.00000E+00   0.00000E+00   0.00000E+00      998.14  0
 1.44011E-02   0.00000E+00   0.00000E+00   0.00000E+00   0.00000E+00      995.06  0
 1.44211E-02   0.00000E+00   0.00000E+00   0.00000E+00   0.00000E+00      992.01  0
 1.44411E-02   0.00000E+00   0.00000E+00   0.00000E+00   0.00000E+00      989.00  0
 1.44611E-02   0.00000E+00   0.00000E+00   0.00000E+00   0.00000E+00      986.02  0
 1.44811E-02   0.00000E+00   0.00000E+00   0.00000E+00   0.00000E+00      983.07  0
 1.45011E-02   0.00000E+00   0.00000E+00   0.00000E+00   0.00000E+00      980.15  0
 1.45211E-02   0.00000E+00   0.00000E+00   0.00000E+00   0.00000E+00      977.92  0
 1.45411E-02   0.00000E+00   0.00000E+00   0.00000E+00   0.00000E+00      975.98  0
 1.45611E-02   0.00000E+00   0.00000E+00   0.00000E+00   0.00000E+00      974.09  0
 1.45811E-02   0.00000E+00   0.00000E+00   0.00000E+00   0.00000E+00      972.22  0
 1.46011E-02   0.00000E+00   0.00000E+00   0.00000E+00   0.00000E+00      970.36  0
 1.46211E-02   0.00000E+00   0.00000E+00   0.00000E+00   0.00000E+00      968.52  0
 1.46411E-02   0.00000E+00   0.00000E+00   0.00000E+00   0.00000E+00      966.70  0
 1.46611E-02   0.00000E+00   0.00000E+00   0.00000E+00   0.00000E+00      964.88  0
 1.46811E-02   0.00000E+00   0.00000E+00   0.00000E+00   0.00000E+00      963.13  0
 1.47011E-02   0.00000E+00   0.00000E+00   0.00000E+00   0.00000E+00      961.38  0
 1.47211E-02   0.00000E+00   0.00000E+00   0.00000E+00   0.00000E+00      959.64  0
 1.47411E-02   0.00000E+00   0.00000E+00   0.00000E+00   0.00000E+00      957.91  0
 1.47611E-02   0.00000E+00   0.00000E+00   0.00000E+00   0.00000E+00      956.18  0
 1.47811E-02   0.00000E+00   0.00000E+00   0.00000E+00   0.00000E+00      954.47  0
 1.48011E-02   0.00000E+00   0.00000E+00   0.00000E+00   0.00000E+00      952.79  0
 1.48211E-02   0.00000E+00   0.00000E+00   0.00000E+00   0.00000E+00      951.14  0
 1.48411E-02   0.00000E+00   0.00000E+00   0.00000E+00   0.00000E+00      949.50  0
 1.48611E-02   0.00000E+00   0.00000E+00   0.00000E+00   0.00000E+00      947.86  0
 1.48811E-02   0.00000E+00   0.00000E+00   0.00000E+00   0.00000E+00      946.23  0
 1.49011E-02   0.00000E+00   0.00000E+00   0.00000E+00   0.00000E+00      944.61  0
 1.49211E-02   0.00000E+00   0.00000E+00   0.00000E+00   0.00000E+00      943.00  0
 1.49411E-02   0.00000E+00   0.00000E+00   0.00000E+00   0.00000E+00      941.42  0
 1.49611E-02   0.00000E+00   0.00000E+00   0.00000E+00   0.00000E+00      939.87  0
 1.49811E-02   0.00000E+00   0.00000E+00   0.00000E+00   0.00000E+00      938.32  0
 1.50011E-02   0.00000E+00   0.00000E+00   0.00000E+00   0.00000E+00      936.78  0
 1.50211E-02   0.00000E+00   0.00000E+00   0.00000E+00   0.00000E+00      935.24  0
 1.50411E-02   0.00000E+00   0.00000E+00   0.00000E+00   0.00000E+00      933.72  0
 1.50611E-02   0.00000E+00   0.00000E+00   0.00000E+00   0.00000E+00      932.20  0
 1.50811E-02   0.00000E+00   0.00000E+00   0.00000E+00   0.00000E+00      930.69  0
 1.51011E-02   0.00000E+00   0.00000E+00   0.00000E+00   0.00000E+00      929.22  0
 1.51211E-02   0.00000E+00   0.00000E+00   0.00000E+00   0.00000E+00      927.76  0
 1.51411E-02   0.00000E+00   0.00000E+00   0.00000E+00   0.00000E+00      926.30  0
 1.51611E-02   0.00000E+00   0.00000E+00   0.00000E+00   0.00000E+00      924.86  0
 1.51811E-02   0.00000E+00   0.00000E+00   0.00000E+00   0.00000E+00      923.42  0
 1.52011E-02   0.00000E+00   0.00000E+00   0.00000E+00   0.00000E+00      921.99  0
 1.52211E-02   0.00000E+00   0.00000E+00   0.00000E+00   0.00000E+00      920.56  0
 1.52411E-02   0.00000E+00   0.00000E+00   0.00000E+00   0.00000E+00      919.14  0
 1.52611E-02   0.00000E+00   0.00000E+00   0.00000E+00   0.00000E+00      917.73  0
 1.52811E-02   0.00000E+00   0.00000E+00   0.00000E+00   0.00000E+00      916.36  0
 1.53011E-02   0.00000E+00   0.00000E+00   0.00000E+00   0.00000E+00      915.00  0
 1.53211E-02   0.00000E+00   0.00000E+00   0.00000E+00   0.00000E+00      913.65  0
 1.53411E-02   0.00000E+00   0.00000E+00   0.00000E+00   0.00000E+00      912.31  0
 1.53611E-02   0.00000E+00   0.00000E+00   0.00000E+00   0.00000E+00      910.98  0
 1.53811E-02   0.00000E+00   0.00000E+00   0.00000E+00   0.00000E+00      909.65  0
 1.54011E-02   0.00000E+00   0.00000E+00   0.00000E+00   0.00000E+00      908.32  0
 1.54211E-02   0.00000E+00   0.00000E+00   0.00000E+00   0.00000E+00      907.00  0
 1.54411E-02   0.00000E+00   0.00000E+00   0.00000E+00   0.00000E+00      905.69  0
 1.54611E-02   0.00000E+00   0.00000E+00   0.00000E+00   0.00000E+00      904.39  0
 1.54811E-02   0.00000E+00   0.00000E+00   0.00000E+00   0.00000E+00      903.11  0
 1.55011E-02   0.00000E+00   0.00000E+00   0.00000E+00   0.00000E+00      901.85  0
 1.55211E-02   0.00000E+00   0.00000E+00   0.00000E+00   0.00000E+00      900.59  0
 1.55411E-02   0.00000E+00   0.00000E+00   0.00000E+00   0.00000E+00      899.34  0
 1.55611E-02   0.00000E+00   0.00000E+00   0.00000E+00   0.00000E+00      898.09  0
 1.55811E-02   0.00000E+00   0.00000E+00   0.00000E+00   0.00000E+00      896.84  0
 1.56011E-02   0.00000E+00   0.00000E+00   0.00000E+00   0.00000E+00      895.60  0
 1.56211E-02   0.00000E+00   0.00000E+00   0.00000E+00   0.00000E+00      894.37  0
 1.56411E-02   0.00000E+00   0.00000E+00   0.00000E+00   0.00000E+00      893.14  0
 1.56611E-02   0.00000E+00   0.00000E+00   0.00000E+00   0.00000E+00      891.91  0
 1.56811E-02   0.00000E+00   0.00000E+00   0.00000E+00   0.00000E+00      890.70  0
 1.57011E-02   0.00000E+00   0.00000E+00   0.00000E+00   0.00000E+00      889.51  0
 1.57211E-02   0.00000E+00   0.00000E+00   0.00000E+00   0.00000E+00      888.33  0
 1.57411E-02   0.00000E+00   0.00000E+00   0.00000E+00   0.00000E+00      887.16  0
 1.57611E-02   0.00000E+00   0.00000E+00   0.00000E+00   0.00000E+00      885.99  0
 1.57811E-02   0.00000E+00   0.00000E+00   0.00000E+00   0.00000E+00      884.82  0
 1.58011E-02   0.00000E+00   0.00000E+00   0.00000E+00   0.00000E+00      883.66  0
 1.58211E-02   0.00000E+00   0.00000E+00   0.00000E+00   0.00000E+00      882.51  0
 1.58411E-02   0.00000E+00   0.00000E+00   0.00000E+00   0.00000E+00      881.35  0
 1.58611E-02   0.00000E+00   0.00000E+00   0.00000E+00   0.00000E+00      880.21  0
 1.58811E-02   0.00000E+00   0.00000E+00   0.00000E+00   0.00000E+00      879.06  0
 1.59011E-02   0.00000E+00   0.00000E+00   0.00000E+00   0.00000E+00      877.92  0
 1.59211E-02   0.00000E+00   0.00000E+00   0.00000E+00   0.00000E+00      876.79  0
 1.59411E-02   0.00000E+00   0.00000E+00   0.00000E+00   0.00000E+00      875.68  0
 1.59611E-02   0.00000E+00   0.00000E+00   0.00000E+00   0.00000E+00      874.59  0
 1.59811E-02   0.00000E+00   0.00000E+00   0.00000E+00   0.00000E+00      873.49  0
 1.60011E-02   0.00000E+00   0.00000E+00   0.00000E+00   0.00000E+00      872.40  0
 1.60211E-02   0.00000E+00   0.00000E+00   0.00000E+00   0.00000E+00      871.32  0
 1.60411E-02   0.00000E+00   0.00000E+00   0.00000E+00   0.00000E+00      870.24  0
 1.60611E-02   0.00000E+00   0.00000E+00   0.00000E+00   0.00000E+00      869.16  0
 1.60811E-02   0.00000E+00   0.00000E+00   0.00000E+00   0.00000E+00      868.09  0
 1.61011E-02   0.00000E+00   0.00000E+00   0.00000E+00   0.00000E+00      867.02  0
 1.61211E-02   0.00000E+00   0.00000E+00   0.00000E+00   0.00000E+00      865.95  0
 1.61411E-02   0.00000E+00   0.00000E+00   0.00000E+00   0.00000E+00      864.90  0
 1.61611E-02   0.00000E+00   0.00000E+00   0.00000E+00   0.00000E+00      863.86  0
 1.61811E-02   0.00000E+00   0.00000E+00   0.00000E+00   0.00000E+00      862.81  0
 1.62011E-02   0.00000E+00   0.00000E+00   0.00000E+00   0.00000E+00      861.77  0
 1.62211E-02   0.00000E+00   0.00000E+00   0.00000E+00   0.00000E+00      860.76  0
 1.62411E-02   0.00000E+00   0.00000E+00   0.00000E+00   0.00000E+00      859.75  0
 1.62611E-02   0.00000E+00   0.00000E+00   0.00000E+00   0.00000E+00      858.74  0
 1.62811E-02   0.00000E+00   0.00000E+00   0.00000E+00   0.00000E+00      857.74  0
 1.63011E-02   0.00000E+00   0.00000E+00   0.00000E+00   0.00000E+00      856.74  0
 1.63211E-02   0.00000E+00   0.00000E+00   0.00000E+00   0.00000E+00      855.75  0
 1.63411E-02   0.00000E+00   0.00000E+00   0.00000E+00   0.00000E+00      854.75  0
 1.63611E-02   0.00000E+00   0.00000E+00   0.00000E+00   0.00000E+00      853.76  0
 1.63811E-02   0.00000E+00   0.00000E+00   0.00000E+00   0.00000E+00      852.78  0
 1.64011E-02   0.00000E+00   0.00000E+00   0.00000E+00   0.00000E+00      851.80  0
 1.64211E-02   0.00000E+00   0.00000E+00   0.00000E+00   0.00000E+00      850.82  0
 1.64411E-02   0.00000E+00   0.00000E+00   0.00000E+00   0.00000E+00      849.84  0
 1.64611E-02   0.00000E+00   0.00000E+00   0.00000E+00   0.00000E+00      848.87  0
 1.64810E-02   0.00000E+00   0.00000E+00   0.00000E+00   0.00000E+00      847.90  0
 1.65010E-02   0.00000E+00   0.00000E+00   0.00000E+00   0.00000E+00      846.94  0
 1.65210E-02   0.00000E+00   0.00000E+00   0.00000E+00   0.00000E+00      845.98  0
 1.65410E-02   0.00000E+00   0.00000E+00   0.00000E+00   0.00000E+00      845.05  0
 1.65610E-02   0.00000E+00   0.00000E+00   0.00000E+00   0.00000E+00      844.11  0
 1.65810E-02   0.00000E+00   0.00000E+00   0.00000E+00   0.00000E+00      843.18  0
 1.66010E-02   0.00000E+00   0.00000E+00   0.00000E+00   0.00000E+00      842.26  0
 1.66210E-02   0.00000E+00   0.00000E+00   0.00000E+00   0.00000E+00      841.33  0
 1.66410E-02   0.00000E+00   0.00000E+00   0.00000E+00   0.00000E+00      840.41  0
 1.66610E-02   0.00000E+00   0.00000E+00   0.00000E+00   0.00000E+00      839.49  0
 1.66810E-02   0.00000E+00   0.00000E+00   0.00000E+00   0.00000E+00      838.58  0
 1.67010E-02   0.00000E+00   0.00000E+00   0.00000E+00   0.00000E+00      837.67  0
 1.67210E-02   0.00000E+00   0.00000E+00   0.00000E+00   0.00000E+00      836.76  0
 1.67410E-02   0.00000E+00   0.00000E+00   0.00000E+00   0.00000E+00      835.85  0
 1.67610E-02   0.00000E+00   0.00000E+00   0.00000E+00   0.00000E+00      834.95  0
 1.67810E-02   0.00000E+00   0.00000E+00   0.00000E+00   0.00000E+00      834.05  0
 1.68010E-02   0.00000E+00   0.00000E+00   0.00000E+00   0.00000E+00      833.15  0
 1.68210E-02   0.00000E+00   0.00000E+00   0.00000E+00   0.00000E+00      832.26  0
 1.68410E-02   0.00000E+00   0.00000E+00   0.00000E+00   0.00000E+00      831.37  0
 1.68610E-02   0.00000E+00   0.00000E+00   0.00000E+00   0.00000E+00      830.48  0
 1.68810E-02   0.00000E+00   0.00000E+00   0.00000E+00   0.00000E+00      829.61  0
 1.69010E-02   0.00000E+00   0.00000E+00   0.00000E+00   0.00000E+00      828.75  0
 1.69210E-02   0.00000E+00   0.00000E+00   0.00000E+00   0.00000E+00      827.89  0
 1.69410E-02   0.00000E+00   0.00000E+00   0.00000E+00   0.00000E+00      827.03  0
 1.69610E-02   0.00000E+00   0.00000E+00   0.00000E+00   0.00000E+00      826.18  0
 1.69810E-02   0.00000E+00   0.00000E+00   0.00000E+00   0.00000E+00      825.33  0
 1.70010E-02   0.00000E+00   0.00000E+00   0.00000E+00   0.00000E+00      824.48  0
 1.70210E-02   0.00000E+00   0.00000E+00   0.00000E+00   0.00000E+00      823.63  0
 1.70410E-02   0.00000E+00   0.00000E+00   0.00000E+00   0.00000E+00      822.79  0
 1.70610E-02   0.00000E+00   0.00000E+00   0.00000E+00   0.00000E+00      821.95  0
 1.70810E-02   0.00000E+00   0.00000E+00   0.00000E+00   0.00000E+00      821.11  0
 1.71010E-02   0.00000E+00   0.00000E+00   0.00000E+00   0.00000E+00      820.27  0
 1.71210E-02   0.00000E+00   0.00000E+00   0.00000E+00   0.00000E+00      819.45  0
 1.71410E-02   0.00000E+00   0.00000E+00   0.00000E+00   0.00000E+00      818.63  0
 1.71610E-02   0.00000E+00   0.00000E+00   0.00000E+00   0.00000E+00      817.81  0
 1.71810E-02   0.00000E+00   0.00000E+00   0.00000E+00   0.00000E+00      816.99  0
 1.72010E-02   0.00000E+00   0.00000E+00   0.00000E+00   0.00000E+00      816.17  0
 1.72210E-02   0.00000E+00   0.00000E+00   0.00000E+00   0.00000E+00      815.36  0
 1.72410E-02   0.00000E+00   0.00000E+00   0.00000E+00   0.00000E+00      814.55  0
 1.72610E-02   0.00000E+00   0.00000E+00   0.00000E+00   0.00000E+00      813.74  0
 1.72810E-02   0.00000E+00   0.00000E+00   0.00000E+00   0.00000E+00      812.95  0
 1.73010E-02   0.00000E+00   0.00000E+00   0.00000E+00   0.00000E+00      812.16  0
 1.73210E-02   0.00000E+00   0.00000E+00   0.00000E+00   0.00000E+00      811.38  0
 1.73410E-02   0.00000E+00   0.00000E+00   0.00000E+00   0.00000E+00      810.59  0
 1.73610E-02   0.00000E+00   0.00000E+00   0.00000E+00   0.00000E+00      809.81  0
 1.73810E-02   0.00000E+00   0.00000E+00   0.00000E+00   0.00000E+00      809.03  0
 1.74010E-02   0.00000E+00   0.00000E+00   0.00000E+00   0.00000E+00      808.26  0
 1.74210E-02   0.00000E+00   0.00000E+00   0.00000E+00   0.00000E+00      807.49  0
 1.74410E-02   0.00000E+00   0.00000E+00   0.00000E+00   0.00000E+00      806.71  0
