# Melt Pool Geometry History
# time(s)  length(m)  depth(m)  width(m)  volume(m3)  Tpeak(K)  laser_on
 2.10000E-05   0.00000E+00   0.00000E+00   0.00000E+00   9.68570E-14      293.00  1
 4.10000E-05   4.50880E-05   1.04058E-04   4.12346E-05   2.34330E-13     1972.78  1
 6.10000E-05   7.35011E-05   1.08751E-04   5.42679E-05   3.81442E-13     2606.06  1
 8.10000E-05   1.04485E-04   1.09715E-04   5.92733E-05   5.15583E-13     2859.39  1
 1.01000E-04   1.30609E-04   1.10015E-04   6.01141E-05   6.45229E-13     2908.62  1
 1.21000E-04   1.57593E-04   1.10162E-04   6.09121E-05   7.77135E-13     2906.99  1
 1.41000E-04   1.83158E-04   1.10071E-04   6.13838E-05   8.91535E-13     2957.71  1
 1.61000E-04   2.10834E-04   1.10119E-04   6.16881E-05   1.01220E-12     2925.31  1
 1.81000E-04   2.38460E-04   1.10052E-04   6.18298E-05   1.11684E-12     2932.00  1
 2.01000E-04   2.59728E-04   1.08709E-04   6.19135E-05   1.13015E-12     2772.89  1
 2.21000E-04   2.91000E-04   1.08788E-04   6.65686E-05   1.21785E-12     2754.58  1
 2.41000E-04   3.16856E-04   1.09033E-04   6.74552E-05   1.15668E-12     2794.53  0
 2.61000E-04   3.17643E-04   1.06085E-04   6.80927E-05   1.08696E-12     2425.14  0
 2.81000E-04   3.17822E-04   1.02373E-04   6.86307E-05   1.01578E-12     2250.49  0
 3.01000E-04   3.17866E-04   9.74798E-05   6.90765E-05   9.50695E-13     2141.45  0
 3.21000E-04   3.17799E-04   9.16247E-05   6.93960E-05   8.91962E-13     2061.05  0
 3.41000E-04   3.17624E-04   8.57533E-05   6.95762E-05   8.37757E-13     1995.78  0
 3.61000E-04   3.17344E-04   7.99261E-05   6.95828E-05   7.88777E-13     1939.90  0
 3.81000E-04   3.16964E-04   7.45024E-05   6.93916E-05   7.42894E-13     1891.86  0
 4.01000E-04   3.13429E-04   6.92094E-05   6.70351E-05   6.96584E-13     1849.27  0
 4.21000E-04   3.18285E-04   6.47977E-05   6.67734E-05   6.56214E-13     1797.54  0
 4.41000E-04   3.16935E-04   6.06445E-05   6.69053E-05   6.11405E-13     1752.44  0
 4.61000E-04   3.15634E-04   5.74856E-05   6.67298E-05   5.65443E-13     1717.12  0
 4.81000E-04   3.14505E-04   5.32999E-05   6.63265E-05   5.19308E-13     1689.40  0
 5.01000E-04   3.13648E-04   4.94278E-05   6.58616E-05   4.73656E-13     1667.72  0
 5.21000E-04   3.11003E-04   4.65916E-05   6.53933E-05   4.28846E-13     1650.83  0
 5.41000E-04   3.05516E-04   4.33258E-05   6.49768E-05   3.85736E-13     1638.19  0
 5.61000E-04   3.03054E-04   4.00108E-05   6.47397E-05   3.44468E-13     1629.29  0
 5.81000E-04   2.94571E-04   3.78303E-05   6.46610E-05   3.05696E-13     1624.07  0
 6.01000E-04   2.79927E-04   3.44225E-05   6.24670E-05   2.45766E-13     1622.50  0
 6.21000E-04   2.75971E-04   3.26999E-05   6.54484E-05   2.09491E-13     1621.55  0
 6.41000E-04   2.66839E-04   2.95753E-05   6.50804E-05   1.76190E-13     1620.25  0
 6.61000E-04   2.54503E-04   2.79967E-05   6.47772E-05   1.45767E-13     1618.62  0
 6.81000E-04   2.42814E-04   2.52508E-05   6.44937E-05   1.17989E-13     1616.63  0
 7.01000E-04   2.28310E-04   2.35104E-05   6.41984E-05   9.30636E-14     1614.25  0
 7.21000E-04   2.12759E-04   2.14655E-05   6.38788E-05   7.08512E-14     1611.46  0
 7.41000E-04   1.94650E-04   1.91617E-05   6.35131E-05   1.24497E-13     1608.19  1
 7.61000E-04   4.18436E-05   1.03515E-04   4.21982E-05   2.66419E-13     1857.55  1
 7.81000E-04   7.53980E-05   1.08415E-04   5.78698E-05   3.88751E-13     2543.26  1
 8.01000E-04   1.03164E-04   1.08589E-04   6.19649E-05   5.00463E-13     2729.14  1
 8.21000E-04   1.34158E-04   1.08839E-04   6.47989E-05   6.13551E-13     2814.99  1
 8.41000E-04   1.63732E-04   1.09115E-04   6.57229E-05   7.27741E-13     2886.02  1
 8.61000E-04   1.93365E-04   1.09154E-04   6.63012E-05   8.42103E-13     2887.63  1
 8.81000E-04   2.23255E-04   1.09228E-04   6.68589E-05   9.48009E-13     2889.84  1
 9.01000E-04   2.52562E-04   1.09314E-04   6.73097E-05   1.04817E-12     2936.14  1
 9.21000E-04   2.65899E-04   1.09374E-04   6.76412E-05   1.15328E-12     2942.64  1
 9.41000E-04   2.94344E-04   1.09515E-04   6.79921E-05   1.25022E-12     2886.95  1
 9.61000E-04   3.23818E-04   1.09549E-04   6.84885E-05   1.34178E-12     2864.62  1
 9.81000E-04   3.52406E-04   1.09553E-04   6.89211E-05   1.43435E-12     2872.75  1
 1.00100E-03   3.76160E-04   1.09630E-04   6.93130E-05   1.51792E-12     2842.31  1
 1.02100E-03   4.11179E-04   1.09640E-04   6.96797E-05   1.60642E-12     2854.98  1
 1.04100E-03   4.27629E-04   1.09691E-04   7.14117E-05   1.69253E-12     2887.02  1
 1.06100E-03   4.54933E-04   1.09585E-04   7.38360E-05   1.78326E-12     2881.22  1
 1.08100E-03   4.83561E-04   1.09564E-04   7.51657E-05   1.86519E-12     2839.58  1
 1.10100E-03   5.12705E-04   1.09432E-04   7.58997E-05   1.94167E-12     2877.33  1
 1.12100E-03   5.41729E-04   1.09315E-04   7.61442E-05   2.01469E-12     2880.66  1
 1.14100E-03   5.71268E-04   1.09292E-04   7.63078E-05   2.07961E-12     2870.43  1
 1.16100E-03   6.00637E-04   1.09204E-04   7.64058E-05   2.14181E-12     2888.93  1
 1.18100E-03   6.13601E-04   1.09139E-04   7.64664E-05   2.20205E-12     2885.62  1
 1.20100E-03   6.38368E-04   1.09104E-04   7.65448E-05   2.25744E-12     2855.54  1
 1.22100E-03   6.64021E-04   1.09096E-04   7.66552E-05   2.15584E-12     2844.89  0
 1.24100E-03   6.62147E-04   1.06473E-04   7.67236E-05   2.04521E-12     2478.48  0
 1.26100E-03   6.56208E-04   1.02604E-04   7.68576E-05   1.93588E-12     2309.00  0
 1.28100E-03   6.49571E-04   9.77793E-05   7.70694E-05   1.83167E-12     2200.07  0
 1.30100E-03   6.42264E-04   9.27593E-05   7.71618E-05   1.73188E-12     2116.67  0
 1.32100E-03   6.33866E-04   8.75685E-05   7.71260E-05   1.63808E-12     2045.36  0
 1.34100E-03   6.26317E-04   8.23932E-05   7.69898E-05   1.54835E-12     1980.21  0
 1.36100E-03   6.20396E-04   7.69496E-05   7.67803E-05   1.46226E-12     1921.31  0
 1.38100E-03   6.13315E-04   7.24217E-05   7.64987E-05   1.37829E-12     1868.51  0
 1.40100E-03   6.05057E-04   6.77102E-05   7.55300E-05   1.27941E-12     1821.96  0
 1.42100E-03   5.97513E-04   6.32895E-05   7.56140E-05   1.19935E-12     1776.50  0
 1.44100E-03   5.91540E-04   5.91330E-05   7.53427E-05   1.11989E-12     1738.12  0
 1.46100E-03   5.82730E-04   5.54930E-05   7.49836E-05   1.04123E-12     1707.43  0
 1.48100E-03   5.74350E-04   5.26978E-05   7.46808E-05   9.63898E-13     1683.20  0
 1.50100E-03   5.66536E-04   4.87519E-05   7.45483E-05   8.87914E-13     1663.68  0
 1.52100E-03   5.59642E-04   4.55815E-05   7.45240E-05   8.13480E-13     1648.33  0
 1.54100E-03   5.51234E-04   4.30258E-05   7.44996E-05   7.41410E-13     1636.95  0
 1.56100E-03   5.41601E-04   3.97473E-05   7.44728E-05   6.71741E-13     1629.05  0
 1.58100E-03   5.31806E-04   3.78264E-05   7.44426E-05   6.05123E-13     1624.33  0
 1.60100E-03   5.21522E-04   3.45334E-05   7.00991E-05   4.83358E-13     1622.71  0
 1.62100E-03   5.12279E-04   3.28871E-05   8.10042E-05   4.11832E-13     1621.93  0
 1.64100E-03   5.01795E-04   3.00488E-05   8.12051E-05   3.47313E-13     1620.77  0
 1.66100E-03   4.90721E-04   2.83878E-05   8.13283E-05   2.89320E-13     1619.26  0
 1.68100E-03   4.68344E-04   2.62122E-05   8.13578E-05   2.36631E-13     1617.36  0
 1.70100E-03   4.43739E-04   2.41055E-05   8.13355E-05   1.89473E-13     1615.08  0
 1.72100E-03   4.16383E-04   2.28118E-05   8.12651E-05   2.31013E-13     1612.45  1
 1.74100E-03   4.27158E-05   1.03599E-04   4.31684E-05   3.43371E-13     1861.41  1
 1.76100E-03   7.33620E-05   1.08490E-04   5.92911E-05   4.48997E-13     2601.24  1
 1.78100E-03   1.03629E-04   1.09171E-04   6.32538E-05   5.50393E-13     2770.48  1
 1.80100E-03   1.29793E-04   1.08908E-04   6.44198E-05   6.50870E-13     2802.59  1
 1.82100E-03   1.54315E-04   1.09028E-04   6.96014E-05   7.70792E-13     2795.23  1
 1.84100E-03   1.83628E-04   1.09165E-04   7.14531E-05   8.78876E-13     2782.12  1
 1.86100E-03   2.09868E-04   1.09293E-04   7.23268E-05   9.88460E-13     2817.82  1
 1.88100E-03   2.34021E-04   1.09356E-04   7.28886E-05   1.10762E-12     2816.35  1
 1.90100E-03   2.63210E-04   1.09493E-04   7.33279E-05   1.21509E-12     2792.98  1
 1.92100E-03   2.89317E-04   1.09542E-04   7.36780E-05   1.31547E-12     2818.89  1
 1.94100E-03   3.13406E-04   1.09552E-04   7.38595E-05   1.42334E-12     2819.96  1
 1.96100E-03   3.43011E-04   1.09707E-04   7.39793E-05   1.51796E-12     2797.62  1
 1.98100E-03   3.68736E-04   1.09717E-04   7.41113E-05   1.60817E-12     2832.54  1
 2.00100E-03   3.92438E-04   1.09683E-04   7.42778E-05   1.70057E-12     2807.74  1
 2.02100E-03   4.22245E-04   1.09865E-04   7.44468E-05   1.78926E-12     2797.85  1
 2.04100E-03   4.48015E-04   1.09844E-04   7.46278E-05   1.87009E-12     2813.81  1
 2.06100E-03   4.72731E-04   1.09842E-04   7.47362E-05   1.95382E-12     2812.16  1
 2.08100E-03   5.02133E-04   1.09968E-04   7.48231E-05   2.03165E-12     2805.91  1
 2.10100E-03   5.28002E-04   1.09934E-04   7.48889E-05   2.10172E-12     2822.13  1
 2.12100E-03   5.52567E-04   1.09931E-04   7.49856E-05   2.17605E-12     2819.59  1
 2.14100E-03   5.81898E-04   1.10049E-04   7.50539E-05   2.24267E-12     2810.79  1
 2.16100E-03   6.07935E-04   1.09994E-04   7.51265E-05   2.30234E-12     2838.39  1
 2.18100E-03   6.32300E-04   1.09977E-04   7.52126E-05   2.36943E-12     2827.69  1
 2.20100E-03   6.56816E-04   1.10030E-04   7.52533E-05   2.42068E-12     2782.04  1
 2.22100E-03   6.89937E-04   1.10008E-04   7.53650E-05   2.47230E-12     2824.09  1
 2.24100E-03   7.09529E-04   1.10027E-04   7.54372E-05   2.51490E-12     2858.14  1
 2.26100E-03   7.24998E-04   1.09891E-04   7.54843E-05   2.56358E-12     2833.98  1
 2.28100E-03   7.47218E-04   1.09880E-04   7.55891E-05   2.60412E-12     2814.30  1
 2.30100E-03   7.67255E-04   1.09711E-04   7.56529E-05   2.63489E-12     2834.71  1
 2.32100E-03   7.83228E-04   1.09591E-04   7.56860E-05   2.67079E-12     2825.24  1
 2.34100E-03   8.05901E-04   1.09549E-04   7.57313E-05   2.69809E-12     2808.87  1
 2.36100E-03   8.26559E-04   1.09392E-04   7.58246E-05   2.72011E-12     2815.90  1
 2.38100E-03   8.43025E-04   1.09264E-04   7.59587E-05   2.74312E-12     2802.76  1
 2.40100E-03   8.65121E-04   1.09230E-04   7.60088E-05   2.76126E-12     2790.04  1
 2.42100E-03   8.83981E-04   1.09171E-04   7.59796E-05   2.62263E-12     2803.20  0
 2.44100E-03   8.77580E-04   1.06747E-04   7.58959E-05   2.47657E-12     2428.97  0
 2.46100E-03   8.74296E-04   1.02690E-04   7.58130E-05   2.33033E-12     2247.80  0
 2.48100E-03   8.65363E-04   9.79380E-05   7.57014E-05   2.18990E-12     2131.16  0
 2.50100E-03   8.61559E-04   9.29473E-05   7.55768E-05   2.05765E-12     2044.31  0
 2.52100E-03   8.52446E-04   8.77604E-05   7.53750E-05   1.93168E-12     1974.75  0
 2.54100E-03   8.45506E-04   8.26626E-05   7.50732E-05   1.81225E-12     1915.26  0
 2.56100E-03   8.38635E-04   7.73014E-05   7.46594E-05   1.69841E-12     1865.92  0
 2.58100E-03   8.29056E-04   7.23571E-05   7.41128E-05   1.58829E-12     1823.97  0
 2.60100E-03   8.20148E-04   6.71654E-05   7.29562E-05   1.45793E-12     1788.11  0
 2.62100E-03   8.11204E-04   6.28080E-05   7.39687E-05   1.35630E-12     1751.31  0
 2.64100E-03   7.94910E-04   5.84347E-05   7.42521E-05   1.25485E-12     1719.66  0
 2.66100E-03   7.78214E-04   5.45370E-05   7.42357E-05   1.15521E-12     1693.11  0
 2.68100E-03   7.59745E-04   5.15740E-05   7.40943E-05   1.05802E-12     1671.84  0
 2.70100E-03   7.43500E-04   4.83248E-05   7.40042E-05   9.64391E-13     1655.19  0
 2.72100E-03   7.24476E-04   4.51281E-05   7.40433E-05   8.73381E-13     1642.54  0
 2.74100E-03   7.08450E-04   4.30148E-05   7.40659E-05   7.86772E-13     1633.25  0
 2.76100E-03   6.88042E-04   3.99846E-05   7.40741E-05   7.04644E-13     1626.93  0
 2.78100E-03   6.67946E-04   3.80758E-05   7.40689E-05   6.27285E-13     1623.43  0
 2.80100E-03   6.41671E-04   3.51443E-05   6.88362E-05   5.05007E-13     1622.47  0
 2.82100E-03   6.20564E-04   3.33498E-05   8.07165E-05   4.27187E-13     1621.59  0
 2.84100E-03   5.90165E-04   3.09304E-05   8.08478E-05   3.58047E-13     1620.38  0
 2.86100E-03   5.58777E-04   2.88663E-05   8.09100E-05   2.96033E-13     1618.84  0
 2.88100E-03   5.26008E-04   2.73952E-05   8.08507E-05   2.40913E-13     1616.94  0
 2.90100E-03   4.93774E-04   2.45576E-05   8.07320E-05   1.91418E-13     1614.66  0
 2.92100E-03   4.60300E-04   2.31573E-05   7.99135E-05   2.29697E-13     1612.03  1
 2.94100E-03   4.23554E-05   1.03752E-04   4.23791E-05   3.40417E-13     1870.83  1
 2.96100E-03   7.69401E-05   1.08559E-04   5.80820E-05   4.45179E-13     2579.92  1
 2.98100E-03   1.06734E-04   1.09210E-04   6.31957E-05   5.58820E-13     2842.49  1
 3.00100E-03   1.35502E-04   1.08821E-04   6.69414E-05   6.57340E-13     2799.38  1
 3.02100E-03   1.64576E-04   1.08976E-04   7.49947E-05   7.72882E-13     2835.36  1
 3.04100E-03   1.93596E-04   1.09137E-04   7.72114E-05   8.89451E-13     2837.41  1
 3.06100E-03   2.08886E-04   1.09248E-04   7.80866E-05   1.00293E-12     2848.08  1
 3.08100E-03   2.36137E-04   1.09301E-04   7.86425E-05   1.12184E-12     2848.34  1
 3.10100E-03   2.64520E-04   1.09436E-04   7.89604E-05   1.23666E-12     2807.71  1
 3.12100E-03   2.93624E-04   1.09497E-04   7.91048E-05   1.34102E-12     2837.96  1
 3.14100E-03   3.22583E-04   1.09566E-04   7.91678E-05   1.44579E-12     2851.34  1
 3.16100E-03   3.52120E-04   1.09688E-04   7.92332E-05   1.54932E-12     2837.98  1
 3.18100E-03   3.67852E-04   1.09705E-04   7.93589E-05   1.64130E-12     2854.69  1
 3.20100E-03   3.95148E-04   1.09737E-04   7.95115E-05   1.73864E-12     2852.86  1
 3.22100E-03   4.24121E-04   1.09839E-04   7.96935E-05   1.82504E-12     2820.08  1
 3.24100E-03   4.53306E-04   1.09858E-04   7.98507E-05   1.91243E-12     2856.50  1
 3.26100E-03   4.82373E-04   1.09857E-04   7.99756E-05   1.99880E-12     2862.21  1
 3.28100E-03   5.11865E-04   1.09997E-04   8.00174E-05   2.07702E-12     2831.09  1
 3.30100E-03   5.41365E-04   1.09970E-04   8.00675E-05   2.15201E-12     2871.01  1
 3.32100E-03   5.54642E-04   1.09977E-04   8.01146E-05   2.22999E-12     2880.74  1
 3.34100E-03   5.83163E-04   1.10102E-04   8.01651E-05   2.29624E-12     2833.68  1
 3.36100E-03   6.12503E-04   1.10070E-04   8.02476E-05   2.36039E-12     2844.56  1
 3.38100E-03   6.40878E-04   1.10060E-04   8.03817E-05   2.42573E-12     2857.51  1
 3.40100E-03   6.59183E-04   1.10145E-04   8.05375E-05   2.48771E-12     2820.57  1
 3.42100E-03   6.78636E-04   1.10173E-04   8.06308E-05   2.54542E-12     2823.95  1
 3.44100E-03   6.87900E-04   1.10291E-04   8.06822E-05   2.59696E-12     2875.04  1
 3.46100E-03   7.06891E-04   1.10175E-04   8.07010E-05   2.65720E-12     2880.00  1
 3.48100E-03   7.30570E-04   1.10260E-04   8.07011E-05   2.70413E-12     2825.70  1
 3.50099E-03   7.53876E-04   1.10256E-04   8.06859E-05   2.75094E-12     2873.97  1
 3.52099E-03   7.76308E-04   1.10187E-04   8.06267E-05   2.79817E-12     2883.54  1
 3.54099E-03   8.01884E-04   1.10300E-04   8.07164E-05   2.83488E-12     2849.86  1
 3.56099E-03   8.24263E-04   1.10307E-04   8.08048E-05   2.87167E-12     2874.47  1
 3.58099E-03   8.34344E-04   1.10215E-04   8.08681E-05   2.91071E-12     2894.90  1
 3.60099E-03   8.53112E-04   1.10288E-04   8.09153E-05   2.93697E-12     2841.38  1
 3.62099E-03   8.78065E-04   1.10213E-04   8.10198E-05   2.96464E-12     2857.41  1
 3.64099E-03   8.99172E-04   1.10132E-04   8.10972E-05   2.99297E-12     2867.62  1
 3.66099E-03   9.24090E-04   1.10212E-04   8.12257E-05   3.01275E-12     2828.21  1
 3.68099E-03   9.44329E-04   1.10123E-04   8.13461E-05   3.03250E-12     2858.49  1
 3.70099E-03   9.54168E-04   1.09943E-04   8.14042E-05   3.05252E-12     2882.21  1
 3.72099E-03   9.72780E-04   1.09963E-04   8.14672E-05   3.06276E-12     2844.01  1
 3.74099E-03   9.93132E-04   1.09785E-04   8.14402E-05   3.06918E-12     2862.69  1
 3.76099E-03   1.01458E-03   1.09609E-04   8.13672E-05   3.08140E-12     2859.51  1
 3.78099E-03   1.03515E-03   1.09601E-04   8.12920E-05   3.08117E-12     2805.65  1
 3.80099E-03   1.03965E-03   1.09439E-04   8.12483E-05   3.07497E-12     2851.84  1
 3.82099E-03   1.05480E-03   1.09298E-04   8.12517E-05   3.07692E-12     2864.78  1
 3.84099E-03   1.07323E-03   1.09258E-04   8.12051E-05   3.06642E-12     2799.01  1
 3.86099E-03   1.08482E-03   1.09178E-04   8.11300E-05   2.89852E-12     2827.85  0
 3.88099E-03   1.07300E-03   1.06775E-04   8.10701E-05   2.72884E-12     2443.19  0
 3.90099E-03   1.06028E-03   1.02716E-04   8.09654E-05   2.56170E-12     2248.58  0
 3.92099E-03   1.04481E-03   9.79431E-05   8.08997E-05   2.40009E-12     2122.31  0
 3.94099E-03   1.02895E-03   9.29711E-05   8.07797E-05   2.24818E-12     2023.05  0
 3.96099E-03   1.01384E-03   8.77500E-05   8.06148E-05   2.10490E-12     1943.80  0
 3.98099E-03   9.99205E-04   8.26317E-05   8.03742E-05   1.96870E-12     1879.55  0
 4.00099E-03   9.78769E-04   7.68123E-05   7.95720E-05   1.73921E-12     1828.33  0
 4.02099E-03   9.57809E-04   7.17779E-05   8.20705E-05   1.60019E-12     1780.08  0
 4.04099E-03   9.34044E-04   6.68935E-05   8.25481E-05   1.46369E-12     1738.15  0
 4.06099E-03   9.05374E-04   6.24416E-05   8.28154E-05   1.33275E-12     1704.27  0
 4.08099E-03   8.60064E-04   5.79008E-05   8.29904E-05   1.20810E-12     1677.82  0
 4.10099E-03   8.28288E-04   5.35449E-05   8.31132E-05   1.08997E-12     1657.79  0
 4.12099E-03   8.00848E-04   4.98052E-05   8.32013E-05   9.78702E-13     1643.16  0
 4.14099E-03   7.74595E-04   4.69365E-05   8.32639E-05   8.74296E-13     1633.01  0
 4.16100E-03   7.45932E-04   4.34713E-05   8.33049E-05   7.76612E-13     1626.41  0
 4.18100E-03   7.19914E-04   4.02936E-05   8.33241E-05   6.85721E-13     1623.16  0
 4.20100E-03   6.87146E-04   3.71013E-05   7.81625E-05   5.49144E-13     1622.31  0
 4.22100E-03   6.56873E-04   3.43280E-05   8.68894E-05   4.59506E-13     1621.36  0
 4.24100E-03   6.27140E-04   3.26628E-05   8.77015E-05   3.81108E-13     1620.16  0
 4.26100E-03   5.97665E-04   2.96475E-05   8.80056E-05   3.11744E-13     1618.66  0
 4.28100E-03   5.57477E-04   2.80752E-05   8.77797E-05   2.50813E-13     1616.90  0
 4.30100E-03   5.16406E-04   2.56245E-05   8.70706E-05   1.97160E-13     1614.87  0
 4.32100E-03   4.76183E-04   2.38183E-05   8.60486E-05   1.50739E-13     1612.52  0
 4.34100E-03   4.36573E-04   2.25044E-05   8.46024E-05   1.11003E-13     1609.84  0
 4.36100E-03   3.97783E-04   1.97124E-05   8.28383E-05   1.57334E-13     1606.78  1
 4.38100E-03   4.25914E-05   1.03405E-04   4.52942E-05   2.86066E-13     1863.54  1
 4.40100E-03   7.25509E-05   1.08186E-04   5.75273E-05   4.01427E-13     2497.17  1
 4.42100E-03   1.03646E-04   1.08939E-04   6.26933E-05   5.14690E-13     2690.47  1
 4.44100E-03   1.29695E-04   1.09325E-04   6.40509E-05   6.26536E-13     2782.58  1
 4.46100E-03   1.54573E-04   1.09411E-04   6.48131E-05   7.49433E-13     2800.82  1
 4.48100E-03   1.84165E-04   1.09568E-04   6.56171E-05   8.66489E-13     2798.98  1
 4.50100E-03   2.10228E-04   1.09599E-04   6.62974E-05   9.76888E-13     2829.94  1
 4.52100E-03   2.34641E-04   1.09604E-04   6.68229E-05   1.09034E-12     2824.58  1
 4.54100E-03   2.63870E-04   1.09764E-04   6.73374E-05   1.19630E-12     2813.38  1
 4.56100E-03   2.90093E-04   1.09767E-04   6.78955E-05   1.29351E-12     2837.33  1
 4.58100E-03   3.14302E-04   1.09770E-04   6.83296E-05   1.39658E-12     2830.17  1
 4.60100E-03   3.43581E-04   1.09922E-04   6.87112E-05   1.49136E-12     2816.36  1
 4.62100E-03   3.69505E-04   1.09908E-04   6.91082E-05   1.57889E-12     2843.83  1
 4.64100E-03   3.93629E-04   1.09908E-04   6.94162E-05   1.67928E-12     2837.59  1
 4.66100E-03   4.22698E-04   1.10053E-04   7.10182E-05   1.76969E-12     2822.88  1
 4.68100E-03   4.48732E-04   1.10024E-04   7.21413E-05   1.85506E-12     2855.66  1
 4.70100E-03   4.72853E-04   1.10020E-04   7.27196E-05   1.94556E-12     2846.14  1
 4.72100E-03   5.02069E-04   1.10158E-04   7.31174E-05   2.03003E-12     2826.99  1
 4.74100E-03   5.28308E-04   1.10153E-04   7.33656E-05   2.10764E-12     2854.55  1
 4.76100E-03   5.52538E-04   1.10111E-04   7.35838E-05   2.19020E-12     2848.53  1
 4.78100E-03   5.81642E-04   1.10243E-04   7.37471E-05   2.26212E-12     2830.62  1
 4.80100E-03   6.05527E-04   1.10231E-04   7.38997E-05   2.33239E-12     2815.08  1
 4.82100E-03   6.33946E-04   1.10228E-04   7.40449E-05   2.39715E-12     2844.32  1
 4.84100E-03   6.59224E-04   1.10394E-04   7.43008E-05   2.45502E-12     2884.02  1
 4.86100E-03   6.81149E-04   1.10256E-04   7.44553E-05   2.51754E-12     2863.92  1
 4.88100E-03   7.04632E-04   1.10352E-04   7.45894E-05   2.57202E-12     2843.45  1
 4.90100E-03   7.28192E-04   1.10388E-04   7.47080E-05   2.62253E-12     2873.66  1
 4.92100E-03   7.45831E-04   1.10284E-04   7.48145E-05   2.68474E-12     2863.53  1
 4.94100E-03   7.71627E-04   1.10395E-04   7.61128E-05   2.73797E-12     2840.36  1
 4.96100E-03   7.92063E-04   1.10443E-04   7.70466E-05   2.78876E-12     2872.42  1
 4.98100E-03   8.12224E-04   1.10325E-04   7.74802E-05   2.84176E-12     2866.24  1
 5.00100E-03   8.33490E-04   1.10401E-04   7.76349E-05   2.89075E-12     2818.21  1
 5.02100E-03   8.56850E-04   1.10417E-04   7.77880E-05   2.93259E-12     2849.99  1
 5.04100E-03   8.76446E-04   1.10575E-04   7.79801E-05   2.96922E-12     2887.16  1
 5.06100E-03   8.96989E-04   1.10377E-04   7.81340E-05   3.01124E-12     2873.93  1
 5.08100E-03   9.17583E-04   1.10453E-04   7.82412E-05   3.04378E-12     2850.91  1
 5.10100E-03   9.40461E-04   1.10499E-04   7.83722E-05   3.07195E-12     2876.67  1
 5.12100E-03   9.56579E-04   1.10348E-04   7.84762E-05   3.10164E-12     2873.06  1
 5.14100E-03   9.80210E-04   1.10427E-04   7.86450E-05   3.12448E-12     2853.10  1
 5.16100E-03   1.00039E-03   1.10449E-04   7.87581E-05   3.14270E-12     2878.74  1
 5.18100E-03   1.01648E-03   1.10287E-04   7.88657E-05   3.16452E-12     2873.38  1
 5.20100E-03   1.04032E-03   1.10284E-04   7.89568E-05   3.17181E-12     2822.52  1
 5.22100E-03   1.05589E-03   1.10266E-04   7.91091E-05   3.18499E-12     2831.44  1
 5.24100E-03   1.08300E-03   1.10266E-04   7.92602E-05   3.19068E-12     2853.03  1
 5.26100E-03   1.10839E-03   1.10113E-04   7.94160E-05   3.18927E-12     2863.56  1
 5.28100E-03   1.12354E-03   1.09929E-04   7.95986E-05   3.19813E-12     2847.19  1
 5.30100E-03   1.14419E-03   1.09891E-04   7.97163E-05   3.04061E-12     2844.37  0
 5.32100E-03   1.13906E-03   1.07835E-04   7.97809E-05   2.87968E-12     2495.18  0
 5.34100E-03   1.13010E-03   1.03601E-04   7.98000E-05   2.72109E-12     2330.29  0
 5.36100E-03   1.12111E-03   9.92360E-05   7.97422E-05   2.56464E-12     2216.54  0
 5.38100E-03   1.11078E-03   9.50175E-05   7.96356E-05   2.41439E-12     2125.63  0
 5.40100E-03   1.09436E-03   9.04945E-05   7.92248E-05   2.19950E-12     2044.97  0
 5.42100E-03   1.07407E-03   8.62188E-05   8.25634E-05   2.04578E-12     1959.15  0
 5.44100E-03   1.04963E-03   8.20648E-05   8.32988E-05   1.89568E-12     1887.22  0
 5.46101E-03   1.02310E-03   7.77367E-05   8.37591E-05   1.75134E-12     1829.47  0
 5.48101E-03   9.93041E-04   7.31914E-05   8.38432E-05   1.61304E-12     1782.10  0
 5.50101E-03   9.65834E-04   6.87831E-05   8.37925E-05   1.48121E-12     1743.66  0
 5.52101E-03   9.19733E-04   6.47974E-05   8.36415E-05   1.35599E-12     1712.33  0
 5.54101E-03   8.73998E-04   6.12848E-05   8.35278E-05   1.23694E-12     1686.98  0
 5.56101E-03   8.42311E-04   5.78630E-05   8.34628E-05   1.12411E-12     1666.89  0
 5.58101E-03   8.14442E-04   5.38669E-05   8.35198E-05   1.01731E-12     1651.36  0
 5.60101E-03   7.80229E-04   4.97228E-05   7.89383E-05   8.48073E-13     1638.58  0
 5.62101E-03   7.60257E-04   4.73947E-05   8.75749E-05   7.43163E-13     1629.96  0
 5.64101E-03   7.26317E-04   4.37514E-05   8.90918E-05   6.49298E-13     1624.75  0
 5.66101E-03   6.92975E-04   4.09737E-05   9.03143E-05   5.64696E-13     1622.80  0
 5.68101E-03   6.60802E-04   3.84588E-05   9.10454E-05   4.88171E-13     1622.08  0
 5.70101E-03   6.25577E-04   3.57070E-05   9.10856E-05   4.18149E-13     1621.08  0
 5.72101E-03   5.91529E-04   3.35346E-05   9.11007E-05   3.54968E-13     1619.82  0
 5.74101E-03   5.53507E-04   3.11933E-05   9.10860E-05   2.97735E-13     1618.31  0
 5.76101E-03   5.18165E-04   2.89316E-05   9.04149E-05   2.46156E-13     1616.56  0
 5.78101E-03   4.78738E-04   2.74403E-05   8.94263E-05   2.00017E-13     1614.54  0
 5.80101E-03   4.39237E-04   2.42885E-05   8.43677E-05   2.27869E-13     1611.89  1
 5.82101E-03   4.67375E-05   1.03016E-04   5.01807E-05   3.52881E-13     1818.46  1
 5.84101E-03   7.66744E-05   1.08277E-04   5.80341E-05   4.59461E-13     2540.30  1
 5.86101E-03   1.05808E-04   1.09333E-04   6.23004E-05   5.70121E-13     2761.38  1
 5.88101E-03   1.34926E-04   1.09612E-04   6.38522E-05   6.73882E-13     2816.53  1
 5.90101E-03   1.64229E-04   1.09690E-04   6.49404E-05   7.80843E-13     2876.89  1
 5.92101E-03   1.93778E-04   1.09723E-04   6.57054E-05   8.92737E-13     2894.19  1
 5.94101E-03   2.23536E-04   1.09859E-04   6.64504E-05   9.97693E-13     2894.56  1
 5.96101E-03   2.52898E-04   1.09845E-04   6.71740E-05   1.10325E-12     2934.04  1
 5.98101E-03   2.66581E-04   1.09877E-04   6.77970E-05   1.21082E-12     2956.81  1
 6.00101E-03   2.91327E-04   1.09962E-04   6.83510E-05   1.31221E-12     2914.04  1
 6.02101E-03   3.23804E-04   1.09986E-04   6.89623E-05   1.40694E-12     2884.16  1
 6.04101E-03   3.52599E-04   1.10074E-04   6.94757E-05   1.51241E-12     2933.02  1
 6.06101E-03   3.82073E-04   1.10030E-04   7.19855E-05   1.61425E-12     2905.12  1
 6.08101E-03   4.11767E-04   1.10140E-04   7.33443E-05   1.71427E-12     2895.70  1
 6.10101E-03   4.41261E-04   1.10126E-04   7.55057E-05   1.81188E-12     2921.24  1
 6.12101E-03   4.54813E-04   1.10104E-04   7.67525E-05   1.91202E-12     2928.70  1
 6.14101E-03   4.83388E-04   1.10220E-04   7.73335E-05   2.00197E-12     2895.48  1
 6.16101E-03   5.12752E-04   1.10218E-04   7.76623E-05   2.08866E-12     2898.92  1
 6.18101E-03   5.41533E-04   1.10172E-04   7.78460E-05   2.17482E-12     2901.07  1
 6.20101E-03   5.63617E-04   1.10258E-04   7.80037E-05   2.25725E-12     2854.05  1
 6.22101E-03   5.95320E-04   1.10284E-04   7.81402E-05   2.32898E-12     2879.78  1
 6.24101E-03   6.22704E-04   1.10426E-04   7.82788E-05   2.39959E-12     2921.96  1
 6.26101E-03   6.34523E-04   1.10283E-04   7.83770E-05   2.47274E-12     2936.16  1
 6.28101E-03   6.57660E-04   1.10373E-04   7.85135E-05   2.53628E-12     2895.40  1
 6.30101E-03   6.82386E-04   1.10402E-04   7.86675E-05   2.59778E-12     2910.93  1
 6.32101E-03   7.04277E-04   1.10300E-04   7.88299E-05   2.66093E-12     2906.57  1
 6.34101E-03   7.30038E-04   1.10411E-04   7.89181E-05   2.71539E-12     2882.34  1
 6.36101E-03   7.52512E-04   1.10461E-04   7.90206E-05   2.76692E-12     2909.14  1
 6.38101E-03   7.60383E-04   1.10342E-04   7.91504E-05   2.82032E-12     2939.45  1
 6.40101E-03   7.83074E-04   1.10413E-04   7.93092E-05   2.87007E-12     2886.59  1
 6.42101E-03   8.04334E-04   1.10424E-04   7.94597E-05   2.91095E-12     2887.84  1
 6.44101E-03   8.29385E-04   1.10574E-04   7.95620E-05   2.95067E-12     2920.54  1
 6.46101E-03   8.50591E-04   1.10378E-04   7.96482E-05   2.99306E-12     2932.22  1
 6.48101E-03   8.76831E-04   1.10448E-04   7.97391E-05   3.02350E-12     2913.25  1
 6.50101E-03   8.97891E-04   1.10482E-04   7.98488E-05   3.05363E-12     2942.51  1
 6.52101E-03   9.08825E-04   1.10305E-04   7.99837E-05   2.92020E-12     2940.40  0
 6.54101E-03   9.01988E-04   1.08165E-04   8.01909E-05   2.77836E-12     2557.69  0
 6.56101E-03   8.99245E-04   1.04327E-04   8.03734E-05   2.63409E-12     2367.14  0
 6.58101E-03   8.91586E-04   1.00864E-04   8.07203E-05   2.49397E-12     2235.36  0
 6.60101E-03   8.86657E-04   9.69301E-05   8.07763E-05   2.35023E-12     2129.59  0
 6.62101E-03   8.84301E-04   9.28072E-05   8.10435E-05   2.21857E-12     2027.89  0
 6.64101E-03   8.79683E-04   8.82153E-05   8.10367E-05   2.09088E-12     1945.71  0
 6.66101E-03   8.70528E-04   8.36737E-05   8.08653E-05   1.96713E-12     1883.51  0
 6.68101E-03   8.66304E-04   7.93447E-05   8.05769E-05   1.84757E-12     1834.03  0
 6.70101E-03   8.56331E-04   7.51643E-05   8.01892E-05   1.73185E-12     1793.91  0
 6.72101E-03   8.47573E-04   7.15224E-05   7.97196E-05   1.61924E-12     1761.37  0
 6.74101E-03   8.41234E-04   6.78644E-05   7.91772E-05   1.50956E-12     1733.95  0
 6.76101E-03   8.30107E-04   6.36656E-05   7.85816E-05   1.40269E-12     1711.22  0
 6.78102E-03   8.18772E-04   5.99900E-05   7.79445E-05   1.29841E-12     1691.69  0
 6.80102E-03   8.06556E-04   5.64638E-05   7.62339E-05   1.11727E-12     1674.67  0
 6.82102E-03   7.90938E-04   5.32945E-05   8.17820E-05   1.00437E-12     1659.40  0
 6.84102E-03   7.70275E-04   5.00054E-05   8.21784E-05   8.99588E-13     1645.83  0
 6.86102E-03   7.35221E-04   4.78181E-05   8.24393E-05   8.02571E-13     1635.31  0
 6.88102E-03   7.02102E-04   4.44995E-05   8.26160E-05   7.12584E-13     1628.00  0
 6.90102E-03   6.72291E-04   4.26585E-05   8.27386E-05   6.29065E-13     1623.81  0
 6.92102E-03   6.43527E-04   3.94812E-05   8.28238E-05   5.51994E-13     1622.64  0
 6.94102E-03   6.15579E-04   3.77921E-05   8.28790E-05   4.80616E-13     1621.88  0
 6.96102E-03   5.88542E-04   3.48025E-05   8.29077E-05   4.14728E-13     1620.84  0
 6.98102E-03   5.61451E-04   3.31456E-05   8.29069E-05   3.54495E-13     1619.55  0
 7.00102E-03   5.32063E-04   3.01221E-05   7.78302E-05   2.76432E-13     1617.88  0
 7.02102E-03   4.97890E-04   2.84756E-05   8.38962E-05   3.03947E-13     1616.11  1
 7.04102E-03   4.09050E-05   1.04053E-04   4.40791E-05   4.24746E-13     1854.70  1
 7.06102E-03   7.30912E-05   1.08709E-04   5.79833E-05   5.18153E-13     2526.61  1
 7.08102E-03   1.02054E-04   1.09487E-04   6.27625E-05   6.16845E-13     2772.19  1
 7.10102E-03   1.26034E-04   1.09729E-04   6.41550E-05   7.19261E-13     2849.53  1
 7.12102E-03   1.55449E-04   1.09916E-04   6.52880E-05   8.18023E-13     2835.25  1
 7.14102E-03   1.83137E-04   1.09932E-04   6.60984E-05   9.17242E-13     2857.01  1
 7.16102E-03   2.06631E-04   1.09875E-04   6.68190E-05   1.02168E-12     2877.61  1
 7.18102E-03   2.35417E-04   1.10045E-04   6.74789E-05   1.12196E-12     2846.89  1
 7.20102E-03   2.61354E-04   1.09596E-04   6.77649E-05   1.25307E-12     2784.03  1
 7.22102E-03   2.91378E-04   1.09803E-04   7.11229E-05   1.36731E-12     2805.00  1
 7.24102E-03   3.17390E-04   1.09994E-04   7.27226E-05   1.46962E-12     2846.79  1
 7.26102E-03   3.42009E-04   1.09974E-04   7.34607E-05   1.57331E-12     2827.18  1
 7.28102E-03   3.71483E-04   1.10089E-04   7.40126E-05   1.66699E-12     2810.62  1
 7.30102E-03   3.97583E-04   1.10057E-04   7.44521E-05   1.75629E-12     2833.14  1
 7.32102E-03   4.22041E-04   1.10046E-04   7.48017E-05   1.84798E-12     2826.64  1
 7.34102E-03   4.51189E-04   1.10173E-04   7.51074E-05   1.93264E-12     2811.60  1
 7.36102E-03   4.77508E-04   1.10164E-04   7.53647E-05   2.01014E-12     2841.95  1
 7.38102E-03   5.01814E-04   1.10123E-04   7.55332E-05   2.09335E-12     2833.51  1
 7.40102E-03   5.25704E-04   1.10209E-04   7.55776E-05   2.16427E-12     2788.28  1
 7.42102E-03   5.53408E-04   1.10233E-04   7.55878E-05   2.23477E-12     2827.60  1
 7.44102E-03   5.77635E-04   1.10355E-04   7.55948E-05   2.30025E-12     2863.31  1
 7.46102E-03   5.95343E-04   1.10213E-04   7.56738E-05   2.36945E-12     2845.28  1
 7.48102E-03   6.21538E-04   1.10289E-04   7.57654E-05   2.26517E-12     2825.87  0
 7.50102E-03   6.20648E-04   1.08090E-04   7.58418E-05   2.15392E-12     2468.16  0
 7.52102E-03   6.17503E-04   1.04210E-04   7.59511E-05   2.04299E-12     2288.60  0
 7.54102E-03   6.15583E-04   1.00386E-04   7.60588E-05   1.93449E-12     2171.67  0
 7.56102E-03   6.10728E-04   9.66416E-05   7.61399E-05   1.83239E-12     2081.26  0
 7.58102E-03   6.06779E-04   9.26685E-05   7.62014E-05   1.73419E-12     2009.52  0
 7.60102E-03   6.03684E-04   8.70694E-05   7.57203E-05   1.63250E-12     1948.44  0
 7.62102E-03   5.95966E-04   8.30043E-05   7.61726E-05   1.53743E-12     1879.42  0
 7.64102E-03   5.92589E-04   7.83814E-05   7.69033E-05   1.43901E-12     1825.62  0
 7.66102E-03   5.85246E-04   7.40575E-05   7.70673E-05   1.34158E-12     1780.35  0
 7.68102E-03   5.81930E-04   7.00513E-05   7.69077E-05   1.24623E-12     1745.41  0
 7.70102E-03   5.74609E-04   6.65849E-05   7.65831E-05   1.15345E-12     1717.32  0
 7.72102E-03   5.71056E-04   6.30831E-05   7.61821E-05   1.06370E-12     1694.16  0
 7.74102E-03   5.63787E-04   5.91868E-05   7.57655E-05   9.76824E-13     1674.87  0
 7.76102E-03   5.57744E-04   5.60983E-05   7.54391E-05   8.93101E-13     1658.86  0
 7.78102E-03   5.52520E-04   5.31728E-05   7.51308E-05   8.12650E-13     1645.92  0
 7.80102E-03   5.42552E-04   4.92121E-05   7.05799E-05   6.77698E-13     1635.73  0
 7.82102E-03   5.39112E-04   4.68184E-05   8.12309E-05   5.94511E-13     1627.97  0
 7.84102E-03   5.31210E-04   4.37434E-05   8.15348E-05   5.18828E-13     1623.62  0
 7.86102E-03   5.21662E-04   4.11958E-05   8.17450E-05   4.49430E-13     1622.58  0
 7.88102E-03   5.07640E-04   3.85995E-05   8.18825E-05   3.85996E-13     1621.78  0
 7.90102E-03   4.92332E-04   3.61762E-05   8.19511E-05   3.28173E-13     1620.71  0
 7.92102E-03   4.73441E-04   3.37613E-05   8.19585E-05   2.75226E-13     1619.39  0
 7.94102E-03   4.51208E-04   3.17757E-05   8.19232E-05   2.27522E-13     1617.81  0
 7.96102E-03   4.31204E-04   2.91509E-05   8.18284E-05   1.84608E-13     1615.97  0
 7.98102E-03   4.04334E-04   2.76602E-05   8.16819E-05   2.24460E-13     1613.86  1
 8.00102E-03   3.90996E-05   1.01467E-04   3.84771E-05   3.37686E-13     1786.58  1
 8.02102E-03   7.38580E-05   1.08436E-04   5.72796E-05   4.49521E-13     2480.52  1
 8.04102E-03   1.00750E-04   1.09293E-04   6.27605E-05   5.55706E-13     2739.25  1
 8.06102E-03   1.29242E-04   1.09503E-04   6.38792E-05   6.68499E-13     2799.20  1
 8.08102E-03   1.58490E-04   1.09675E-04   6.47369E-05   7.77388E-13     2811.69  1
 8.10102E-03   1.88428E-04   1.09685E-04   6.56025E-05   8.84799E-13     2860.51  1
 8.12102E-03   2.17602E-04   1.09689E-04   6.62567E-05   9.94193E-13     2884.23  1
 8.14102E-03   2.47553E-04   1.09829E-04   6.68613E-05   1.09866E-12     2871.49  1
 8.16103E-03   2.77324E-04   1.09814E-04   6.74716E-05   1.20184E-12     2900.52  1
 8.18103E-03   2.91224E-04   1.09820E-04   6.80055E-05   1.30545E-12     2903.04  1
 8.20103E-03   3.16444E-04   1.09894E-04   6.85765E-05   1.39850E-12     2859.91  1
 8.22103E-03   3.45201E-04   1.09909E-04   6.90804E-05   1.33930E-12     2860.76  0
 8.24103E-03   3.46257E-04   1.07803E-04   7.12369E-05   1.27800E-12     2503.91  0
 8.26103E-03   3.46865E-04   1.03574E-04   7.26125E-05   1.21707E-12     2334.18  0
 8.28103E-03   3.47264E-04   9.93247E-05   7.32929E-05   1.16378E-12     2225.03  0
 8.30103E-03   3.47522E-04   9.51047E-05   7.49531E-05   1.11197E-12     2133.68  0
 8.32103E-03   3.47607E-04   9.09667E-05   7.60638E-05   1.05976E-12     2054.83  0
 8.34103E-03   3.47539E-04   8.66181E-05   7.66071E-05   1.00873E-12     1981.64  0
 8.36103E-03   3.47337E-04   8.26166E-05   7.67749E-05   9.58095E-13     1917.41  0
 8.38103E-03   3.46955E-04   7.79969E-05   7.67139E-05   9.08034E-13     1860.14  0
 8.40103E-03   3.46403E-04   7.36466E-05   7.65503E-05   8.58323E-13     1811.46  0
 8.42103E-03   3.45649E-04   6.95698E-05   7.63156E-05   8.09969E-13     1770.50  0
 8.44103E-03   3.44725E-04   6.59413E-05   7.59511E-05   7.61896E-13     1736.65  0
 8.46103E-03   3.43550E-04   6.28044E-05   7.55459E-05   7.13938E-13     1709.13  0
 8.48103E-03   3.42135E-04   5.87762E-05   7.51298E-05   6.66605E-13     1687.43  0
 8.50103E-03   3.34358E-04   5.52843E-05   7.47341E-05   6.19544E-13     1669.81  0
 8.52103E-03   3.27353E-04   5.27120E-05   7.44626E-05   5.73459E-13     1655.33  0
 8.54103E-03   3.22545E-04   4.90227E-05   7.42675E-05   5.28162E-13     1643.85  0
 8.56103E-03   3.15079E-04   4.63479E-05   7.42223E-05   4.84550E-13     1635.02  0
 8.58103E-03   3.10789E-04   4.35519E-05   7.42270E-05   4.42819E-13     1628.60  0
 8.60103E-03   3.03827E-04   4.08728E-05   7.42286E-05   4.02787E-13     1624.54  0
 8.62103E-03   2.98063E-04   3.86413E-05   7.42292E-05   3.64842E-13     1622.90  0
 8.64103E-03   2.93009E-04   3.63882E-05   7.42271E-05   3.28541E-13     1622.40  0
 8.66103E-03   2.86361E-04   3.40581E-05   7.42199E-05   2.94154E-13     1621.68  0
 8.68103E-03   2.82105E-04   3.34571E-05   7.42057E-05   2.61429E-13     1620.75  0
 8.70103E-03   2.74709E-04   3.32295E-05   7.41821E-05   2.29986E-13     1619.59  0
 8.72103E-03   2.70899E-04   3.30101E-05   7.41467E-05   2.00378E-13     1618.17  0
 8.74103E-03   2.62906E-04   3.27995E-05   7.40959E-05   1.72743E-13     1616.52  0
 8.76103E-03   2.56599E-04   3.25836E-05   7.40280E-05   1.47162E-13     1614.63  0
 8.78103E-03   2.33700E-04   3.00654E-05   7.39410E-05   1.23667E-13     1612.58  0
 8.80103E-03   2.14851E-04   2.79844E-05   7.38327E-05   1.02288E-13     1610.32  0
 8.82103E-03   2.01358E-04   2.52069E-05   7.36986E-05   8.27720E-14     1607.81  0
 8.84103E-03   1.85466E-04   2.33739E-05   7.35334E-05   6.49197E-14     1605.03  0
 8.86103E-03   1.77293E-04   2.10864E-05   7.33328E-05   4.87808E-14     1601.98  0
 8.88103E-03   1.71116E-04   1.90295E-05   7.30898E-05   3.46140E-14     1598.67  0
 8.90103E-03   1.59474E-04   1.76154E-05   7.28031E-05   2.25809E-14     1595.10  0
 8.92103E-03   1.41472E-04   1.46891E-05   7.24453E-05   1.28463E-14     1591.34  0
 8.94103E-03   1.19531E-04   1.31243E-05   7.19902E-05   5.90947E-15     1587.16  0
 8.96103E-03   9.59601E-05   1.02369E-05   7.12696E-05   1.81960E-15     1582.16  0
 8.98103E-03   7.15341E-05   8.17160E-06   3.91523E-05   1.25564E-16     1576.31  0
 9.00103E-03   3.15226E-05   3.78583E-06   1.93701E-05   0.00000E+00     1567.12  0
 9.02103E-03   0.00000E+00   0.00000E+00   0.00000E+00   0.00000E+00     1534.25  0
 9.04103E-03   0.00000E+00   0.00000E+00   0.00000E+00   0.00000E+00     1502.86  0
 9.06103E-03   0.00000E+00   0.00000E+00   0.00000E+00   0.00000E+00     1478.40  0
 9.08103E-03   0.00000E+00   0.00000E+00   0.00000E+00   0.00000E+00     1457.06  0
 9.10103E-03   0.00000E+00   0.00000E+00   0.00000E+00   0.00000E+00     1437.70  0
 9.12103E-03   0.00000E+00   0.00000E+00   0.00000E+00   0.00000E+00     1419.77  0
 9.14103E-03   0.00000E+00   0.00000E+00   0.00000E+00   0.00000E+00     1402.94  0
 9.16103E-03   0.00000E+00   0.00000E+00   0.00000E+00   0.00000E+00     1387.01  0
 9.18103E-03   0.00000E+00   0.00000E+00   0.00000E+00   0.00000E+00     1371.94  0
 9.20103E-03   0.00000E+00   0.00000E+00   0.00000E+00   0.00000E+00     1359.78  0
 9.22103E-03   0.00000E+00   0.00000E+00   0.00000E+00   0.00000E+00     1350.13  0
 9.24103E-03   0.00000E+00   0.00000E+00   0.00000E+00   0.00000E+00     1340.56  0
 9.26103E-03   0.00000E+00   0.00000E+00   0.00000E+00   0.00000E+00     1331.09  0
 9.28103E-03   0.00000E+00   0.00000E+00   0.00000E+00   0.00000E+00     1321.74  0
 9.30103E-03   0.00000E+00   0.00000E+00   0.00000E+00   0.00000E+00     1312.52  0
 9.32103E-03   0.00000E+00   0.00000E+00   0.00000E+00   0.00000E+00     1303.42  0
 9.34103E-03   0.00000E+00   0.00000E+00   0.00000E+00   0.00000E+00     1294.47  0
 9.36103E-03   0.00000E+00   0.00000E+00   0.00000E+00   0.00000E+00     1285.65  0
 9.38103E-03   0.00000E+00   0.00000E+00   0.00000E+00   0.00000E+00     1276.97  0
 9.40103E-03   0.00000E+00   0.00000E+00   0.00000E+00   0.00000E+00     1268.45  0
 9.42103E-03   0.00000E+00   0.00000E+00   0.00000E+00   0.00000E+00     1260.10  0
 9.44103E-03   0.00000E+00   0.00000E+00   0.00000E+00   0.00000E+00     1251.92  0
 9.46104E-03   0.00000E+00   0.00000E+00   0.00000E+00   0.00000E+00     1243.87  0
 9.48104E-03   0.00000E+00   0.00000E+00   0.00000E+00   0.00000E+00     1235.95  0
 9.50104E-03   0.00000E+00   0.00000E+00   0.00000E+00   0.00000E+00     1228.17  0
 9.52104E-03   0.00000E+00   0.00000E+00   0.00000E+00   0.00000E+00     1220.51  0
 9.54104E-03   0.00000E+00   0.00000E+00   0.00000E+00   0.00000E+00     1212.97  0
 9.56104E-03   0.00000E+00   0.00000E+00   0.00000E+00   0.00000E+00     1205.56  0
 9.58104E-03   0.00000E+00   0.00000E+00   0.00000E+00   0.00000E+00     1198.26  0
 9.60104E-03   0.00000E+00   0.00000E+00   0.00000E+00   0.00000E+00     1191.09  0
 9.62104E-03   0.00000E+00   0.00000E+00   0.00000E+00   0.00000E+00     1184.02  0
 9.64104E-03   0.00000E+00   0.00000E+00   0.00000E+00   0.00000E+00     1177.07  0
 9.66104E-03   0.00000E+00   0.00000E+00   0.00000E+00   0.00000E+00     1171.56  0
 9.68104E-03   0.00000E+00   0.00000E+00   0.00000E+00   0.00000E+00     1167.78  0
 9.70104E-03   0.00000E+00   0.00000E+00   0.00000E+00   0.00000E+00     1163.97  0
 9.72104E-03   0.00000E+00   0.00000E+00   0.00000E+00   0.00000E+00     1160.13  0
 9.74104E-03   0.00000E+00   0.00000E+00   0.00000E+00   0.00000E+00     1156.27  0
 9.76104E-03   0.00000E+00   0.00000E+00   0.00000E+00   0.00000E+00     1152.38  0
 9.78104E-03   0.00000E+00   0.00000E+00   0.00000E+00   0.00000E+00     1148.47  0
 9.80104E-03   0.00000E+00   0.00000E+00   0.00000E+00   0.00000E+00     1144.55  0
 9.82104E-03   0.00000E+00   0.00000E+00   0.00000E+00   0.00000E+00     1140.61  0
 9.84104E-03   0.00000E+00   0.00000E+00   0.00000E+00   0.00000E+00     1136.67  0
 9.86104E-03   0.00000E+00   0.00000E+00   0.00000E+00   0.00000E+00     1132.71  0
 9.88104E-03   0.00000E+00   0.00000E+00   0.00000E+00   0.00000E+00     1128.75  0
 9.90104E-03   0.00000E+00   0.00000E+00   0.00000E+00   0.00000E+00     1124.79  0
 9.92104E-03   0.00000E+00   0.00000E+00   0.00000E+00   0.00000E+00     1120.83  0
 9.94104E-03   0.00000E+00   0.00000E+00   0.00000E+00   0.00000E+00     1116.86  0
 9.96104E-03   0.00000E+00   0.00000E+00   0.00000E+00   0.00000E+00     1112.90  0
 9.98104E-03   0.00000E+00   0.00000E+00   0.00000E+00   0.00000E+00     1108.94  0
 1.00010E-02   0.00000E+00   0.00000E+00   0.00000E+00   0.00000E+00     1104.99  0
 1.00210E-02   0.00000E+00   0.00000E+00   0.00000E+00   0.00000E+00     1101.05  0
 1.00410E-02   0.00000E+00   0.00000E+00   0.00000E+00   0.00000E+00     1097.72  0
 1.00610E-02   0.00000E+00   0.00000E+00   0.00000E+00   0.00000E+00     1095.21  0
 1.00810E-02   0.00000E+00   0.00000E+00   0.00000E+00   0.00000E+00     1092.66  0
 1.01010E-02   0.00000E+00   0.00000E+00   0.00000E+00   0.00000E+00     1090.07  0
 1.01210E-02   0.00000E+00   0.00000E+00   0.00000E+00   0.00000E+00     1087.44  0
 1.01410E-02   0.00000E+00   0.00000E+00   0.00000E+00   0.00000E+00     1084.78  0
 1.01610E-02   0.00000E+00   0.00000E+00   0.00000E+00   0.00000E+00     1082.08  0
 1.01810E-02   0.00000E+00   0.00000E+00   0.00000E+00   0.00000E+00     1079.36  0
 1.02010E-02   0.00000E+00   0.00000E+00   0.00000E+00   0.00000E+00     1076.61  0
 1.02210E-02   0.00000E+00   0.00000E+00   0.00000E+00   0.00000E+00     1073.84  0
 1.02410E-02   0.00000E+00   0.00000E+00   0.00000E+00   0.00000E+00     1071.04  0
 1.02610E-02   0.00000E+00   0.00000E+00   0.00000E+00   0.00000E+00     1068.22  0
 1.02810E-02   0.00000E+00   0.00000E+00   0.00000E+00   0.00000E+00     1065.38  0
 1.03010E-02   0.00000E+00   0.00000E+00   0.00000E+00   0.00000E+00     1062.52  0
 1.03210E-02   0.00000E+00   0.00000E+00   0.00000E+00   0.00000E+00     1059.64  0
 1.03410E-02   0.00000E+00   0.00000E+00   0.00000E+00   0.00000E+00     1056.75  0
 1.03610E-02   0.00000E+00   0.00000E+00   0.00000E+00   0.00000E+00     1053.85  0
 1.03810E-02   0.00000E+00   0.00000E+00   0.00000E+00   0.00000E+00     1050.94  0
 1.04010E-02   0.00000E+00   0.00000E+00   0.00000E+00   0.00000E+00     1048.01  0
 1.04210E-02   0.00000E+00   0.00000E+00   0.00000E+00   0.00000E+00     1045.08  0
 1.04410E-02   0.00000E+00   0.00000E+00   0.00000E+00   0.00000E+00     1042.13  0
 1.04610E-02   0.00000E+00   0.00000E+00   0.00000E+00   0.00000E+00     1039.18  0
 1.04810E-02   0.00000E+00   0.00000E+00   0.00000E+00   0.00000E+00     1036.58  0
 1.05010E-02   0.00000E+00   0.00000E+00   0.00000E+00   0.00000E+00     1034.18  0
 1.05210E-02   0.00000E+00   0.00000E+00   0.00000E+00   0.00000E+00     1031.76  0
 1.05410E-02   0.00000E+00   0.00000E+00   0.00000E+00   0.00000E+00     1029.32  0
 1.05610E-02   0.00000E+00   0.00000E+00   0.00000E+00   0.00000E+00     1026.86  0
 1.05810E-02   0.00000E+00   0.00000E+00   0.00000E+00   0.00000E+00     1024.39  0
 1.06010E-02   0.00000E+00   0.00000E+00   0.00000E+00   0.00000E+00     1021.90  0
 1.06210E-02   0.00000E+00   0.00000E+00   0.00000E+00   0.00000E+00     1019.40  0
 1.06410E-02   0.00000E+00   0.00000E+00   0.00000E+00   0.00000E+00     1016.88  0
 1.06610E-02   0.00000E+00   0.00000E+00   0.00000E+00   0.00000E+00     1014.36  0
 1.06810E-02   0.00000E+00   0.00000E+00   0.00000E+00   0.00000E+00     1011.82  0
 1.07010E-02   0.00000E+00   0.00000E+00   0.00000E+00   0.00000E+00     1009.28  0
 1.07210E-02   0.00000E+00   0.00000E+00   0.00000E+00   0.00000E+00     1006.72  0
 1.07410E-02   0.00000E+00   0.00000E+00   0.00000E+00   0.00000E+00     1004.16  0
 1.07610E-02   0.00000E+00   0.00000E+00   0.00000E+00   0.00000E+00     1001.59  0
 1.07810E-02   0.00000E+00   0.00000E+00   0.00000E+00   0.00000E+00      999.02  0
 1.08010E-02   0.00000E+00   0.00000E+00   0.00000E+00   0.00000E+00      996.44  0
 1.08210E-02   0.00000E+00   0.00000E+00   0.00000E+00   0.00000E+00      993.85  0
 1.08410E-02   0.00000E+00   0.00000E+00   0.00000E+00   0.00000E+00      991.27  0
 1.08610E-02   0.00000E+00   0.00000E+00   0.00000E+00   0.00000E+00      988.68  0
 1.08810E-02   0.00000E+00   0.00000E+00   0.00000E+00   0.00000E+00      986.09  0
 1.09010E-02   0.00000E+00   0.00000E+00   0.00000E+00   0.00000E+00      983.50  0
 1.09210E-02   0.00000E+00   0.00000E+00   0.00000E+00   0.00000E+00      980.91  0
 1.09410E-02   0.00000E+00   0.00000E+00   0.00000E+00   0.00000E+00      978.32  0
 1.09610E-02   0.00000E+00   0.00000E+00   0.00000E+00   0.00000E+00      975.73  0
 1.09810E-02   0.00000E+00   0.00000E+00   0.00000E+00   0.00000E+00      973.14  0
 1.10010E-02   0.00000E+00   0.00000E+00   0.00000E+00   0.00000E+00      970.56  0
 1.10210E-02   0.00000E+00   0.00000E+00   0.00000E+00   0.00000E+00      967.98  0
 1.10410E-02   0.00000E+00   0.00000E+00   0.00000E+00   0.00000E+00      965.40  0
 1.10610E-02   0.00000E+00   0.00000E+00   0.00000E+00   0.00000E+00      962.82  0
 1.10810E-02   0.00000E+00   0.00000E+00   0.00000E+00   0.00000E+00      960.25  0
 1.11010E-02   0.00000E+00   0.00000E+00   0.00000E+00   0.00000E+00      957.69  0
 1.11210E-02   0.00000E+00   0.00000E+00   0.00000E+00   0.00000E+00      955.13  0
 1.11410E-02   0.00000E+00   0.00000E+00   0.00000E+00   0.00000E+00      952.57  0
 1.11610E-02   0.00000E+00   0.00000E+00   0.00000E+00   0.00000E+00      950.03  0
 1.11810E-02   0.00000E+00   0.00000E+00   0.00000E+00   0.00000E+00      947.49  0
 1.12010E-02   0.00000E+00   0.00000E+00   0.00000E+00   0.00000E+00      944.95  0
 1.12210E-02   0.00000E+00   0.00000E+00   0.00000E+00   0.00000E+00      942.43  0
 1.12410E-02   0.00000E+00   0.00000E+00   0.00000E+00   0.00000E+00      939.91  0
 1.12610E-02   0.00000E+00   0.00000E+00   0.00000E+00   0.00000E+00      937.40  0
 1.12810E-02   0.00000E+00   0.00000E+00   0.00000E+00   0.00000E+00      934.90  0
 1.13010E-02   0.00000E+00   0.00000E+00   0.00000E+00   0.00000E+00      932.42  0
 1.13210E-02   0.00000E+00   0.00000E+00   0.00000E+00   0.00000E+00      929.94  0
 1.13410E-02   0.00000E+00   0.00000E+00   0.00000E+00   0.00000E+00      927.47  0
 1.13610E-02   0.00000E+00   0.00000E+00   0.00000E+00   0.00000E+00      925.00  0
 1.13810E-02   0.00000E+00   0.00000E+00   0.00000E+00   0.00000E+00      922.55  0
 1.14010E-02   0.00000E+00   0.00000E+00   0.00000E+00   0.00000E+00      920.11  0
 1.14210E-02   0.00000E+00   0.00000E+00   0.00000E+00   0.00000E+00      917.68  0
 1.14411E-02   0.00000E+00   0.00000E+00   0.00000E+00   0.00000E+00      915.26  0
 1.14611E-02   0.00000E+00   0.00000E+00   0.00000E+00   0.00000E+00      912.85  0
 1.14811E-02   0.00000E+00   0.00000E+00   0.00000E+00   0.00000E+00      910.45  0
 1.15011E-02   0.00000E+00   0.00000E+00   0.00000E+00   0.00000E+00      908.07  0
 1.15211E-02   0.00000E+00   0.00000E+00   0.00000E+00   0.00000E+00      905.77  0
 1.15411E-02   0.00000E+00   0.00000E+00   0.00000E+00   0.00000E+00      903.57  0
 1.15611E-02   0.00000E+00   0.00000E+00   0.00000E+00   0.00000E+00      901.37  0
 1.15811E-02   0.00000E+00   0.00000E+00   0.00000E+00   0.00000E+00      899.19  0
 1.16011E-02   0.00000E+00   0.00000E+00   0.00000E+00   0.00000E+00      897.01  0
 1.16211E-02   0.00000E+00   0.00000E+00   0.00000E+00   0.00000E+00      894.84  0
 1.16411E-02   0.00000E+00   0.00000E+00   0.00000E+00   0.00000E+00      892.68  0
 1.16611E-02   0.00000E+00   0.00000E+00   0.00000E+00   0.00000E+00      890.53  0
 1.16811E-02   0.00000E+00   0.00000E+00   0.00000E+00   0.00000E+00      888.39  0
 1.17011E-02   0.00000E+00   0.00000E+00   0.00000E+00   0.00000E+00      886.26  0
 1.17211E-02   0.00000E+00   0.00000E+00   0.00000E+00   0.00000E+00      884.14  0
 1.17411E-02   0.00000E+00   0.00000E+00   0.00000E+00   0.00000E+00      882.03  0
 1.17611E-02   0.00000E+00   0.00000E+00   0.00000E+00   0.00000E+00      879.93  0
 1.17811E-02   0.00000E+00   0.00000E+00   0.00000E+00   0.00000E+00      877.84  0
 1.18011E-02   0.00000E+00   0.00000E+00   0.00000E+00   0.00000E+00      875.76  0
 1.18211E-02   0.00000E+00   0.00000E+00   0.00000E+00   0.00000E+00      873.69  0
 1.18411E-02   0.00000E+00   0.00000E+00   0.00000E+00   0.00000E+00      871.64  0
 1.18611E-02   0.00000E+00   0.00000E+00   0.00000E+00   0.00000E+00      869.59  0
 1.18811E-02   0.00000E+00   0.00000E+00   0.00000E+00   0.00000E+00      867.55  0
 1.19011E-02   0.00000E+00   0.00000E+00   0.00000E+00   0.00000E+00      865.53  0
 1.19211E-02   0.00000E+00   0.00000E+00   0.00000E+00   0.00000E+00      863.51  0
 1.19411E-02   0.00000E+00   0.00000E+00   0.00000E+00   0.00000E+00      861.51  0
 1.19611E-02   0.00000E+00   0.00000E+00   0.00000E+00   0.00000E+00      859.51  0
 1.19811E-02   0.00000E+00   0.00000E+00   0.00000E+00   0.00000E+00      857.53  0
 1.20011E-02   0.00000E+00   0.00000E+00   0.00000E+00   0.00000E+00      855.56  0
 1.20211E-02   0.00000E+00   0.00000E+00   0.00000E+00   0.00000E+00      853.60  0
 1.20411E-02   0.00000E+00   0.00000E+00   0.00000E+00   0.00000E+00      851.65  0
 1.20611E-02   0.00000E+00   0.00000E+00   0.00000E+00   0.00000E+00      849.71  0
 1.20811E-02   0.00000E+00   0.00000E+00   0.00000E+00   0.00000E+00      847.78  0
 1.21011E-02   0.00000E+00   0.00000E+00   0.00000E+00   0.00000E+00      845.87  0
 1.21211E-02   0.00000E+00   0.00000E+00   0.00000E+00   0.00000E+00      843.96  0
 1.21411E-02   0.00000E+00   0.00000E+00   0.00000E+00   0.00000E+00      842.07  0
 1.21611E-02   0.00000E+00   0.00000E+00   0.00000E+00   0.00000E+00      840.19  0
 1.21811E-02   0.00000E+00   0.00000E+00   0.00000E+00   0.00000E+00      838.31  0
 1.22011E-02   0.00000E+00   0.00000E+00   0.00000E+00   0.00000E+00      836.79  0
 1.22211E-02   0.00000E+00   0.00000E+00   0.00000E+00   0.00000E+00      835.54  0
 1.22411E-02   0.00000E+00   0.00000E+00   0.00000E+00   0.00000E+00      834.30  0
 1.22611E-02   0.00000E+00   0.00000E+00   0.00000E+00   0.00000E+00      833.06  0
 1.22811E-02   0.00000E+00   0.00000E+00   0.00000E+00   0.00000E+00      831.83  0
 1.23011E-02   0.00000E+00   0.00000E+00   0.00000E+00   0.00000E+00      830.60  0
 1.23211E-02   0.00000E+00   0.00000E+00   0.00000E+00   0.00000E+00      829.38  0
 1.23411E-02   0.00000E+00   0.00000E+00   0.00000E+00   0.00000E+00      828.16  0
 1.23611E-02   0.00000E+00   0.00000E+00   0.00000E+00   0.00000E+00      826.95  0
 1.23811E-02   0.00000E+00   0.00000E+00   0.00000E+00   0.00000E+00      825.75  0
 1.24011E-02   0.00000E+00   0.00000E+00   0.00000E+00   0.00000E+00      824.55  0
 1.24211E-02   0.00000E+00   0.00000E+00   0.00000E+00   0.00000E+00      823.36  0
 1.24411E-02   0.00000E+00   0.00000E+00   0.00000E+00   0.00000E+00      822.17  0
 1.24611E-02   0.00000E+00   0.00000E+00   0.00000E+00   0.00000E+00      820.99  0
 1.24811E-02   0.00000E+00   0.00000E+00   0.00000E+00   0.00000E+00      819.81  0
 1.25011E-02   0.00000E+00   0.00000E+00   0.00000E+00   0.00000E+00      818.64  0
 1.25211E-02   0.00000E+00   0.00000E+00   0.00000E+00   0.00000E+00      817.47  0
 1.25411E-02   0.00000E+00   0.00000E+00   0.00000E+00   0.00000E+00      816.31  0
 1.25611E-02   0.00000E+00   0.00000E+00   0.00000E+00   0.00000E+00      815.16  0
 1.25811E-02   0.00000E+00   0.00000E+00   0.00000E+00   0.00000E+00      814.01  0
 1.26011E-02   0.00000E+00   0.00000E+00   0.00000E+00   0.00000E+00      812.86  0
 1.26211E-02   0.00000E+00   0.00000E+00   0.00000E+00   0.00000E+00      811.72  0
 1.26411E-02   0.00000E+00   0.00000E+00   0.00000E+00   0.00000E+00      810.58  0
 1.26611E-02   0.00000E+00   0.00000E+00   0.00000E+00   0.00000E+00      809.45  0
 1.26811E-02   0.00000E+00   0.00000E+00   0.00000E+00   0.00000E+00      808.33  0
 1.27011E-02   0.00000E+00   0.00000E+00   0.00000E+00   0.00000E+00      807.21  0
 1.27211E-02   0.00000E+00   0.00000E+00   0.00000E+00   0.00000E+00      806.09  0
 1.27411E-02   0.00000E+00   0.00000E+00   0.00000E+00   0.00000E+00      804.98  0
 1.27611E-02   0.00000E+00   0.00000E+00   0.00000E+00   0.00000E+00      803.88  0
 1.27811E-02   0.00000E+00   0.00000E+00   0.00000E+00   0.00000E+00      802.78  0
 1.28011E-02   0.00000E+00   0.00000E+00   0.00000E+00   0.00000E+00      801.68  0
 1.28211E-02   0.00000E+00   0.00000E+00   0.00000E+00   0.00000E+00      800.59  0
 1.28411E-02   0.00000E+00   0.00000E+00   0.00000E+00   0.00000E+00      799.51  0
 1.28611E-02   0.00000E+00   0.00000E+00   0.00000E+00   0.00000E+00      798.42  0
 1.28811E-02   0.00000E+00   0.00000E+00   0.00000E+00   0.00000E+00      797.35  0
 1.29011E-02   0.00000E+00   0.00000E+00   0.00000E+00   0.00000E+00      796.28  0
 1.29211E-02   0.00000E+00   0.00000E+00   0.00000E+00   0.00000E+00      795.21  0
 1.29411E-02   0.00000E+00   0.00000E+00   0.00000E+00   0.00000E+00      794.15  0
 1.29611E-02   0.00000E+00   0.00000E+00   0.00000E+00   0.00000E+00      793.09  0
 1.29811E-02   0.00000E+00   0.00000E+00   0.00000E+00   0.00000E+00      792.04  0
 1.30011E-02   0.00000E+00   0.00000E+00   0.00000E+00   0.00000E+00      790.99  0
 1.30211E-02   0.00000E+00   0.00000E+00   0.00000E+00   0.00000E+00      789.95  0
 1.30411E-02   0.00000E+00   0.00000E+00   0.00000E+00   0.00000E+00      788.91  0
 1.30611E-02   0.00000E+00   0.00000E+00   0.00000E+00   0.00000E+00      787.87  0
 1.30811E-02   0.00000E+00   0.00000E+00   0.00000E+00   0.00000E+00      786.84  0
 1.31011E-02   0.00000E+00   0.00000E+00   0.00000E+00   0.00000E+00      785.82  0
 1.31211E-02   0.00000E+00   0.00000E+00   0.00000E+00   0.00000E+00      784.80  0
 1.31411E-02   0.00000E+00   0.00000E+00   0.00000E+00   0.00000E+00      783.78  0
 1.31611E-02   0.00000E+00   0.00000E+00   0.00000E+00   0.00000E+00      782.77  0
 1.31811E-02   0.00000E+00   0.00000E+00   0.00000E+00   0.00000E+00      781.76  0
 1.32011E-02   0.00000E+00   0.00000E+00   0.00000E+00   0.00000E+00      780.75  0
 1.32211E-02   0.00000E+00   0.00000E+00   0.00000E+00   0.00000E+00      779.75  0
 1.32411E-02   0.00000E+00   0.00000E+00   0.00000E+00   0.00000E+00      778.76  0
 1.32611E-02   0.00000E+00   0.00000E+00   0.00000E+00   0.00000E+00      777.77  0
 1.32811E-02   0.00000E+00   0.00000E+00   0.00000E+00   0.00000E+00      776.78  0
 1.33011E-02   0.00000E+00   0.00000E+00   0.00000E+00   0.00000E+00      775.80  0
 1.33211E-02   0.00000E+00   0.00000E+00   0.00000E+00   0.00000E+00      774.82  0
 1.33411E-02   0.00000E+00   0.00000E+00   0.00000E+00   0.00000E+00      773.84  0
 1.33611E-02   0.00000E+00   0.00000E+00   0.00000E+00   0.00000E+00      772.87  0
 1.33811E-02   0.00000E+00   0.00000E+00   0.00000E+00   0.00000E+00      771.90  0
 1.34011E-02   0.00000E+00   0.00000E+00   0.00000E+00   0.00000E+00      770.94  0
 1.34211E-02   0.00000E+00   0.00000E+00   0.00000E+00   0.00000E+00      769.98  0
 1.34411E-02   0.00000E+00   0.00000E+00   0.00000E+00   0.00000E+00      769.03  0
 1.34611E-02   0.00000E+00   0.00000E+00   0.00000E+00   0.00000E+00      768.08  0
 1.34811E-02   0.00000E+00   0.00000E+00   0.00000E+00   0.00000E+00      767.13  0
 1.35011E-02   0.00000E+00   0.00000E+00   0.00000E+00   0.00000E+00      766.19  0
 1.35211E-02   0.00000E+00   0.00000E+00   0.00000E+00   0.00000E+00      765.25  0
 1.35411E-02   0.00000E+00   0.00000E+00   0.00000E+00   0.00000E+00      764.31  0
 1.35611E-02   0.00000E+00   0.00000E+00   0.00000E+00   0.00000E+00      763.38  0
 1.35811E-02   0.00000E+00   0.00000E+00   0.00000E+00   0.00000E+00      762.45  0
 1.36011E-02   0.00000E+00   0.00000E+00   0.00000E+00   0.00000E+00      761.55  0
 1.36211E-02   0.00000E+00   0.00000E+00   0.00000E+00   0.00000E+00      760.67  0
 1.36411E-02   0.00000E+00   0.00000E+00   0.00000E+00   0.00000E+00      759.80  0
 1.36611E-02   0.00000E+00   0.00000E+00   0.00000E+00   0.00000E+00      758.93  0
 1.36811E-02   0.00000E+00   0.00000E+00   0.00000E+00   0.00000E+00      758.06  0
 1.37011E-02   0.00000E+00   0.00000E+00   0.00000E+00   0.00000E+00      757.20  0
 1.37211E-02   0.00000E+00   0.00000E+00   0.00000E+00   0.00000E+00      756.34  0
