# Thermal History - 10 Monitoring Points
# Columns: time(s)  T1..T10 (K)
# Point physical coordinates:
#  P 1:  x= 4.000E-04m  y= 1.000E-03m  z= 6.950E-04m
#  P 2:  x= 1.000E-03m  y= 1.000E-03m  z= 6.950E-04m
#  P 3:  x= 1.600E-03m  y= 1.000E-03m  z= 6.950E-04m
#  P 4:  x= 1.000E-03m  y= 1.000E-03m  z= 6.600E-04m
#  P 5:  x= 1.000E-03m  y= 1.000E-03m  z= 6.000E-04m
#  P 6:  x= 1.000E-03m  y= 1.050E-03m  z= 6.950E-04m
#  P 7:  x= 1.000E-03m  y= 1.200E-03m  z= 6.950E-04m
#  P 8:  x= 1.000E-03m  y= 1.500E-03m  z= 6.950E-04m
#  P 9:  x= 1.000E-03m  y= 1.800E-03m  z= 6.950E-04m
#  P10:  x= 1.000E-03m  y= 1.000E-03m  z= 2.000E-04m
#  time(s)    T 1(K)       T 2(K)       T 3(K)       T 4(K)       T 5(K)       T 6(K)       T 7(K)       T 8(K)       T 9(K)       T10(K)       
 2.10000E-05     293.000     293.000     293.000     293.000     293.000     293.000     293.000     293.000     293.000     293.000
 4.10000E-05     293.000     293.000     293.000     293.000     293.000     293.000     293.000     293.000     293.000     293.000
 6.10000E-05     293.000     293.000     293.000     293.000     293.000     293.000     293.000     293.000     293.000     293.000
 8.10000E-05     293.000     293.000     293.000     293.001     293.002     293.000     293.000     293.000     293.000     293.000
 1.01000E-04     293.000     292.999     293.000     292.999     293.000     292.999     292.999     292.999     292.999     293.000
 1.21000E-04     293.000     292.999     293.000     292.992     292.993     292.999     292.999     292.999     292.999     293.000
 1.41000E-04     293.000     292.999     293.000     292.993     292.994     292.999     292.999     292.999     292.999     293.000
 1.61000E-04     293.000     292.999     293.000     292.992     292.992     292.999     292.999     292.999     292.999     293.000
 1.81000E-04     293.000     292.999     293.000     292.993     292.994     292.999     292.999     292.999     292.999     293.000
 2.01000E-04     293.000     292.998     293.000     292.994     292.994     292.998     292.998     292.998     292.998     293.000
 2.21000E-04     293.000     292.998     293.000     292.994     292.995     292.998     292.998     292.998     292.998     293.000
 2.41000E-04     293.000     292.998     293.000     292.993     292.994     292.998     292.998     292.998     292.998     293.000
 2.61000E-04     293.000     292.998     293.000     292.993     292.993     292.998     292.998     292.998     292.998     293.000
 2.81000E-04     293.000     292.998     293.000     292.992     292.993     292.998     292.998     292.998     292.998     293.000
 3.01000E-04     293.000     292.998     293.000     292.992     292.992     292.997     292.998     292.998     292.998     293.000
 3.21000E-04     293.000     292.997     293.000     292.991     292.992     292.997     292.997     292.997     292.997     293.000
 3.41000E-04     293.000     292.997     293.000     292.991     292.991     292.997     292.997     292.997     292.997     293.000
 3.61000E-04     293.000     292.997     293.000     292.990     292.990     292.997     292.997     292.997     292.997     293.000
 3.81000E-04     293.000     292.997     293.000     292.990     292.989     292.997     292.997     292.997     292.997     293.000
 4.01000E-04     293.000     292.997     293.000     292.989     292.988     292.996     292.997     292.997     292.997     293.000
 4.21000E-04     293.000     292.996     293.000     292.988     292.987     292.996     292.996     292.996     292.996     293.000
 4.41000E-04     293.000     292.996     293.000     292.987     292.986     292.996     292.996     292.996     292.996     293.000
 4.61000E-04     293.000     292.996     293.000     292.987     292.986     292.996     292.996     292.996     292.996     293.000
 4.81000E-04     293.000     292.996     293.000     292.986     292.985     292.996     292.996     292.996     292.996     293.000
 5.01000E-04     293.000     292.996     293.000     292.986     292.985     292.996     292.996     292.996     292.996     293.000
 5.21000E-04     293.000     292.996     293.000     292.986     292.985     292.996     292.996     292.996     292.996     293.000
 5.41000E-04     293.000     292.996     293.000     292.986     292.984     292.996     292.996     292.996     292.996     293.000
 5.61000E-04     293.000     292.996     293.000     292.985     292.984     292.995     292.996     292.996     292.996     293.000
 5.81000E-04     293.000     292.995     293.000     292.985     292.984     292.995     292.995     292.995     292.995     293.000
 6.01000E-04     293.000     292.995     293.000     292.985     292.984     292.995     292.995     292.995     292.995     293.000
 6.21000E-04     293.000     292.995     293.000     292.985     292.984     292.995     292.995     292.995     292.995     293.000
 6.41000E-04     293.000     292.995     293.000     292.985     292.983     292.995     292.995     292.995     292.995     293.000
 6.61000E-04     293.000     292.995     293.000     292.984     292.983     292.995     292.995     292.995     292.995     293.000
 6.81000E-04     293.000     292.995     293.000     292.984     292.983     292.995     292.995     292.995     292.995     293.000
 7.01000E-04     293.000     292.994     293.000     292.984     292.982     292.995     292.995     292.995     292.995     293.000
 7.21000E-04     293.000     292.994     293.000     292.984     292.982     292.994     292.994     292.994     292.994     293.000
 7.41000E-04     293.000     292.994     293.000     292.984     292.982     292.994     292.994     292.994     292.994     293.000
 7.61000E-04     293.000     292.994     293.000     292.984     292.982     292.994     292.994     292.994     292.994     293.000
 7.81000E-04     293.000     292.994     293.000     292.984     292.982     292.994     292.994     292.994     292.994     293.000
 8.01000E-04     293.000     292.994     293.000     292.984     292.982     292.994     292.994     292.994     292.994     293.000
 8.21000E-04     293.000     292.994     293.000     292.984     292.982     292.994     292.994     292.994     292.994     293.000
 8.41000E-04     293.000     292.993     293.000     292.982     292.981     292.993     292.994     292.994     292.994     293.000
 8.61000E-04     293.000     292.993     293.000     292.982     292.980     292.993     292.994     292.993     292.994     293.000
 8.81000E-04     293.000     292.993     293.000     292.981     292.980     292.993     292.993     292.993     292.993     293.000
 9.01000E-04     293.000     292.993     293.000     292.981     292.979     292.993     292.993     292.993     292.993     293.000
 9.21000E-04     293.000     292.993     293.000     292.980     292.978     292.993     292.993     292.993     292.993     293.000
 9.41000E-04     293.000     292.992     293.000     292.978     292.976     292.993     292.993     292.993     292.993     293.000
 9.61000E-04     293.000     292.992     293.000     292.973     292.969     292.992     292.993     292.992     292.993     292.999
 9.81000E-04     293.000     292.992     293.000     292.969     292.965     292.992     292.992     292.992     292.992     292.999
 1.00100E-03     293.000     292.991     293.000     292.968     292.964     292.991     292.992     292.992     292.992     292.999
 1.02100E-03     293.000     292.991     293.000     292.968     292.964     292.991     292.991     292.991     292.992     292.999
 1.04100E-03     293.000     292.991     293.000     292.967     292.963     292.991     292.991     292.991     292.991     292.999
 1.06100E-03     293.000     292.991     293.000     292.967     292.963     292.991     292.991     292.991     292.991     292.999
 1.08100E-03     293.000     292.990     293.000     292.967     292.963     292.990     292.991     292.991     292.991     292.999
 1.10100E-03     293.000     292.990     293.000     292.967     292.964     292.990     292.991     292.991     292.991     292.999
 1.12100E-03     293.000     292.990     293.000     292.968     292.964     292.990     292.990     292.990     292.991     292.999
 1.14100E-03     293.000     292.990     293.000     292.968     292.964     292.990     292.990     292.990     292.990     292.999
 1.16100E-03     293.000     292.989     293.000     292.968     292.964     292.990     292.990     292.990     292.990     292.999
 1.18100E-03     293.000     292.989     293.000     292.968     292.965     292.989     292.990     292.990     292.990     292.999
 1.20100E-03     293.000     292.989     293.000     292.968     292.965     292.989     292.989     292.990     292.990     292.999
 1.22100E-03     293.000     292.988     293.000     292.968     292.965     292.989     292.989     292.989     292.990     292.999
 1.24100E-03     293.000     292.988     293.000     292.967     292.964     292.988     292.989     292.989     292.989     292.999
 1.26100E-03     293.000     292.988     293.000     292.967     292.964     292.988     292.988     292.989     292.989     292.999
 1.28100E-03     293.000     292.987     293.000     292.967     292.964     292.988     292.988     292.988     292.989     292.999
 1.30100E-03     293.000     292.987     293.000     292.966     292.964     292.987     292.988     292.988     292.988     292.999
 1.32100E-03     293.000     292.987     293.000     292.966     292.963     292.987     292.987     292.988     292.988     292.999
 1.34100E-03     293.000     292.987     293.000     292.966     292.963     292.987     292.987     292.987     292.988     292.999
 1.36100E-03     293.000     292.986     293.000     292.966     292.963     292.986     292.987     292.987     292.988     292.999
 1.38100E-03     293.000     292.986     293.000     292.965     292.963     292.986     292.987     292.987     292.987     292.999
 1.40100E-03     293.000     292.986     293.000     292.965     292.963     292.986     292.986     292.987     292.987     292.999
 1.42100E-03     293.000     292.985     293.000     292.965     292.962     292.986     292.986     292.986     292.987     292.999
 1.44100E-03     293.000     292.985     293.000     292.965     292.962     292.985     292.986     292.986     292.987     292.999
 1.46100E-03     293.000     292.985     293.000     292.964     292.962     292.985     292.985     292.986     292.986     292.999
 1.48100E-03     293.000     292.984     293.000     292.964     292.962     292.985     292.985     292.985     292.986     292.999
 1.50100E-03     293.000     292.984     293.000     292.964     292.961     292.984     292.985     292.985     292.986     292.999
 1.52100E-03     293.000     292.984     293.000     292.964     292.961     292.984     292.985     292.985     292.986     292.999
 1.54100E-03     293.000     292.983     293.000     292.963     292.961     292.984     292.984     292.985     292.985     292.999
 1.56100E-03     293.000     292.983     293.000     292.963     292.961     292.983     292.984     292.984     292.985     292.999
 1.58100E-03     293.000     292.983     293.000     292.963     292.960     292.983     292.984     292.984     292.985     292.999
 1.60100E-03     293.000     292.982     293.000     292.963     292.960     292.983     292.983     292.984     292.984     292.999
 1.62100E-03     293.000     292.982     293.000     292.962     292.960     292.983     292.983     292.984     292.984     292.999
 1.64100E-03     293.000     292.982     293.000     292.962     292.960     292.982     292.983     292.983     292.984     292.999
 1.66100E-03     293.000     292.982     293.000     292.962     292.960     292.982     292.983     292.983     292.984     292.999
 1.68100E-03     293.000     292.981     293.000     292.961     292.959     292.982     292.982     292.983     292.983     292.999
 1.70100E-03     293.000     292.981     293.000     292.961     292.959     292.981     292.982     292.983     292.983     292.999
 1.72100E-03     293.000     292.981     293.000     292.962     292.959     292.981     292.982     292.982     292.983     292.999
 1.74100E-03     293.000     292.980     293.000     292.962     292.960     292.981     292.982     292.982     292.983     292.999
 1.76100E-03     293.000     292.980     293.000     292.962     292.960     292.981     292.981     292.982     292.982     292.999
 1.78100E-03     293.000     292.980     293.000     292.962     292.960     292.980     292.981     292.982     292.982     292.999
 1.80100E-03     293.000     292.980     293.000     292.962     292.960     292.980     292.981     292.981     292.982     292.999
 1.82100E-03     293.000     292.979     293.000     292.963     292.961     292.980     292.980     292.981     292.982     292.999
 1.84100E-03     293.000     292.979     293.000     292.963     292.962     292.980     292.980     292.981     292.982     292.999
 1.86100E-03     293.000     292.979     293.000     292.963     292.962     292.979     292.980     292.981     292.981     292.998
 1.88100E-03     293.000     292.978     293.000     292.964     292.963     292.979     292.980     292.981     292.981     292.998
 1.90100E-03     293.000     292.978     293.000     292.965     292.964     292.979     292.980     292.980     292.981     292.998
 1.92100E-03     293.000     292.978     293.000     292.965     292.964     292.978     292.979     292.980     292.981     292.998
 1.94100E-03     293.000     292.978     293.000     292.966     292.965     292.978     292.979     292.980     292.980     292.998
 1.96100E-03     293.000     292.978     293.000     292.967     292.966     292.978     292.979     292.980     292.980     292.998
 1.98100E-03     293.000     292.977     293.000     292.968     292.967     292.978     292.979     292.979     292.980     292.998
 2.00100E-03     293.000     292.977     293.000     292.968     292.968     292.978     292.978     292.979     292.980     292.998
 2.02100E-03     293.000     292.977     293.000     292.969     292.969     292.977     292.978     292.979     292.980     292.998
 2.04100E-03     293.000     292.976     293.000     292.963     292.962     292.976     292.977     292.978     292.979     292.998
 2.06100E-03     293.000     292.975     293.000     292.959     292.959     292.975     292.976     292.977     292.978     292.997
 2.08100E-03     293.000     292.975     293.000     292.961     292.961     292.975     292.976     292.977     292.978     292.997
 2.10100E-03     293.000     292.975     293.000     292.964     292.963     292.975     292.976     292.977     292.978     292.997
 2.12100E-03     293.000     292.975     293.000     292.966     292.966     292.975     292.976     292.977     292.978     292.997
 2.14100E-03     293.000     292.975     293.000     292.968     292.968     292.975     292.976     292.977     292.977     292.997
 2.16100E-03     293.000     292.975     293.000     292.971     292.971     292.975     292.976     292.977     292.977     292.997
 2.18100E-03     293.000     292.975     293.000     292.974     292.975     292.974     292.975     292.976     292.977     292.997
 2.20100E-03     293.000     292.974     293.000     292.977     292.979     292.974     292.975     292.976     292.977     292.997
 2.22100E-03     293.000     292.974     293.000     292.981     292.983     292.974     292.975     292.976     292.977     292.997
 2.24100E-03     293.000     292.974     293.000     292.986     292.989     292.974     292.975     292.976     292.976     292.997
 2.26100E-03     293.000     292.974     293.000     292.992     292.995     292.973     292.974     292.975     292.976     292.997
 2.28100E-03     293.000     292.974     293.000     292.999     293.003     292.973     292.974     292.975     292.976     292.997
 2.30100E-03     293.000     292.974     293.000     293.008     293.012     292.973     292.974     292.975     292.976     292.997
 2.32100E-03     293.000     292.974     293.000     293.019     293.023     292.973     292.974     292.975     292.975     292.997
 2.34100E-03     293.001     292.975     293.000     293.032     293.037     292.972     292.973     292.975     292.975     292.997
 2.36100E-03     293.001     292.975     293.000     293.048     293.054     292.972     292.973     292.974     292.975     292.997
 2.38100E-03     293.001     292.975     293.000     293.068     293.075     292.972     292.973     292.974     292.975     292.997
 2.40100E-03     293.001     292.976     293.000     293.093     293.100     292.972     292.973     292.974     292.974     292.997
 2.42100E-03     293.001     292.976     293.000     293.124     293.130     292.971     292.972     292.974     292.974     292.997
 2.44100E-03     293.001     292.977     293.000     293.160     293.167     292.971     292.972     292.973     292.974     292.997
 2.46100E-03     293.002     292.978     293.000     293.205     293.212     292.971     292.972     292.973     292.974     292.997
 2.48100E-03     293.002     292.979     293.000     293.258     293.265     292.971     292.971     292.973     292.973     292.997
 2.50100E-03     293.003     292.981     293.000     293.321     293.328     292.971     292.971     292.973     292.973     292.997
 2.52100E-03     293.003     292.983     293.000     293.396     293.402     292.970     292.971     292.972     292.973     292.997
 2.54100E-03     293.004     292.985     293.000     293.482     293.487     292.970     292.971     292.972     292.973     292.997
 2.56100E-03     293.005     292.988     293.000     293.582     293.586     292.970     292.970     292.972     292.972     292.997
 2.58100E-03     293.006     292.992     293.000     293.695     293.699     292.970     292.970     292.972     292.972     292.997
 2.60100E-03     293.007     292.998     293.001     293.856     293.857     292.970     292.970     292.971     292.972     292.997
 2.62100E-03     293.008     293.004     293.001     294.002     294.001     292.970     292.970     292.971     292.972     292.997
 2.64100E-03     293.009     293.010     293.001     294.165     294.163     292.971     292.969     292.971     292.971     292.997
 2.66100E-03     293.011     293.018     293.001     294.347     294.343     292.971     292.969     292.970     292.971     292.997
 2.68100E-03     293.013     293.028     293.001     294.548     294.541     292.971     292.969     292.970     292.971     292.997
 2.70100E-03     293.015     293.039     293.001     294.768     294.759     292.972     292.969     292.970     292.971     292.996
 2.72100E-03     293.017     293.052     293.001     295.009     294.997     292.972     292.969     292.970     292.971     292.996
 2.74100E-03     293.020     293.067     293.001     295.270     295.255     292.973     292.968     292.970     292.970     292.996
 2.76100E-03     293.023     293.085     293.001     295.551     295.534     292.974     292.968     292.969     292.970     292.996
 2.78100E-03     293.026     293.105     293.001     295.854     295.833     292.975     292.968     292.969     292.970     292.996
 2.80100E-03     293.030     293.131     293.001     296.221     296.194     292.977     292.968     292.969     292.970     292.996
 2.82100E-03     293.034     293.158     293.001     296.569     296.538     292.979     292.967     292.969     292.969     292.996
 2.84100E-03     293.038     293.188     293.001     296.938     296.903     292.981     292.967     292.969     292.969     292.996
 2.86100E-03     293.043     293.222     293.001     297.328     297.289     292.983     292.967     292.968     292.969     292.996
 2.88100E-03     293.048     293.259     293.001     297.738     297.695     292.986     292.967     292.968     292.969     292.996
 2.90100E-03     293.053     293.302     293.002     298.169     298.122     292.990     292.966     292.968     292.969     292.996
 2.92100E-03     293.059     293.348     293.116     298.621     298.570     292.993     292.966     292.968     292.968     292.996
 2.94100E-03     293.066     293.400     293.483     299.094     299.038     292.998     292.966     292.967     292.968     292.996
 2.96100E-03     293.073     293.457     294.000     299.585     299.524     293.003     292.966     292.967     292.968     292.996
 2.98100E-03     293.081     293.520     294.739     300.091     300.025     293.009     292.965     292.967     292.968     292.996
 3.00100E-03     293.092     293.614     297.209     300.834     300.747     293.018     292.965     292.967     292.967     292.996
 3.02100E-03     293.101     293.691     299.087     301.386     301.294     293.026     292.965     292.966     292.967     292.996
 3.04100E-03     293.111     293.775     301.444     301.957     301.860     293.035     292.965     292.966     292.967     292.996
 3.06100E-03     293.122     293.865     304.315     302.544     302.441     293.044     292.964     292.966     292.967     292.996
 3.08100E-03     293.133     293.962     307.714     303.145     303.036     293.056     292.964     292.966     292.967     292.996
 3.10100E-03     293.145     294.066     311.639     303.763     303.649     293.068     292.964     292.966     292.966     292.996
 3.12100E-03     293.157     294.177     316.076     304.394     304.274     293.081     292.964     292.965     292.966     292.996
 3.14100E-03     293.171     294.297     320.998     305.039     304.913     293.096     292.964     292.965     292.966     292.996
 3.16100E-03     293.185     294.424     326.371     305.698     305.566     293.112     292.963     292.965     292.966     292.996
 3.18100E-03     293.200     294.559     332.157     306.369     306.230     293.130     292.963     292.965     292.965     292.996
 3.20100E-03     293.216     294.703     338.194     307.051     306.906     293.150     292.963     292.964     292.965     292.996
 3.22100E-03     293.233     294.855     344.665     307.745     307.594     293.171     292.963     292.964     292.965     292.996
 3.24100E-03     293.250     295.016     351.421     308.448     308.291     293.194     292.963     292.964     292.965     292.996
 3.26100E-03     293.268     295.185     358.419     309.162     308.998     293.219     292.962     292.964     292.965     292.996
 3.28100E-03     293.288     295.363     365.621     309.885     309.713     293.247     292.962     292.964     292.965     292.997
 3.30100E-03     293.308     295.550     372.989     310.616     310.437     293.276     292.962     292.963     292.964     292.997
 3.32100E-03     293.329     295.746     380.486     311.374     311.184     293.307     292.962     292.963     292.964     292.997
 3.34100E-03     293.351     295.952     388.081     312.343     312.093     293.341     292.961     292.963     292.964     292.997
 3.36100E-03     293.374     296.211     395.743     314.843     314.130     293.377     292.961     292.963     292.964     292.997
 3.38100E-03     293.398     296.740     403.445     322.559     319.884     293.415     292.960     292.962     292.963     292.996
 3.40100E-03     293.427     297.538     410.273     338.174     331.061     293.456     292.960     292.961     292.963     292.996
 3.42100E-03     293.453     298.657     417.955     361.178     347.200     293.501     292.960     292.961     292.962     292.996
 3.44100E-03     293.481     300.225     425.611     390.197     367.370     293.548     292.960     292.961     292.962     292.997
 3.46100E-03     293.509     302.326     433.222     422.908     390.112     293.599     292.959     292.961     292.962     292.997
 3.48100E-03     293.538     305.025     440.770     457.065     413.993     293.655     292.959     292.961     292.962     292.997
 3.50099E-03     293.568     308.362     448.239     490.898     437.880     293.717     292.959     292.961     292.962     292.998
 3.52099E-03     293.600     312.356     455.613     523.223     460.995     293.787     292.959     292.960     292.962     292.998
 3.54099E-03     293.632     317.007     462.878     553.354     482.835     293.868     292.959     292.960     292.961     292.999
 3.56099E-03     293.665     322.300     470.020     580.986     503.146     293.963     292.959     292.960     292.961     292.999
 3.58099E-03     293.700     328.207     477.028     606.047     521.822     294.076     292.959     292.960     292.961     293.000
 3.60099E-03     293.736     334.689     483.746     628.598     538.849     294.214     292.959     292.960     292.961     293.000
 3.62099E-03     293.773     341.697     490.486     648.817     554.329     294.381     292.959     292.959     292.960     293.001
 3.64099E-03     293.811     349.183     497.062     666.880     568.352     294.583     292.959     292.959     292.960     293.001
 3.66099E-03     293.850     357.094     503.467     682.951     580.992     294.829     292.959     292.959     292.960     293.002
 3.68099E-03     293.890     365.374     509.696     697.251     592.429     295.123     292.959     292.959     292.960     293.003
 3.70099E-03     293.931     373.972     515.743     709.953     602.759     295.474     292.959     292.959     292.960     293.003
 3.72099E-03     293.973     382.836     521.606     721.212     612.070     295.888     292.959     292.958     292.960     293.004
 3.74099E-03     294.017     391.915     527.282     731.194     620.477     296.371     292.959     292.958     292.959     293.005
 3.76099E-03     294.061     401.165     532.769     740.044     628.082     296.930     292.959     292.958     292.959     293.006
 3.78099E-03     294.107     410.542     538.067     747.871     634.953     297.569     292.960     292.958     292.959     293.007
 3.80099E-03     294.164     420.009     541.118     754.762     641.132     298.293     292.960     292.957     292.959     293.008
 3.82099E-03     294.364     429.531     546.050     760.872     646.754     299.106     292.960     292.957     292.959     293.009
 3.84099E-03     294.844     439.076     550.798     766.272     651.855     300.011     292.961     292.957     292.958     293.010
 3.86099E-03     295.477     448.618     555.362     771.058     656.507     301.010     292.961     292.957     292.958     293.011
 3.88099E-03     296.353     458.133     559.745     775.286     660.735     302.105     292.962     292.957     292.958     293.012
 3.90099E-03     297.507     467.600     563.950     779.020     664.584     303.295     292.962     292.956     292.958     293.013
 3.92099E-03     298.972     477.000     567.980     782.318     668.092     304.583     292.963     292.956     292.958     293.014
 3.94099E-03     300.778     486.318     571.837     785.230     671.292     305.965     292.964     292.956     292.957     293.016
 3.96099E-03     302.951     495.540     575.525     787.802     674.216     307.443     292.965     292.956     292.957     293.017
 3.98099E-03     305.511     504.655     579.048     790.071     676.891     309.013     292.966     292.956     292.957     293.019
 4.00099E-03     310.934     520.612     585.692     793.223     679.600     311.052     292.968     292.956     292.957     293.020
 4.02099E-03     314.625     529.529     588.780     795.267     681.847     312.823     292.970     292.955     292.957     293.022
 4.04099E-03     318.749     538.357     591.726     797.233     683.927     314.679     292.972     292.955     292.957     293.024
 4.06099E-03     323.298     547.100     594.538     799.098     685.864     316.617     292.974     292.955     292.956     293.026
 4.08099E-03     328.257     555.755     597.219     800.838     687.677     318.633     292.977     292.955     292.956     293.028
 4.10099E-03     333.604     564.319     599.774     802.438     689.378     320.723     292.979     292.955     292.956     293.030
 4.12099E-03     339.309     572.784     602.206     803.889     690.975     322.883     292.983     292.954     292.956     293.032
 4.14099E-03     345.340     581.142     604.519     805.192     692.478     325.110     292.987     292.954     292.956     293.034
 4.16100E-03     351.661     589.384     606.716     806.348     693.890     327.400     292.991     292.954     292.955     293.036
 4.18100E-03     358.235     597.501     608.797     807.362     695.216     329.749     292.996     292.954     292.955     293.039
 4.20100E-03     371.577     615.322     614.847     809.576     696.642     333.043     293.001     292.954     292.955     293.042
 4.22100E-03     378.854     623.176     616.587     810.464     697.801     335.526     293.008     292.953     292.955     293.044
 4.24100E-03     386.274     630.892     618.231     811.278     698.891     338.056     293.015     292.953     292.955     293.047
 4.26100E-03     393.808     638.464     619.784     811.992     699.917     340.628     293.023     292.953     292.954     293.050
 4.28100E-03     401.425     645.883     621.246     812.586     700.880     343.241     293.032     292.953     292.954     293.053
 4.30100E-03     409.097     653.139     622.619     813.046     701.781     345.889     293.042     292.953     292.954     293.057
 4.32100E-03     416.794     660.224     623.905     813.366     702.620     348.569     293.053     292.952     292.954     293.060
 4.34100E-03     424.489     667.129     625.104     813.544     703.394     351.279     293.066     292.952     292.954     293.064
 4.36100E-03     432.257     673.847     626.217     813.578     704.105     354.016     293.079     292.952     292.953     293.067
 4.38100E-03     440.239     680.371     627.246     813.477     704.746     356.776     293.095     292.952     292.953     293.071
 4.40100E-03     451.172     689.365     628.332     813.476     705.327     359.900     293.113     292.952     292.953     293.075
 4.42100E-03     459.316     695.359     629.154     813.039     705.828     362.704     293.132     292.951     292.953     293.080
 4.44100E-03     467.550     701.133     629.893     812.470     706.255     365.523     293.152     292.951     292.953     293.084
 4.46100E-03     475.874     706.690     630.551     811.784     706.613     368.355     293.174     292.951     292.952     293.089
 4.48100E-03     484.291     712.031     631.132     811.000     706.901     371.198     293.199     292.951     292.952     293.094
 4.50100E-03     492.804     717.162     631.638     810.139     707.119     374.048     293.225     292.951     292.952     293.099
 4.52100E-03     501.413     722.084     632.072     809.200     707.273     376.903     293.253     292.950     292.952     293.104
 4.54100E-03     510.115     726.803     632.435     808.191     707.364     379.763     293.284     292.950     292.952     293.109
 4.56100E-03     518.909     731.321     632.730     807.132     707.393     382.623     293.318     292.950     292.951     293.115
 4.58100E-03     527.784     735.642     632.959     806.015     707.366     385.484     293.353     292.950     292.951     293.121
 4.60100E-03     536.731     739.768     632.956     804.845     707.282     388.342     293.392     292.949     292.951     293.127
 4.62100E-03     545.739     743.710     633.057     803.642     707.148     391.196     293.433     292.949     292.951     293.133
 4.64100E-03     554.791     747.469     633.100     802.395     706.966     394.044     293.478     292.949     292.950     293.140
 4.66100E-03     563.872     751.049     633.086     801.111     706.738     396.885     293.525     292.949     292.950     293.147
 4.68100E-03     572.965     754.455     633.017     799.802     706.468     399.716     293.575     292.948     292.950     293.154
 4.70100E-03     582.051     757.692     632.896     798.464     706.157     402.537     293.628     292.948     292.950     293.161
 4.72100E-03     591.113     760.764     632.724     797.099     705.807     405.346     293.685     292.948     292.950     293.169
 4.74100E-03     600.132     763.677     632.503     795.719     705.424     408.142     293.745     292.948     292.949     293.177
 4.76100E-03     609.092     766.435     632.236     794.342     705.025     410.927     293.809     292.947     292.949     293.185
 4.78100E-03     617.975     769.043     631.924     793.182     704.762     415.494     293.876     292.947     292.949     293.194
 4.80100E-03     626.648     771.524     631.605     793.451     705.510     539.665     293.946     292.946     292.948     293.202
 4.82100E-03     635.334     774.018     631.212     798.313     709.552    1397.179     294.019     292.945     292.947     293.210
 4.84100E-03     643.905     776.517     630.779     809.672     718.204    1889.125     294.098     292.945     292.947     293.220
 4.86100E-03     652.351     779.001     630.308     826.859     730.877    1990.741     294.181     292.945     292.946     293.230
 4.88100E-03     660.661     781.522     629.800     848.326     746.447    2011.692     294.269     292.944     292.946     293.240
 4.90100E-03     668.826     784.108     629.257     872.212     763.673    2004.883     294.362     292.944     292.946     293.251
 4.92100E-03     676.836     786.796     628.682     896.780     781.499    1951.696     294.464     292.944     292.946     293.262
 4.94100E-03     684.687     789.632     628.075     920.769     799.129    1925.168     294.574     292.944     292.946     293.273
 4.96100E-03     692.369     792.662     627.439     943.326     816.029    1925.604     294.699     292.943     292.945     293.285
 4.98100E-03     699.879     795.926     626.774     963.992     831.875    1912.952     294.841     292.943     292.945     293.297
 5.00100E-03     706.468     799.449     625.730     982.548     846.460    1890.849     295.006     292.943     292.945     293.309
 5.02100E-03     713.600     803.264     625.019     999.215     859.786    1864.836     295.201     292.943     292.945     293.322
 5.04100E-03     720.549     807.377     624.282    1014.213     871.836    1836.644     295.433     292.943     292.945     293.336
 5.06100E-03     727.314     811.790     623.523    1027.698     882.672    1808.131     295.711     292.942     292.944     293.349
 5.08100E-03     733.892     816.495     622.741    1039.776     892.374    1780.508     296.042     292.942     292.944     293.363
 5.10100E-03     740.281     821.479     621.939    1050.499     901.044    1754.570     296.437     292.942     292.944     293.378
 5.12100E-03     746.480     826.722     621.117    1059.952     908.775    1730.773     296.902     292.941     292.943     293.393
 5.14100E-03     752.489     832.203     620.277    1068.232     915.652    1709.284     297.448     292.941     292.943     293.408
 5.16100E-03     758.307     837.896     619.419    1075.418     921.761    1690.157     298.080     292.941     292.943     293.424
 5.18100E-03     763.933     843.773     618.545    1081.607     927.173    1673.294     298.808     292.940     292.943     293.440
 5.20100E-03     768.463     849.812     617.571    1086.873     931.940    1659.098     299.636     292.940     292.942     293.457
 5.22100E-03     773.708     855.979     616.669    1091.318     936.143    1646.995     300.570     292.940     292.942     293.474
 5.24100E-03     778.765     862.252     615.756    1095.002     939.839    1636.974     301.613     292.939     292.942     293.492
 5.26100E-03     783.635     868.606     614.909    1098.013     943.061    1629.429     302.768     292.939     292.941     293.510
 5.28100E-03     788.320     875.017     614.254    1100.416     945.873    1625.018     304.038     292.939     292.941     293.529
 5.30100E-03     792.819     881.465     613.669    1102.253     948.297    1622.496     305.424     292.939     292.941     293.548
 5.32100E-03     797.135     887.929     613.226    1103.606     950.370    1621.103     306.924     292.938     292.941     293.568
 5.34100E-03     801.268     894.391     612.948    1104.525     952.126    1619.869     308.539     292.938     292.940     293.588
 5.36100E-03     805.222     900.835     612.858    1105.059     953.594    1618.476     310.266     292.938     292.940     293.609
 5.38100E-03     808.997     907.247     612.976    1105.254     954.801    1616.922     312.103     292.937     292.940     293.630
 5.40100E-03     815.179     920.013     614.872    1106.535     955.950    1611.811     314.359     292.937     292.940     293.652
 5.42100E-03     818.498     926.398     615.731    1106.871     956.706    1607.714     316.427     292.937     292.939     293.675
 5.44100E-03     821.650     932.806     616.900    1107.149     957.295    1603.823     318.595     292.936     292.939     293.698
 5.46101E-03     824.640     939.232     618.401    1107.273     957.741    1599.986     320.859     292.936     292.939     293.721
 5.48101E-03     827.470     945.667     620.245    1107.200     958.061    1596.081     323.212     292.936     292.938     293.745
 5.50101E-03     830.144     952.095     622.439    1106.914     958.269    1591.720     325.652     292.936     292.938     293.770
 5.52101E-03     832.667     958.499     624.977    1106.423     958.373    1587.102     328.172     292.935     292.938     293.795
 5.54101E-03     835.041     964.863     627.849    1105.739     958.380    1581.877     330.768     292.935     292.938     293.821
 5.56101E-03     837.271     971.167     631.039    1104.882     958.294    1575.840     333.435     292.935     292.937     293.847
 5.58101E-03     839.359     977.396     634.525    1103.868     958.121    1568.659     336.167     292.935     292.937     293.874
 5.60101E-03     841.920     988.016     641.376    1103.014     957.887    1559.788     339.255     292.934     292.937     293.902
 5.62101E-03     843.685     994.099     645.712    1101.282     957.540    1544.344     342.117     292.934     292.937     293.931
 5.64101E-03     845.321    1000.101     650.382    1099.406     957.110    1530.098     345.029     292.934     292.936     293.960
 5.66101E-03     846.829    1006.004     655.368    1097.444     956.599    1515.111     347.988     292.934     292.936     293.989
 5.68101E-03     848.215    1011.785     660.641    1095.420     956.010    1499.804     350.989     292.933     292.936     294.019
 5.70101E-03     849.479    1017.422     666.166    1093.343     955.349    1484.423     354.027     292.933     292.936     294.050
 5.72101E-03     850.626    1022.897     671.902    1091.213     954.620    1469.297     357.099     292.933     292.935     294.081
 5.74101E-03     851.658    1028.195     677.805    1089.030     953.829    1454.616     360.199     292.933     292.935     294.113
 5.76101E-03     852.578    1033.300     683.833    1086.791     952.979    1440.453     363.326     292.932     292.935     294.146
 5.78101E-03     853.388    1038.205     689.945    1084.492     952.072    1426.758     366.474     292.932     292.935     294.179
 5.80101E-03     853.703    1044.352     698.643    1082.833     951.096    1410.949     370.165     292.932     292.934     294.214
 5.82101E-03     854.292    1048.793     705.003    1081.132     950.091    1395.749     373.358     292.932     292.934     294.249
 5.84101E-03     854.775    1052.983     711.230    1079.421     949.062    1382.051     376.562     292.931     292.934     294.284
 5.86101E-03     855.154    1056.926     717.305    1077.609     948.005    1369.139     379.775     292.931     292.933     294.320
 5.88101E-03     855.434    1060.631     723.217    1075.665     946.919    1356.779     382.994     292.931     292.933     294.357
 5.90101E-03     855.618    1064.103     728.957    1073.607     945.812    1345.233     386.216     292.931     292.933     294.395
 5.92101E-03     855.709    1067.344     734.517    1071.419     944.671    1333.980     389.439     292.930     292.933     294.433
 5.94101E-03     855.709    1070.362     739.891    1069.132     943.501    1323.270     392.661     292.930     292.932     294.472
 5.96101E-03     855.622    1073.158     745.075    1066.753     942.297    1312.938     395.879     292.930     292.932     294.512
 5.98101E-03     855.450    1075.738     750.065    1064.294     941.059    1302.948     399.091     292.930     292.932     294.552
 6.00101E-03     854.769    1078.094     754.857    1061.767     939.784    1293.273     402.295     292.929     292.931     294.593
 6.02101E-03     854.442    1080.255     759.457    1059.189     938.478    1283.940     405.490     292.929     292.931     294.635
 6.04101E-03     854.038    1082.212     763.863    1056.549     937.132    1274.726     408.673     292.929     292.931     294.678
 6.06101E-03     853.559    1083.970     768.074    1053.869     935.752    1265.773     411.843     292.929     292.931     294.722
 6.08101E-03     853.007    1085.534     772.091    1051.156     934.340    1257.068     414.999     292.929     292.930     294.766
 6.10101E-03     852.385    1086.910     775.913    1048.422     932.902    1248.673     418.332     292.928     292.930     294.811
 6.12101E-03     851.694    1088.102     779.543    1045.662     931.429    1240.474     444.085     292.928     292.929     294.856
 6.14101E-03     850.938    1089.115     782.981    1042.880     929.922    1232.505     767.865     292.926     292.927     294.902
 6.16101E-03     850.118    1089.957     786.229    1040.097     928.405    1224.692    1187.730     292.926     292.927     294.949
 6.18101E-03     849.238    1090.632     789.290    1037.310     926.872    1217.066    1305.656     292.926     292.927     294.997
 6.20101E-03     848.240    1091.135     792.136    1034.522     925.320    1209.656    1380.980     292.926     292.927     295.046
 6.22101E-03     847.247    1091.494     794.825    1031.740     923.756    1202.453    1450.666     292.926     292.926     295.096
 6.24101E-03     846.196    1091.704     797.338    1028.948     922.168    1195.312    1646.066     292.926     292.926     295.147
 6.26101E-03     845.091    1091.768     799.679    1026.159     920.565    1188.327    1800.669     292.926     292.926     295.198
 6.28101E-03     843.932    1091.694     801.852    1023.385     918.957    1181.578    1839.664     292.926     292.925     295.251
 6.30101E-03     842.723    1091.487     803.860    1020.609     917.330    1174.891    1839.637     292.926     292.925     295.304
 6.32101E-03     841.466    1091.151     805.708    1017.841     915.694    1168.351    1824.932     292.926     292.925     295.358
 6.34101E-03     840.164    1090.693     807.397    1015.090     914.054    1161.995    1804.802     292.926     292.924     295.413
 6.36101E-03     838.818    1090.118     808.934    1012.359     912.413    1155.822    1781.631     292.926     292.924     295.468
 6.38101E-03     837.431    1089.430     810.320    1009.632     910.761    1149.713    1757.787     292.926     292.924     295.525
 6.40101E-03     835.402    1088.622     811.055    1006.905     909.095    1143.654    1734.827     292.926     292.923     295.582
 6.42101E-03     833.954    1087.725     812.138    1004.230     907.455    1137.959    1712.969     292.926     292.923     295.640
 6.44101E-03     832.477    1086.730     813.085    1001.569     905.812    1132.357    1692.914     292.927     292.923     295.699
 6.46101E-03     830.969    1085.642     813.901     998.917     904.164    1126.801    1674.678     292.927     292.922     295.759
 6.48101E-03     829.433    1084.466     814.589     996.308     902.538    1121.520    1658.216     292.927     292.922     295.820
 6.50101E-03     827.869    1083.206     815.153     993.715     900.911    1116.305    1643.694     292.928     292.921     295.882
 6.52101E-03     826.279    1081.867     815.598     991.124     899.277    1111.053    1631.632     292.928     292.921     295.945
 6.54101E-03     824.663    1080.453     815.928     988.562     897.655    1105.975    1621.606     292.929     292.921     296.008
 6.56101E-03     823.023    1078.967     816.147     986.030     896.048    1101.057    1613.797     292.930     292.920     296.072
 6.58101E-03     821.360    1077.413     816.259     983.530     894.457    1096.300    1609.176     292.931     292.920     296.138
 6.60101E-03     818.368    1071.856     819.617     981.525     892.722    1091.931    1612.938     292.932     292.919     296.207
 6.62101E-03     816.617    1069.626     819.261     979.237     891.183    1087.603    1611.853     292.933     292.919     296.274
 6.64101E-03     814.849    1067.345     818.820     976.988     889.666    1083.275    1610.665     292.934     292.919     296.342
 6.66101E-03     813.064    1065.025     818.298     974.764     888.172    1079.021    1609.366     292.936     292.918     296.410
 6.68101E-03     811.264    1062.671     817.697     972.558     886.703    1074.871    1607.957     292.938     292.918     296.480
 6.70101E-03     809.450    1060.291     817.021     970.371     885.259    1070.853    1606.425     292.940     292.918     296.551
 6.72101E-03     807.621    1057.888     816.273     968.205     883.839    1066.959    1604.753     292.942     292.917     296.623
 6.74101E-03     805.780    1055.467     815.456     966.063     882.442    1063.200    1602.938     292.945     292.917     296.695
 6.76101E-03     803.927    1053.032     814.573     963.945     881.069    1059.559    1600.976     292.948     292.917     296.768
 6.78102E-03     802.063    1050.587     813.628     961.853     879.718    1056.031    1598.837     292.951     292.916     296.843
 6.80102E-03     799.403    1046.611     812.448     959.933     878.356    1052.666    1586.222     292.956     292.916     296.919
 6.82102E-03     797.527    1045.033     811.359     957.865     877.059    1049.310    1581.405     292.960     292.915     296.995
 6.84102E-03     795.641    1043.417     810.218     955.830     875.780    1046.040    1576.127     292.965     292.915     297.072
 6.86102E-03     793.748    1041.764     809.025     953.826     874.519    1042.862    1570.578     292.971     292.915     297.150
 6.88102E-03     791.848    1040.076     807.781     951.853     873.277    1039.775    1564.240     292.978     292.914     297.229
 6.90102E-03     789.944    1038.358     806.488     949.909     872.053    1036.779    1557.090     292.986     292.914     297.309
 6.92102E-03     788.037    1036.610     805.148     947.994     870.846    1033.869    1547.587     292.995     292.914     297.390
 6.94102E-03     786.127    1034.837     803.764     946.109     869.657    1031.042    1534.514     293.004     292.913     297.472
 6.96102E-03     784.217    1033.041     802.338     944.252     868.486    1028.293    1521.174     293.016     292.913     297.555
 6.98102E-03     782.305    1031.223     800.872     942.424     867.331    1025.619    1508.106     293.028     292.913     297.639
 7.00102E-03     780.127    1029.052     799.322     940.510     866.180    1023.129    1492.457     293.045     292.912     297.724
 7.02102E-03     778.229    1027.328     797.737     938.538     865.048    1020.660    1477.745     293.060     292.912     297.810
 7.04102E-03     776.342    1025.594     796.131     936.618     863.931    1018.261    1464.005     293.078     292.912     297.896
 7.06102E-03     774.466    1023.853     794.510     934.763     862.834    1015.996    1451.442     293.097     292.911     297.984
 7.08102E-03     772.599    1022.104     792.874     932.958     861.748    1013.747    1438.820     293.119     292.911     298.073
 7.10102E-03     770.741    1020.346     791.226     931.198     860.672    1011.492    1425.851     293.142     292.911     298.162
 7.12102E-03     768.891    1018.582     789.566     929.491     859.616    1009.369    1413.954     293.168     292.911     298.253
 7.14102E-03     767.050    1016.813     787.896     927.816     858.569    1007.238    1401.908     293.197     292.910     298.344
 7.16102E-03     765.216    1015.038     786.215     926.175     857.534    1005.136    1389.999     293.228     292.910     298.436
 7.18102E-03     763.389    1013.260     784.525     924.575     856.518    1003.134    1378.885     293.262     292.909     298.530
 7.20102E-03     759.159    1007.474     780.776     923.251     855.497    1001.282    1364.590     293.301     292.909     298.626
 7.22102E-03     757.302    1005.749     778.983     921.619     854.495     999.386    1351.166     293.341     292.908     298.721
 7.24102E-03     755.429    1004.010     777.190     920.030     853.509     997.547    1339.022     293.384     292.908     298.817
 7.26102E-03     753.540    1002.260     775.396     918.481     852.539     995.712    1327.460     293.433     292.907     298.914
 7.28102E-03     751.640    1000.502     773.601     916.965     851.581     993.889    1316.425     293.489     292.907     299.012
 7.30102E-03     749.730     998.739     771.805     915.484     850.638     992.126    1306.227     293.555     292.906     299.111
 7.32102E-03     747.814     996.972     770.007     914.029     849.704     990.370    1296.348     293.635     292.906     299.211
 7.34102E-03     745.895     995.204     768.207     912.595     848.777     988.623    1286.732     293.736     292.906     299.312
 7.36102E-03     743.975     993.437     766.406     911.189     847.862     986.919    1277.601     293.865     292.906     299.414
 7.38102E-03     742.055     991.670     764.604     909.802     846.956     985.225    1268.685     294.035     292.905     299.516
 7.40102E-03     739.985     989.928     762.578     908.431     846.054     983.561    1260.123     294.259     292.905     299.620
 7.42102E-03     738.074     988.169     760.781     907.083     845.165     981.908    1251.677     294.548     292.904     299.724
 7.44102E-03     736.167     986.414     758.978     905.755     844.286     980.287    1243.569     294.918     292.904     299.829
 7.46102E-03     734.267     984.663     757.173     904.444     843.416     978.685    1235.689     295.384     292.904     299.936
 7.48102E-03     732.375     982.915     755.366     903.146     842.550     977.073    1227.858     295.961     292.903     300.043
 7.50102E-03     730.492     981.173     753.560     901.862     841.692     975.484    1220.273     296.663     292.903     300.151
 7.52102E-03     728.620     979.437     751.755     900.594     840.841     973.916    1212.925     297.503     292.902     300.260
 7.54102E-03     726.758     977.707     749.953     899.341     839.999     972.369    1205.805     298.491     292.902     300.370
 7.56102E-03     724.909     975.985     748.154     898.101     839.163     970.837    1198.872     299.637     292.902     300.481
 7.58102E-03     723.072     974.272     746.360     896.875     838.334     969.326    1192.169     300.947     292.901     300.593
 7.60102E-03     716.245     966.275     740.073     896.756     837.571     968.647    1185.786     302.895     292.901     300.709
 7.62102E-03     714.589     964.544     738.570     896.097     836.763     967.072    1179.165     304.597     292.900     300.823
 7.64102E-03     712.949     962.779     737.059     895.373     835.969     965.367    1172.637     306.472     292.900     300.937
 7.66102E-03     711.324     960.994     735.538     894.580     835.192     963.621    1166.324     308.518     292.900     301.053
 7.68102E-03     709.713     959.199     734.004     893.727     834.429     961.876    1160.235     310.733     292.899     301.169
 7.70102E-03     708.115     957.402     732.458     892.827     833.680     960.158    1154.389     313.112     292.899     301.286
 7.72102E-03     706.530     955.608     730.902     891.890     832.942     958.472    1148.754     315.650     292.898     301.404
 7.74102E-03     704.956     953.823     729.336     890.925     832.213     956.820    1143.317     318.340     292.898     301.523
 7.76102E-03     703.394     952.050     727.763     889.938     831.491     955.208    1138.086     321.177     292.898     301.643
 7.78102E-03     701.842     950.290     726.184     888.936     830.774     953.628    1133.028     324.152     292.897     301.763
 7.80102E-03     698.414     945.670     721.865     888.928     830.086     952.335    1128.032     327.410     292.897     301.886
 7.82102E-03     696.777     943.536     719.857     888.210     829.379     950.816    1123.216     330.652     292.896     302.008
 7.84102E-03     695.168     941.399     717.898     887.419     828.679     949.268    1118.556     334.010     292.896     302.132
 7.86102E-03     693.585     939.277     715.981     886.573     827.985     947.720    1114.051     337.475     292.896     302.256
 7.88102E-03     692.025     937.183     714.101     885.687     827.297     946.184    1109.693     341.039     292.895     302.381
 7.90102E-03     690.487     935.123     712.258     884.770     826.614     944.668    1105.474     344.694     292.895     302.506
 7.92102E-03     688.969     933.101     710.448     883.828     825.935     943.173    1101.388     348.432     292.895     302.633
 7.94102E-03     687.469     931.120     708.672     882.867     825.259     941.699    1097.426     352.246     292.894     302.761
 7.96102E-03     685.987     929.180     706.926     881.892     824.586     940.245    1093.582     356.128     292.894     302.889
 7.98102E-03     684.521     927.278     705.208     880.905     823.911     938.781    1089.753     360.072     292.893     303.018
 8.00102E-03     680.897     921.685     702.421     881.130     823.280     937.419    1086.594     366.913     292.893     303.149
 8.02102E-03     679.494     920.227     701.030     880.258     822.612     935.984    1083.538     371.024     292.893     303.280
 8.04102E-03     678.076     918.786     699.612     879.350     821.948     934.616    1080.676     375.187     292.892     303.411
 8.06102E-03     676.654     917.353     698.177     878.411     821.282     933.262    1077.843     381.332     292.892     303.544
 8.08102E-03     675.235     915.926     696.735     877.444     820.610     931.917    1075.026     426.530     292.890     303.677
 8.10102E-03     673.824     914.516     695.293     876.479     819.953     930.620    1072.295     511.829     292.889     303.811
 8.12102E-03     672.422     913.118     693.852     875.508     819.301     929.337    1069.579     552.224     292.889     303.946
 8.14102E-03     671.032     911.731     692.416     874.530     818.648     928.060    1066.878     585.688     292.889     304.081
 8.16103E-03     669.654     910.359     690.986     873.554     817.999     926.812    1064.249     618.784     292.889     304.218
 8.18103E-03     668.290     908.999     689.565     872.573     817.346     925.567    1061.643     651.076     292.888     304.355
 8.20103E-03     666.913     907.648     688.049     871.586     816.687     924.327    1059.113     682.426     292.888     304.492
 8.22103E-03     665.582     906.306     686.558     870.598     816.026     923.062    1056.515     742.113     292.888     304.631
 8.24103E-03     664.267     904.976     685.099     869.611     815.365     921.807    1053.955     800.519     292.888     304.771
 8.26103E-03     662.968     903.660     683.663     868.625     814.701     920.568    1051.457     854.933     292.887     304.911
 8.28103E-03     661.683     902.355     682.246     867.641     814.038     919.330    1048.978     903.549     292.887     305.052
 8.30103E-03     660.413     901.063     680.846     866.659     813.373     918.105    1046.557     946.159     292.886     305.194
 8.32103E-03     659.157     899.783     679.461     865.680     812.707     916.887    1044.171     983.257     292.886     305.337
 8.34103E-03     657.916     898.516     678.092     864.704     812.041     915.682    1041.841    1015.491     292.885     305.480
 8.36103E-03     656.688     897.260     676.738     863.731     811.374     914.481    1039.544    1043.529     292.885     305.624
 8.38103E-03     655.473     896.015     675.397     862.762     810.708     913.287    1037.284    1068.032     292.885     305.769
 8.40103E-03     654.270     894.781     674.070     861.796     810.040     912.098    1035.055    1089.578     292.884     305.915
 8.42103E-03     653.081     893.557     672.758     860.833     809.373     910.915    1032.862    1108.654     292.884     306.061
 8.44103E-03     651.903     892.344     671.458     859.874     808.706     909.736    1030.698    1125.645     292.884     306.208
 8.46103E-03     650.738     891.141     670.173     858.919     808.038     908.564    1028.568    1140.892     292.883     306.356
 8.48103E-03     649.585     889.947     668.900     857.967     807.371     907.397    1026.465    1154.690     292.883     306.504
 8.50103E-03     648.443     888.763     667.640     857.018     806.705     906.233    1024.388    1167.330     292.883     306.654
 8.52103E-03     647.313     887.587     666.393     856.073     806.038     905.073    1022.336    1179.192     292.883     306.803
 8.54103E-03     646.194     886.421     665.158     855.132     805.372     903.921    1020.315    1190.445     292.883     306.954
 8.56103E-03     645.087     885.263     663.935     854.194     804.705     902.772    1018.317    1201.121     292.884     307.106
 8.58103E-03     643.990     884.113     662.725     853.259     804.040     901.628    1016.341    1211.254     292.884     307.258
 8.60103E-03     642.904     882.971     661.526     852.327     803.374     900.487    1014.386    1220.875     292.885     307.410
 8.62103E-03     641.828     881.837     660.339     851.399     802.710     899.350    1012.453    1230.012     292.886     307.564
 8.64103E-03     640.763     880.710     659.164     850.474     802.045     898.218    1010.539    1238.688     292.887     307.718
 8.66103E-03     639.708     879.591     657.999     849.552     801.381     897.089    1008.644    1246.924     292.889     307.873
 8.68103E-03     638.663     878.478     656.846     848.632     800.718     895.965    1006.769    1254.740     292.891     308.028
 8.70103E-03     637.629     877.373     655.703     847.717     800.055     894.849    1004.918    1262.151     292.893     308.184
 8.72103E-03     636.604     876.275     654.571     846.805     799.393     893.736    1003.084    1269.171     292.897     308.341
 8.74103E-03     635.588     875.184     653.450     845.897     798.732     892.627    1001.266    1275.813     292.901     308.498
 8.76103E-03     634.582     874.098     652.339     844.991     798.072     891.523     999.464    1282.087     292.906     308.656
 8.78103E-03     633.586     873.020     651.238     844.088     797.413     890.422     997.677    1287.999     292.912     308.815
 8.80103E-03     632.598     871.947     650.147     843.189     796.754     889.326     995.905    1293.552     292.918     308.974
 8.82103E-03     631.620     870.880     649.066     842.293     796.096     888.234     994.147    1298.744     292.927     309.134
 8.84103E-03     630.650     869.820     647.994     841.400     795.440     887.146     992.403    1303.572     292.936     309.295
 8.86103E-03     629.690     868.764     646.931     840.510     794.784     886.063     990.672    1308.030     292.947     309.456
 8.88103E-03     628.738     867.715     645.878     839.622     794.129     884.983     988.954    1312.093     292.960     309.618
 8.90103E-03     627.794     866.671     644.834     838.739     793.474     883.908     987.249    1315.749     292.975     309.780
 8.92103E-03     626.859     865.633     643.799     837.857     792.821     882.837     985.556    1318.952     292.992     309.943
 8.94103E-03     625.932     864.600     642.772     836.979     792.169     881.770     983.874    1321.625     293.011     310.107
 8.96103E-03     625.013     863.572     641.754     836.104     791.517     880.706     982.203    1323.532     293.032     310.271
 8.98103E-03     624.102     862.548     640.745     835.231     790.866     879.644     980.538    1324.172     293.056     310.436
 9.00103E-03     623.199     861.529     639.743     834.361     790.216     878.586     978.884    1323.531     293.082     310.601
 9.02103E-03     622.303     860.516     638.750     833.494     789.568     877.536     977.246    1321.904     293.112     310.767
 9.04103E-03     621.416     859.508     637.765     832.630     788.921     876.491     975.620    1319.511     293.145     310.933
 9.06103E-03     620.535     858.505     636.788     831.770     788.275     875.450     974.003    1316.515     293.181     311.100
 9.08103E-03     619.662     857.506     635.819     830.913     787.630     874.413     972.396    1313.031     293.221     311.268
 9.10103E-03     618.796     856.512     634.858     830.059     786.987     873.381     970.799    1309.153     293.264     311.436
 9.12103E-03     617.938     855.523     633.904     829.208     786.345     872.352     969.211    1304.949     293.311     311.604
 9.14103E-03     617.086     854.539     632.957     828.360     785.705     871.329     967.632    1300.478     293.362     311.773
 9.16103E-03     616.242     853.560     632.018     827.516     785.066     870.313     966.068    1295.791     293.418     311.943
 9.18103E-03     615.404     852.586     631.087     826.675     784.429     869.301     964.513    1290.925     293.478     312.113
 9.20103E-03     614.573     851.616     630.163     825.837     783.793     868.293     962.967    1285.910     293.542     312.284
 9.22103E-03     613.749     850.650     629.246     825.002     783.159     867.289     961.428    1280.773     293.611     312.455
 9.24103E-03     612.931     849.689     628.335     824.171     782.525     866.289     959.897    1275.536     293.685     312.627
 9.26103E-03     612.120     848.732     627.432     823.342     781.894     865.294     958.375    1270.218     293.765     312.799
 9.28103E-03     611.315     847.780     626.535     822.517     781.264     864.302     956.860    1264.835     293.849     312.972
 9.30103E-03     610.516     846.832     625.646     821.694     780.635     863.315     955.353    1259.401     293.938     313.145
 9.32103E-03     609.724     845.888     624.762     820.875     780.007     862.331     953.853    1253.928     294.033     313.319
 9.34103E-03     608.937     844.948     623.885     820.058     779.381     861.352     952.361    1248.427     294.134     313.493
 9.36103E-03     608.157     844.014     623.015     819.245     778.757     860.381     950.883    1242.910     294.239     313.668
 9.38103E-03     607.382     843.083     622.151     818.435     778.135     859.413     949.413    1237.385     294.351     313.843
 9.40103E-03     606.614     842.157     621.293     817.629     777.514     858.450     947.949    1231.857     294.468     314.018
 9.42103E-03     605.851     841.235     620.442     816.825     776.894     857.489     946.491    1226.331     294.592     314.194
 9.44103E-03     605.094     840.316     619.596     816.024     776.276     856.533     945.041    1220.814     294.721     314.371
 9.46104E-03     604.342     839.402     618.757     815.226     775.660     855.581     943.597    1215.308     294.856     314.547
 9.48104E-03     603.596     838.492     617.923     814.431     775.045     854.632     942.159    1209.818     294.997     314.725
 9.50104E-03     602.855     837.585     617.096     813.639     774.431     853.687     940.729    1204.347     295.144     314.902
 9.52104E-03     602.120     836.683     616.274     812.850     773.819     852.746     939.304    1198.898     295.297     315.080
 9.54104E-03     601.390     835.784     615.457     812.064     773.208     851.809     937.887    1193.474     295.456     315.259
 9.56104E-03     600.665     834.889     614.647     811.280     772.599     850.876     936.476    1188.077     295.621     315.438
 9.58104E-03     599.945     833.998     613.841     810.499     771.991     849.946     935.071    1182.709     295.793     315.617
 9.60104E-03     599.230     833.111     613.041     809.721     771.385     849.020     933.672    1177.372     295.970     315.797
 9.62104E-03     598.520     832.227     612.247     808.946     770.780     848.098     932.280    1172.067     296.153     315.977
 9.64104E-03     597.815     831.348     611.458     808.175     770.177     847.184     930.902    1166.799     296.343     316.158
 9.66104E-03     597.115     830.473     610.675     807.406     769.576     846.273     929.529    1161.568     296.538     316.338
 9.68104E-03     596.420     829.601     609.896     806.640     768.976     845.365     928.161    1156.375     296.740     316.520
 9.70104E-03     595.730     828.733     609.123     805.877     768.378     844.461     926.800    1151.220     296.947     316.701
 9.72104E-03     595.044     827.869     608.355     805.116     767.781     843.560     925.444    1146.104     297.160     316.883
 9.74104E-03     594.363     827.008     607.592     804.358     767.186     842.662     924.093    1141.027     297.379     317.065
 9.76104E-03     593.687     826.151     606.834     803.603     766.592     841.768     922.748    1135.989     297.604     317.248
 9.78104E-03     593.015     825.297     606.081     802.851     765.999     840.877     921.409    1130.991     297.834     317.431
 9.80104E-03     592.347     824.446     605.333     802.101     765.408     839.990     920.076    1126.032     298.070     317.614
 9.82104E-03     591.684     823.599     604.589     801.354     764.818     839.106     918.748    1121.115     298.312     317.798
 9.84104E-03     591.025     822.756     603.850     800.609     764.230     838.226     917.426    1116.237     298.559     317.982
 9.86104E-03     590.370     821.916     603.116     799.867     763.643     837.348     916.109    1111.400     298.812     318.166
 9.88104E-03     589.719     821.079     602.386     799.127     763.058     836.474     914.798    1106.604     299.069     318.351
 9.90104E-03     589.073     820.245     601.661     798.390     762.474     835.604     913.492    1101.848     299.332     318.535
 9.92104E-03     588.431     819.415     600.941     797.655     761.891     834.737     912.192    1097.133     299.601     318.721
 9.94104E-03     587.792     818.588     600.225     796.923     761.310     833.873     910.897    1092.458     299.874     318.906
 9.96104E-03     587.158     817.764     599.513     796.194     760.730     833.012     909.607    1087.824     300.152     319.092
 9.98104E-03     586.528     816.944     598.806     795.467     760.152     832.159     908.331    1083.234     300.435     319.278
 1.00010E-02     585.901     816.128     598.103     794.743     759.576     831.309     907.059    1078.685     300.722     319.464
 1.00210E-02     585.279     815.315     597.405     794.022     759.001     830.461     905.792    1074.177     301.014     319.651
 1.00410E-02     584.660     814.505     596.711     793.303     758.427     829.617     904.530    1069.711     301.311     319.837
 1.00610E-02     584.045     813.698     596.021     792.587     757.855     828.775     903.272    1065.286     301.612     320.024
 1.00810E-02     583.434     812.894     595.336     791.873     757.284     827.936     902.019    1060.900     301.917     320.212
 1.01010E-02     582.827     812.093     594.654     791.161     756.715     827.100     900.772    1056.554     302.227     320.399
 1.01210E-02     582.223     811.296     593.977     790.452     756.147     826.268     899.529    1052.248     302.540     320.587
 1.01410E-02     581.623     810.501     593.303     789.745     755.580     825.438     898.291    1047.981     302.858     320.775
 1.01610E-02     581.026     809.710     592.634     789.041     755.014     824.611     897.058    1043.753     303.179     320.963
 1.01810E-02     580.433     808.921     591.968     788.338     754.450     823.787     895.830    1039.564     303.504     321.152
 1.02010E-02     579.843     808.135     591.306     787.638     753.887     822.965     894.606    1035.412     303.832     321.340
 1.02210E-02     579.257     807.352     590.648     786.941     753.326     822.147     893.387    1031.299     304.164     321.529
 1.02410E-02     578.674     806.572     589.994     786.245     752.765     821.331     892.173    1027.224     304.500     321.718
 1.02610E-02     578.094     805.795     589.344     785.551     752.206     820.519     890.964    1023.185     304.838     321.908
 1.02810E-02     577.518     805.021     588.698     784.860     751.648     819.709     889.760    1019.184     305.180     322.097
 1.03010E-02     576.945     804.249     588.055     784.171     751.092     818.902     888.560    1015.219     305.525     322.287
 1.03210E-02     576.375     803.481     587.415     783.484     750.537     818.098     887.365    1011.291     305.872     322.477
 1.03410E-02     575.809     802.715     586.780     782.800     749.983     817.296     886.174    1007.398     306.223     322.667
 1.03610E-02     575.245     801.952     586.148     782.117     749.430     816.497     884.988    1003.541     306.576     322.857
 1.03810E-02     574.685     801.191     585.519     781.437     748.879     815.701     883.807     999.720     306.931     323.047
 1.04010E-02     574.128     800.433     584.894     780.758     748.328     814.908     882.630     995.934     307.289     323.238
 1.04210E-02     573.574     799.679     584.273     780.083     747.781     814.122     881.466     992.184     307.649     323.428
 1.04410E-02     573.023     798.928     583.655     779.410     747.234     813.338     880.306     988.470     308.012     323.619
 1.04610E-02     572.475     798.179     583.041     778.739     746.688     812.557     879.149     984.791     308.376     323.810
 1.04810E-02     571.930     797.433     582.430     778.070     746.144     811.778     877.997     981.146     308.743     324.001
 1.05010E-02     571.388     796.690     581.823     777.404     745.601     811.001     876.848     977.536     309.111     324.192
 1.05210E-02     570.849     795.949     581.219     776.739     745.059     810.227     875.704     973.959     309.481     324.384
 1.05410E-02     570.313     795.211     580.619     776.076     744.518     809.455     874.564     970.415     309.853     324.575
 1.05610E-02     569.779     794.476     580.021     775.415     743.979     808.685     873.428     966.903     310.227     324.767
 1.05810E-02     569.249     793.743     579.427     774.757     743.440     807.918     872.296     963.424     310.601     324.958
 1.06010E-02     568.721     793.012     578.836     774.100     742.903     807.154     871.168     959.977     310.978     325.150
 1.06210E-02     568.196     792.284     578.249     773.445     742.367     806.392     870.044     956.562     311.355     325.342
 1.06410E-02     567.674     791.558     577.664     772.792     741.832     805.632     868.924     953.178     311.734     325.534
 1.06610E-02     567.155     790.835     577.082     772.141     741.299     804.874     867.809     949.825     312.114     325.726
 1.06810E-02     566.638     790.115     576.504     771.492     740.766     804.119     866.697     946.502     312.494     325.918
 1.07010E-02     566.124     789.396     575.929     770.845     740.234     803.367     865.590     943.209     312.876     326.111
 1.07210E-02     565.612     788.681     575.357     770.200     739.704     802.616     864.487     939.947     313.258     326.303
 1.07410E-02     565.104     787.967     574.787     769.556     739.175     801.868     863.387     936.714     313.641     326.495
 1.07610E-02     564.597     787.256     574.221     768.915     738.647     801.123     862.292     933.510     314.025     326.688
 1.07810E-02     564.094     786.547     573.658     768.275     738.120     800.379     861.200     930.336     314.410     326.880
 1.08010E-02     563.592     785.840     573.097     767.637     737.595     799.638     860.113     927.190     314.794     327.073
 1.08210E-02     563.094     785.136     572.540     767.001     737.070     798.899     859.029     924.072     315.179     327.266
 1.08410E-02     562.597     784.434     571.985     766.366     736.546     798.163     857.950     920.983     315.565     327.458
 1.08610E-02     562.104     783.734     571.433     765.734     736.024     797.428     856.874     917.921     315.951     327.651
 1.08810E-02     561.612     783.037     570.884     765.103     735.502     796.696     855.802     914.887     316.336     327.844
 1.09010E-02     561.123     782.341     570.338     764.474     734.982     795.966     854.734     911.880     316.722     328.037
 1.09210E-02     560.637     781.648     569.795     763.847     734.463     795.238     853.670     908.899     317.108     328.229
 1.09410E-02     560.153     780.957     569.254     763.221     733.945     794.513     852.609     905.946     317.494     328.422
 1.09610E-02     559.671     780.268     568.716     762.597     733.428     793.789     851.553     903.019     317.879     328.615
 1.09810E-02     559.191     779.582     568.181     761.975     732.912     793.068     850.500     900.118     318.265     328.808
 1.10010E-02     558.714     778.898     567.648     761.356     732.398     792.354     849.459     897.245     318.650     329.001
 1.10210E-02     558.239     778.217     567.119     760.738     731.885     791.642     848.421     894.398     319.035     329.194
 1.10410E-02     557.767     777.538     566.593     760.123     731.374     790.931     847.386     891.577     319.419     329.387
 1.10610E-02     557.297     776.861     566.068     759.509     730.863     790.223     846.355     888.781     319.803     329.580
 1.10810E-02     556.829     776.186     565.547     758.896     730.354     789.516     845.326     886.011     320.186     329.773
 1.11010E-02     556.363     775.514     565.028     758.286     729.845     788.810     844.301     883.266     320.569     329.965
 1.11210E-02     555.899     774.843     564.512     757.677     729.338     788.107     843.280     880.546     320.951     330.158
 1.11410E-02     555.438     774.175     563.998     757.070     728.831     787.406     842.262     877.849     321.332     330.351
 1.11610E-02     554.979     773.508     563.487     756.464     728.325     786.707     841.247     875.177     321.713     330.544
 1.11810E-02     554.522     772.844     562.979     755.860     727.821     786.009     840.236     872.528     322.093     330.737
 1.12010E-02     554.067     772.181     562.473     755.258     727.317     785.314     839.228     869.902     322.472     330.929
 1.12210E-02     553.615     771.521     561.969     754.657     726.815     784.620     838.223     867.300     322.850     331.122
 1.12410E-02     553.164     770.863     561.468     754.058     726.313     783.929     837.222     864.720     323.227     331.315
 1.12610E-02     552.715     770.206     560.969     753.460     725.813     783.239     836.224     862.164     323.603     331.507
 1.12810E-02     552.269     769.552     560.473     752.864     725.313     782.551     835.230     859.629     323.978     331.700
 1.13010E-02     551.824     768.899     559.979     752.269     724.815     781.865     834.239     857.117     324.352     331.892
 1.13210E-02     551.382     768.248     559.488     751.676     724.317     781.181     833.251     854.626     324.725     332.085
 1.13410E-02     550.941     767.600     558.999     751.085     723.821     780.499     832.267     852.157     325.096     332.277
 1.13610E-02     550.503     766.953     558.512     750.495     723.325     779.819     831.286     849.709     325.467     332.470
 1.13810E-02     550.066     766.308     558.027     749.906     722.830     779.140     830.308     847.283     325.836     332.662
 1.14010E-02     549.632     765.664     557.545     749.319     722.337     778.464     829.333     844.878     326.204     332.854
 1.14210E-02     549.199     765.023     557.065     748.734     721.844     777.789     828.362     842.493     326.570     333.046
 1.14411E-02     548.768     764.384     556.587     748.150     721.352     777.116     827.394     840.129     326.935     333.238
 1.14611E-02     548.339     763.746     556.112     747.567     720.861     776.445     826.430     837.785     327.299     333.430
 1.14811E-02     547.912     763.110     555.638     746.986     720.371     775.776     825.468     835.461     327.661     333.622
 1.15011E-02     547.487     762.476     555.167     746.406     719.883     775.108     824.509     833.157     328.022     333.814
 1.15211E-02     547.064     761.844     554.698     745.828     719.395     774.442     823.554     830.873     328.381     334.005
 1.15411E-02     546.643     761.213     554.232     745.251     718.908     773.778     822.603     828.608     328.739     334.197
 1.15611E-02     546.223     760.584     553.767     744.676     718.421     773.116     821.654     826.363     329.096     334.388
 1.15811E-02     545.805     759.957     553.305     744.102     717.936     772.456     820.708     824.136     329.450     334.579
 1.16011E-02     545.389     759.332     552.844     743.529     717.452     771.797     819.766     821.928     329.803     334.771
 1.16211E-02     544.975     758.708     552.386     742.958     716.969     771.140     818.826     819.740     330.155     334.962
 1.16411E-02     544.563     758.086     551.930     742.388     716.486     770.485     817.890     817.569     330.505     335.153
 1.16611E-02     544.152     757.466     551.476     741.820     716.004     769.831     816.957     815.417     330.853     335.343
 1.16811E-02     543.743     756.847     551.024     741.253     715.524     769.179     816.027     813.283     331.199     335.534
 1.17011E-02     543.336     756.231     550.574     740.689     715.045     768.534     815.107     811.168     331.544     335.725
 1.17211E-02     542.931     755.617     550.127     740.126     714.568     767.891     814.191     809.071     331.887     335.915
 1.17411E-02     542.527     755.005     549.681     739.564     714.091     767.249     813.277     806.993     332.228     336.105
 1.17611E-02     542.125     754.395     549.238     739.005     713.616     766.608     812.365     804.932     332.568     336.295
 1.17811E-02     541.725     753.786     548.797     738.446     713.141     765.968     811.456     802.889     332.905     336.485
 1.18011E-02     541.327     753.179     548.357     737.889     712.667     765.330     810.550     800.863     333.241     336.675
 1.18211E-02     540.930     752.573     547.920     737.333     712.194     764.694     809.647     798.854     333.575     336.865
 1.18411E-02     540.535     751.969     547.485     736.779     711.721     764.059     808.746     796.863     333.907     337.055
 1.18611E-02     540.142     751.367     547.051     736.225     711.250     763.425     807.849     794.887     334.238     337.244
 1.18811E-02     539.750     750.767     546.620     735.674     710.780     762.793     806.954     792.928     334.566     337.433
 1.19011E-02     539.360     750.168     546.190     735.123     710.310     762.163     806.061     790.985     334.893     337.622
 1.19211E-02     538.971     749.570     545.763     734.574     709.841     761.534     805.171     789.059     335.217     337.811
 1.19411E-02     538.584     748.975     545.337     734.026     709.373     760.907     804.285     787.148     335.540     338.000
 1.19611E-02     538.199     748.381     544.913     733.479     708.906     760.281     803.401     785.253     335.861     338.188
 1.19811E-02     537.815     747.788     544.491     732.934     708.440     759.657     802.520     783.373     336.180     338.377
 1.20011E-02     537.433     747.197     544.071     732.390     707.975     759.034     801.641     781.509     336.497     338.565
 1.20211E-02     537.052     746.607     543.653     731.847     707.510     758.413     800.765     779.660     336.812     338.753
 1.20411E-02     536.673     746.019     543.237     731.306     707.046     757.793     799.892     777.826     337.125     338.941
 1.20611E-02     536.296     745.433     542.822     730.765     706.584     757.175     799.022     776.007     337.436     339.128
 1.20811E-02     535.920     744.848     542.409     730.226     706.122     756.558     798.154     774.202     337.745     339.316
 1.21011E-02     535.545     744.264     541.998     729.688     705.661     755.943     797.289     772.412     338.053     339.503
 1.21211E-02     535.172     743.682     541.589     729.152     705.200     755.329     796.427     770.637     338.358     339.690
 1.21411E-02     534.801     743.102     541.181     728.616     704.741     754.717     795.567     768.875     338.661     339.877
 1.21611E-02     534.431     742.523     540.775     728.082     704.282     754.106     794.711     767.128     338.962     340.063
 1.21811E-02     534.062     741.945     540.371     727.549     703.824     753.496     793.856     765.395     339.262     340.250
 1.22011E-02     533.695     741.369     539.969     727.017     703.367     752.889     793.005     763.675     339.559     340.436
 1.22211E-02     533.329     740.794     539.568     726.487     702.911     752.282     792.156     761.969     339.854     340.622
 1.22411E-02     532.965     740.221     539.169     725.957     702.456     751.677     791.310     760.277     340.148     340.808
 1.22611E-02     532.602     739.649     538.772     725.429     702.001     751.074     790.466     758.598     340.439     340.993
 1.22811E-02     532.240     739.079     538.376     724.902     701.547     750.472     789.625     756.932     340.728     341.179
 1.23011E-02     531.880     738.510     537.982     724.376     701.094     749.871     788.787     755.280     341.015     341.364
 1.23211E-02     531.522     737.942     537.590     723.851     700.642     749.272     787.951     753.640     341.301     341.549
 1.23411E-02     531.164     737.375     537.199     723.328     700.191     748.674     787.118     752.013     341.584     341.733
 1.23611E-02     530.809     736.811     536.810     722.805     699.740     748.078     786.287     750.399     341.865     341.918
 1.23811E-02     530.454     736.247     536.422     722.284     699.290     747.483     785.459     748.797     342.144     342.102
 1.24011E-02     530.101     735.685     536.036     721.764     698.841     746.889     784.633     747.208     342.422     342.286
 1.24211E-02     529.749     735.124     535.652     721.245     698.393     746.297     783.810     745.632     342.697     342.470
 1.24411E-02     529.398     734.564     535.269     720.727     697.945     745.706     782.990     744.067     342.970     342.653
 1.24611E-02     529.049     734.006     534.888     720.210     697.499     745.117     782.172     742.514     343.242     342.836
 1.24811E-02     528.701     733.450     534.508     719.695     697.053     744.529     781.356     740.974     343.511     343.019
 1.25011E-02     528.355     732.894     534.130     719.180     696.608     743.942     780.543     739.445     343.778     343.202
 1.25211E-02     528.010     732.340     533.754     718.667     696.163     743.357     779.733     737.928     344.043     343.384
 1.25411E-02     527.666     731.788     533.379     718.156     695.721     742.778     778.933     736.423     344.307     343.567
 1.25611E-02     527.323     731.238     533.006     717.647     695.280     742.201     778.135     734.931     344.568     343.749
 1.25811E-02     526.982     730.689     532.634     717.138     694.840     741.624     777.338     733.450     344.827     343.930
 1.26011E-02     526.642     730.142     532.264     716.631     694.400     741.049     776.544     731.981     345.085     344.112
 1.26211E-02     526.303     729.596     531.896     716.125     693.961     740.474     775.752     730.523     345.340     344.293
 1.26411E-02     525.966     729.051     531.529     715.620     693.523     739.901     774.962     729.077     345.594     344.474
 1.26611E-02     525.630     728.508     531.164     715.116     693.085     739.329     774.174     727.641     345.845     344.654
 1.26811E-02     525.295     727.965     530.800     714.614     692.649     738.758     773.388     726.217     346.094     344.835
 1.27011E-02     524.962     727.425     530.438     714.112     692.213     738.188     772.605     724.803     346.342     345.015
 1.27211E-02     524.630     726.885     530.077     713.611     691.778     737.620     771.824     723.400     346.588     345.195
 1.27411E-02     524.299     726.347     529.717     713.112     691.343     737.053     771.045     722.007     346.831     345.374
 1.27611E-02     523.969     725.810     529.359     712.614     690.909     736.487     770.268     720.625     347.073     345.554
 1.27811E-02     523.641     725.275     529.003     712.116     690.476     735.922     769.494     719.253     347.313     345.733
 1.28011E-02     523.313     724.740     528.647     711.620     690.044     735.358     768.722     717.892     347.551     345.911
 1.28211E-02     522.987     724.207     528.294     711.125     689.613     734.796     767.952     716.540     347.787     346.090
 1.28411E-02     522.662     723.676     527.941     710.631     689.182     734.235     767.184     715.198     348.021     346.268
 1.28611E-02     522.339     723.145     527.590     710.138     688.752     733.675     766.419     713.866     348.253     346.446
 1.28811E-02     522.016     722.615     527.241     709.646     688.323     733.116     765.655     712.544     348.483     346.624
 1.29011E-02     521.695     722.087     526.892     709.155     687.894     732.559     764.894     711.232     348.712     346.801
 1.29211E-02     521.374     721.560     526.546     708.664     687.466     732.003     764.135     709.929     348.938     346.978
 1.29411E-02     521.055     721.035     526.200     708.176     687.039     731.448     763.379     708.636     349.163     347.155
 1.29611E-02     520.737     720.510     525.856     707.687     686.612     730.894     762.624     707.352     349.385     347.331
 1.29811E-02     520.421     719.987     525.513     707.200     686.187     730.341     761.872     706.077     349.606     347.507
 1.30011E-02     520.105     719.465     525.172     706.714     685.762     729.790     761.122     704.811     349.825     347.683
 1.30211E-02     519.791     718.944     524.831     706.229     685.338     729.240     760.374     703.555     350.043     347.858
 1.30411E-02     519.477     718.424     524.492     705.745     684.914     728.691     759.628     702.307     350.258     348.034
 1.30611E-02     519.165     717.905     524.155     705.262     684.491     728.143     758.884     701.068     350.471     348.209
 1.30811E-02     518.854     717.388     523.819     704.780     684.069     727.597     758.143     699.838     350.683     348.383
 1.31011E-02     518.544     716.872     523.483     704.299     683.648     727.051     757.404     698.617     350.893     348.558
 1.31211E-02     518.235     716.356     523.150     703.819     683.227     726.507     756.667     697.404     351.101     348.732
 1.31411E-02     517.927     715.842     522.817     703.340     682.807     725.964     755.932     696.200     351.308     348.905
 1.31611E-02     517.620     715.329     522.486     702.862     682.388     725.422     755.199     695.004     351.512     349.079
 1.31811E-02     517.314     714.818     522.156     702.385     681.969     724.882     754.468     693.817     351.715     349.252
 1.32011E-02     517.010     714.307     521.827     701.908     681.551     724.342     753.739     692.638     351.916     349.424
 1.32211E-02     516.706     713.797     521.499     701.433     681.134     723.804     753.013     691.467     352.115     349.597
 1.32411E-02     516.403     713.289     521.173     700.959     680.718     723.267     752.288     690.305     352.313     349.769
 1.32611E-02     516.102     712.782     520.848     700.485     680.302     722.731     751.566     689.150     352.509     349.941
 1.32811E-02     515.801     712.276     520.524     700.013     679.887     722.196     750.845     688.003     352.703     350.112
 1.33011E-02     515.502     711.770     520.201     699.541     679.472     721.662     750.127     686.864     352.895     350.283
 1.33211E-02     515.203     711.266     519.880     699.071     679.058     721.130     749.411     685.733     353.086     350.454
 1.33411E-02     514.906     710.764     519.560     698.601     678.645     720.598     748.697     684.610     353.275     350.625
 1.33611E-02     514.609     710.262     519.240     698.133     678.233     720.068     747.985     683.494     353.462     350.795
 1.33811E-02     514.314     709.761     518.922     697.665     677.821     719.539     747.275     682.386     353.648     350.965
 1.34011E-02     514.020     709.261     518.606     697.198     677.410     719.011     746.567     681.285     353.832     351.134
 1.34211E-02     513.726     708.763     518.290     696.732     677.000     718.484     745.861     680.192     354.014     351.304
 1.34411E-02     513.434     708.265     517.975     696.267     676.590     717.958     745.157     679.106     354.195     351.472
 1.34611E-02     513.142     707.768     517.662     695.803     676.181     717.434     744.455     678.028     354.374     351.641
 1.34811E-02     512.852     707.273     517.350     695.340     675.773     716.910     743.755     676.956     354.551     351.809
 1.35011E-02     512.562     706.779     517.039     694.878     675.365     716.388     743.057     675.892     354.727     351.977
 1.35211E-02     512.274     706.285     516.729     694.416     674.958     715.866     742.361     674.835     354.901     352.145
 1.35411E-02     511.986     705.793     516.420     693.956     674.552     715.346     741.667     673.785     355.073     352.312
 1.35611E-02     511.700     705.303     516.112     693.498     674.148     714.832     740.982     672.742     355.245     352.479
 1.35811E-02     511.414     704.814     515.806     693.041     673.745     714.319     740.299     671.707     355.414     352.645
 1.36011E-02     511.130     704.326     515.501     692.585     673.342     713.807     739.617     670.679     355.582     352.811
 1.36211E-02     510.846     703.840     515.197     692.130     672.940     713.296     738.938     669.658     355.748     352.977
 1.36411E-02     510.564     703.354     514.895     691.676     672.539     712.785     738.259     668.644     355.913     353.143
 1.36611E-02     510.282     702.870     514.593     691.224     672.138     712.275     737.583     667.637     356.076     353.308
 1.36811E-02     510.001     702.386     514.292     690.771     671.739     711.767     736.908     666.636     356.238     353.473
 1.37011E-02     509.722     701.904     513.993     690.320     671.339     711.259     736.234     665.642     356.398     353.637
 1.37211E-02     509.443     701.423     513.695     689.870     670.941     710.752     735.563     664.655     356.557     353.802
