# Melt Pool Geometry History
# time(s)  length(m)  depth(m)  width(m)  volume(m3)  Tpeak(K)  laser_on
 2.10000E-05   0.00000E+00   0.00000E+00   0.00000E+00   7.43498E-14      293.00  1
 4.10000E-05   3.76318E-05   1.02750E-04   4.25157E-05   2.26343E-13     1855.42  1
 6.10000E-05   7.29634E-05   1.08072E-04   5.27393E-05   3.65119E-13     2470.73  1
 8.10000E-05   1.03802E-04   1.08815E-04   5.75901E-05   4.86057E-13     2598.78  1
 1.01000E-04   1.29006E-04   1.08891E-04   5.95146E-05   6.15016E-13     2765.53  1
 1.21000E-04   1.61225E-04   1.08995E-04   6.01591E-05   7.31993E-13     2715.90  1
 1.41000E-04   1.87615E-04   1.08887E-04   6.05795E-05   8.44931E-13     2774.15  1
 1.61000E-04   2.16979E-04   1.09012E-04   6.07370E-05   9.49065E-13     2790.79  1
 1.81000E-04   2.44689E-04   1.08864E-04   6.10511E-05   1.05009E-12     2780.76  1
 2.01000E-04   2.70882E-04   1.08841E-04   6.10160E-05   9.61188E-13     2767.22  0
 2.21000E-04   2.74007E-04   1.04853E-04   6.69497E-05   9.07000E-13     2334.82  0
 2.41000E-04   2.74810E-04   9.95434E-05   6.87001E-05   8.44881E-13     2132.57  0
 2.61000E-04   2.74849E-04   9.39093E-05   6.92266E-05   7.83768E-13     2010.66  0
 2.81000E-04   2.74643E-04   8.82601E-05   6.93358E-05   7.27862E-13     1927.05  0
 3.01000E-04   2.74339E-04   8.26397E-05   6.91988E-05   6.77293E-13     1863.95  0
 3.21000E-04   2.73968E-04   7.58704E-05   6.88842E-05   6.30425E-13     1813.37  0
 3.41000E-04   2.73557E-04   6.94684E-05   6.84357E-05   5.86125E-13     1771.68  0
 3.61000E-04   2.73092E-04   6.38122E-05   6.78673E-05   5.43668E-13     1738.12  0
 3.81000E-04   2.72630E-04   5.85537E-05   6.72022E-05   5.02268E-13     1709.85  0
 4.01000E-04   2.65110E-04   5.36571E-05   6.36468E-05   4.23079E-13     1686.06  0
 4.21000E-04   2.67510E-04   4.95969E-05   7.13888E-05   3.81538E-13     1663.66  0
 4.41000E-04   2.65138E-04   4.61812E-05   7.17467E-05   3.41216E-13     1645.28  0
 4.61000E-04   2.63619E-04   4.29837E-05   7.19761E-05   3.02465E-13     1632.67  0
 4.81000E-04   2.56633E-04   3.93121E-05   7.21237E-05   2.66193E-13     1625.09  0
 5.01000E-04   2.49135E-04   3.69764E-05   7.22208E-05   2.32285E-13     1622.57  0
 5.21000E-04   2.42266E-04   3.37792E-05   7.22813E-05   2.00792E-13     1621.45  0
 5.41000E-04   2.33186E-04   3.12585E-05   7.23131E-05   1.71307E-13     1619.97  0
 5.61000E-04   2.24509E-04   2.86567E-05   7.23195E-05   1.43747E-13     1618.16  0
 5.81000E-04   2.16787E-04   2.62617E-05   7.22978E-05   1.18145E-13     1616.02  0
 6.01000E-04   2.06093E-04   2.37332E-05   6.55953E-05   8.28410E-14     1613.41  0
 6.21000E-04   1.95046E-04   2.18598E-05   7.27908E-05   6.07939E-14     1610.60  0
 6.41000E-04   1.75257E-04   1.91999E-05   7.23854E-05   4.23740E-14     1607.38  0
 6.61000E-04   1.55980E-04   1.77806E-05   7.18941E-05   2.74562E-14     1603.71  0
 6.81000E-04   1.36502E-04   1.48678E-05   6.73690E-05   1.55608E-14     1599.32  0
 7.01000E-04   1.15601E-04   1.32224E-05   6.36010E-05   8.26929E-14     1594.22  1
 7.21000E-04   4.90228E-05   1.02971E-04   4.27865E-05   2.30422E-13     1826.01  1
 7.41000E-04   7.90524E-05   1.08157E-04   5.74619E-05   3.64597E-13     2510.47  1
 7.61000E-04   1.06202E-04   1.08633E-04   6.16356E-05   4.96365E-13     2707.27  1
 7.81000E-04   1.34196E-04   1.08827E-04   6.29633E-05   6.21776E-13     2748.31  1
 8.01000E-04   1.61679E-04   1.08268E-04   6.34572E-05   7.30384E-13     2658.16  1
 8.21000E-04   1.93362E-04   1.08595E-04   6.71519E-05   8.43354E-13     2674.21  1
 8.41000E-04   2.23232E-04   1.08724E-04   6.88756E-05   9.56643E-13     2734.26  1
 8.61000E-04   2.53407E-04   1.08874E-04   6.98823E-05   1.06255E-12     2759.26  1
 8.81000E-04   2.82866E-04   1.08999E-04   7.06299E-05   1.16561E-12     2777.65  1
 9.01000E-04   3.12852E-04   1.09074E-04   7.10211E-05   1.26603E-12     2779.97  1
 9.21000E-04   3.42420E-04   1.09074E-04   7.13241E-05   1.36519E-12     2781.01  1
 9.41000E-04   3.72295E-04   1.09012E-04   7.15822E-05   1.45210E-12     2780.41  1
 9.61000E-04   4.01978E-04   1.08993E-04   7.18022E-05   1.53588E-12     2813.36  1
 9.81000E-04   4.31676E-04   1.08980E-04   7.21341E-05   1.61446E-12     2828.76  1
 1.00100E-03   4.43342E-04   1.08747E-04   7.24148E-05   1.68740E-12     2782.47  1
 1.02100E-03   4.74871E-04   1.08809E-04   7.26814E-05   1.75835E-12     2740.54  1
 1.04100E-03   5.03558E-04   1.08703E-04   7.29398E-05   1.82635E-12     2721.50  1
 1.06100E-03   5.31697E-04   1.08631E-04   7.31465E-05   1.88957E-12     2723.35  1
 1.08100E-03   5.50263E-04   1.08617E-04   7.34186E-05   1.94974E-12     2715.49  1
 1.10100E-03   5.75969E-04   1.08577E-04   7.35484E-05   1.85085E-12     2695.00  0
 1.12100E-03   5.73943E-04   1.04767E-04   7.35833E-05   1.74431E-12     2336.67  0
 1.14100E-03   5.67753E-04   1.00336E-04   7.35596E-05   1.64136E-12     2182.02  0
 1.16100E-03   5.64838E-04   9.49287E-05   7.34781E-05   1.54348E-12     2081.47  0
 1.18100E-03   5.58175E-04   8.94270E-05   7.32875E-05   1.45179E-12     2002.26  0
 1.20100E-03   5.53149E-04   8.36004E-05   7.23267E-05   1.35831E-12     1936.02  0
 1.22100E-03   5.48656E-04   7.80760E-05   7.20933E-05   1.27672E-12     1877.66  0
 1.24100E-03   5.43055E-04   7.27222E-05   7.15832E-05   1.19836E-12     1828.25  0
 1.26100E-03   5.36029E-04   6.75368E-05   7.09796E-05   1.12295E-12     1787.93  0
 1.28100E-03   5.31868E-04   6.26401E-05   7.02736E-05   1.04942E-12     1753.85  0
 1.30100E-03   5.24080E-04   5.80987E-05   6.95109E-05   9.77588E-13     1725.52  0
 1.32100E-03   5.17913E-04   5.39062E-05   6.87084E-05   9.07213E-13     1701.39  0
 1.34100E-03   5.12263E-04   5.04967E-05   6.78995E-05   8.38217E-13     1681.25  0
 1.36100E-03   5.04111E-04   4.78539E-05   6.71180E-05   7.70620E-13     1664.10  0
 1.38100E-03   4.96909E-04   4.42802E-05   6.64943E-05   7.03831E-13     1650.05  0
 1.40100E-03   4.91253E-04   4.18317E-05   6.37846E-05   5.76565E-13     1638.74  0
 1.42100E-03   4.82073E-04   3.88834E-05   7.18469E-05   5.02462E-13     1629.86  0
 1.44100E-03   4.72678E-04   3.68698E-05   7.21122E-05   4.35618E-13     1624.17  0
 1.46100E-03   4.63013E-04   3.40969E-05   7.22961E-05   3.74419E-13     1622.53  0
 1.48100E-03   4.49006E-04   3.25829E-05   7.24136E-05   3.18921E-13     1621.49  0
 1.50100E-03   4.29752E-04   2.95723E-05   7.24730E-05   2.68255E-13     1620.05  0
 1.52100E-03   4.10974E-04   2.80701E-05   7.24828E-05   2.22297E-13     1618.22  0
 1.54100E-03   3.91635E-04   2.55049E-05   7.24230E-05   1.80623E-13     1616.03  0
 1.56100E-03   3.69734E-04   2.37045E-05   7.23131E-05   1.43245E-13     1613.50  0
 1.58100E-03   3.46294E-04   2.21023E-05   7.21485E-05   1.10032E-13     1610.61  0
 1.60100E-03   3.20533E-04   1.93034E-05   6.48189E-05   1.48335E-13     1606.64  1
 1.62100E-03   4.05216E-05   1.02772E-04   4.42539E-05   2.88768E-13     1906.18  1
 1.64100E-03   7.52140E-05   1.08022E-04   5.66524E-05   3.99451E-13     2510.25  1
 1.66100E-03   1.04665E-04   1.08270E-04   6.15871E-05   5.10092E-13     2622.54  1
 1.68100E-03   1.29898E-04   1.08491E-04   6.27100E-05   6.24816E-13     2697.05  1
 1.70100E-03   1.57762E-04   1.08634E-04   6.34157E-05   7.37255E-13     2660.48  1
 1.72100E-03   1.86737E-04   1.08744E-04   6.41208E-05   8.52639E-13     2675.90  1
 1.74100E-03   2.15842E-04   1.08830E-04   6.45823E-05   9.67217E-13     2663.73  1
 1.76100E-03   2.45544E-04   1.08892E-04   6.49511E-05   1.07195E-12     2676.75  1
 1.78100E-03   2.74926E-04   1.08933E-04   6.53319E-05   1.17320E-12     2696.21  1
 1.80100E-03   3.00452E-04   1.08909E-04   6.56148E-05   1.27311E-12     2678.46  1
 1.82100E-03   3.31307E-04   1.09123E-04   6.59243E-05   1.36589E-12     2671.81  1
 1.84100E-03   3.58716E-04   1.09268E-04   6.61802E-05   1.45640E-12     2693.59  1
 1.86100E-03   3.85328E-04   1.09311E-04   6.64300E-05   1.54871E-12     2688.46  1
 1.88100E-03   4.13283E-04   1.09371E-04   6.66570E-05   1.62937E-12     2686.06  1
 1.90100E-03   4.42494E-04   1.09406E-04   6.68739E-05   1.71249E-12     2695.06  1
 1.92100E-03   4.72007E-04   1.09392E-04   6.70627E-05   1.79406E-12     2692.69  1
 1.94100E-03   5.01711E-04   1.09398E-04   6.72733E-05   1.86763E-12     2699.33  1
 1.96100E-03   5.31570E-04   1.09449E-04   6.74499E-05   1.93572E-12     2727.25  1
 1.98100E-03   5.56874E-04   1.09475E-04   6.77372E-05   2.00360E-12     2748.17  1
 2.00100E-03   5.81113E-04   1.09321E-04   6.78866E-05   2.06584E-12     2677.47  1
 2.02100E-03   6.14825E-04   1.09473E-04   6.79991E-05   2.12319E-12     2689.21  1
 2.04100E-03   6.40691E-04   1.09475E-04   6.81367E-05   2.17795E-12     2710.75  1
 2.06100E-03   6.60670E-04   1.09376E-04   6.82997E-05   2.22894E-12     2745.89  1
 2.08100E-03   6.83933E-04   1.09297E-04   6.84757E-05   2.27340E-12     2690.87  1
 2.10100E-03   7.06231E-04   1.09185E-04   6.86120E-05   2.32962E-12     2695.09  1
 2.12100E-03   7.31530E-04   1.09021E-04   6.97186E-05   2.38147E-12     2688.57  1
 2.14100E-03   7.55253E-04   1.08832E-04   7.07853E-05   2.42005E-12     2694.63  1
 2.16100E-03   7.80150E-04   1.08716E-04   7.12321E-05   2.45455E-12     2717.08  1
 2.18100E-03   7.97582E-04   1.08664E-04   7.15294E-05   2.48764E-12     2722.41  1
 2.20100E-03   8.20200E-04   1.08522E-04   6.98732E-05   2.36411E-12     2633.11  0
 2.22100E-03   8.14962E-04   1.04971E-04   7.24745E-05   2.22581E-12     2288.08  0
 2.24100E-03   8.11306E-04   1.00741E-04   7.47340E-05   2.07927E-12     2115.87  0
 2.26100E-03   8.02258E-04   9.55665E-05   7.66959E-05   1.93686E-12     2008.43  0
 2.28100E-03   7.96097E-04   9.01471E-05   7.70036E-05   1.80183E-12     1930.24  0
 2.30100E-03   7.88033E-04   8.46742E-05   7.71180E-05   1.67392E-12     1870.06  0
 2.32100E-03   7.78480E-04   7.90158E-05   7.70666E-05   1.55293E-12     1822.12  0
 2.34100E-03   7.69881E-04   7.36162E-05   7.68884E-05   1.43782E-12     1782.12  0
 2.36100E-03   7.62460E-04   6.83077E-05   7.66113E-05   1.32802E-12     1749.03  0
 2.38100E-03   7.52121E-04   6.33870E-05   7.62713E-05   1.22330E-12     1721.30  0
 2.40100E-03   7.36191E-04   5.74562E-05   7.14849E-05   1.03538E-12     1697.66  0
 2.42100E-03   7.29671E-04   5.34605E-05   8.11739E-05   9.26841E-13     1673.58  0
 2.44100E-03   7.14260E-04   4.96953E-05   8.15108E-05   8.25224E-13     1654.24  0
 2.46100E-03   6.97315E-04   4.71914E-05   8.17330E-05   7.30553E-13     1639.56  0
 2.48100E-03   6.77488E-04   4.36058E-05   8.18813E-05   6.42939E-13     1629.71  0
 2.50100E-03   6.55709E-04   4.07956E-05   8.19791E-05   5.61858E-13     1624.19  0
 2.52100E-03   6.34753E-04   3.83590E-05   8.20372E-05   4.87244E-13     1622.58  0
 2.54100E-03   6.10724E-04   3.56222E-05   8.20642E-05   4.18557E-13     1621.64  0
 2.56100E-03   5.86302E-04   3.34267E-05   8.20545E-05   3.55819E-13     1620.38  0
 2.58100E-03   5.58358E-04   3.09469E-05   8.20132E-05   2.98183E-13     1618.83  0
 2.60100E-03   5.26722E-04   2.83900E-05   7.51899E-05   2.23706E-13     1616.56  0
 2.62100E-03   4.98138E-04   2.60229E-05   8.22939E-05   1.73501E-13     1614.39  0
 2.64100E-03   4.63160E-04   2.38501E-05   8.15818E-05   1.31440E-13     1611.91  0
 2.66100E-03   4.24329E-04   2.23629E-05   7.92039E-05   9.58093E-14     1609.08  0
 2.68100E-03   3.88602E-04   1.95034E-05   7.08987E-05   6.58551E-14     1605.83  0
 2.70100E-03   3.50142E-04   1.80402E-05   6.62361E-05   1.26265E-13     1602.13  1
 2.72100E-03   4.29081E-05   1.03789E-04   4.13148E-05   2.57626E-13     1870.93  1
 2.74100E-03   7.61815E-05   1.08268E-04   5.85997E-05   3.80268E-13     2557.62  1
 2.76100E-03   1.07554E-04   1.08833E-04   6.24191E-05   5.02744E-13     2763.93  1
 2.78100E-03   1.37432E-04   1.08881E-04   6.39624E-05   6.25687E-13     2808.70  1
 2.80100E-03   1.63657E-04   1.08376E-04   6.43391E-05   7.38859E-13     2736.65  1
 2.82100E-03   1.94516E-04   1.08713E-04   6.88533E-05   8.63194E-13     2759.09  1
 2.84100E-03   2.23676E-04   1.08845E-04   7.04571E-05   9.73978E-13     2772.55  1
 2.86100E-03   2.53230E-04   1.08882E-04   7.12062E-05   1.08345E-12     2780.45  1
 2.88100E-03   2.82762E-04   1.09043E-04   7.17204E-05   1.19206E-12     2771.51  1
 2.90100E-03   3.12700E-04   1.09180E-04   7.20829E-05   1.28999E-12     2772.16  1
 2.92100E-03   3.42166E-04   1.09272E-04   7.22798E-05   1.38902E-12     2784.30  1
 2.94100E-03   3.72188E-04   1.09314E-04   7.23687E-05   1.48634E-12     2770.71  1
 2.96100E-03   4.01791E-04   1.09315E-04   7.24992E-05   1.57716E-12     2777.28  1
 2.98100E-03   4.31527E-04   1.09373E-04   7.27550E-05   1.66197E-12     2779.58  1
 3.00100E-03   4.53250E-04   1.09358E-04   7.29061E-05   1.74582E-12     2779.19  1
 3.02100E-03   4.82838E-04   1.09446E-04   7.30724E-05   1.82510E-12     2786.63  1
 3.04100E-03   5.07121E-04   1.09595E-04   7.32500E-05   1.90268E-12     2798.94  1
 3.06100E-03   5.19559E-04   1.09606E-04   7.34368E-05   1.97939E-12     2791.81  1
 3.08100E-03   5.45434E-04   1.09628E-04   7.36569E-05   2.05053E-12     2780.56  1
 3.10100E-03   5.67570E-04   1.09638E-04   7.38957E-05   2.12160E-12     2752.43  1
 3.12100E-03   5.94081E-04   1.09619E-04   7.40833E-05   2.19432E-12     2750.59  1
 3.14100E-03   6.17534E-04   1.09655E-04   7.42202E-05   2.25582E-12     2764.77  1
 3.16100E-03   6.43709E-04   1.09697E-04   7.42837E-05   2.31575E-12     2792.61  1
 3.18100E-03   6.67058E-04   1.09720E-04   7.43703E-05   2.37600E-12     2795.85  1
 3.20100E-03   6.89533E-04   1.09584E-04   7.43918E-05   2.42933E-12     2763.49  1
 3.22100E-03   7.14818E-04   1.09733E-04   7.43535E-05   2.47961E-12     2786.48  1
 3.24100E-03   7.37370E-04   1.09791E-04   7.42775E-05   2.52652E-12     2824.85  1
 3.26100E-03   7.63179E-04   1.09736E-04   7.41965E-05   2.57110E-12     2826.12  1
 3.28100E-03   7.86535E-04   1.09703E-04   7.42272E-05   2.60922E-12     2821.01  1
 3.30100E-03   8.12206E-04   1.09651E-04   7.44223E-05   2.64805E-12     2816.46  1
 3.32100E-03   8.34795E-04   1.09570E-04   7.46086E-05   2.68963E-12     2803.39  1
 3.34100E-03   8.61105E-04   1.09501E-04   7.57399E-05   2.72551E-12     2793.55  1
 3.36100E-03   8.82899E-04   1.09424E-04   7.65201E-05   2.75697E-12     2803.30  1
 3.38100E-03   9.05483E-04   1.09321E-04   7.69627E-05   2.78613E-12     2827.78  1
 3.40100E-03   9.13702E-04   1.09022E-04   7.73873E-05   2.81527E-12     2777.07  1
 3.42100E-03   9.38077E-04   1.09044E-04   7.76381E-05   2.83405E-12     2754.94  1
 3.44100E-03   9.59142E-04   1.08906E-04   7.77961E-05   2.85099E-12     2758.10  1
 3.46100E-03   9.79939E-04   1.08791E-04   7.78912E-05   2.86508E-12     2753.85  1
 3.48100E-03   1.00435E-03   1.08726E-04   7.79538E-05   2.87318E-12     2743.27  1
 3.50099E-03   1.02281E-03   1.08680E-04   7.79916E-05   2.72443E-12     2732.39  0
 3.52099E-03   1.01208E-03   1.05111E-04   7.79614E-05   2.56374E-12     2363.38  0
 3.54099E-03   1.00132E-03   1.01062E-04   7.78741E-05   2.40676E-12     2193.82  0
 3.56099E-03   9.90228E-04   9.56310E-05   7.78030E-05   2.25841E-12     2085.07  0
 3.58099E-03   9.78563E-04   9.01950E-05   7.77589E-05   2.11707E-12     2002.78  0
 3.60099E-03   9.66159E-04   8.45302E-05   7.65380E-05   1.91694E-12     1937.20  0
 3.62099E-03   9.52474E-04   7.91257E-05   7.91730E-05   1.77033E-12     1861.26  0
 3.64099E-03   9.38643E-04   7.37659E-05   8.15884E-05   1.62896E-12     1798.21  0
 3.66099E-03   9.22547E-04   6.85807E-05   8.30084E-05   1.49465E-12     1751.20  0
 3.68099E-03   9.04343E-04   6.36830E-05   8.29920E-05   1.36655E-12     1715.37  0
 3.70099E-03   8.86662E-04   5.90775E-05   8.29002E-05   1.24422E-12     1687.59  0
 3.72099E-03   8.67064E-04   5.48118E-05   8.28081E-05   1.12775E-12     1666.48  0
 3.74099E-03   8.45227E-04   5.11997E-05   8.27094E-05   1.01680E-12     1650.46  0
 3.76099E-03   8.22782E-04   4.78622E-05   8.27754E-05   9.12278E-13     1638.47  0
 3.78099E-03   7.99432E-04   4.39520E-05   8.28404E-05   8.14114E-13     1630.06  0
 3.80099E-03   7.70086E-04   4.00209E-05   7.64854E-05   6.52761E-13     1624.65  0
 3.82099E-03   7.41632E-04   3.79304E-05   9.02249E-05   5.57975E-13     1622.77  0
 3.84099E-03   7.11602E-04   3.47766E-05   9.02519E-05   4.74226E-13     1621.98  0
 3.86099E-03   6.79413E-04   3.29743E-05   9.02634E-05   3.99674E-13     1620.86  0
 3.88099E-03   6.44892E-04   3.01194E-05   9.02542E-05   3.32738E-13     1619.42  0
 3.90099E-03   6.03096E-04   2.83585E-05   9.02183E-05   2.73047E-13     1617.67  0
 3.92099E-03   5.59205E-04   2.60662E-05   8.94309E-05   2.19823E-13     1615.58  0
 3.94099E-03   5.13394E-04   2.39910E-05   8.80159E-05   1.72574E-13     1613.15  0
 3.96099E-03   4.76672E-04   2.26404E-05   8.66335E-05   1.31403E-13     1610.35  0
 3.98099E-03   4.38062E-04   1.98673E-05   8.38422E-05   9.56644E-14     1607.22  0
 4.00099E-03   3.91559E-04   1.82979E-05   7.97058E-05   1.36124E-13     1602.98  1
 4.02099E-03   4.60624E-05   1.02219E-04   4.56159E-05   2.69196E-13     1810.15  1
 4.04099E-03   7.62900E-05   1.07977E-04   5.68241E-05   3.86208E-13     2482.59  1
 4.06099E-03   1.02361E-04   1.08365E-04   6.13857E-05   5.03916E-13     2633.90  1
 4.08099E-03   1.30047E-04   1.08605E-04   6.26736E-05   6.19202E-13     2657.80  1
 4.10099E-03   1.58792E-04   1.08722E-04   6.33394E-05   7.40751E-13     2677.19  1
 4.12099E-03   1.87844E-04   1.08810E-04   6.40490E-05   8.60628E-13     2660.99  1
 4.14099E-03   2.17627E-04   1.08879E-04   6.46001E-05   9.70842E-13     2671.92  1
 4.16100E-03   2.46764E-04   1.08934E-04   6.50216E-05   1.07829E-12     2701.75  1
 4.18100E-03   2.72027E-04   1.09087E-04   6.54431E-05   1.18224E-12     2719.30  1
 4.20100E-03   2.98750E-04   1.09222E-04   6.57696E-05   1.28259E-12     2681.55  1
 4.22100E-03   3.26806E-04   1.09316E-04   6.60589E-05   1.37954E-12     2678.64  1
 4.24100E-03   3.55602E-04   1.09361E-04   6.63334E-05   1.47750E-12     2671.15  1
 4.26100E-03   3.84731E-04   1.09364E-04   6.66069E-05   1.56916E-12     2688.83  1
 4.28100E-03   4.14035E-04   1.09428E-04   6.68762E-05   1.65581E-12     2702.25  1
 4.30100E-03   4.42522E-04   1.09503E-04   6.71099E-05   1.73769E-12     2727.67  1
 4.32100E-03   4.67300E-04   1.09565E-04   6.73347E-05   1.82109E-12     2743.65  1
 4.34100E-03   4.94544E-04   1.09619E-04   6.75370E-05   1.89400E-12     2692.38  1
 4.36100E-03   5.23506E-04   1.09645E-04   6.77162E-05   1.96754E-12     2692.31  1
 4.38100E-03   5.52923E-04   1.09640E-04   6.78579E-05   2.04351E-12     2691.74  1
 4.40100E-03   5.83020E-04   1.09678E-04   6.80417E-05   2.11072E-12     2697.29  1
 4.42100E-03   6.12597E-04   1.09724E-04   6.82360E-05   2.17199E-12     2739.57  1
 4.44100E-03   6.41028E-04   1.09786E-04   6.84247E-05   2.22985E-12     2764.26  1
 4.46100E-03   6.66094E-04   1.09799E-04   6.86171E-05   2.30124E-12     2768.80  1
 4.48100E-03   6.93412E-04   1.09814E-04   6.98528E-05   2.36093E-12     2704.60  1
 4.50100E-03   7.22189E-04   1.09813E-04   7.09425E-05   2.42271E-12     2710.49  1
 4.52100E-03   7.51401E-04   1.09839E-04   7.14571E-05   2.48448E-12     2704.07  1
 4.54100E-03   7.80565E-04   1.09865E-04   7.17985E-05   2.53987E-12     2720.51  1
 4.56100E-03   8.03272E-04   1.09892E-04   7.20152E-05   2.59158E-12     2752.45  1
 4.58100E-03   8.20313E-04   1.09900E-04   7.22990E-05   2.63880E-12     2759.48  1
 4.60100E-03   8.35811E-04   1.09795E-04   7.25169E-05   2.68721E-12     2723.75  1
 4.62100E-03   8.61319E-04   1.09914E-04   7.26592E-05   2.72928E-12     2722.17  1
 4.64100E-03   8.79656E-04   1.09991E-04   7.28639E-05   2.76703E-12     2745.43  1
 4.66100E-03   8.96148E-04   1.09936E-04   7.30104E-05   2.80779E-12     2785.77  1
 4.68100E-03   9.18477E-04   1.09908E-04   7.31192E-05   2.83850E-12     2728.14  1
 4.70100E-03   9.37541E-04   1.09874E-04   7.32011E-05   2.87205E-12     2728.70  1
 4.72100E-03   9.58947E-04   1.09886E-04   7.33052E-05   2.90646E-12     2717.80  1
 4.74100E-03   9.82994E-04   1.09863E-04   7.34366E-05   2.93573E-12     2730.29  1
 4.76100E-03   1.00364E-03   1.09836E-04   7.35353E-05   2.96159E-12     2750.83  1
 4.78100E-03   1.02303E-03   1.09782E-04   7.36955E-05   2.98303E-12     2766.38  1
 4.80100E-03   1.04011E-03   1.09536E-04   7.38054E-05   3.00094E-12     2729.34  1
 4.82100E-03   1.06061E-03   1.09588E-04   7.39542E-05   3.02353E-12     2718.85  1
 4.84100E-03   1.07927E-03   1.09572E-04   7.40675E-05   3.03389E-12     2743.69  1
 4.86100E-03   1.09863E-03   1.09422E-04   7.41358E-05   3.04585E-12     2760.72  1
 4.88100E-03   1.11896E-03   1.09292E-04   7.41836E-05   3.05301E-12     2766.40  1
 4.90100E-03   1.13210E-03   1.09180E-04   7.42317E-05   3.05257E-12     2748.75  1
 4.92100E-03   1.14801E-03   1.09060E-04   7.42361E-05   3.05595E-12     2710.62  1
 4.94100E-03   1.16432E-03   1.08907E-04   7.42420E-05   3.05892E-12     2688.92  1
 4.96100E-03   1.18124E-03   1.08750E-04   7.42057E-05   3.05379E-12     2690.65  1
 4.98100E-03   1.19710E-03   1.08607E-04   7.41998E-05   3.04524E-12     2711.01  1
 5.00100E-03   1.20411E-03   1.08510E-04   7.33695E-05   2.84426E-12     2696.51  0
 5.02100E-03   1.19012E-03   1.05038E-04   7.53379E-05   2.66988E-12     2299.26  0
 5.04100E-03   1.16784E-03   1.00776E-04   7.66714E-05   2.48669E-12     2108.19  0
 5.06100E-03   1.14422E-03   9.57984E-05   7.70413E-05   2.30654E-12     1992.87  0
 5.08100E-03   1.12195E-03   9.03900E-05   7.70612E-05   2.13418E-12     1913.96  0
 5.10100E-03   1.10612E-03   8.47632E-05   7.69902E-05   1.97125E-12     1854.24  0
 5.12100E-03   1.08696E-03   7.91349E-05   7.68583E-05   1.81791E-12     1807.60  0
 5.14100E-03   1.06649E-03   7.36201E-05   7.64846E-05   1.67283E-12     1768.88  0
 5.16100E-03   1.04056E-03   6.83034E-05   7.61745E-05   1.53560E-12     1737.46  0
 5.18100E-03   1.01223E-03   6.32480E-05   7.58798E-05   1.40530E-12     1710.96  0
 5.20100E-03   9.76426E-04   5.70552E-05   7.19858E-05   1.17650E-12     1687.90  0
 5.22100E-03   9.42247E-04   5.34174E-05   8.14495E-05   1.04220E-12     1666.30  0
 5.24100E-03   9.07945E-04   4.94639E-05   8.17920E-05   9.19065E-13     1648.70  0
 5.26100E-03   8.75504E-04   4.66422E-05   8.20092E-05   8.06144E-13     1635.91  0
 5.28100E-03   8.41318E-04   4.33814E-05   8.21500E-05   7.03117E-13     1627.69  0
 5.30100E-03   8.02715E-04   4.01959E-05   8.22384E-05   6.09106E-13     1623.47  0
 5.32100E-03   7.65015E-04   3.79460E-05   8.22870E-05   5.23021E-13     1622.39  0
 5.34100E-03   7.23031E-04   3.46723E-05   8.22998E-05   4.44967E-13     1621.31  0
 5.36100E-03   6.84582E-04   3.27951E-05   8.22733E-05   3.74002E-13     1619.88  0
 5.38100E-03   6.44195E-04   2.96427E-05   8.21854E-05   3.09692E-13     1618.11  0
 5.40100E-03   5.98043E-04   2.71702E-05   7.58867E-05   2.28639E-13     1615.48  0
 5.42100E-03   5.59613E-04   2.45219E-05   8.09843E-05   1.73555E-13     1612.99  0
 5.44100E-03   5.16551E-04   2.29270E-05   7.55388E-05   1.27009E-13     1610.18  0
 5.46101E-03   4.74341E-04   2.01681E-05   7.29404E-05   8.80331E-14     1606.98  0
 5.48101E-03   4.30081E-04   1.84488E-05   7.08639E-05   5.71767E-14     1603.36  0
 5.50101E-03   3.81970E-04   1.61717E-05   6.48013E-05   1.21214E-13     1599.15  1
 5.52101E-03   4.36184E-05   1.04418E-04   4.21762E-05   2.61248E-13     1866.09  1
 5.54101E-03   7.74714E-05   1.08533E-04   5.80158E-05   3.97600E-13     2514.06  1
 5.56101E-03   1.07576E-04   1.09372E-04   6.21789E-05   5.33904E-13     2724.24  1
 5.58101E-03   1.37270E-04   1.09517E-04   6.37193E-05   6.65472E-13     2773.52  1
 5.60101E-03   1.65579E-04   1.08920E-04   6.43900E-05   7.94503E-13     2714.08  1
 5.62101E-03   1.96708E-04   1.09295E-04   6.91200E-05   9.24447E-13     2735.70  1
 5.64101E-03   2.26301E-04   1.09489E-04   7.08873E-05   1.04775E-12     2776.18  1
 5.66101E-03   2.56552E-04   1.09539E-04   7.17090E-05   1.16126E-12     2786.45  1
 5.68101E-03   2.86571E-04   1.09562E-04   7.22585E-05   1.27460E-12     2796.31  1
 5.70101E-03   3.16225E-04   1.09556E-04   7.26847E-05   1.38430E-12     2789.34  1
 5.72101E-03   3.46053E-04   1.09618E-04   7.29605E-05   1.48489E-12     2780.58  1
 5.74101E-03   3.74571E-04   1.09673E-04   7.30959E-05   1.58087E-12     2822.26  1
 5.76101E-03   4.03774E-04   1.09719E-04   7.32765E-05   1.67616E-12     2841.66  1
 5.78101E-03   4.18765E-04   1.09761E-04   7.34717E-05   1.76395E-12     2838.42  1
 5.80101E-03   4.45247E-04   1.09692E-04   7.36997E-05   1.85439E-12     2766.59  1
 5.82101E-03   4.73191E-04   1.09852E-04   7.39594E-05   1.93848E-12     2709.30  1
 5.84101E-03   4.97034E-04   1.09865E-04   7.42145E-05   2.01865E-12     2762.78  1
 5.86101E-03   5.24408E-04   1.09854E-04   7.44509E-05   2.10087E-12     2782.16  1
 5.88101E-03   5.52499E-04   1.09860E-04   7.46513E-05   2.17382E-12     2782.54  1
 5.90101E-03   5.77148E-04   1.09855E-04   7.47696E-05   2.24453E-12     2772.53  1
 5.92101E-03   6.03025E-04   1.09886E-04   7.48108E-05   2.31537E-12     2766.76  1
 5.94101E-03   6.30907E-04   1.09910E-04   7.47995E-05   2.37994E-12     2767.44  1
 5.96101E-03   6.45056E-04   1.09942E-04   7.46850E-05   2.44216E-12     2764.00  1
 5.98101E-03   6.70117E-04   1.09949E-04   7.47124E-05   2.50175E-12     2779.02  1
 6.00101E-03   6.94507E-04   1.09849E-04   7.47012E-05   2.56049E-12     2713.37  1
 6.02101E-03   7.21947E-04   1.09952E-04   7.47180E-05   2.61155E-12     2728.15  1
 6.04101E-03   7.44780E-04   1.10036E-04   7.47935E-05   2.66078E-12     2770.78  1
 6.06101E-03   7.72119E-04   1.09990E-04   7.48825E-05   2.70878E-12     2796.91  1
 6.08101E-03   7.95210E-04   1.09972E-04   7.49361E-05   2.75023E-12     2798.77  1
 6.10101E-03   8.21671E-04   1.09949E-04   7.49810E-05   2.79450E-12     2764.57  1
 6.12101E-03   8.37847E-04   1.09992E-04   7.49894E-05   2.83418E-12     2737.96  1
 6.14101E-03   8.64302E-04   1.09985E-04   7.49838E-05   2.86885E-12     2744.52  1
 6.16101E-03   8.87997E-04   1.09982E-04   7.50911E-05   2.90021E-12     2764.93  1
 6.18101E-03   9.13415E-04   1.09961E-04   7.51468E-05   2.93110E-12     2769.44  1
 6.20101E-03   9.35511E-04   1.09921E-04   7.51598E-05   2.95929E-12     2780.38  1
 6.22101E-03   9.62850E-04   1.09922E-04   7.52652E-05   2.97971E-12     2777.79  1
 6.24101E-03   9.84048E-04   1.09858E-04   7.53187E-05   2.99988E-12     2781.84  1
 6.26101E-03   1.00902E-03   1.09823E-04   7.53107E-05   3.01945E-12     2776.67  1
 6.28101E-03   1.03079E-03   1.09760E-04   7.53341E-05   2.86565E-12     2776.29  0
 6.30101E-03   1.02687E-03   1.07793E-04   7.53751E-05   2.70659E-12     2413.13  0
 6.32101E-03   1.01812E-03   1.03585E-04   7.54147E-05   2.54968E-12     2234.16  0
 6.34101E-03   1.01063E-03   9.93293E-05   7.54778E-05   2.39788E-12     2119.72  0
 6.36101E-03   1.00440E-03   9.50344E-05   7.55233E-05   2.25101E-12     2033.62  0
 6.38101E-03   9.94061E-04   9.07212E-05   7.55138E-05   2.11253E-12     1966.64  0
 6.40101E-03   9.82692E-04   8.52731E-05   7.42872E-05   1.93382E-12     1909.84  0
 6.42101E-03   9.73800E-04   8.09971E-05   7.40812E-05   1.80059E-12     1845.73  0
 6.44101E-03   9.60245E-04   7.65335E-05   7.55341E-05   1.66420E-12     1791.55  0
 6.46101E-03   9.42562E-04   7.24466E-05   7.57858E-05   1.53131E-12     1748.02  0
 6.48101E-03   9.26030E-04   6.79016E-05   7.56396E-05   1.40337E-12     1714.64  0
 6.50101E-03   9.04839E-04   6.34862E-05   7.53346E-05   1.28106E-12     1689.14  0
 6.52101E-03   8.82462E-04   5.94963E-05   7.49772E-05   1.16478E-12     1669.32  0
 6.54101E-03   8.56673E-04   5.61045E-05   7.46371E-05   1.05448E-12     1654.08  0
 6.56101E-03   8.30808E-04   5.29910E-05   7.45350E-05   9.50555E-13     1642.43  0
 6.58101E-03   8.04978E-04   4.92458E-05   7.45872E-05   8.52878E-13     1633.73  0
 6.60101E-03   7.72665E-04   4.61251E-05   7.06477E-05   7.00139E-13     1627.50  0
 6.62101E-03   7.40883E-04   4.34413E-05   8.13295E-05   6.04265E-13     1623.78  0
 6.64101E-03   7.07653E-04   4.05375E-05   8.15622E-05   5.18790E-13     1622.67  0
 6.66101E-03   6.73832E-04   3.82969E-05   8.17117E-05   4.42241E-13     1621.93  0
 6.68101E-03   6.36513E-04   3.55224E-05   8.17978E-05   3.73203E-13     1620.91  0
 6.70101E-03   5.98471E-04   3.34814E-05   8.18304E-05   3.11443E-13     1619.60  0
 6.72101E-03   5.58538E-04   3.10958E-05   8.17602E-05   2.56435E-13     1618.00  0
 6.74101E-03   5.15053E-04   2.88850E-05   8.16290E-05   2.07690E-13     1616.14  0
 6.76101E-03   4.74096E-04   2.72843E-05   7.99753E-05   1.64647E-13     1614.00  0
 6.78102E-03   4.32704E-04   2.44990E-05   7.72361E-05   2.09576E-13     1611.56  1
 6.80102E-03   4.54256E-05   1.03569E-04   4.98804E-05   3.38865E-13     1814.88  1
 6.82102E-03   7.42265E-05   1.08364E-04   5.80020E-05   4.60763E-13     2513.45  1
 6.84102E-03   1.03045E-04   1.09114E-04   6.19146E-05   5.69628E-13     2643.80  1
 6.86102E-03   1.32927E-04   1.09313E-04   6.31552E-05   6.85227E-13     2684.98  1
 6.88102E-03   1.62629E-04   1.09356E-04   6.38479E-05   8.02775E-13     2670.51  1
 6.90102E-03   1.92397E-04   1.09347E-04   6.46424E-05   9.19201E-13     2688.05  1
 6.92102E-03   2.22654E-04   1.09419E-04   6.52736E-05   1.03153E-12     2708.77  1
 6.94102E-03   2.50765E-04   1.09481E-04   6.57574E-05   1.14166E-12     2724.44  1
 6.96102E-03   2.75972E-04   1.09535E-04   6.62106E-05   1.25431E-12     2734.69  1
 6.98102E-03   3.04007E-04   1.09583E-04   6.66620E-05   1.35619E-12     2684.68  1
 7.00102E-03   3.31794E-04   1.09532E-04   6.69914E-05   1.45596E-12     2684.73  1
 7.02102E-03   3.63450E-04   1.09678E-04   6.72964E-05   1.54947E-12     2702.15  1
 7.04102E-03   3.92688E-04   1.09705E-04   6.75292E-05   1.63776E-12     2706.58  1
 7.06102E-03   4.18540E-04   1.09709E-04   6.77719E-05   1.72708E-12     2749.11  1
 7.08102E-03   4.46907E-04   1.09732E-04   6.79806E-05   1.80903E-12     2697.52  1
 7.10102E-03   4.75806E-04   1.09738E-04   6.81560E-05   1.88836E-12     2699.21  1
 7.12102E-03   5.04487E-04   1.09748E-04   6.82937E-05   1.96997E-12     2695.82  1
 7.14102E-03   5.35428E-04   1.09786E-04   6.84463E-05   2.04496E-12     2709.81  1
 7.16102E-03   5.64475E-04   1.09821E-04   6.85512E-05   2.11377E-12     2732.64  1
 7.18102E-03   5.91330E-04   1.09840E-04   6.86839E-05   2.19409E-12     2752.20  1
 7.20102E-03   6.15252E-04   1.09733E-04   6.99959E-05   2.26954E-12     2710.56  1
 7.22102E-03   6.43012E-04   1.09870E-04   7.10868E-05   2.33768E-12     2712.28  1
 7.24102E-03   6.66555E-04   1.09954E-04   7.15378E-05   2.40141E-12     2740.56  1
 7.26102E-03   6.87516E-04   1.09911E-04   7.18049E-05   2.46634E-12     2775.76  1
 7.28102E-03   7.13093E-04   1.09897E-04   7.20037E-05   2.52392E-12     2714.92  1
 7.30102E-03   7.35362E-04   1.09876E-04   7.21497E-05   2.57916E-12     2719.46  1
 7.32102E-03   7.61567E-04   1.09898E-04   7.22484E-05   2.63718E-12     2715.50  1
 7.34102E-03   7.85850E-04   1.09892E-04   7.23639E-05   2.68653E-12     2729.51  1
 7.36102E-03   8.11999E-04   1.09876E-04   7.25146E-05   2.72956E-12     2750.37  1
 7.38102E-03   8.33250E-04   1.09828E-04   7.27447E-05   2.61030E-12     2764.48  0
 7.40102E-03   8.30057E-04   1.07648E-04   7.25380E-05   2.47541E-12     2397.35  0
 7.42102E-03   8.26998E-04   1.03405E-04   7.48714E-05   2.34674E-12     2206.25  0
 7.44102E-03   8.21915E-04   9.90494E-05   7.66516E-05   2.20519E-12     2085.93  0
 7.46102E-03   8.19235E-04   9.47323E-05   7.72210E-05   2.06490E-12     1998.63  0
 7.48102E-03   8.10916E-04   9.02452E-05   7.75497E-05   1.92996E-12     1930.83  0
 7.50102E-03   8.07732E-04   8.54789E-05   7.75217E-05   1.80146E-12     1877.49  0
 7.52102E-03   7.99073E-04   8.09784E-05   7.73506E-05   1.67823E-12     1832.98  0
 7.54102E-03   7.95427E-04   7.63693E-05   7.70711E-05   1.56086E-12     1794.80  0
 7.56102E-03   7.86352E-04   7.25942E-05   7.67244E-05   1.44833E-12     1762.68  0
 7.58102E-03   7.78955E-04   6.80729E-05   7.63314E-05   1.34010E-12     1734.95  0
 7.60102E-03   7.68026E-04   6.35298E-05   7.30678E-05   1.14261E-12     1710.45  0
 7.62102E-03   7.62054E-04   5.98449E-05   8.15856E-05   1.02594E-12     1684.50  0
 7.64102E-03   7.51843E-04   5.69862E-05   8.19906E-05   9.18207E-13     1662.86  0
 7.66102E-03   7.38574E-04   5.33861E-05   8.22594E-05   8.18504E-13     1646.23  0
 7.68102E-03   7.23035E-04   5.00113E-05   8.24280E-05   7.26292E-13     1634.48  0
 7.70102E-03   7.01224E-04   4.77331E-05   8.25443E-05   6.41242E-13     1627.05  0
 7.72102E-03   6.77875E-04   4.41522E-05   8.26236E-05   5.63287E-13     1623.31  0
 7.74102E-03   6.51945E-04   4.19185E-05   8.26748E-05   4.91764E-13     1622.45  0
 7.76102E-03   6.24324E-04   3.88348E-05   8.26998E-05   4.25992E-13     1621.56  0
 7.78102E-03   6.01104E-04   3.65718E-05   8.27000E-05   3.66060E-13     1620.42  0
 7.80102E-03   5.69406E-04   3.37363E-05   7.72756E-05   2.86288E-13     1618.98  0
 7.82102E-03   5.35486E-04   3.16650E-05   8.20775E-05   2.33393E-13     1617.36  0
 7.84102E-03   4.97716E-04   2.90590E-05   7.99842E-05   1.87696E-13     1615.47  0
 7.86102E-03   4.55156E-04   2.75248E-05   7.52552E-05   1.47974E-13     1613.28  0
 7.88102E-03   4.18841E-04   2.45100E-05   7.35426E-05   1.98089E-13     1610.78  1
 7.90102E-03   4.31162E-05   1.04022E-04   4.74611E-05   3.42547E-13     1846.67  1
 7.92102E-03   7.66416E-05   1.08483E-04   5.69917E-05   4.54116E-13     2494.60  1
 7.94102E-03   1.07202E-04   1.08980E-04   6.16441E-05   5.67668E-13     2732.94  1
 7.96102E-03   1.36799E-04   1.09169E-04   6.28985E-05   6.84231E-13     2743.74  1
 7.98102E-03   1.66688E-04   1.09284E-04   6.40212E-05   7.98765E-13     2768.39  1
 8.00102E-03   1.92532E-04   1.09068E-04   6.45559E-05   9.19749E-13     2703.95  1
 8.02102E-03   2.23537E-04   1.09374E-04   6.89797E-05   1.04262E-12     2726.43  1
 8.04102E-03   2.53067E-04   1.09481E-04   7.07665E-05   1.16104E-12     2779.76  1
 8.06102E-03   2.83208E-04   1.09503E-04   7.15805E-05   1.27476E-12     2780.80  1
 8.08102E-03   3.12548E-04   1.09547E-04   7.21157E-05   1.37981E-12     2785.34  1
 8.10102E-03   3.42644E-04   1.09569E-04   7.25182E-05   1.48198E-12     2776.10  1
 8.12102E-03   3.72470E-04   1.09547E-04   7.28412E-05   1.58373E-12     2784.97  1
 8.14102E-03   4.02273E-04   1.09595E-04   7.30696E-05   1.67556E-12     2786.29  1
 8.16103E-03   4.31596E-04   1.09652E-04   7.31775E-05   1.76572E-12     2805.10  1
 8.18103E-03   4.61348E-04   1.09693E-04   7.33571E-05   1.85151E-12     2804.39  1
 8.20103E-03   4.73465E-04   1.09570E-04   7.35377E-05   1.93155E-12     2763.75  1
 8.22103E-03   5.03503E-04   1.09734E-04   7.37221E-05   2.01004E-12     2762.57  1
 8.24103E-03   5.28598E-04   1.09804E-04   7.39278E-05   2.08574E-12     2760.82  1
 8.26103E-03   5.53752E-04   1.09769E-04   7.41231E-05   2.16047E-12     2781.18  1
 8.28103E-03   5.81446E-04   1.09748E-04   7.42892E-05   2.06295E-12     2766.08  0
 8.30103E-03   5.76201E-04   1.07784E-04   7.44342E-05   1.95793E-12     2394.30  0
 8.32103E-03   5.73774E-04   1.03514E-04   7.45372E-05   1.85246E-12     2222.50  0
 8.34103E-03   5.70950E-04   9.92747E-05   7.45660E-05   1.75070E-12     2110.78  0
 8.36103E-03   5.65393E-04   9.51277E-05   7.45991E-05   1.65421E-12     2027.33  0
 8.38103E-03   5.62996E-04   9.07175E-05   7.46314E-05   1.56316E-12     1959.76  0
 8.40103E-03   5.54586E-04   8.48726E-05   7.37353E-05   1.44139E-12     1902.46  0
 8.42103E-03   5.52037E-04   8.04832E-05   7.36228E-05   1.35404E-12     1837.93  0
 8.44103E-03   5.45862E-04   7.59173E-05   7.50041E-05   1.26168E-12     1782.97  0
 8.46103E-03   5.43117E-04   7.18465E-05   7.52545E-05   1.16991E-12     1740.23  0
 8.48103E-03   5.36051E-04   6.77106E-05   7.51357E-05   1.08041E-12     1707.88  0
 8.50103E-03   5.32983E-04   6.32019E-05   7.48752E-05   9.94009E-13     1683.16  0
 8.52103E-03   5.25225E-04   5.91488E-05   7.45796E-05   9.10869E-13     1664.33  0
 8.54103E-03   5.21285E-04   5.57870E-05   7.44048E-05   8.31218E-13     1649.93  0
 8.56103E-03   5.13050E-04   5.29796E-05   7.43867E-05   7.55511E-13     1639.00  0
 8.58103E-03   5.03424E-04   4.93028E-05   7.44504E-05   6.83980E-13     1631.06  0
 8.60103E-03   4.93054E-04   4.60354E-05   7.07668E-05   5.68356E-13     1625.56  0
 8.62103E-03   4.81477E-04   4.33465E-05   7.97398E-05   4.96134E-13     1622.98  0
 8.64103E-03   4.71666E-04   4.03253E-05   8.00689E-05   4.30946E-13     1622.37  0
 8.66103E-03   4.56531E-04   3.81476E-05   7.99816E-05   3.71549E-13     1621.50  0
 8.68103E-03   4.44052E-04   3.53166E-05   7.95852E-05   3.17647E-13     1620.39  0
 8.70103E-03   4.29377E-04   3.34336E-05   7.89075E-05   2.68454E-13     1619.05  0
 8.72103E-03   4.13990E-04   3.12427E-05   7.80250E-05   2.23663E-13     1617.49  0
 8.74103E-03   3.99530E-04   2.90475E-05   7.70034E-05   1.83371E-13     1615.69  0
 8.76103E-03   3.76220E-04   2.76362E-05   7.56715E-05   1.47429E-13     1613.65  0
 8.78103E-03   3.56426E-04   2.48417E-05   7.41355E-05   1.96261E-13     1611.34  1
 8.80103E-03   4.29318E-05   1.02919E-04   3.95104E-05   3.30397E-13     1796.45  1
 8.82103E-03   7.63316E-05   1.08420E-04   5.69853E-05   4.47629E-13     2460.09  1
 8.84103E-03   1.04377E-04   1.08944E-04   6.15952E-05   5.61277E-13     2643.16  1
 8.86103E-03   1.29561E-04   1.09184E-04   6.28638E-05   6.78323E-13     2705.05  1
 8.88103E-03   1.57565E-04   1.09281E-04   6.37315E-05   7.89353E-13     2674.98  1
 8.90103E-03   1.86442E-04   1.09324E-04   6.44696E-05   9.04817E-13     2678.21  1
 8.92103E-03   2.15602E-04   1.09317E-04   6.50267E-05   1.02139E-12     2677.39  1
 8.94103E-03   2.45750E-04   1.09312E-04   6.55307E-05   1.12980E-12     2689.21  1
 8.96103E-03   2.74863E-04   1.09374E-04   6.60006E-05   1.23388E-12     2716.18  1
 8.98103E-03   2.99716E-04   1.09412E-04   6.64298E-05   1.17707E-12     2739.98  0
 9.00103E-03   2.99967E-04   1.07449E-04   6.67805E-05   1.10730E-12     2372.58  0
 9.02103E-03   3.04716E-04   1.03006E-04   6.71127E-05   1.04037E-12     2219.22  0
 9.04103E-03   3.05466E-04   9.85816E-05   6.73998E-05   9.76813E-13     2123.60  0
 9.06103E-03   3.05758E-04   9.40278E-05   6.76110E-05   9.17925E-13     2052.03  0
 9.08103E-03   3.05821E-04   8.92723E-05   6.77385E-05   8.64235E-13     1991.61  0
 9.10103E-03   3.05719E-04   8.46565E-05   6.77439E-05   8.14971E-13     1939.15  0
 9.12103E-03   3.05488E-04   7.99789E-05   6.76159E-05   7.68807E-13     1893.25  0
 9.14103E-03   3.05127E-04   7.57377E-05   6.73390E-05   7.24925E-13     1852.61  0
 9.16103E-03   3.04648E-04   7.17779E-05   6.68954E-05   6.83004E-13     1816.24  0
 9.18103E-03   3.04064E-04   6.78917E-05   6.62914E-05   6.41920E-13     1784.66  0
 9.20103E-03   3.03389E-04   6.37338E-05   6.55294E-05   6.01750E-13     1756.33  0
 9.22103E-03   3.02615E-04   6.01689E-05   6.46261E-05   5.61808E-13     1731.06  0
 9.24103E-03   2.97159E-04   5.76377E-05   6.36150E-05   5.22562E-13     1708.95  0
 9.26103E-03   2.93943E-04   5.38950E-05   6.25184E-05   4.83940E-13     1689.55  0
 9.28103E-03   2.88596E-04   5.11060E-05   6.13807E-05   4.45740E-13     1672.60  0
 9.30103E-03   2.84418E-04   4.84324E-05   6.02569E-05   4.08032E-13     1658.07  0
 9.32103E-03   2.79912E-04   4.55583E-05   5.92009E-05   3.71255E-13     1645.82  0
 9.34103E-03   2.74582E-04   4.33245E-05   5.83053E-05   3.35620E-13     1635.99  0
 9.36103E-03   2.71075E-04   4.05716E-05   5.77633E-05   3.01081E-13     1628.73  0
 9.38103E-03   2.64508E-04   3.85586E-05   5.74884E-05   2.68481E-13     1624.32  0
 9.40103E-03   2.61476E-04   3.62898E-05   5.72606E-05   2.37609E-13     1622.81  0
 9.42103E-03   2.54163E-04   3.40331E-05   5.70572E-05   2.08490E-13     1622.19  0
 9.44103E-03   2.50986E-04   3.26143E-05   5.68664E-05   1.81104E-13     1621.30  0
 9.46104E-03   2.43411E-04   2.98038E-05   5.66784E-05   1.55316E-13     1620.14  0
 9.48104E-03   2.39262E-04   2.83656E-05   5.64838E-05   1.31752E-13     1618.71  0
 9.50104E-03   2.23274E-04   2.64020E-05   5.62754E-05   1.10094E-13     1616.97  0
 9.52104E-03   2.08786E-04   2.43412E-05   5.60450E-05   9.02823E-14     1614.90  0
 9.54104E-03   1.94755E-04   2.30803E-05   5.57859E-05   7.25474E-14     1612.53  0
 9.56104E-03   1.80299E-04   2.09605E-05   5.54813E-05   5.64752E-14     1609.80  0
 9.58104E-03   1.70504E-04   1.91963E-05   5.51216E-05   4.22772E-14     1606.68  0
 9.60104E-03   1.53465E-04   1.80083E-05   5.47005E-05   3.01347E-14     1603.19  0
 9.62104E-03   1.37412E-04   1.57275E-05   5.41736E-05   1.97007E-14     1599.20  0
 9.64104E-03   1.22303E-04   1.39608E-05   5.35341E-05   1.13246E-14     1594.68  0
 9.66104E-03   1.07026E-04   1.26667E-05   5.26913E-05   5.27266E-15     1589.81  0
 9.68104E-03   8.64993E-05   9.60816E-06   4.73975E-05   1.48756E-15     1583.79  0
 9.70104E-03   5.81759E-05   7.80524E-06   3.42266E-05   1.90741E-17     1576.81  0
 9.72104E-03   1.36020E-05   2.89676E-06   7.41484E-06   0.00000E+00     1564.63  0
 9.74104E-03   0.00000E+00   0.00000E+00   0.00000E+00   0.00000E+00     1520.56  0
 9.76104E-03   0.00000E+00   0.00000E+00   0.00000E+00   0.00000E+00     1486.63  0
 9.78104E-03   0.00000E+00   0.00000E+00   0.00000E+00   0.00000E+00     1460.20  0
 9.80104E-03   0.00000E+00   0.00000E+00   0.00000E+00   0.00000E+00     1437.15  0
 9.82104E-03   0.00000E+00   0.00000E+00   0.00000E+00   0.00000E+00     1422.12  0
 9.84104E-03   0.00000E+00   0.00000E+00   0.00000E+00   0.00000E+00     1410.63  0
 9.86104E-03   0.00000E+00   0.00000E+00   0.00000E+00   0.00000E+00     1399.06  0
 9.88104E-03   0.00000E+00   0.00000E+00   0.00000E+00   0.00000E+00     1387.51  0
 9.90104E-03   0.00000E+00   0.00000E+00   0.00000E+00   0.00000E+00     1376.05  0
 9.92104E-03   0.00000E+00   0.00000E+00   0.00000E+00   0.00000E+00     1364.73  0
 9.94104E-03   0.00000E+00   0.00000E+00   0.00000E+00   0.00000E+00     1353.56  0
 9.96104E-03   0.00000E+00   0.00000E+00   0.00000E+00   0.00000E+00     1342.58  0
 9.98104E-03   0.00000E+00   0.00000E+00   0.00000E+00   0.00000E+00     1331.79  0
 1.00010E-02   0.00000E+00   0.00000E+00   0.00000E+00   0.00000E+00     1321.20  0
 1.00210E-02   0.00000E+00   0.00000E+00   0.00000E+00   0.00000E+00     1310.82  0
 1.00410E-02   0.00000E+00   0.00000E+00   0.00000E+00   0.00000E+00     1300.65  0
 1.00610E-02   0.00000E+00   0.00000E+00   0.00000E+00   0.00000E+00     1290.68  0
 1.00810E-02   0.00000E+00   0.00000E+00   0.00000E+00   0.00000E+00     1280.92  0
 1.01010E-02   0.00000E+00   0.00000E+00   0.00000E+00   0.00000E+00     1271.37  0
 1.01210E-02   0.00000E+00   0.00000E+00   0.00000E+00   0.00000E+00     1262.02  0
 1.01410E-02   0.00000E+00   0.00000E+00   0.00000E+00   0.00000E+00     1252.86  0
 1.01610E-02   0.00000E+00   0.00000E+00   0.00000E+00   0.00000E+00     1243.90  0
 1.01810E-02   0.00000E+00   0.00000E+00   0.00000E+00   0.00000E+00     1235.12  0
 1.02010E-02   0.00000E+00   0.00000E+00   0.00000E+00   0.00000E+00     1227.69  0
 1.02210E-02   0.00000E+00   0.00000E+00   0.00000E+00   0.00000E+00     1223.41  0
 1.02410E-02   0.00000E+00   0.00000E+00   0.00000E+00   0.00000E+00     1219.07  0
 1.02610E-02   0.00000E+00   0.00000E+00   0.00000E+00   0.00000E+00     1214.68  0
 1.02810E-02   0.00000E+00   0.00000E+00   0.00000E+00   0.00000E+00     1210.25  0
 1.03010E-02   0.00000E+00   0.00000E+00   0.00000E+00   0.00000E+00     1205.78  0
 1.03210E-02   0.00000E+00   0.00000E+00   0.00000E+00   0.00000E+00     1201.28  0
 1.03410E-02   0.00000E+00   0.00000E+00   0.00000E+00   0.00000E+00     1196.75  0
 1.03610E-02   0.00000E+00   0.00000E+00   0.00000E+00   0.00000E+00     1192.20  0
 1.03810E-02   0.00000E+00   0.00000E+00   0.00000E+00   0.00000E+00     1187.64  0
 1.04010E-02   0.00000E+00   0.00000E+00   0.00000E+00   0.00000E+00     1183.06  0
 1.04210E-02   0.00000E+00   0.00000E+00   0.00000E+00   0.00000E+00     1178.47  0
 1.04410E-02   0.00000E+00   0.00000E+00   0.00000E+00   0.00000E+00     1173.88  0
 1.04610E-02   0.00000E+00   0.00000E+00   0.00000E+00   0.00000E+00     1169.29  0
 1.04810E-02   0.00000E+00   0.00000E+00   0.00000E+00   0.00000E+00     1164.70  0
 1.05010E-02   0.00000E+00   0.00000E+00   0.00000E+00   0.00000E+00     1160.11  0
 1.05210E-02   0.00000E+00   0.00000E+00   0.00000E+00   0.00000E+00     1155.52  0
 1.05410E-02   0.00000E+00   0.00000E+00   0.00000E+00   0.00000E+00     1150.95  0
 1.05610E-02   0.00000E+00   0.00000E+00   0.00000E+00   0.00000E+00     1147.76  0
 1.05810E-02   0.00000E+00   0.00000E+00   0.00000E+00   0.00000E+00     1145.05  0
 1.06010E-02   0.00000E+00   0.00000E+00   0.00000E+00   0.00000E+00     1142.28  0
 1.06210E-02   0.00000E+00   0.00000E+00   0.00000E+00   0.00000E+00     1139.45  0
 1.06410E-02   0.00000E+00   0.00000E+00   0.00000E+00   0.00000E+00     1136.57  0
 1.06610E-02   0.00000E+00   0.00000E+00   0.00000E+00   0.00000E+00     1133.64  0
 1.06810E-02   0.00000E+00   0.00000E+00   0.00000E+00   0.00000E+00     1130.66  0
 1.07010E-02   0.00000E+00   0.00000E+00   0.00000E+00   0.00000E+00     1127.63  0
 1.07210E-02   0.00000E+00   0.00000E+00   0.00000E+00   0.00000E+00     1124.57  0
 1.07410E-02   0.00000E+00   0.00000E+00   0.00000E+00   0.00000E+00     1121.47  0
 1.07610E-02   0.00000E+00   0.00000E+00   0.00000E+00   0.00000E+00     1118.34  0
 1.07810E-02   0.00000E+00   0.00000E+00   0.00000E+00   0.00000E+00     1115.17  0
 1.08010E-02   0.00000E+00   0.00000E+00   0.00000E+00   0.00000E+00     1111.98  0
 1.08210E-02   0.00000E+00   0.00000E+00   0.00000E+00   0.00000E+00     1108.76  0
 1.08410E-02   0.00000E+00   0.00000E+00   0.00000E+00   0.00000E+00     1105.51  0
 1.08610E-02   0.00000E+00   0.00000E+00   0.00000E+00   0.00000E+00     1102.24  0
 1.08810E-02   0.00000E+00   0.00000E+00   0.00000E+00   0.00000E+00     1098.95  0
 1.09010E-02   0.00000E+00   0.00000E+00   0.00000E+00   0.00000E+00     1095.64  0
 1.09210E-02   0.00000E+00   0.00000E+00   0.00000E+00   0.00000E+00     1092.32  0
 1.09410E-02   0.00000E+00   0.00000E+00   0.00000E+00   0.00000E+00     1089.22  0
 1.09610E-02   0.00000E+00   0.00000E+00   0.00000E+00   0.00000E+00     1086.62  0
 1.09810E-02   0.00000E+00   0.00000E+00   0.00000E+00   0.00000E+00     1083.98  0
 1.10010E-02   0.00000E+00   0.00000E+00   0.00000E+00   0.00000E+00     1081.31  0
 1.10210E-02   0.00000E+00   0.00000E+00   0.00000E+00   0.00000E+00     1078.61  0
 1.10410E-02   0.00000E+00   0.00000E+00   0.00000E+00   0.00000E+00     1075.88  0
 1.10610E-02   0.00000E+00   0.00000E+00   0.00000E+00   0.00000E+00     1073.13  0
 1.10810E-02   0.00000E+00   0.00000E+00   0.00000E+00   0.00000E+00     1070.35  0
 1.11010E-02   0.00000E+00   0.00000E+00   0.00000E+00   0.00000E+00     1067.54  0
 1.11210E-02   0.00000E+00   0.00000E+00   0.00000E+00   0.00000E+00     1064.72  0
 1.11410E-02   0.00000E+00   0.00000E+00   0.00000E+00   0.00000E+00     1061.88  0
 1.11610E-02   0.00000E+00   0.00000E+00   0.00000E+00   0.00000E+00     1059.01  0
 1.11810E-02   0.00000E+00   0.00000E+00   0.00000E+00   0.00000E+00     1056.14  0
 1.12010E-02   0.00000E+00   0.00000E+00   0.00000E+00   0.00000E+00     1053.24  0
 1.12210E-02   0.00000E+00   0.00000E+00   0.00000E+00   0.00000E+00     1050.34  0
 1.12410E-02   0.00000E+00   0.00000E+00   0.00000E+00   0.00000E+00     1047.42  0
 1.12610E-02   0.00000E+00   0.00000E+00   0.00000E+00   0.00000E+00     1044.49  0
 1.12810E-02   0.00000E+00   0.00000E+00   0.00000E+00   0.00000E+00     1041.55  0
 1.13010E-02   0.00000E+00   0.00000E+00   0.00000E+00   0.00000E+00     1038.60  0
 1.13210E-02   0.00000E+00   0.00000E+00   0.00000E+00   0.00000E+00     1035.65  0
 1.13410E-02   0.00000E+00   0.00000E+00   0.00000E+00   0.00000E+00     1032.69  0
 1.13610E-02   0.00000E+00   0.00000E+00   0.00000E+00   0.00000E+00     1029.73  0
 1.13810E-02   0.00000E+00   0.00000E+00   0.00000E+00   0.00000E+00     1026.76  0
 1.14010E-02   0.00000E+00   0.00000E+00   0.00000E+00   0.00000E+00     1023.79  0
 1.14210E-02   0.00000E+00   0.00000E+00   0.00000E+00   0.00000E+00     1020.81  0
 1.14411E-02   0.00000E+00   0.00000E+00   0.00000E+00   0.00000E+00     1017.84  0
 1.14611E-02   0.00000E+00   0.00000E+00   0.00000E+00   0.00000E+00     1014.87  0
 1.14811E-02   0.00000E+00   0.00000E+00   0.00000E+00   0.00000E+00     1011.89  0
 1.15011E-02   0.00000E+00   0.00000E+00   0.00000E+00   0.00000E+00     1008.92  0
 1.15211E-02   0.00000E+00   0.00000E+00   0.00000E+00   0.00000E+00     1005.96  0
 1.15411E-02   0.00000E+00   0.00000E+00   0.00000E+00   0.00000E+00     1002.99  0
 1.15611E-02   0.00000E+00   0.00000E+00   0.00000E+00   0.00000E+00     1000.03  0
 1.15811E-02   0.00000E+00   0.00000E+00   0.00000E+00   0.00000E+00      997.08  0
 1.16011E-02   0.00000E+00   0.00000E+00   0.00000E+00   0.00000E+00      994.13  0
 1.16211E-02   0.00000E+00   0.00000E+00   0.00000E+00   0.00000E+00      991.18  0
 1.16411E-02   0.00000E+00   0.00000E+00   0.00000E+00   0.00000E+00      988.24  0
 1.16611E-02   0.00000E+00   0.00000E+00   0.00000E+00   0.00000E+00      985.31  0
 1.16811E-02   0.00000E+00   0.00000E+00   0.00000E+00   0.00000E+00      982.39  0
 1.17011E-02   0.00000E+00   0.00000E+00   0.00000E+00   0.00000E+00      979.48  0
 1.17211E-02   0.00000E+00   0.00000E+00   0.00000E+00   0.00000E+00      976.57  0
 1.17411E-02   0.00000E+00   0.00000E+00   0.00000E+00   0.00000E+00      973.68  0
 1.17611E-02   0.00000E+00   0.00000E+00   0.00000E+00   0.00000E+00      970.79  0
 1.17811E-02   0.00000E+00   0.00000E+00   0.00000E+00   0.00000E+00      967.91  0
 1.18011E-02   0.00000E+00   0.00000E+00   0.00000E+00   0.00000E+00      965.05  0
 1.18211E-02   0.00000E+00   0.00000E+00   0.00000E+00   0.00000E+00      962.19  0
 1.18411E-02   0.00000E+00   0.00000E+00   0.00000E+00   0.00000E+00      959.35  0
 1.18611E-02   0.00000E+00   0.00000E+00   0.00000E+00   0.00000E+00      956.52  0
 1.18811E-02   0.00000E+00   0.00000E+00   0.00000E+00   0.00000E+00      953.70  0
 1.19011E-02   0.00000E+00   0.00000E+00   0.00000E+00   0.00000E+00      950.89  0
 1.19211E-02   0.00000E+00   0.00000E+00   0.00000E+00   0.00000E+00      948.10  0
 1.19411E-02   0.00000E+00   0.00000E+00   0.00000E+00   0.00000E+00      945.32  0
 1.19611E-02   0.00000E+00   0.00000E+00   0.00000E+00   0.00000E+00      942.55  0
 1.19811E-02   0.00000E+00   0.00000E+00   0.00000E+00   0.00000E+00      939.80  0
 1.20011E-02   0.00000E+00   0.00000E+00   0.00000E+00   0.00000E+00      937.14  0
 1.20211E-02   0.00000E+00   0.00000E+00   0.00000E+00   0.00000E+00      934.59  0
 1.20411E-02   0.00000E+00   0.00000E+00   0.00000E+00   0.00000E+00      932.05  0
 1.20611E-02   0.00000E+00   0.00000E+00   0.00000E+00   0.00000E+00      929.53  0
 1.20811E-02   0.00000E+00   0.00000E+00   0.00000E+00   0.00000E+00      927.02  0
 1.21011E-02   0.00000E+00   0.00000E+00   0.00000E+00   0.00000E+00      924.51  0
 1.21211E-02   0.00000E+00   0.00000E+00   0.00000E+00   0.00000E+00      922.02  0
 1.21411E-02   0.00000E+00   0.00000E+00   0.00000E+00   0.00000E+00      919.54  0
 1.21611E-02   0.00000E+00   0.00000E+00   0.00000E+00   0.00000E+00      917.08  0
 1.21811E-02   0.00000E+00   0.00000E+00   0.00000E+00   0.00000E+00      914.62  0
 1.22011E-02   0.00000E+00   0.00000E+00   0.00000E+00   0.00000E+00      912.18  0
 1.22211E-02   0.00000E+00   0.00000E+00   0.00000E+00   0.00000E+00      909.75  0
 1.22411E-02   0.00000E+00   0.00000E+00   0.00000E+00   0.00000E+00      907.34  0
 1.22611E-02   0.00000E+00   0.00000E+00   0.00000E+00   0.00000E+00      904.94  0
 1.22811E-02   0.00000E+00   0.00000E+00   0.00000E+00   0.00000E+00      902.55  0
 1.23011E-02   0.00000E+00   0.00000E+00   0.00000E+00   0.00000E+00      900.17  0
 1.23211E-02   0.00000E+00   0.00000E+00   0.00000E+00   0.00000E+00      897.81  0
 1.23411E-02   0.00000E+00   0.00000E+00   0.00000E+00   0.00000E+00      895.46  0
 1.23611E-02   0.00000E+00   0.00000E+00   0.00000E+00   0.00000E+00      893.12  0
 1.23811E-02   0.00000E+00   0.00000E+00   0.00000E+00   0.00000E+00      890.80  0
 1.24011E-02   0.00000E+00   0.00000E+00   0.00000E+00   0.00000E+00      888.49  0
 1.24211E-02   0.00000E+00   0.00000E+00   0.00000E+00   0.00000E+00      886.19  0
 1.24411E-02   0.00000E+00   0.00000E+00   0.00000E+00   0.00000E+00      883.91  0
 1.24611E-02   0.00000E+00   0.00000E+00   0.00000E+00   0.00000E+00      881.64  0
 1.24811E-02   0.00000E+00   0.00000E+00   0.00000E+00   0.00000E+00      879.39  0
 1.25011E-02   0.00000E+00   0.00000E+00   0.00000E+00   0.00000E+00      877.15  0
 1.25211E-02   0.00000E+00   0.00000E+00   0.00000E+00   0.00000E+00      874.92  0
 1.25411E-02   0.00000E+00   0.00000E+00   0.00000E+00   0.00000E+00      872.71  0
 1.25611E-02   0.00000E+00   0.00000E+00   0.00000E+00   0.00000E+00      870.51  0
 1.25811E-02   0.00000E+00   0.00000E+00   0.00000E+00   0.00000E+00      868.32  0
 1.26011E-02   0.00000E+00   0.00000E+00   0.00000E+00   0.00000E+00      866.15  0
 1.26211E-02   0.00000E+00   0.00000E+00   0.00000E+00   0.00000E+00      864.00  0
 1.26411E-02   0.00000E+00   0.00000E+00   0.00000E+00   0.00000E+00      861.85  0
 1.26611E-02   0.00000E+00   0.00000E+00   0.00000E+00   0.00000E+00      859.72  0
 1.26811E-02   0.00000E+00   0.00000E+00   0.00000E+00   0.00000E+00      857.61  0
 1.27011E-02   0.00000E+00   0.00000E+00   0.00000E+00   0.00000E+00      855.51  0
 1.27211E-02   0.00000E+00   0.00000E+00   0.00000E+00   0.00000E+00      853.42  0
 1.27411E-02   0.00000E+00   0.00000E+00   0.00000E+00   0.00000E+00      851.35  0
 1.27611E-02   0.00000E+00   0.00000E+00   0.00000E+00   0.00000E+00      849.29  0
 1.27811E-02   0.00000E+00   0.00000E+00   0.00000E+00   0.00000E+00      847.24  0
 1.28011E-02   0.00000E+00   0.00000E+00   0.00000E+00   0.00000E+00      845.21  0
 1.28211E-02   0.00000E+00   0.00000E+00   0.00000E+00   0.00000E+00      843.19  0
 1.28411E-02   0.00000E+00   0.00000E+00   0.00000E+00   0.00000E+00      841.19  0
 1.28611E-02   0.00000E+00   0.00000E+00   0.00000E+00   0.00000E+00      839.19  0
 1.28811E-02   0.00000E+00   0.00000E+00   0.00000E+00   0.00000E+00      837.22  0
 1.29011E-02   0.00000E+00   0.00000E+00   0.00000E+00   0.00000E+00      835.25  0
 1.29211E-02   0.00000E+00   0.00000E+00   0.00000E+00   0.00000E+00      833.30  0
 1.29411E-02   0.00000E+00   0.00000E+00   0.00000E+00   0.00000E+00      831.37  0
 1.29611E-02   0.00000E+00   0.00000E+00   0.00000E+00   0.00000E+00      829.48  0
 1.29811E-02   0.00000E+00   0.00000E+00   0.00000E+00   0.00000E+00      828.24  0
 1.30011E-02   0.00000E+00   0.00000E+00   0.00000E+00   0.00000E+00      827.01  0
 1.30211E-02   0.00000E+00   0.00000E+00   0.00000E+00   0.00000E+00      825.78  0
 1.30411E-02   0.00000E+00   0.00000E+00   0.00000E+00   0.00000E+00      824.56  0
 1.30611E-02   0.00000E+00   0.00000E+00   0.00000E+00   0.00000E+00      823.34  0
 1.30811E-02   0.00000E+00   0.00000E+00   0.00000E+00   0.00000E+00      822.13  0
 1.31011E-02   0.00000E+00   0.00000E+00   0.00000E+00   0.00000E+00      820.93  0
 1.31211E-02   0.00000E+00   0.00000E+00   0.00000E+00   0.00000E+00      819.73  0
 1.31411E-02   0.00000E+00   0.00000E+00   0.00000E+00   0.00000E+00      818.53  0
 1.31611E-02   0.00000E+00   0.00000E+00   0.00000E+00   0.00000E+00      817.35  0
 1.31811E-02   0.00000E+00   0.00000E+00   0.00000E+00   0.00000E+00      816.16  0
 1.32011E-02   0.00000E+00   0.00000E+00   0.00000E+00   0.00000E+00      814.99  0
 1.32211E-02   0.00000E+00   0.00000E+00   0.00000E+00   0.00000E+00      813.81  0
 1.32411E-02   0.00000E+00   0.00000E+00   0.00000E+00   0.00000E+00      812.65  0
 1.32611E-02   0.00000E+00   0.00000E+00   0.00000E+00   0.00000E+00      811.49  0
 1.32811E-02   0.00000E+00   0.00000E+00   0.00000E+00   0.00000E+00      810.33  0
 1.33011E-02   0.00000E+00   0.00000E+00   0.00000E+00   0.00000E+00      809.18  0
 1.33211E-02   0.00000E+00   0.00000E+00   0.00000E+00   0.00000E+00      808.04  0
 1.33411E-02   0.00000E+00   0.00000E+00   0.00000E+00   0.00000E+00      806.90  0
 1.33611E-02   0.00000E+00   0.00000E+00   0.00000E+00   0.00000E+00      805.76  0
 1.33811E-02   0.00000E+00   0.00000E+00   0.00000E+00   0.00000E+00      804.64  0
 1.34011E-02   0.00000E+00   0.00000E+00   0.00000E+00   0.00000E+00      803.51  0
 1.34211E-02   0.00000E+00   0.00000E+00   0.00000E+00   0.00000E+00      802.39  0
 1.34411E-02   0.00000E+00   0.00000E+00   0.00000E+00   0.00000E+00      801.28  0
 1.34611E-02   0.00000E+00   0.00000E+00   0.00000E+00   0.00000E+00      800.17  0
 1.34811E-02   0.00000E+00   0.00000E+00   0.00000E+00   0.00000E+00      799.07  0
 1.35011E-02   0.00000E+00   0.00000E+00   0.00000E+00   0.00000E+00      797.97  0
 1.35211E-02   0.00000E+00   0.00000E+00   0.00000E+00   0.00000E+00      796.88  0
 1.35411E-02   0.00000E+00   0.00000E+00   0.00000E+00   0.00000E+00      795.79  0
 1.35611E-02   0.00000E+00   0.00000E+00   0.00000E+00   0.00000E+00      794.71  0
 1.35811E-02   0.00000E+00   0.00000E+00   0.00000E+00   0.00000E+00      793.63  0
 1.36011E-02   0.00000E+00   0.00000E+00   0.00000E+00   0.00000E+00      792.55  0
 1.36211E-02   0.00000E+00   0.00000E+00   0.00000E+00   0.00000E+00      791.49  0
 1.36411E-02   0.00000E+00   0.00000E+00   0.00000E+00   0.00000E+00      790.42  0
 1.36611E-02   0.00000E+00   0.00000E+00   0.00000E+00   0.00000E+00      789.37  0
 1.36811E-02   0.00000E+00   0.00000E+00   0.00000E+00   0.00000E+00      788.31  0
 1.37011E-02   0.00000E+00   0.00000E+00   0.00000E+00   0.00000E+00      787.26  0
 1.37211E-02   0.00000E+00   0.00000E+00   0.00000E+00   0.00000E+00      786.22  0
 1.37411E-02   0.00000E+00   0.00000E+00   0.00000E+00   0.00000E+00      785.18  0
 1.37611E-02   0.00000E+00   0.00000E+00   0.00000E+00   0.00000E+00      784.15  0
 1.37811E-02   0.00000E+00   0.00000E+00   0.00000E+00   0.00000E+00      783.11  0
 1.38011E-02   0.00000E+00   0.00000E+00   0.00000E+00   0.00000E+00      782.09  0
 1.38211E-02   0.00000E+00   0.00000E+00   0.00000E+00   0.00000E+00      781.07  0
 1.38411E-02   0.00000E+00   0.00000E+00   0.00000E+00   0.00000E+00      780.05  0
 1.38611E-02   0.00000E+00   0.00000E+00   0.00000E+00   0.00000E+00      779.04  0
 1.38811E-02   0.00000E+00   0.00000E+00   0.00000E+00   0.00000E+00      778.03  0
 1.39011E-02   0.00000E+00   0.00000E+00   0.00000E+00   0.00000E+00      777.03  0
 1.39211E-02   0.00000E+00   0.00000E+00   0.00000E+00   0.00000E+00      776.03  0
 1.39411E-02   0.00000E+00   0.00000E+00   0.00000E+00   0.00000E+00      775.04  0
 1.39611E-02   0.00000E+00   0.00000E+00   0.00000E+00   0.00000E+00      774.05  0
 1.39811E-02   0.00000E+00   0.00000E+00   0.00000E+00   0.00000E+00      773.06  0
 1.40011E-02   0.00000E+00   0.00000E+00   0.00000E+00   0.00000E+00      772.08  0
 1.40211E-02   0.00000E+00   0.00000E+00   0.00000E+00   0.00000E+00      771.10  0
 1.40411E-02   0.00000E+00   0.00000E+00   0.00000E+00   0.00000E+00      770.13  0
 1.40611E-02   0.00000E+00   0.00000E+00   0.00000E+00   0.00000E+00      769.16  0
 1.40811E-02   0.00000E+00   0.00000E+00   0.00000E+00   0.00000E+00      768.20  0
 1.41011E-02   0.00000E+00   0.00000E+00   0.00000E+00   0.00000E+00      767.23  0
 1.41211E-02   0.00000E+00   0.00000E+00   0.00000E+00   0.00000E+00      766.28  0
 1.41411E-02   0.00000E+00   0.00000E+00   0.00000E+00   0.00000E+00      765.33  0
 1.41611E-02   0.00000E+00   0.00000E+00   0.00000E+00   0.00000E+00      764.38  0
 1.41811E-02   0.00000E+00   0.00000E+00   0.00000E+00   0.00000E+00      763.43  0
 1.42011E-02   0.00000E+00   0.00000E+00   0.00000E+00   0.00000E+00      762.49  0
 1.42211E-02   0.00000E+00   0.00000E+00   0.00000E+00   0.00000E+00      761.55  0
 1.42411E-02   0.00000E+00   0.00000E+00   0.00000E+00   0.00000E+00      760.62  0
 1.42611E-02   0.00000E+00   0.00000E+00   0.00000E+00   0.00000E+00      759.69  0
 1.42811E-02   0.00000E+00   0.00000E+00   0.00000E+00   0.00000E+00      758.77  0
 1.43011E-02   0.00000E+00   0.00000E+00   0.00000E+00   0.00000E+00      757.85  0
 1.43211E-02   0.00000E+00   0.00000E+00   0.00000E+00   0.00000E+00      756.93  0
 1.43411E-02   0.00000E+00   0.00000E+00   0.00000E+00   0.00000E+00      756.01  0
 1.43611E-02   0.00000E+00   0.00000E+00   0.00000E+00   0.00000E+00      755.10  0
 1.43811E-02   0.00000E+00   0.00000E+00   0.00000E+00   0.00000E+00      754.20  0
 1.44011E-02   0.00000E+00   0.00000E+00   0.00000E+00   0.00000E+00      753.34  0
 1.44211E-02   0.00000E+00   0.00000E+00   0.00000E+00   0.00000E+00      752.62  0
 1.44411E-02   0.00000E+00   0.00000E+00   0.00000E+00   0.00000E+00      751.90  0
 1.44611E-02   0.00000E+00   0.00000E+00   0.00000E+00   0.00000E+00      751.18  0
 1.44811E-02   0.00000E+00   0.00000E+00   0.00000E+00   0.00000E+00      750.46  0
