# Thermal History - 10 Monitoring Points
# Columns: time(s)  T1..T10 (K)
# Point physical coordinates:
#  P 1:  x= 4.000E-04m  y= 1.000E-03m  z= 6.950E-04m
#  P 2:  x= 1.000E-03m  y= 1.000E-03m  z= 6.950E-04m
#  P 3:  x= 1.600E-03m  y= 1.000E-03m  z= 6.950E-04m
#  P 4:  x= 1.000E-03m  y= 1.000E-03m  z= 6.600E-04m
#  P 5:  x= 1.000E-03m  y= 1.000E-03m  z= 6.000E-04m
#  P 6:  x= 1.000E-03m  y= 1.050E-03m  z= 6.950E-04m
#  P 7:  x= 1.000E-03m  y= 1.200E-03m  z= 6.950E-04m
#  P 8:  x= 1.000E-03m  y= 1.500E-03m  z= 6.950E-04m
#  P 9:  x= 1.000E-03m  y= 1.800E-03m  z= 6.950E-04m
#  P10:  x= 1.000E-03m  y= 1.000E-03m  z= 2.000E-04m
#  time(s)    T 1(K)       T 2(K)       T 3(K)       T 4(K)       T 5(K)       T 6(K)       T 7(K)       T 8(K)       T 9(K)       T10(K)       
 2.10000E-05     293.000     293.000     293.000     293.000     293.000     293.000     293.000     293.000     293.000     293.000
 4.10000E-05     293.000     293.000     293.000     293.000     293.000     293.000     293.000     293.000     293.000     293.000
 6.10000E-05     293.000     293.000     293.000     292.998     292.997     293.000     293.000     293.000     293.000     293.000
 8.10000E-05     293.000     292.998     293.000     292.981     292.979     292.998     292.998     292.998     292.998     293.000
 1.01000E-04     293.000     292.995     293.000     292.962     292.959     292.995     292.995     292.995     292.995     292.999
 1.21000E-04     293.000     292.995     293.000     292.968     292.965     292.995     292.995     292.995     292.995     292.999
 1.41000E-04     293.000     292.996     293.000     292.974     292.972     292.996     292.996     292.996     292.996     292.999
 1.61000E-04     293.000     292.996     293.000     292.976     292.974     292.996     292.996     292.996     292.996     292.999
 1.81000E-04     293.000     292.996     293.000     292.984     292.983     292.996     292.996     292.996     292.996     293.000
 2.01000E-04     293.000     292.996     293.000     292.985     292.984     292.996     292.996     292.996     292.996     293.000
 2.21000E-04     293.000     292.996     293.000     292.985     292.985     292.996     292.996     292.996     292.996     293.000
 2.41000E-04     293.000     292.996     293.000     292.986     292.985     292.996     292.996     292.996     292.996     293.000
 2.61000E-04     293.000     292.996     293.000     292.986     292.985     292.996     292.996     292.996     292.996     293.000
 2.81000E-04     293.000     292.995     293.000     292.986     292.985     292.995     292.995     292.995     292.995     293.000
 3.01000E-04     293.000     292.995     293.000     292.986     292.986     292.995     292.995     292.995     292.995     293.000
 3.21000E-04     293.000     292.995     293.000     292.986     292.986     292.995     292.995     292.995     292.995     293.000
 3.41000E-04     293.000     292.995     293.000     292.986     292.986     292.995     292.995     292.995     292.995     293.000
 3.61000E-04     293.000     292.995     293.000     292.986     292.986     292.995     292.995     292.995     292.995     293.000
 3.81000E-04     293.000     292.994     293.000     292.986     292.986     292.995     292.994     292.995     292.994     293.000
 4.01000E-04     293.000     292.994     293.000     292.987     292.987     292.994     292.994     292.994     292.994     293.000
 4.21000E-04     293.000     292.994     293.000     292.987     292.987     292.994     292.994     292.994     292.994     293.000
 4.41000E-04     293.000     292.994     293.000     292.987     292.987     292.994     292.994     292.994     292.994     293.000
 4.61000E-04     293.000     292.994     293.000     292.988     292.988     292.994     292.994     292.994     292.994     293.000
 4.81000E-04     293.000     292.994     293.000     292.988     292.988     292.994     292.994     292.994     292.994     293.000
 5.01000E-04     293.000     292.994     293.000     292.988     292.988     292.994     292.994     292.994     292.994     293.000
 5.21000E-04     293.000     292.994     293.000     292.988     292.989     292.994     292.994     292.994     292.994     293.000
 5.41000E-04     293.000     292.993     293.000     292.988     292.989     292.994     292.994     292.994     292.994     293.000
 5.61000E-04     293.000     292.993     293.000     292.989     292.989     292.994     292.993     292.994     292.994     293.000
 5.81000E-04     293.000     292.993     293.000     292.989     292.989     292.994     292.993     292.993     292.993     293.000
 6.01000E-04     293.000     292.993     293.000     292.989     292.989     292.993     292.993     292.993     292.993     293.000
 6.21000E-04     293.000     292.993     293.000     292.989     292.989     292.993     292.993     292.993     292.993     293.000
 6.41000E-04     293.000     292.993     293.000     292.989     292.989     292.993     292.993     292.993     292.993     293.000
 6.61000E-04     293.000     292.993     293.000     292.989     292.988     292.993     292.993     292.993     292.993     293.000
 6.81000E-04     293.000     292.993     293.000     292.988     292.988     292.993     292.993     292.993     292.993     293.000
 7.01000E-04     293.000     292.993     293.000     292.989     292.988     292.993     292.993     292.993     292.993     293.000
 7.21000E-04     293.000     292.993     293.000     292.989     292.988     292.993     292.993     292.993     292.993     293.000
 7.41000E-04     293.000     292.993     293.000     292.989     292.988     292.993     292.993     292.993     292.993     293.000
 7.61000E-04     293.000     292.993     293.000     292.989     292.989     292.993     292.993     292.993     292.993     293.000
 7.81000E-04     293.000     292.993     293.000     292.990     292.989     292.993     292.993     292.993     292.993     293.000
 8.01000E-04     293.000     292.993     293.000     292.990     292.989     292.993     292.993     292.993     292.993     292.999
 8.21000E-04     293.000     292.993     293.000     292.990     292.989     292.993     292.993     292.993     292.993     293.000
 8.41000E-04     293.000     292.993     293.000     292.990     292.990     292.993     292.993     292.993     292.993     292.999
 8.61000E-04     293.000     292.993     293.000     292.990     292.989     292.993     292.993     292.993     292.993     292.999
 8.81000E-04     293.000     292.991     293.000     292.979     292.978     292.991     292.992     292.992     292.992     292.999
 9.01000E-04     293.000     292.991     293.000     292.979     292.978     292.991     292.991     292.992     292.992     292.999
 9.21000E-04     293.000     292.991     293.000     292.979     292.978     292.991     292.992     292.992     292.992     292.999
 9.41000E-04     293.000     292.992     293.000     292.980     292.979     292.992     292.992     292.992     292.992     292.999
 9.61000E-04     293.000     292.992     293.000     292.982     292.980     292.992     292.992     292.992     292.992     292.999
 9.81000E-04     293.000     292.992     293.000     292.982     292.980     292.992     292.992     292.992     292.992     292.999
 1.00100E-03     293.000     292.992     293.000     292.982     292.980     292.992     292.992     292.992     292.992     292.999
 1.02100E-03     293.000     292.992     293.000     292.982     292.980     292.992     292.992     292.992     292.992     292.999
 1.04100E-03     293.000     292.992     293.000     292.982     292.981     292.992     292.992     292.992     292.992     292.999
 1.06100E-03     293.000     292.992     293.000     292.983     292.981     292.992     292.992     292.992     292.992     292.999
 1.08100E-03     293.000     292.992     293.000     292.983     292.981     292.992     292.992     292.992     292.992     292.999
 1.10100E-03     293.000     292.991     293.000     292.983     292.982     292.992     292.992     292.992     292.992     292.999
 1.12100E-03     293.000     292.991     293.000     292.983     292.981     292.991     292.992     292.992     292.992     292.999
 1.14100E-03     293.000     292.991     293.000     292.982     292.981     292.991     292.992     292.992     292.992     292.999
 1.16100E-03     293.000     292.991     293.000     292.981     292.980     292.991     292.992     292.992     292.992     292.999
 1.18100E-03     293.000     292.991     293.000     292.981     292.979     292.991     292.991     292.992     292.992     292.999
 1.20100E-03     293.000     292.991     293.000     292.980     292.979     292.991     292.991     292.992     292.992     292.999
 1.22100E-03     293.000     292.991     293.000     292.980     292.978     292.991     292.991     292.992     292.992     292.999
 1.24100E-03     293.000     292.991     293.000     292.979     292.978     292.991     292.991     292.991     292.992     292.999
 1.26100E-03     293.000     292.990     293.000     292.979     292.977     292.991     292.991     292.991     292.991     292.999
 1.28100E-03     293.000     292.990     293.000     292.978     292.977     292.990     292.991     292.991     292.991     292.999
 1.30100E-03     293.000     292.990     293.000     292.978     292.976     292.990     292.991     292.991     292.991     292.999
 1.32100E-03     293.000     292.990     293.000     292.978     292.976     292.990     292.991     292.991     292.991     292.999
 1.34100E-03     293.000     292.990     293.000     292.977     292.975     292.990     292.990     292.991     292.991     292.999
 1.36100E-03     293.000     292.990     293.000     292.977     292.975     292.990     292.990     292.991     292.991     292.999
 1.38100E-03     293.000     292.990     293.000     292.977     292.975     292.990     292.990     292.991     292.991     292.999
 1.40100E-03     293.000     292.989     293.000     292.977     292.975     292.990     292.990     292.991     292.991     292.999
 1.42100E-03     293.000     292.989     293.000     292.977     292.974     292.990     292.990     292.990     292.991     292.999
 1.44100E-03     293.000     292.989     293.000     292.976     292.974     292.989     292.990     292.990     292.990     292.999
 1.46100E-03     293.000     292.989     293.000     292.976     292.974     292.989     292.990     292.990     292.990     292.999
 1.48100E-03     293.000     292.989     293.000     292.976     292.973     292.989     292.990     292.990     292.990     292.999
 1.50100E-03     293.000     292.989     293.000     292.975     292.973     292.989     292.990     292.990     292.990     292.999
 1.52100E-03     293.000     292.989     293.000     292.975     292.973     292.989     292.989     292.990     292.990     292.999
 1.54100E-03     293.000     292.988     293.000     292.974     292.972     292.989     292.989     292.990     292.990     292.999
 1.56100E-03     293.000     292.988     293.000     292.974     292.972     292.988     292.989     292.990     292.990     292.999
 1.58100E-03     293.000     292.988     293.000     292.974     292.972     292.988     292.989     292.990     292.990     292.999
 1.60100E-03     293.000     292.988     293.000     292.974     292.972     292.988     292.989     292.990     292.990     292.999
 1.62100E-03     293.000     292.988     293.000     292.974     292.972     292.988     292.989     292.989     292.989     292.999
 1.64100E-03     293.000     292.988     293.000     292.974     292.973     292.988     292.989     292.989     292.989     292.999
 1.66100E-03     293.000     292.987     293.000     292.974     292.973     292.988     292.988     292.989     292.989     292.999
 1.68100E-03     293.000     292.987     293.000     292.975     292.973     292.988     292.988     292.989     292.989     292.999
 1.70100E-03     293.000     292.987     293.000     292.974     292.973     292.987     292.988     292.989     292.989     292.999
 1.72100E-03     293.000     292.987     293.000     292.973     292.971     292.987     292.988     292.989     292.989     292.999
 1.74100E-03     293.000     292.987     293.000     292.973     292.972     292.987     292.988     292.989     292.989     292.999
 1.76100E-03     293.000     292.987     293.000     292.973     292.971     292.987     292.988     292.988     292.989     292.999
 1.78100E-03     293.000     292.987     293.000     292.973     292.971     292.987     292.988     292.988     292.988     292.999
 1.80100E-03     293.000     292.986     293.000     292.973     292.972     292.987     292.988     292.988     292.988     292.999
 1.82100E-03     293.000     292.986     293.000     292.973     292.971     292.986     292.987     292.988     292.988     292.999
 1.84100E-03     293.000     292.986     293.000     292.973     292.971     292.986     292.987     292.988     292.988     292.999
 1.86100E-03     293.000     292.986     293.000     292.972     292.970     292.986     292.987     292.988     292.988     292.999
 1.88100E-03     293.000     292.983     293.000     292.957     292.954     292.983     292.985     292.986     292.986     292.998
 1.90100E-03     293.000     292.983     293.000     292.958     292.955     292.983     292.985     292.986     292.986     292.998
 1.92100E-03     293.000     292.983     293.000     292.960     292.957     292.983     292.985     292.986     292.986     292.998
 1.94100E-03     293.000     292.983     293.000     292.961     292.958     292.984     292.985     292.986     292.986     292.998
 1.96100E-03     293.000     292.983     293.000     292.962     292.959     292.984     292.985     292.986     292.986     292.998
 1.98100E-03     293.000     292.983     293.000     292.962     292.959     292.983     292.985     292.986     292.986     292.998
 2.00100E-03     293.000     292.983     293.000     292.963     292.960     292.984     292.985     292.986     292.986     292.998
 2.02100E-03     293.000     292.983     293.000     292.964     292.961     292.983     292.985     292.986     292.986     292.998
 2.04100E-03     293.000     292.983     293.000     292.964     292.962     292.983     292.984     292.985     292.986     292.998
 2.06100E-03     293.000     292.983     293.000     292.965     292.963     292.983     292.984     292.985     292.985     292.998
 2.08100E-03     293.000     292.983     293.000     292.966     292.964     292.983     292.984     292.985     292.985     292.998
 2.10100E-03     293.000     292.982     293.000     292.965     292.964     292.983     292.984     292.985     292.985     292.998
 2.12100E-03     293.000     292.982     293.000     292.966     292.965     292.982     292.983     292.985     292.985     292.998
 2.14100E-03     293.000     292.982     293.000     292.967     292.965     292.982     292.983     292.984     292.985     292.998
 2.16100E-03     293.000     292.982     293.000     292.968     292.967     292.982     292.983     292.984     292.984     292.998
 2.18100E-03     293.000     292.981     293.000     292.969     292.968     292.982     292.983     292.984     292.984     292.998
 2.20100E-03     293.000     292.981     293.000     292.971     292.970     292.981     292.983     292.984     292.984     292.998
 2.22100E-03     293.000     292.981     293.000     292.973     292.972     292.981     292.982     292.984     292.984     292.998
 2.24100E-03     293.000     292.981     293.000     292.974     292.974     292.981     292.982     292.983     292.984     292.998
 2.26100E-03     293.000     292.981     293.000     292.976     292.976     292.981     292.982     292.983     292.983     292.998
 2.28100E-03     293.000     292.980     293.000     292.979     292.979     292.980     292.981     292.983     292.983     292.998
 2.30100E-03     293.000     292.980     293.000     292.982     292.983     292.980     292.981     292.983     292.983     292.998
 2.32100E-03     293.000     292.980     293.000     292.986     292.987     292.980     292.981     292.983     292.983     292.998
 2.34100E-03     293.000     292.980     293.000     292.991     292.992     292.979     292.981     292.982     292.982     292.998
 2.36100E-03     293.000     292.980     293.000     292.997     292.999     292.979     292.981     292.982     292.982     292.997
 2.38100E-03     293.001     292.980     293.000     293.004     293.006     292.979     292.980     292.982     292.982     292.997
 2.40100E-03     293.001     292.980     293.000     293.012     293.015     292.979     292.980     292.981     292.982     292.997
 2.42100E-03     293.001     292.980     293.000     293.021     293.025     292.979     292.980     292.981     292.981     292.997
 2.44100E-03     293.001     292.980     293.000     293.033     293.037     292.978     292.979     292.981     292.981     292.997
 2.46100E-03     293.001     292.980     293.000     293.046     293.051     292.978     292.979     292.981     292.981     292.997
 2.48100E-03     293.001     292.981     293.000     293.061     293.067     292.978     292.979     292.981     292.981     292.997
 2.50100E-03     293.001     292.981     293.000     293.079     293.086     292.978     292.979     292.980     292.980     292.997
 2.52100E-03     293.001     292.982     293.000     293.099     293.107     292.977     292.979     292.980     292.980     292.997
 2.54100E-03     293.001     292.982     293.000     293.123     293.132     292.977     292.978     292.980     292.980     292.997
 2.56100E-03     293.001     292.983     293.000     293.150     293.160     292.977     292.978     292.980     292.980     292.997
 2.58100E-03     293.001     292.984     293.000     293.180     293.191     292.977     292.978     292.979     292.980     292.997
 2.60100E-03     293.001     292.986     293.000     293.223     293.236     292.977     292.978     292.979     292.979     292.997
 2.62100E-03     293.002     292.987     293.000     293.262     293.276     292.976     292.977     292.979     292.979     292.997
 2.64100E-03     293.002     292.989     293.000     293.305     293.321     292.976     292.977     292.979     292.979     292.997
 2.66100E-03     293.002     292.992     293.000     293.353     293.371     292.976     292.977     292.978     292.979     292.997
 2.68100E-03     293.002     292.994     293.000     293.405     293.425     292.976     292.977     292.978     292.978     292.997
 2.70100E-03     293.003     292.997     293.000     293.464     293.487     292.976     292.976     292.978     292.978     292.997
 2.72100E-03     293.003     293.001     293.000     293.528     293.553     292.976     292.976     292.978     292.978     292.997
 2.74100E-03     293.003     293.005     293.000     293.598     293.626     292.976     292.976     292.977     292.978     292.997
 2.76100E-03     293.004     293.010     293.000     293.672     293.704     292.976     292.975     292.977     292.977     292.996
 2.78100E-03     293.004     293.016     293.001     293.752     293.787     292.976     292.975     292.977     292.977     292.996
 2.80100E-03     293.005     293.024     293.001     293.868     293.906     292.977     292.975     292.977     292.977     292.996
 2.82100E-03     293.005     293.031     293.001     293.964     294.006     292.977     292.975     292.976     292.977     292.996
 2.84100E-03     293.006     293.040     293.001     294.066     294.111     292.977     292.974     292.976     292.976     292.996
 2.86100E-03     293.006     293.049     293.002     294.176     294.225     292.978     292.974     292.976     292.976     292.996
 2.88100E-03     293.007     293.059     293.003     294.293     294.347     292.979     292.974     292.976     292.976     292.996
 2.90100E-03     293.008     293.071     293.005     294.416     294.474     292.980     292.973     292.975     292.976     292.996
 2.92100E-03     293.008     293.084     293.008     294.546     294.609     292.980     292.973     292.975     292.975     292.996
 2.94100E-03     293.009     293.098     293.013     294.684     294.751     292.982     292.973     292.975     292.975     292.996
 2.96100E-03     293.010     293.114     293.020     294.829     294.902     292.983     292.973     292.975     292.975     292.996
 2.98100E-03     293.011     293.131     293.031     294.980     295.057     292.984     292.972     292.974     292.975     292.996
 3.00100E-03     293.012     293.150     293.045     295.140     295.223     292.986     292.972     292.974     292.974     292.996
 3.02100E-03     293.014     293.171     293.064     295.307     295.395     292.988     292.972     292.974     292.974     292.996
 3.04100E-03     293.015     293.193     293.088     295.482     295.575     292.990     292.972     292.974     292.974     292.996
 3.06100E-03     293.017     293.218     293.119     295.663     295.762     292.993     292.971     292.973     292.974     292.996
 3.08100E-03     293.018     293.243     293.157     295.848     295.951     292.994     292.970     292.972     292.973     292.995
 3.10100E-03     293.020     293.272     293.205     296.060     296.167     292.997     292.970     292.972     292.972     292.994
 3.12100E-03     293.022     293.303     293.263     296.310     296.414     293.001     292.970     292.972     292.972     292.994
 3.14100E-03     293.024     293.337     293.332     296.619     296.710     293.005     292.969     292.971     292.972     292.994
 3.16100E-03     293.026     293.372     293.414     297.024     297.085     293.009     292.969     292.971     292.972     292.994
 3.18100E-03     293.028     293.411     293.509     297.568     297.573     293.014     292.969     292.971     292.971     292.994
 3.20100E-03     293.030     293.453     293.621     298.300     298.212     293.019     292.969     292.970     292.971     292.994
 3.22100E-03     293.033     293.500     293.748     299.258     299.033     293.025     292.968     292.970     292.971     292.994
 3.24100E-03     293.036     293.551     293.890     300.490     300.077     293.031     292.968     292.970     292.970     292.994
 3.26100E-03     293.039     293.608     294.051     302.032     301.372     293.038     292.968     292.970     292.970     292.995
 3.28100E-03     293.042     293.672     294.229     303.904     302.937     293.045     292.967     292.969     292.970     292.995
 3.30100E-03     293.045     293.747     294.427     306.120     304.784     293.053     292.967     292.969     292.969     292.995
 3.32100E-03     293.049     293.834     294.643     308.688     306.925     293.062     292.967     292.969     292.969     292.995
 3.34100E-03     293.052     293.936     294.880     311.592     309.343     293.073     292.966     292.968     292.969     292.995
 3.36100E-03     293.056     294.056     295.137     314.824     312.039     293.084     292.966     292.968     292.969     292.995
 3.38100E-03     293.060     294.198     295.415     318.363     314.999     293.096     292.966     292.968     292.968     292.995
 3.40100E-03     293.065     294.367     295.728     322.184     318.202     293.110     292.965     292.967     292.968     292.995
 3.42100E-03     293.070     294.565     296.048     326.237     321.608     293.126     292.965     292.967     292.968     292.995
 3.44100E-03     293.075     294.797     296.389     330.505     325.209     293.145     292.965     292.967     292.967     292.995
 3.46100E-03     293.080     295.068     296.751     334.949     328.972     293.166     292.964     292.966     292.967     292.996
 3.48100E-03     293.085     295.380     297.134     339.534     332.868     293.190     292.964     292.966     292.967     292.996
 3.50099E-03     293.091     295.739     297.536     344.229     336.873     293.218     292.964     292.966     292.966     292.996
 3.52099E-03     293.097     296.148     297.959     349.002     340.962     293.250     292.964     292.966     292.966     292.996
 3.54099E-03     293.103     296.610     298.402     353.825     345.111     293.287     292.963     292.965     292.966     292.996
 3.56099E-03     293.109     297.128     298.864     358.673     349.299     293.330     292.963     292.965     292.965     292.997
 3.58099E-03     293.116     297.705     299.344     363.522     353.506     293.379     292.963     292.965     292.965     292.997
 3.60099E-03     293.124     298.431     299.926     369.074     358.270     293.443     292.962     292.964     292.965     292.997
 3.62099E-03     293.132     299.142     300.447     373.863     362.462     293.509     292.962     292.964     292.964     292.997
 3.64099E-03     293.140     299.918     300.985     378.601     366.627     293.584     292.962     292.964     292.964     292.998
 3.66099E-03     293.150     300.759     301.540     383.275     370.752     293.669     292.962     292.963     292.964     292.998
 3.68099E-03     293.162     301.667     302.111     387.874     374.828     293.765     292.961     292.963     292.964     292.998
 3.70099E-03     293.175     302.642     302.698     392.391     378.847     293.873     292.961     292.963     292.963     292.999
 3.72099E-03     293.191     303.682     303.299     396.819     382.802     293.993     292.961     292.962     292.963     292.999
 3.74099E-03     293.211     304.789     303.915     401.154     386.689     294.127     292.961     292.962     292.963     293.000
 3.76099E-03     293.235     305.961     304.544     405.393     390.503     294.276     292.960     292.962     292.963     293.000
 3.78099E-03     293.265     307.197     305.187     409.532     394.242     294.440     292.960     292.961     292.962     293.001
 3.80099E-03     293.306     308.716     306.003     414.168     398.342     294.648     292.960     292.961     292.962     293.001
 3.82099E-03     293.351     310.087     306.673     418.089     401.910     294.848     292.960     292.961     292.962     293.002
 3.84099E-03     293.406     311.518     307.354     421.911     405.399     295.066     292.960     292.961     292.961     293.002
 3.86099E-03     293.471     313.006     308.046     425.636     408.807     295.301     292.960     292.960     292.961     293.003
 3.88099E-03     293.549     314.549     308.747     429.264     412.135     295.556     292.960     292.960     292.961     293.004
 3.90099E-03     293.639     316.146     309.456     432.799     415.384     295.830     292.960     292.960     292.961     293.004
 3.92099E-03     293.745     317.794     310.174     436.241     418.554     296.124     292.960     292.960     292.960     293.005
 3.94099E-03     293.866     319.490     310.900     439.595     421.648     296.439     292.960     292.959     292.960     293.006
 3.96099E-03     294.005     321.233     311.633     442.862     424.666     296.774     292.960     292.959     292.960     293.007
 3.98099E-03     294.161     323.020     312.372     446.045     427.613     297.130     292.960     292.959     292.959     293.008
 4.00099E-03     294.401     325.444     313.410     450.176     431.248     297.617     292.961     292.958     292.959     293.009
 4.02099E-03     305.585     327.331     314.165     453.179     434.041     298.023     292.961     292.958     292.959     293.010
 4.04099E-03    1010.107     329.254     314.924     456.103     436.764     298.450     292.961     292.958     292.959     293.011
 4.06099E-03    2200.927     331.212     315.687     458.951     439.422     298.899     292.962     292.958     292.959     293.012
 4.08099E-03    2536.112     333.202     316.454     461.720     442.009     299.369     292.963     292.957     292.958     293.014
 4.10099E-03    2354.026     335.222     317.223     464.414     444.529     299.861     292.963     292.957     292.958     293.015
 4.12099E-03    2231.332     337.270     317.995     467.041     446.994     300.375     292.964     292.957     292.958     293.016
 4.14099E-03    2143.664     339.344     318.769     469.596     449.397     300.910     292.965     292.956     292.957     293.018
 4.16100E-03    2074.741     341.442     319.545     472.078     451.734     301.466     292.966     292.956     292.957     293.019
 4.18100E-03    2018.705     343.562     320.321     474.493     454.016     302.043     292.967     292.956     292.957     293.021
 4.20100E-03    1970.053     345.703     321.180     476.837     456.235     302.642     292.969     292.956     292.957     293.023
 4.22100E-03    1925.012     347.861     321.958     479.106     458.385     303.260     292.970     292.955     292.956     293.024
 4.24100E-03    1886.125     350.036     322.736     481.315     460.487     303.899     292.972     292.955     292.956     293.026
 4.26100E-03    1852.039     352.225     323.514     483.462     462.538     304.557     292.974     292.955     292.956     293.028
 4.28100E-03    1819.591     354.427     324.290     485.541     464.528     305.235     292.976     292.954     292.956     293.030
 4.30100E-03    1790.889     356.641     325.065     487.561     466.468     305.931     292.979     292.954     292.955     293.033
 4.32100E-03    1766.218     358.864     325.839     489.521     468.358     306.647     292.982     292.954     292.955     293.035
 4.34100E-03    1740.412     361.096     326.611     491.414     470.187     307.380     292.985     292.953     292.955     293.037
 4.36100E-03    1716.576     363.334     327.380     493.243     471.958     308.132     292.988     292.953     292.954     293.040
 4.38100E-03    1698.611     365.578     328.146     495.025     473.694     308.900     292.992     292.953     292.954     293.043
 4.40100E-03    1679.868     367.826     328.915     496.765     475.388     309.686     292.996     292.953     292.954     293.045
 4.42100E-03    1662.571     370.086     329.677     499.036     477.455     310.488     293.001     292.952     292.954     293.048
 4.44100E-03    1649.376     378.586     330.436     520.767     493.688     311.430     293.005     292.952     292.953     293.051
 4.46100E-03    1640.172     904.943     331.192     909.886     792.856     322.774     293.010     292.951     292.953     293.054
 4.48100E-03    1631.107    2140.055     331.942    2042.513    1717.864     400.161     293.015     292.950     292.951     293.056
 4.50100E-03    1625.439    2608.271     332.689    2460.161    1913.983     454.551     293.021     292.950     292.951     293.060
 4.52100E-03    1623.135    2432.649     333.431    2244.801    1714.926     484.712     293.028     292.949     292.951     293.064
 4.54100E-03    1621.625    2312.244     334.169    2095.236    1608.668     514.556     293.036     292.949     292.950     293.068
 4.56100E-03    1620.147    2227.880     334.901    1994.328    1558.212     544.055     293.043     292.949     292.950     293.072
 4.58100E-03    1618.325    2161.976     335.629    1921.531    1485.442     572.789     293.052     292.948     292.950     293.076
 4.60100E-03    1615.948    2101.485     336.371    1865.139    1430.087     600.534     293.061     292.948     292.950     293.081
 4.62100E-03    1613.127    2040.786     337.088    1819.139    1383.280     627.035     293.071     292.948     292.949     293.085
 4.64100E-03    1609.704    1984.342     337.800    1780.291    1343.751     652.249     293.082     292.948     292.949     293.090
 4.66100E-03    1605.402    1934.036     338.506    1746.638    1310.178     676.131     293.093     292.947     292.949     293.095
 4.68100E-03    1600.366    1889.689     339.207    1717.830    1281.359     698.671     293.105     292.947     292.948     293.101
 4.70100E-03    1594.647    1851.027     339.902    1694.035    1256.345     719.884     293.119     292.947     292.948     293.106
 4.72100E-03    1587.596    1817.208     340.591    1674.096    1234.446     739.807     293.132     292.946     292.948     293.112
 4.74100E-03    1578.073    1787.282     341.274    1657.972    1215.059     758.491     293.147     292.946     292.948     293.118
 4.76100E-03    1564.771    1760.919     341.950    1645.056    1197.761     775.997     293.164     292.946     292.947     293.124
 4.78100E-03    1535.630    1737.746     342.621    1634.664    1182.206     792.395     293.181     292.945     292.947     293.130
 4.80100E-03    1495.644    1717.232     343.307    1625.844    1168.119     807.746     293.200     292.945     292.947     293.137
 4.82100E-03    1464.045    1699.208     343.965    1619.413    1155.272     822.143     293.220     292.945     292.946     293.144
 4.84100E-03    1430.483    1683.109     344.621    1613.011    1143.482     835.649     293.243     292.945     292.946     293.151
 4.86100E-03    1403.282    1668.902     348.450    1605.483    1132.623     848.335     293.267     292.944     292.946     293.158
 4.88100E-03    1382.526    1656.554     718.227    1596.755    1122.582     860.271     293.294     292.944     292.946     293.166
 4.90100E-03    1358.123    1645.892    2037.142    1585.813    1113.242     871.524     293.324     292.944     292.945     293.174
 4.92100E-03    1335.543    1637.174    2616.989    1573.445    1104.532     882.160     293.357     292.943     292.945     293.182
 4.94100E-03    1318.711    1630.608    2424.806    1557.873    1096.392     892.250     293.394     292.943     292.945     293.191
 4.96100E-03    1301.836    1626.046    2293.583    1538.916    1088.753     901.857     293.435     292.943     292.945     293.199
 4.98100E-03    1286.084    1623.391    2198.880    1523.641    1081.565     911.027     293.480     292.942     292.944     293.208
 5.00100E-03    1270.046    1622.253    2085.300    1509.233    1074.775     926.033     293.532     292.942     292.944     293.218
 5.02100E-03    1254.286    1621.115    1987.994    1495.155    1068.406     936.245     293.589     292.942     292.944     293.228
 5.04100E-03    1238.976    1619.597    1913.857    1483.312    1062.424     946.647     293.653     292.942     292.944     293.238
 5.06100E-03    1224.274    1617.712    1857.813    1471.085    1056.808     957.048     293.724     292.941     292.943     293.248
 5.08100E-03    1210.128    1615.463    1813.703    1459.758    1051.517     967.306     293.803     292.941     292.943     293.259
 5.10100E-03    1196.514    1612.877    1777.549    1449.350    1046.515     977.315     293.891     292.941     292.943     293.270
 5.12100E-03    1183.449    1609.971    1747.092    1439.089    1041.776     987.002     293.988     292.941     292.943     293.281
 5.14100E-03    1170.866    1606.799    1721.097    1429.323    1037.267     996.310     294.095     292.940     292.942     293.293
 5.16100E-03    1158.767    1603.288    1698.876    1420.148    1032.967    1005.194     294.214     292.940     292.942     293.305
 5.18100E-03    1147.083    1599.497    1679.891    1411.268    1028.853    1013.634     294.343     292.940     292.942     293.317
 5.20100E-03    1135.095    1594.289    1659.685    1399.561    1023.107    1059.192     294.549     292.940     292.942     293.331
 5.22100E-03    1123.490    1589.289    1643.942    1390.661    1019.365    1075.920     294.710     292.939     292.941     293.344
 5.24100E-03    1112.133    1583.276    1632.671    1381.961    1015.772    1090.042     294.885     292.939     292.941     293.358
 5.26100E-03    1101.123    1575.631    1625.691    1373.474    1012.320    1101.755     295.074     292.939     292.941     293.371
 5.28100E-03    1090.499    1563.675    1622.543    1365.112    1008.996    1111.360     295.279     292.939     292.941     293.386
 5.30100E-03    1080.262    1547.126    1621.268    1356.724    1005.787    1119.145     295.498     292.939     292.941     293.401
 5.32100E-03    1070.396    1524.077    1619.658    1348.192    1002.678    1125.365     295.734     292.938     292.940     293.416
 5.34100E-03    1060.878    1499.937    1617.728    1339.379     999.654    1130.231     295.987     292.938     292.940     293.431
 5.36100E-03    1051.683    1477.590    1615.463    1330.212     996.699    1133.924     296.256     292.938     292.940     293.447
 5.38100E-03    1042.787    1457.581    1612.878    1320.738     993.797    1136.596     296.542     292.938     292.940     293.464
 5.40100E-03    1033.782    1438.387    1609.366    1310.025     990.241    1144.595     296.921     292.937     292.939     293.481
 5.42100E-03    1025.456    1420.762    1605.842    1300.050     987.413    1157.625     297.247     292.937     292.939     293.499
 5.44100E-03    1017.349    1404.258    1601.668    1289.995     984.593    1166.578     297.591     292.937     292.939     293.516
 5.46101E-03    1009.469    1388.919    1596.801    1280.019     981.773    1172.743     297.953     292.937     292.939     293.535
 5.48101E-03    1001.806    1374.631    1590.601    1270.223     978.943    1176.817     298.333     292.936     292.938     293.554
 5.50101E-03     994.224    1360.934    1583.289    1260.578     976.085    1179.171     298.732     292.936     292.938     293.573
 5.52101E-03     986.910    1348.202    1571.724    1251.215     973.214    1180.236     299.149     292.936     292.938     293.593
 5.54101E-03     979.818    1336.204    1552.100    1242.130     970.329    1180.248     299.584     292.936     292.938     293.613
 5.56101E-03     972.841    1324.612    1513.900    1233.260     967.421    1179.346     300.038     292.935     292.938     293.634
 5.58101E-03     966.113    1313.693    1477.237    1224.679     964.510    1177.770     300.510     292.935     292.937     293.655
 5.60101E-03     959.392    1302.987    1445.547    1215.569     960.988    1161.864     301.103     292.935     292.937     293.678
 5.62101E-03     952.827    1292.584    1418.793    1207.343     958.067    1156.498     301.615     292.935     292.937     293.700
 5.64101E-03     946.358    1282.402    1394.698    1199.313     955.141    1151.092     302.145     292.935     292.937     293.723
 5.66101E-03     940.180    1272.875    1373.527    1191.598     952.245    1145.714     302.692     292.934     292.937     293.746
 5.68101E-03     934.107    1263.580    1353.932    1184.077     949.349    1140.385     303.257     292.934     292.936     293.770
 5.70101E-03     928.117    1254.464    1335.537    1176.722     946.453    1135.115     303.839     292.934     292.936     293.795
 5.72101E-03     922.436    1245.978    1319.013    1169.682     943.608    1129.937     304.438     292.934     292.936     293.820
 5.74101E-03     916.807    1237.598    1303.181    1162.772     940.761    1124.841     305.053     292.933     292.935     293.845
 5.76101E-03     911.149    1229.144    1287.627    1155.928     937.897    1119.806     305.684     292.933     292.935     293.872
 5.78101E-03     905.637    1220.974    1272.942    1149.247     935.052    1114.840     306.331     292.933     292.935     293.899
 5.80101E-03     900.244    1213.128    1258.945    1142.743     932.234    1109.969     306.994     292.933     292.935     293.926
 5.82101E-03     895.062    1205.544    1245.819    1136.402     929.445    1105.153     307.672     292.932     292.935     293.954
 5.84101E-03     889.918    1198.022    1233.011    1130.159     926.662    1100.403     308.459     292.932     292.934     293.983
 5.86101E-03     884.791    1190.498    1220.416    1123.989     923.883    1095.708     313.698     292.931     292.934     294.012
 5.88101E-03     879.849    1183.329    1208.568    1118.002     921.159    1091.088     333.856     292.931     292.933     294.041
 5.90101E-03     875.138    1176.575    1197.539    1112.254     918.525    1086.563     347.964     292.931     292.933     294.072
 5.92101E-03     870.371    1169.722    1186.463    1106.592     915.945    1082.118     360.976     292.930     292.933     294.103
 5.94101E-03     865.756    1163.154    1175.938    1101.162     913.496    1077.775     374.913     292.930     292.932     294.135
 5.96101E-03     861.221    1156.749    1165.739    1095.949     911.200    1073.547     389.616     292.930     292.932     294.168
 5.98101E-03     856.656    1150.325    1155.541    1090.919     909.074    1069.438     404.909     292.930     292.932     294.201
 6.00101E-03     852.183    1144.244    1145.658    1086.188     907.175    1065.499     420.613     292.929     292.932     294.235
 6.02101E-03     847.947    1138.506    1136.516    1081.770     905.521    1061.723     436.605     292.929     292.931     294.270
 6.04101E-03     843.753    1132.920    1127.551    1077.616     904.106    1058.143     452.740     292.929     292.931     294.305
 6.06101E-03     839.515    1127.365    1118.542    1073.685     902.927    1054.767     468.908     292.929     292.931     294.342
 6.08101E-03     835.397    1122.113    1109.908    1070.036     901.989    1051.617     485.012     292.928     292.931     294.378
 6.10101E-03     831.375    1117.127    1101.578    1066.650     901.280    1048.710     500.972     292.928     292.930     294.416
 6.12101E-03     827.329    1112.228    1093.237    1063.467     900.777    1046.047     516.724     292.928     292.930     294.454
 6.14101E-03     823.518    1107.794    1085.525    1060.562     900.463    1043.652     532.213     292.928     292.930     294.493
 6.16101E-03     819.759    1103.557    1077.989    1057.859     900.315    1041.523     547.397     292.927     292.930     294.533
 6.18101E-03     815.944    1099.373    1070.368    1055.301     900.311    1039.651     562.244     292.927     292.929     294.574
 6.20101E-03     812.119    1095.318    1062.660    1052.887     900.428    1038.032     576.730     292.927     292.929     294.615
 6.22101E-03     808.482    1091.606    1055.522    1050.646     900.639    1036.664     590.838     292.927     292.929     294.657
 6.24101E-03     804.978    1088.161    1048.722    1048.559     900.923    1035.544     604.555     292.926     292.929     294.700
 6.26101E-03     801.388    1084.723    1041.786    1046.546     901.274    1034.650     617.876     292.926     292.928     294.743
 6.28101E-03     797.820    1081.406    1034.939    1044.619     901.666    1033.970     630.799     292.926     292.928     294.788
 6.30101E-03     794.330    1078.268    1028.297    1042.777     902.082    1033.491     643.327     292.926     292.928     294.833
 6.32101E-03     790.906    1075.283    1021.827    1041.009     902.509    1033.200     655.465     292.926     292.928     294.879
 6.34101E-03     787.546    1072.439    1015.519    1039.304     902.938    1033.082     667.223     292.926     292.927     294.926
 6.36101E-03     784.252    1069.723    1009.365    1037.654     903.356    1033.121     678.612     292.925     292.927     294.973
 6.38101E-03     781.019    1067.119    1003.345    1036.051     903.758    1033.304     689.642     292.925     292.927     295.021
 6.40101E-03     777.936    1064.599     997.416    1034.525     904.201    1033.680     708.611     292.925     292.927     295.071
 6.42101E-03     774.962    1062.109     991.608    1033.000     904.553    1035.256     719.110     292.925     292.926     295.121
 6.44101E-03     772.035    1059.701     985.917    1031.500     904.873    1036.698     729.459     292.925     292.926     295.172
 6.46101E-03     769.133    1057.376     980.338    1030.021     905.159    1038.027     739.650     292.925     292.926     295.223
 6.48101E-03     766.276    1055.143     974.894    1028.564     905.408    1039.259     749.668     292.925     292.926     295.276
 6.50101E-03     763.468    1052.989     969.569    1027.126     905.619    1040.407     759.499     292.925     292.925     295.329
 6.52101E-03     760.725    1050.909     964.362    1025.705     905.791    1041.481     769.126     292.924     292.925     295.383
 6.54101E-03     758.056    1048.897     959.269    1024.301     905.923    1042.488     778.532     292.924     292.925     295.438
 6.56101E-03     755.468    1046.947     954.285    1022.911     906.015    1043.436     787.703     292.925     292.925     295.494
 6.58101E-03     752.963    1045.054     949.404    1021.535     906.066    1044.328     796.625     292.925     292.924     295.551
 6.60101E-03     750.558    1043.289     944.536    1020.392     906.365    1047.030     821.176     292.925     292.924     295.611
 6.62101E-03     748.276    1041.480     939.752    1019.027     906.327    1048.068     830.856     292.925     292.924     295.669
 6.64101E-03     746.075    1039.713     935.005    1017.675     906.254    1048.669     840.623     292.925     292.924     295.729
 6.66101E-03     743.942    1037.987     930.309    1016.338     906.146    1049.049     850.278     292.925     292.923     295.789
 6.68101E-03     741.874    1036.300     925.676    1015.013     906.005    1049.291     859.674     292.925     292.923     295.850
 6.70101E-03     739.868    1034.651     921.120    1013.699     905.831    1049.433     868.709     292.925     292.923     295.912
 6.72101E-03     737.923    1033.036     916.647    1012.396     905.626    1049.496     877.314     292.925     292.923     295.974
 6.74101E-03     736.036    1031.453     912.260    1011.102     905.391    1049.491     885.443     292.926     292.922     296.038
 6.76101E-03     734.202    1029.897     907.950    1009.814     905.127    1049.425     893.072     292.926     292.922     296.102
 6.78102E-03     732.398    1028.338     903.657    1008.525     904.835    1049.289     900.187     292.926     292.922     296.168
 6.80102E-03     730.715    1026.874     899.347    1007.374     904.621    1051.553     907.300     292.927     292.922     296.235
 6.82102E-03     729.090    1025.422     895.192    1006.143     904.277    1051.875     913.418     292.927     292.921     296.303
 6.84102E-03     727.542    1024.038     891.162    1004.924     903.906    1052.077     919.051     292.928     292.921     296.371
 6.86102E-03     726.051    1022.695     887.235    1003.713     903.511    1052.171     924.217     292.928     292.921     296.440
 6.88102E-03     724.575    1021.341     883.308    1002.490     903.092    1052.155     928.930     292.929     292.921     296.510
 6.90102E-03     723.118    1019.976     879.405    1001.257     902.649    1052.038     933.210     292.929     292.920     296.580
 6.92102E-03     721.709    1018.632     875.607    1000.024     902.184    1051.839     937.079     292.930     292.920     296.652
 6.94102E-03     720.323    1017.274     871.842     998.779     901.696    1051.551     940.556     292.931     292.920     296.725
 6.96102E-03     718.958    1015.895     868.106     997.523     901.185    1051.171     943.661     292.932     292.920     296.798
 6.98102E-03     717.655    1014.560     864.523     996.272     900.655    1050.734     946.417     292.933     292.919     296.873
 7.00102E-03     716.384    1013.214     860.924     995.010     900.100    1050.218     948.845     292.934     292.919     296.948
 7.02102E-03     715.157    1011.896     857.526     993.755     899.530    1049.649     950.968     292.935     292.919     297.024
 7.04102E-03     713.942    1010.555     854.136     992.487     898.936    1049.001     952.805     292.936     292.918     297.101
 7.06102E-03     712.740    1009.172     850.757     991.184     898.298    1048.263     954.399     292.934     292.915     297.178
 7.08102E-03     711.585    1007.844     847.509     989.911     897.670    1047.494     955.814     292.936     292.915     297.257
 7.10102E-03     710.475    1006.554     844.388     988.651     897.033    1046.689     957.042     292.938     292.915     297.337
 7.12102E-03     709.339    1005.185     841.170     987.355     896.362    1045.781     958.120     292.940     292.915     297.418
 7.14102E-03     708.241    1003.843     838.061     986.063     895.678    1044.834     959.078     292.942     292.915     297.500
 7.16102E-03     707.157    1002.493     834.992     984.762     894.976    1043.829     959.947     292.945     292.915     297.582
 7.18102E-03     706.082    1001.125     831.946     983.450     894.254    1042.763     960.756     292.947     292.915     297.666
 7.20102E-03     705.040     999.755     828.934     982.129     893.513    1041.647     961.536     292.950     292.914     297.751
 7.22102E-03     704.013     998.415     826.048     980.817     892.766    1040.504     962.315     292.953     292.914     297.836
 7.24102E-03     702.985     997.044     823.159     979.490     891.998    1039.299     963.126     292.956     292.914     297.922
 7.26102E-03     701.953     995.633     820.255     978.144     891.211    1038.025     963.999     292.960     292.913     298.010
 7.28102E-03     700.954     994.263     817.465     976.807     890.415    1036.738     964.965     292.964     292.913     298.098
 7.30102E-03     699.986     992.927     814.777     975.481     889.616    1035.436     966.050     292.968     292.913     298.187
 7.32102E-03     698.987     991.502     811.995     974.120     888.788    1034.042     967.274     292.972     292.912     298.277
 7.34102E-03     698.020     990.125     809.326     972.770     887.956    1032.644     968.654     292.977     292.912     298.368
 7.36102E-03     697.073     988.766     806.729     971.427     887.119    1031.228     970.203     292.982     292.912     298.460
 7.38102E-03     696.103     987.337     804.068     970.054     886.257    1029.736     971.926     292.988     292.911     298.552
 7.40102E-03     695.189     985.972     801.399     968.713     885.416    1033.748     977.738     292.997     292.911     298.648
 7.42102E-03     694.235     984.519     798.890     967.315     884.530    1032.872     982.479     293.004     292.911     298.743
 7.44102E-03     693.285     983.055     796.447     965.909     883.636    1031.905     987.103     293.011     292.910     298.839
 7.46102E-03     692.336     981.582     794.054     964.495     882.733    1030.852     991.596     293.020     292.910     298.935
 7.48102E-03     691.386     980.106     791.702     963.077     881.823    1029.723     995.967     293.030     292.910     299.032
 7.50102E-03     690.434     978.629     789.380     961.656     880.905    1028.525    1000.229     293.041     292.909     299.131
 7.52102E-03     689.484     977.155     787.088     960.236     879.980    1027.264    1004.395     293.053     292.909     299.230
 7.54102E-03     688.533     975.684     784.820     958.816     879.050    1025.947    1008.474     293.067     292.908     299.330
 7.56102E-03     687.583     974.216     782.572     957.398     878.115    1024.579    1012.474     293.082     292.908     299.431
 7.58102E-03     686.637     972.756     780.350     955.983     877.176    1023.167    1016.400     293.100     292.908     299.533
 7.60102E-03     685.771     971.425     778.099     954.601     876.225    1020.198    1018.299     293.123     292.907     299.637
 7.62102E-03     684.895     970.106     775.872     953.258     875.280    1015.919    1021.482     293.146     292.907     299.741
 7.64102E-03     684.024     968.765     773.624     951.926     874.335    1012.506    1024.758     293.172     292.907     299.846
 7.66102E-03     683.149     967.373     771.362     950.587     873.393    1009.591    1028.108     293.202     292.906     299.951
 7.68102E-03     682.267     965.924     769.094     949.230     872.453    1006.974    1031.512     293.235     292.906     300.058
 7.70102E-03     681.379     964.423     766.830     947.853     871.516    1004.544    1034.955     293.273     292.906     300.166
 7.72102E-03     680.487     962.883     764.578     946.454     870.582    1002.234    1038.418     293.315     292.905     300.274
 7.74102E-03     679.591     961.312     762.342     945.038     869.649    1000.009    1041.886     293.362     292.905     300.383
 7.76102E-03     678.695     959.722     760.127     943.607     868.719     997.843    1045.346     293.415     292.905     300.494
 7.78102E-03     677.798     958.121     757.935     942.165     867.789     995.723    1048.783     293.474     292.904     300.605
 7.80102E-03     676.915     956.447     755.624     940.663     866.820     998.932    1057.951     293.553     292.904     300.721
 7.82102E-03     676.023     954.827     753.485     939.205     865.890     996.816    1061.880     293.626     292.904     300.834
 7.84102E-03     675.135     953.212     751.374     937.747     864.962     994.740    1065.551     293.707     292.903     300.948
 7.86102E-03     674.251     951.604     749.292     936.292     864.034     992.695    1068.971     293.796     292.903     301.062
 7.88102E-03     673.361     949.977     747.209     934.835     863.106     990.656    1072.151     293.894     292.903     301.178
 7.90102E-03     672.475     948.364     745.156     933.384     862.179     988.643    1075.110     294.000     292.903     301.294
 7.92102E-03     671.602     946.795     743.162     931.946     861.257     986.672    1077.864     294.116     292.902     301.412
 7.94102E-03     670.736     945.246     741.201     930.519     860.339     984.727    1080.424     294.241     292.902     301.530
 7.96102E-03     669.864     943.690     739.244     929.097     859.422     982.786    1082.797     294.376     292.901     301.649
 7.98102E-03     668.996     942.147     737.311     927.685     858.509     980.863    1084.989     294.522     292.901     301.770
 8.00102E-03     668.177     940.706     735.401     926.315     857.596     977.463    1087.872     294.681     292.901     301.891
 8.02102E-03     667.380     939.374     733.557     925.002     856.694     972.992    1089.933     294.849     292.900     302.013
 8.04102E-03     666.590     938.061     731.696     923.717     855.794     969.401    1091.862     295.040     292.900     302.136
 8.06102E-03     665.802     936.737     729.818     922.438     854.886     966.377    1093.646     295.442     292.898     302.259
 8.08102E-03     665.027     935.449     727.966     921.189     854.002     963.797    1095.284     296.219     292.898     302.384
 8.10102E-03     664.258     934.167     726.131     919.951     853.128     961.500    1096.770     297.229     292.898     302.509
 8.12102E-03     663.476     932.851     724.274     918.706     852.255     959.352    1098.096     298.566     292.897     302.636
 8.14102E-03     662.705     931.552     722.456     917.471     851.394     957.371    1099.263     300.276     292.897     302.763
 8.16103E-03     661.924     930.231     720.635     916.229     850.535     955.469    1100.267     302.396     292.897     302.891
 8.18103E-03     661.131     928.881     718.806     914.981     849.677     953.615    1101.105     304.959     292.897     303.020
 8.20103E-03     660.362     927.538     716.957     913.728     848.818     951.836    1101.765     308.003     292.896     303.149
 8.22103E-03     659.578     926.213     715.192     912.489     847.973     950.123    1102.285     311.517     292.896     303.279
 8.24103E-03     658.783     924.865     713.425     911.244     847.128     948.426    1102.647     315.523     292.896     303.411
 8.26103E-03     657.981     923.505     711.666     909.998     846.285     946.749    1102.853     320.019     292.895     303.543
 8.28103E-03     657.182     922.153     709.934     908.754     845.444     945.108    1102.909     324.993     292.895     303.676
 8.30103E-03     656.385     920.809     708.226     907.515     844.608     943.500    1102.817     330.427     292.895     303.810
 8.32103E-03     655.590     919.475     706.542     906.281     843.775     941.921    1102.584     336.295     292.894     303.945
 8.34103E-03     654.795     918.147     704.880     905.052     842.946     940.365    1102.215     342.566     292.894     304.081
 8.36103E-03     654.003     916.829     703.241     903.830     842.120     938.834    1101.715     349.207     292.894     304.218
 8.38103E-03     653.211     915.518     701.622     902.614     841.298     937.324    1101.089     356.179     292.893     304.355
 8.40103E-03     652.435     914.231     700.004     901.382     840.473     941.782    1101.104     373.837     292.893     304.493
 8.42103E-03     651.626     912.981     698.450     900.169     839.658     939.844    1099.715     381.704     292.892     304.632
 8.44103E-03     650.800     911.744     696.921     898.968     838.848     938.118    1098.281     389.769     292.892     304.772
 8.46103E-03     649.962     910.514     695.415     897.779     838.042     936.509    1096.805     398.006     292.892     304.913
 8.48103E-03     649.113     909.286     693.927     896.602     837.240     934.968    1095.287     406.391     292.891     305.054
 8.50103E-03     648.258     908.059     692.456     895.435     836.443     933.472    1093.726     414.901     292.891     305.196
 8.52103E-03     647.401     906.836     691.005     894.279     835.650     932.014    1092.124     423.511     292.891     305.339
 8.54103E-03     646.542     905.616     689.569     893.133     834.861     930.581    1090.480     432.198     292.890     305.483
 8.56103E-03     645.684     904.398     688.149     891.994     834.078     929.169    1088.795     440.941     292.890     305.627
 8.58103E-03     644.828     903.185     686.744     890.863     833.298     927.776    1087.070     449.718     292.889     305.773
 8.60103E-03     644.032     902.013     685.315     889.744     832.516     934.456    1088.185     464.126     292.889     305.918
 8.62103E-03     643.231     900.901     683.964     888.667     831.747     934.807    1084.774     473.096     292.889     306.065
 8.64103E-03     642.423     899.831     682.630     887.614     830.983     934.640    1081.649     482.117     292.888     306.213
 8.66103E-03     641.608     898.793     681.312     886.584     830.225     934.143    1078.700     491.180     292.888     306.361
 8.68103E-03     640.786     897.779     680.008     885.576     829.473     933.433    1075.869     500.269     292.888     306.510
 8.70103E-03     639.961     896.782     678.719     884.586     828.727     932.582    1073.125     509.367     292.887     306.660
 8.72103E-03     639.135     895.799     677.444     883.611     827.988     931.635    1070.448     518.451     292.887     306.811
 8.74103E-03     638.309     894.823     676.182     882.649     827.254     930.622    1067.823     527.500     292.887     306.962
 8.76103E-03     637.484     893.853     674.932     881.698     826.527     929.563    1065.244     536.494     292.886     307.114
 8.78103E-03     636.651     892.869     673.679     880.750     825.804     928.450    1062.686     545.410     292.886     307.267
 8.80103E-03     635.877     892.134     672.339     879.866     825.085     927.297    1061.361     555.741     292.886     307.420
 8.82103E-03     635.166     891.186     671.092     878.991     824.374     925.775    1060.798     564.431     292.885     307.574
 8.84103E-03     634.457     890.240     669.832     878.121     823.667     924.304    1060.056     573.065     292.885     307.728
 8.86103E-03     633.730     889.267     668.549     877.230     822.950     922.880    1059.155     583.191     292.882     307.884
 8.88103E-03     633.005     888.332     667.283     876.361     822.261     921.570    1058.122     594.679     292.882     308.040
 8.90103E-03     632.272     887.402     666.022     875.491     821.581     920.320    1056.973     605.828     292.882     308.196
 8.92103E-03     631.513     886.437     664.734     874.607     820.900     919.065    1055.718     617.350     292.882     308.354
 8.94103E-03     630.765     885.498     663.480     873.727     820.230     917.873    1054.375     629.276     292.881     308.512
 8.96103E-03     630.004     884.540     662.217     872.838     819.559     916.679    1052.953     641.572     292.881     308.671
 8.98103E-03     629.237     883.564     660.953     871.939     818.887     915.480    1051.461     654.203     292.881     308.830
 9.00103E-03     628.473     882.585     659.688     871.033     818.212     914.292    1049.903     667.134     292.881     308.990
 9.02103E-03     627.712     881.611     658.450     870.130     817.544     913.117    1048.297     680.301     292.880     309.150
 9.04103E-03     626.956     880.638     657.228     869.225     816.878     911.952    1046.647     693.666     292.880     309.312
 9.06103E-03     626.205     879.668     656.020     868.320     816.215     910.795    1044.958     707.180     292.879     309.474
 9.08103E-03     625.460     878.699     654.826     867.415     815.552     909.644    1043.236     720.794     292.879     309.636
 9.10103E-03     624.721     877.733     653.646     866.511     814.891     908.500    1041.486     734.461     292.879     309.800
 9.12103E-03     623.987     876.768     652.480     865.607     814.230     907.362    1039.713     748.135     292.879     309.964
 9.14103E-03     623.259     875.805     651.327     864.704     813.571     906.228    1037.921     761.773     292.878     310.128
 9.16103E-03     622.537     874.845     650.189     863.803     812.913     905.101    1036.113     775.333     292.878     310.293
 9.18103E-03     621.821     873.888     649.063     862.903     812.256     903.978    1034.293     788.778     292.878     310.459
 9.20103E-03     621.109     872.932     647.950     862.005     811.600     902.860    1032.463     802.077     292.878     310.625
 9.22103E-03     620.404     871.981     646.851     861.110     810.946     901.750    1030.626     815.197     292.878     310.792
 9.24103E-03     619.703     871.032     645.763     860.216     810.292     900.643    1028.784     828.114     292.878     310.960
 9.26103E-03     619.006     870.086     644.687     859.325     809.639     899.541    1026.939     840.805     292.879     311.128
 9.28103E-03     618.316     869.144     643.625     858.436     808.988     898.445    1025.093     853.250     292.879     311.297
 9.30103E-03     617.629     868.205     642.573     857.550     808.337     897.354    1023.249     865.434     292.880     311.466
 9.32103E-03     616.947     867.268     641.531     856.666     807.688     896.268    1021.406     877.343     292.881     311.636
 9.34103E-03     616.268     866.334     640.500     855.785     807.040     895.185    1019.566     888.967     292.883     311.807
 9.36103E-03     615.593     865.403     639.479     854.906     806.393     894.107    1017.731     900.298     292.885     311.978
 9.38103E-03     614.922     864.474     638.467     854.029     805.746     893.033    1015.901     911.331     292.887     312.149
 9.40103E-03     614.255     863.547     637.466     853.155     805.101     891.964    1014.078     922.063     292.891     312.321
 9.42103E-03     613.592     862.627     636.476     852.284     804.457     890.902    1012.261     932.492     292.895     312.494
 9.44103E-03     612.932     861.709     635.495     851.416     803.814     889.845    1010.453     942.617     292.900     312.667
 9.46104E-03     612.276     860.793     634.524     850.550     803.172     888.791    1008.653     952.441     292.906     312.841
 9.48104E-03     611.623     859.880     633.561     849.687     802.531     887.742    1006.862     961.964     292.914     313.015
 9.50104E-03     610.973     858.970     632.606     848.826     801.892     886.697    1005.080     971.190     292.922     313.190
 9.52104E-03     610.326     858.063     631.660     847.968     801.253     885.656    1003.307     980.121     292.933     313.366
 9.54104E-03     609.682     857.158     630.722     847.112     800.615     884.619    1001.545     988.762     292.945     313.541
 9.56104E-03     609.041     856.257     629.792     846.260     799.979     883.587     999.793     997.116     292.960     313.718
 9.58104E-03     608.403     855.358     628.871     845.409     799.344     882.559     998.051    1005.186     292.977     313.895
 9.60104E-03     607.768     854.462     627.957     844.561     798.709     881.535     996.319    1012.979     292.996     314.072
 9.62104E-03     607.135     853.569     627.051     843.716     798.076     880.516     994.598    1020.496     293.018     314.250
 9.64104E-03     606.506     852.679     626.152     842.873     797.444     879.500     992.888    1027.745     293.043     314.428
 9.66104E-03     605.879     851.792     625.261     842.033     796.813     878.489     991.188    1034.727     293.072     314.607
 9.68104E-03     605.255     850.907     624.377     841.195     796.183     877.482     989.500    1041.447     293.104     314.786
 9.70104E-03     604.633     850.025     623.500     840.359     795.553     876.478     987.822    1047.908     293.139     314.966
 9.72104E-03     604.015     849.145     622.630     839.526     794.925     875.479     986.154    1054.115     293.179     315.146
 9.74104E-03     603.399     848.269     621.768     838.695     794.298     874.484     984.498    1060.067     293.223     315.327
 9.76104E-03     602.785     847.396     620.912     837.868     793.672     873.493     982.852    1065.768     293.272     315.508
 9.78104E-03     602.174     846.526     620.063     837.042     793.048     872.507     981.216    1071.219     293.326     315.689
 9.80104E-03     601.566     845.658     619.220     836.220     792.425     871.524     979.592    1076.420     293.384     315.871
 9.82104E-03     600.960     844.794     618.384     835.401     791.803     870.547     977.977    1081.372     293.448     316.053
 9.84104E-03     600.357     843.933     617.555     834.583     791.183     869.573     976.373    1086.079     293.518     316.236
 9.86104E-03     599.757     843.075     616.731     833.769     790.564     868.603     974.780    1090.540     293.593     316.419
 9.88104E-03     599.161     842.223     615.916     832.958     789.946     867.641     973.197    1094.759     293.674     316.603
 9.90104E-03     598.566     841.373     615.108     832.150     789.330     866.683     971.624    1098.736     293.762     316.787
 9.92104E-03     597.975     840.527     614.305     831.345     788.715     865.729     970.061    1102.476     293.856     316.971
 9.94104E-03     597.386     839.683     613.507     830.542     788.102     864.778     968.508    1105.980     293.957     317.156
 9.96104E-03     596.799     838.841     612.716     829.742     787.490     863.831     966.965    1109.253     294.064     317.341
 9.98104E-03     596.214     838.003     611.930     828.945     786.879     862.888     965.432    1112.297     294.178     317.527
 1.00010E-02     595.632     837.167     611.150     828.150     786.269     861.949     963.909    1115.116     294.299     317.713
 1.00210E-02     595.052     836.335     610.375     827.358     785.661     861.014     962.394    1117.715     294.427     317.899
 1.00410E-02     594.475     835.505     609.606     826.569     785.054     860.083     960.889    1120.099     294.563     318.086
 1.00610E-02     593.900     834.678     608.842     825.782     784.449     859.155     959.394    1122.270     294.706     318.273
 1.00810E-02     593.329     833.857     608.087     824.998     783.845     858.235     957.907    1124.234     294.856     318.460
 1.01010E-02     592.760     833.038     607.336     824.218     783.243     857.318     956.430    1125.996     295.014     318.648
 1.01210E-02     592.194     832.222     606.590     823.440     782.642     856.405     954.962    1127.561     295.179     318.836
 1.01410E-02     591.629     831.409     605.849     822.664     782.042     855.495     953.502    1128.934     295.352     319.024
 1.01610E-02     591.067     830.598     605.113     821.891     781.444     854.589     952.051    1130.120     295.533     319.213
 1.01810E-02     590.507     829.790     604.382     821.121     780.847     853.686     950.609    1131.125     295.721     319.402
 1.02010E-02     589.949     828.984     603.656     820.353     780.251     852.787     949.174    1131.953     295.917     319.591
 1.02210E-02     589.394     828.182     602.935     819.587     779.656     851.891     947.748    1132.609     296.120     319.781
 1.02410E-02     588.841     827.381     602.219     818.825     779.063     850.999     946.331    1133.100     296.332     319.971
 1.02610E-02     588.290     826.584     601.507     818.064     778.471     850.110     944.921    1133.429     296.550     320.161
 1.02810E-02     587.741     825.789     600.800     817.306     777.881     849.225     943.519    1133.603     296.776     320.351
 1.03010E-02     587.194     824.997     600.098     816.551     777.292     848.343     942.124    1133.627     297.010     320.542
 1.03210E-02     586.650     824.207     599.400     815.798     776.704     847.464     940.737    1133.505     297.251     320.733
 1.03410E-02     586.107     823.420     598.706     815.047     776.117     846.589     939.358    1133.243     297.500     320.925
 1.03610E-02     585.569     822.640     598.020     814.300     775.533     845.722     937.987    1132.845     297.756     321.116
 1.03810E-02     585.033     821.861     597.338     813.555     774.949     844.857     936.622    1132.316     298.019     321.308
 1.04010E-02     584.499     821.085     596.660     812.813     774.367     843.995     935.265    1131.662     298.289     321.500
 1.04210E-02     583.967     820.311     595.986     812.073     773.787     843.136     933.916    1130.887     298.566     321.693
 1.04410E-02     583.437     819.539     595.317     811.336     773.207     842.281     932.573    1129.995     298.850     321.885
 1.04610E-02     582.909     818.770     594.651     810.601     772.629     841.428     931.238    1128.991     299.141     322.078
 1.04810E-02     582.383     818.004     593.990     809.868     772.052     840.579     929.909    1127.879     299.438     322.271
 1.05010E-02     581.859     817.240     593.333     809.138     771.476     839.732     928.587    1126.664     299.742     322.465
 1.05210E-02     581.337     816.478     592.679     808.409     770.902     838.889     927.272    1125.349     300.052     322.658
 1.05410E-02     580.818     815.719     592.030     807.684     770.329     838.049     925.963    1123.940     300.369     322.852
 1.05610E-02     580.300     814.962     591.384     806.960     769.757     837.212     924.661    1122.440     300.691     323.046
 1.05810E-02     579.784     814.207     590.743     806.239     769.187     836.378     923.365    1120.852     301.020     323.240
 1.06010E-02     579.271     813.455     590.105     805.519     768.617     835.546     922.076    1119.181     301.355     323.435
 1.06210E-02     578.759     812.706     589.472     804.803     768.049     834.718     920.792    1117.430     301.695     323.629
 1.06410E-02     578.249     811.958     588.841     804.088     767.482     833.893     919.515    1115.603     302.040     323.824
 1.06610E-02     577.742     811.214     588.215     803.375     766.917     833.071     918.243    1113.702     302.391     324.019
 1.06810E-02     577.236     810.471     587.593     802.665     766.352     832.251     916.978    1111.733     302.747     324.214
 1.07010E-02     576.732     809.731     586.974     801.957     765.789     831.435     915.718    1109.697     303.109     324.410
 1.07210E-02     576.231     808.993     586.359     801.251     765.227     830.621     914.465    1107.598     303.475     324.605
 1.07410E-02     575.733     808.261     585.750     800.548     764.668     829.815     913.217    1105.439     303.846     324.801
 1.07610E-02     575.238     807.532     585.144     799.848     764.109     829.011     911.975    1103.223     304.221     324.997
 1.07810E-02     574.744     806.804     584.542     799.149     763.552     828.209     910.740    1100.953     304.601     325.193
 1.08010E-02     574.252     806.078     583.943     798.453     762.995     827.410     909.510    1098.631     304.985     325.389
 1.08210E-02     573.761     805.355     583.347     797.759     762.440     826.614     908.285    1096.261     305.373     325.585
 1.08410E-02     573.273     804.633     582.755     797.067     761.886     825.820     907.066    1093.845     305.765     325.782
 1.08610E-02     572.786     803.914     582.166     796.378     761.334     825.029     905.853    1091.385     306.161     325.978
 1.08810E-02     572.302     803.196     581.580     795.690     760.782     824.240     904.645    1088.883     306.561     326.175
 1.09010E-02     571.819     802.481     580.998     795.004     760.232     823.454     903.442    1086.343     306.964     326.372
 1.09210E-02     571.338     801.768     580.419     794.321     759.683     822.670     902.244    1083.766     307.370     326.569
 1.09410E-02     570.859     801.058     579.843     793.639     759.134     821.889     901.052    1081.155     307.780     326.766
 1.09610E-02     570.381     800.349     579.270     792.959     758.588     821.111     899.865    1078.512     308.192     326.963
 1.09810E-02     569.906     799.642     578.700     792.281     758.042     820.335     898.683    1075.838     308.607     327.160
 1.10010E-02     569.432     798.938     578.133     791.606     757.497     819.562     897.506    1073.136     309.025     327.357
 1.10210E-02     568.960     798.236     577.570     790.932     756.954     818.791     896.334    1070.408     309.446     327.555
 1.10410E-02     568.490     797.535     577.010     790.260     756.412     818.022     895.167    1067.656     309.868     327.752
 1.10610E-02     568.022     796.837     576.452     789.590     755.871     817.256     894.004    1064.881     310.294     327.950
 1.10810E-02     567.555     796.141     575.898     788.922     755.331     816.493     892.847    1062.084     310.721     328.148
 1.11010E-02     567.091     795.447     575.347     788.256     754.792     815.732     891.694    1059.269     311.150     328.345
 1.11210E-02     566.628     794.755     574.798     787.592     754.254     814.973     890.546    1056.435     311.581     328.543
 1.11410E-02     566.167     794.065     574.253     786.929     753.717     814.217     889.403    1053.586     312.014     328.741
 1.11610E-02     565.708     793.377     573.710     786.269     753.182     813.463     888.264    1050.721     312.448     328.939
 1.11810E-02     565.250     792.691     573.171     785.610     752.647     812.712     887.130    1047.844     312.884     329.137
 1.12010E-02     564.797     792.011     572.637     784.954     752.115     811.967     886.000    1044.954     313.321     329.335
 1.12210E-02     564.345     791.333     572.105     784.301     751.583     811.224     884.876    1042.054     313.759     329.533
 1.12410E-02     563.894     790.656     571.576     783.649     751.053     810.484     883.756    1039.144     314.199     329.731
 1.12610E-02     563.446     789.981     571.050     783.000     750.524     809.745     882.641    1036.226     314.639     329.930
 1.12810E-02     562.999     789.308     570.527     782.352     749.996     809.008     881.530    1033.301     315.080     330.128
 1.13010E-02     562.553     788.636     570.006     781.706     749.469     808.273     880.424    1030.370     315.522     330.326
 1.13210E-02     562.109     787.967     569.487     781.061     748.943     807.541     879.322    1027.434     315.964     330.524
 1.13410E-02     561.667     787.299     568.972     780.419     748.418     806.811     878.225    1024.495     316.407     330.722
 1.13610E-02     561.226     786.633     568.458     779.778     747.894     806.083     877.132    1021.553     316.850     330.921
 1.13810E-02     560.787     785.969     567.948     779.139     747.371     805.357     876.043    1018.609     317.294     331.119
 1.14010E-02     560.350     785.306     567.440     778.502     746.850     804.633     874.959    1015.664     317.737     331.317
 1.14210E-02     559.914     784.646     566.934     777.866     746.329     803.911     873.878    1012.719     318.181     331.516
 1.14411E-02     559.480     783.987     566.431     777.232     745.809     803.191     872.802    1009.776     318.625     331.714
 1.14611E-02     559.048     783.330     565.931     776.600     745.291     802.474     871.730    1006.834     319.068     331.912
 1.14811E-02     558.617     782.675     565.433     775.969     744.773     801.758     870.662    1003.894     319.512     332.110
 1.15011E-02     558.187     782.022     564.937     775.341     744.256     801.044     869.598    1000.958     319.955     332.309
 1.15211E-02     557.760     781.370     564.444     774.713     743.741     800.333     868.538     998.026     320.398     332.507
 1.15411E-02     557.334     780.720     563.954     774.088     743.226     799.624     867.482     995.098     320.840     332.705
 1.15611E-02     556.909     780.072     563.466     773.464     742.712     798.916     866.430     992.176     321.281     332.903
 1.15811E-02     556.486     779.426     562.980     772.841     742.200     798.211     865.382     989.260     321.722     333.101
 1.16011E-02     556.065     778.781     562.496     772.221     741.688     797.508     864.338     986.350     322.162     333.299
 1.16211E-02     555.645     778.139     562.015     771.602     741.178     796.806     863.297     983.447     322.602     333.497
 1.16411E-02     555.227     777.498     561.537     770.984     740.668     796.107     862.260     980.552     323.040     333.695
 1.16611E-02     554.810     776.858     561.060     770.368     740.159     795.409     861.227     977.665     323.478     333.893
 1.16811E-02     554.395     776.221     560.586     769.754     739.652     794.714     860.198     974.787     323.914     334.091
 1.17011E-02     553.982     775.585     560.114     769.141     739.145     794.020     859.173     971.918     324.350     334.289
 1.17211E-02     553.570     774.950     559.645     768.530     738.639     793.328     858.151     969.058     324.784     334.487
 1.17411E-02     553.159     774.318     559.177     767.920     738.134     792.639     857.133     966.209     325.217     334.684
 1.17611E-02     552.750     773.687     558.712     767.312     737.631     791.951     856.118     963.370     325.649     334.882
 1.17811E-02     552.343     773.057     558.249     766.705     737.128     791.265     855.107     960.541     326.080     335.079
 1.18011E-02     551.939     772.434     557.791     766.102     736.627     790.586     854.100     957.724     326.509     335.277
 1.18211E-02     551.537     771.812     557.335     765.500     736.127     789.908     853.097     954.919     326.937     335.474
 1.18411E-02     551.136     771.191     556.881     764.899     735.628     789.231     852.098     952.125     327.363     335.672
 1.18611E-02     550.736     770.571     556.429     764.301     735.130     788.557     851.102     949.344     327.788     335.869
 1.18811E-02     550.338     769.953     555.979     763.703     734.633     787.883     850.110     946.575     328.211     336.066
 1.19011E-02     549.941     769.337     555.531     763.108     734.137     787.212     849.122     943.818     328.632     336.263
 1.19211E-02     549.546     768.722     555.085     762.514     733.642     786.542     848.137     941.075     329.052     336.460
 1.19411E-02     549.151     768.108     554.641     761.921     733.147     785.874     847.156     938.345     329.470     336.656
 1.19611E-02     548.759     767.496     554.198     761.330     732.654     785.207     846.178     935.628     329.886     336.853
 1.19811E-02     548.367     766.885     553.758     760.740     732.162     784.543     845.204     932.925     330.300     337.050
 1.20011E-02     547.977     766.276     553.320     760.152     731.670     783.880     844.233     930.237     330.713     337.246
 1.20211E-02     547.589     765.668     552.884     759.565     731.179     783.219     843.266     927.562     331.124     337.443
 1.20411E-02     547.202     765.062     552.450     758.979     730.690     782.559     842.302     924.902     331.532     337.639
 1.20611E-02     546.816     764.458     552.017     758.395     730.201     781.901     841.342     922.256     331.939     337.835
 1.20811E-02     546.431     763.854     551.587     757.813     729.713     781.245     840.384     919.625     332.344     338.031
 1.21011E-02     546.049     763.253     551.158     757.231     729.226     780.590     839.430     917.009     332.747     338.227
 1.21211E-02     545.667     762.652     550.732     756.651     728.740     779.937     838.479     914.407     333.147     338.422
 1.21411E-02     545.286     762.053     550.307     756.073     728.255     779.286     837.532     911.821     333.546     338.618
 1.21611E-02     544.907     761.456     549.884     755.496     727.770     778.636     836.587     909.250     333.942     338.813
 1.21811E-02     544.530     760.860     549.463     754.920     727.287     777.988     835.646     906.694     334.337     339.008
 1.22011E-02     544.154     760.266     549.044     754.345     726.804     777.342     834.708     904.154     334.729     339.204
 1.22211E-02     543.779     759.673     548.627     753.772     726.322     776.697     833.773     901.629     335.119     339.398
 1.22411E-02     543.405     759.081     548.212     753.200     725.841     776.054     832.842     899.120     335.507     339.593
 1.22611E-02     543.033     758.491     547.798     752.630     725.361     775.413     831.913     896.626     335.892     339.788
 1.22811E-02     542.662     757.902     547.386     752.061     724.882     774.773     830.987     894.147     336.275     339.982
 1.23011E-02     542.292     757.315     546.976     751.493     724.404     774.135     830.065     891.685     336.657     340.177
 1.23211E-02     541.924     756.729     546.568     750.926     723.926     773.498     829.146     889.238     337.035     340.371
 1.23411E-02     541.557     756.145     546.161     750.361     723.450     772.863     828.229     886.807     337.412     340.565
 1.23611E-02     541.191     755.562     545.757     749.797     722.974     772.229     827.316     884.392     337.786     340.758
 1.23811E-02     540.827     754.980     545.354     749.235     722.499     771.597     826.405     881.992     338.158     340.952
 1.24011E-02     540.464     754.400     544.952     748.673     722.025     770.967     825.498     879.609     338.527     341.145
 1.24211E-02     540.102     753.821     544.553     748.113     721.551     770.338     824.593     877.241     338.894     341.339
 1.24411E-02     539.741     753.243     544.155     747.555     721.079     769.711     823.691     874.889     339.259     341.532
 1.24611E-02     539.382     752.667     543.759     746.997     720.607     769.085     822.793     872.553     339.621     341.724
 1.24811E-02     539.024     752.092     543.364     746.441     720.136     768.461     821.897     870.232     339.981     341.917
 1.25011E-02     538.667     751.519     542.972     745.886     719.666     767.838     821.004     867.927     340.339     342.110
 1.25211E-02     538.314     750.951     542.583     745.334     719.199     767.221     820.114     865.639     340.694     342.302
 1.25411E-02     537.962     750.384     542.196     744.783     718.732     766.606     819.227     863.365     341.047     342.494
 1.25611E-02     537.610     749.818     541.810     744.234     718.265     765.992     818.344     861.108     341.397     342.686
 1.25811E-02     537.261     749.254     541.426     743.686     717.800     765.379     817.464     858.866     341.745     342.877
 1.26011E-02     536.912     748.690     541.043     743.139     717.335     764.768     816.586     856.640     342.090     343.069
 1.26211E-02     536.564     748.128     540.662     742.594     716.871     764.157     815.712     854.429     342.433     343.260
 1.26411E-02     536.217     747.566     540.282     742.050     716.409     763.549     814.840     852.234     342.773     343.451
 1.26611E-02     535.872     747.007     539.904     741.506     715.946     762.941     813.972     850.055     343.112     343.642
 1.26811E-02     535.528     746.448     539.528     740.965     715.485     762.335     813.106     847.891     343.447     343.832
 1.27011E-02     535.185     745.890     539.152     740.424     715.024     761.730     812.243     845.742     343.780     344.022
 1.27211E-02     534.843     745.334     538.779     739.885     714.564     761.127     811.383     843.609     344.111     344.213
 1.27411E-02     534.502     744.779     538.407     739.347     714.105     760.525     810.526     841.491     344.439     344.402
 1.27611E-02     534.162     744.225     538.036     738.810     713.647     759.924     809.671     839.389     344.765     344.592
 1.27811E-02     533.824     743.672     537.667     738.274     713.190     759.324     808.819     837.301     345.089     344.782
 1.28011E-02     533.486     743.121     537.299     737.739     712.733     758.727     807.970     835.229     345.409     344.971
 1.28211E-02     533.150     742.571     536.933     737.206     712.277     758.130     807.124     833.172     345.728     345.160
 1.28411E-02     532.815     742.021     536.568     736.673     711.822     757.535     806.280     831.130     346.044     345.348
 1.28611E-02     532.481     741.474     536.204     736.142     711.368     756.941     805.439     829.102     346.357     345.537
 1.28811E-02     532.148     740.927     535.842     735.612     710.914     756.348     804.600     827.090     346.668     345.725
 1.29011E-02     531.816     740.382     535.482     735.083     710.461     755.757     803.764     825.092     346.977     345.913
 1.29211E-02     531.485     739.837     535.123     734.555     710.009     755.167     802.931     823.109     347.283     346.101
 1.29411E-02     531.156     739.294     534.765     734.028     709.558     754.579     802.101     821.141     347.587     346.288
 1.29611E-02     530.828     738.752     534.409     733.503     709.108     753.992     801.273     819.187     347.889     346.475
 1.29811E-02     530.500     738.212     534.054     732.978     708.658     753.406     800.447     817.247     348.188     346.662
 1.30011E-02     530.174     737.672     533.700     732.455     708.209     752.821     799.624     815.322     348.484     346.849
 1.30211E-02     529.849     737.134     533.348     731.933     707.761     752.238     798.804     813.411     348.778     347.035
 1.30411E-02     529.525     736.597     532.997     731.411     707.313     751.656     797.986     811.514     349.070     347.221
 1.30611E-02     529.202     736.061     532.648     730.891     706.866     751.075     797.170     809.632     349.359     347.407
 1.30811E-02     528.880     735.526     532.300     730.372     706.420     750.496     796.357     807.763     349.646     347.593
 1.31011E-02     528.559     734.992     531.953     729.854     705.975     749.918     795.547     805.908     349.931     347.778
 1.31211E-02     528.239     734.460     531.608     729.338     705.531     749.341     794.739     804.067     350.213     347.963
 1.31411E-02     527.920     733.928     531.264     728.822     705.087     748.766     793.933     802.239     350.493     348.148
 1.31611E-02     527.603     733.398     530.921     728.307     704.644     748.192     793.130     800.425     350.770     348.332
 1.31811E-02     527.286     732.869     530.580     727.794     704.201     747.619     792.329     798.624     351.045     348.517
 1.32011E-02     526.971     732.341     530.239     727.281     703.760     747.047     791.531     796.837     351.318     348.701
 1.32211E-02     526.656     731.814     529.901     726.770     703.319     746.477     790.734     795.063     351.588     348.884
 1.32411E-02     526.343     731.289     529.563     726.259     702.879     745.908     789.941     793.302     351.856     349.068
 1.32611E-02     526.030     730.764     529.227     725.750     702.440     745.340     789.149     791.555     352.122     349.251
 1.32811E-02     525.719     730.241     528.892     725.241     702.001     744.774     788.361     789.820     352.385     349.434
 1.33011E-02     525.409     729.718     528.558     724.734     701.563     744.208     787.574     788.098     352.647     349.616
 1.33211E-02     525.099     729.197     528.226     724.228     701.126     743.644     786.790     786.388     352.905     349.798
 1.33411E-02     524.791     728.677     527.894     723.723     700.689     743.081     786.008     784.692     353.162     349.980
 1.33611E-02     524.484     728.158     527.564     723.219     700.253     742.520     785.228     783.008     353.416     350.162
 1.33811E-02     524.177     727.640     527.236     722.715     699.818     741.960     784.451     781.336     353.668     350.343
 1.34011E-02     523.874     727.128     526.911     722.215     699.385     741.406     783.676     779.677     353.918     350.524
 1.34211E-02     523.572     726.616     526.587     721.716     698.953     740.852     782.904     778.030     354.166     350.705
 1.34411E-02     523.271     726.105     526.264     721.218     698.522     740.300     782.134     776.395     354.411     350.886
 1.34611E-02     522.971     725.596     525.942     720.721     698.091     739.748     781.367     774.772     354.654     351.066
 1.34811E-02     522.671     725.086     525.621     720.226     697.661     739.198     780.603     773.161     354.895     351.246
 1.35011E-02     522.372     724.578     525.302     719.731     697.232     738.649     779.841     771.562     355.134     351.425
 1.35211E-02     522.075     724.071     524.983     719.237     696.803     738.100     779.081     769.975     355.371     351.604
 1.35411E-02     521.778     723.565     524.666     718.744     696.375     737.553     778.323     768.399     355.605     351.783
 1.35611E-02     521.482     723.060     524.349     718.253     695.948     737.007     777.568     766.835     355.837     351.962
 1.35811E-02     521.187     722.556     524.034     717.762     695.521     736.462     776.815     765.283     356.067     352.140
 1.36011E-02     520.893     722.052     523.720     717.272     695.096     735.918     776.065     763.742     356.295     352.318
 1.36211E-02     520.599     721.550     523.407     716.784     694.670     735.375     775.317     762.212     356.521     352.496
 1.36411E-02     520.307     721.049     523.095     716.296     694.246     734.834     774.571     760.693     356.745     352.673
 1.36611E-02     520.016     720.549     522.784     715.809     693.822     734.293     773.827     759.185     356.967     352.850
 1.36811E-02     519.725     720.049     522.474     715.323     693.399     733.754     773.085     757.689     357.186     353.027
 1.37011E-02     519.436     719.551     522.166     714.838     692.977     733.216     772.346     756.203     357.404     353.203
 1.37211E-02     519.147     719.054     521.858     714.354     692.555     732.679     771.609     754.729     357.619     353.379
 1.37411E-02     518.859     718.558     521.552     713.871     692.134     732.143     770.874     753.265     357.833     353.555
 1.37611E-02     518.572     718.062     521.247     713.389     691.714     731.608     770.141     751.811     358.044     353.730
 1.37811E-02     518.286     717.568     520.942     712.908     691.294     731.074     769.410     750.368     358.253     353.906
 1.38011E-02     518.001     717.074     520.639     712.428     690.875     730.541     768.682     748.936     358.461     354.080
 1.38211E-02     517.717     716.582     520.337     711.949     690.457     730.009     767.955     747.514     358.666     354.255
 1.38411E-02     517.434     716.091     520.036     711.471     690.039     729.479     767.231     746.102     358.869     354.429
 1.38611E-02     517.151     715.600     519.736     710.993     689.622     728.949     766.509     744.700     359.071     354.603
 1.38811E-02     516.870     715.111     519.437     710.517     689.206     728.421     765.788     743.309     359.270     354.776
 1.39011E-02     516.589     714.623     519.138     710.041     688.790     727.894     765.070     741.927     359.468     354.949
 1.39211E-02     516.309     714.135     518.842     709.567     688.375     727.367     764.354     740.555     359.663     355.122
 1.39411E-02     516.031     713.649     518.546     709.093     687.961     726.842     763.640     739.194     359.857     355.294
 1.39611E-02     515.752     713.163     518.251     708.620     687.547     726.318     762.928     737.841     360.049     355.467
 1.39811E-02     515.475     712.679     517.957     708.148     687.134     725.795     762.218     736.499     360.239     355.638
 1.40011E-02     515.199     712.195     517.664     707.677     686.722     725.274     761.510     735.166     360.427     355.810
 1.40211E-02     514.924     711.712     517.372     707.207     686.310     724.753     760.804     733.842     360.613     355.981
 1.40411E-02     514.649     711.231     517.081     706.738     685.899     724.233     760.100     732.528     360.797     356.152
 1.40611E-02     514.375     710.750     516.791     706.270     685.488     723.715     759.398     731.222     360.980     356.322
 1.40811E-02     514.102     710.270     516.502     705.803     685.079     723.197     758.698     729.927     361.161     356.492
 1.41011E-02     513.830     709.791     516.215     705.336     684.670     722.680     758.000     728.640     361.339     356.662
 1.41211E-02     513.559     709.313     515.928     704.871     684.261     722.165     757.303     727.362     361.516     356.831
 1.41411E-02     513.288     708.836     515.642     704.406     683.853     721.650     756.609     726.093     361.692     357.000
 1.41611E-02     513.019     708.360     515.357     703.942     683.446     721.137     755.917     724.832     361.865     357.169
 1.41811E-02     512.750     707.885     515.073     703.479     683.040     720.625     755.226     723.581     362.037     357.337
 1.42011E-02     512.482     707.411     514.790     703.017     682.634     720.114     754.538     722.338     362.207     357.505
 1.42211E-02     512.215     706.938     514.507     702.556     682.229     719.603     753.851     721.104     362.375     357.673
 1.42411E-02     511.948     706.465     514.226     702.096     681.824     719.094     753.166     719.878     362.542     357.840
 1.42611E-02     511.683     705.994     513.946     701.637     681.420     718.586     752.483     718.660     362.707     358.007
 1.42811E-02     511.418     705.523     513.667     701.178     681.017     718.079     751.802     717.451     362.870     358.173
 1.43011E-02     511.154     705.054     513.389     700.720     680.614     717.573     751.123     716.250     363.032     358.340
 1.43211E-02     510.891     704.585     513.111     700.264     680.212     717.068     750.446     715.057     363.191     358.506
 1.43411E-02     510.629     704.117     512.835     699.808     679.811     716.564     749.771     713.873     363.349     358.671
 1.43611E-02     510.367     703.650     512.559     699.353     679.410     716.061     749.097     712.696     363.506     358.836
 1.43811E-02     510.107     703.184     512.284     698.898     679.010     715.559     748.425     711.527     363.661     359.001
 1.44011E-02     509.847     702.719     512.011     698.445     678.611     715.058     747.755     710.366     363.814     359.165
 1.44211E-02     509.588     702.255     511.738     697.992     678.212     714.558     747.087     709.213     363.966     359.330
 1.44411E-02     509.331     701.797     511.468     697.543     677.815     714.064     746.422     708.068     364.116     359.493
 1.44611E-02     509.076     701.339     511.199     697.094     677.419     713.570     745.758     706.930     364.265     359.657
 1.44811E-02     508.821     700.881     510.931     696.646     677.024     713.078     745.096     705.799     364.412     359.820
