# Melt Pool Geometry History
# time(s)  length(m)  depth(m)  width(m)  volume(m3)  Tpeak(K)  laser_on
 2.10000E-05   0.00000E+00   0.00000E+00   0.00000E+00   7.60222E-14      293.00  1
 4.10000E-05   4.40872E-05   1.00963E-04   3.43787E-05   2.30004E-13     1807.87  1
 6.10000E-05   7.13886E-05   1.08218E-04   6.10401E-05   3.46118E-13     2574.69  1
 8.10000E-05   9.38462E-05   1.09937E-04   7.09419E-05   4.75000E-13     2979.67  1
 1.01000E-04   1.16422E-04   1.11089E-04   7.48246E-05   6.03362E-13     3096.80  1
 1.21000E-04   1.37656E-04   1.11445E-04   7.68033E-05   7.27655E-13     3140.64  1
 1.41000E-04   1.58951E-04   1.11513E-04   7.84139E-05   8.51107E-13     3147.59  1
 1.61000E-04   1.80448E-04   1.11472E-04   7.90164E-05   9.74479E-13     3141.05  1
 1.81000E-04   2.01819E-04   1.11475E-04   7.95670E-05   1.09557E-12     3121.28  1
 2.01000E-04   2.22837E-04   1.11272E-04   7.97650E-05   1.22795E-12     3093.56  1
 2.21000E-04   2.43970E-04   1.11244E-04   8.50300E-05   1.34072E-12     3144.32  1
 2.41000E-04   2.67205E-04   1.11748E-04   8.60917E-05   1.45044E-12     3199.00  1
 2.61000E-04   2.87566E-04   1.11845E-04   8.68073E-05   1.40722E-12     3196.29  0
 2.81000E-04   2.88668E-04   1.09264E-04   8.74104E-05   1.35104E-12     2737.68  0
 3.01000E-04   2.88904E-04   1.07608E-04   8.79238E-05   1.29006E-12     2477.16  0
 3.21000E-04   2.88927E-04   1.03361E-04   8.83386E-05   1.22811E-12     2308.29  0
 3.41000E-04   2.88841E-04   9.91876E-05   8.86513E-05   1.16989E-12     2194.01  0
 3.61000E-04   2.88635E-04   9.54349E-05   8.88447E-05   1.11439E-12     2104.57  0
 3.81000E-04   2.88311E-04   9.19523E-05   8.88978E-05   1.06150E-12     2034.30  0
 4.01000E-04   2.85491E-04   8.77764E-05   8.78870E-05   1.00769E-12     1974.11  0
 4.21000E-04   2.91880E-04   8.33274E-05   8.82566E-05   9.62550E-13     1918.62  0
 4.41000E-04   2.92406E-04   7.90489E-05   8.88025E-05   9.14410E-13     1867.96  0
 4.61000E-04   2.92449E-04   7.51924E-05   8.89235E-05   8.65140E-13     1825.24  0
 4.81000E-04   2.92330E-04   7.19344E-05   8.87210E-05   8.14873E-13     1788.14  0
 5.01000E-04   2.92192E-04   6.81230E-05   8.83275E-05   7.64394E-13     1756.20  0
 5.21000E-04   2.92148E-04   6.42414E-05   8.78087E-05   7.14206E-13     1728.63  0
 5.41000E-04   2.92108E-04   6.11337E-05   8.72152E-05   6.63703E-13     1705.56  0
 5.61000E-04   2.92037E-04   5.80814E-05   8.65818E-05   6.13818E-13     1685.73  0
 5.81000E-04   2.91937E-04   5.44213E-05   8.59827E-05   5.64102E-13     1669.06  0
 6.01000E-04   2.90420E-04   5.19562E-05   8.40642E-05   5.00628E-13     1654.49  0
 6.21000E-04   2.91218E-04   4.86596E-05   8.47935E-05   4.52988E-13     1642.97  0
 6.41000E-04   2.91029E-04   4.58123E-05   8.47333E-05   4.07069E-13     1634.11  0
 6.61000E-04   2.90719E-04   4.33004E-05   8.46600E-05   3.63206E-13     1627.70  0
 6.81000E-04   2.83940E-04   4.03192E-05   8.45777E-05   3.21580E-13     1623.82  0
 7.01000E-04   2.76468E-04   3.82299E-05   8.44882E-05   2.82548E-13     1622.69  0
 7.21000E-04   2.61071E-04   3.54102E-05   8.43907E-05   2.46238E-13     1622.02  0
 7.41000E-04   2.46654E-04   3.34104E-05   8.42820E-05   2.12675E-13     1621.09  0
 7.61000E-04   2.32971E-04   3.09561E-05   8.41605E-05   2.68839E-13     1619.90  1
 7.81000E-04   4.35853E-05   1.03851E-04   4.21159E-05   3.87497E-13     1869.34  1
 8.01000E-04   7.09816E-05   1.09163E-04   6.20554E-05   5.00058E-13     2708.67  1
 8.21000E-04   9.51557E-05   1.11017E-04   6.94875E-05   6.09818E-13     3070.48  1
 8.41000E-04   1.19847E-04   1.11867E-04   7.21112E-05   7.21287E-13     3197.58  1
 8.61000E-04   1.39271E-04   1.12237E-04   7.36769E-05   8.28390E-13     3260.83  1
 8.81000E-04   1.60677E-04   1.12484E-04   7.48734E-05   9.35316E-13     3274.33  1
 9.01000E-04   1.81904E-04   1.12660E-04   7.59184E-05   1.04749E-12     3282.19  1
 9.21000E-04   2.03112E-04   1.12800E-04   7.68201E-05   1.16297E-12     3310.27  1
 9.41000E-04   2.24353E-04   1.12921E-04   7.76391E-05   1.27938E-12     3326.54  1
 9.61000E-04   2.45806E-04   1.13012E-04   7.84391E-05   1.39352E-12     3330.31  1
 9.81000E-04   2.70571E-04   1.13070E-04   7.92352E-05   1.51737E-12     3348.66  1
 1.00100E-03   2.88721E-04   1.12598E-04   8.22127E-05   1.68832E-12     3272.45  1
 1.02100E-03   3.11125E-04   1.12764E-04   8.85873E-05   1.81101E-12     3259.98  1
 1.04100E-03   3.31482E-04   1.12883E-04   9.06744E-05   1.92825E-12     3256.19  1
 1.06100E-03   3.51189E-04   1.12884E-04   9.18901E-05   2.03692E-12     3249.71  1
 1.08100E-03   3.71546E-04   1.12823E-04   9.28481E-05   2.14052E-12     3224.70  1
 1.10100E-03   3.91987E-04   1.12723E-04   9.36060E-05   2.25380E-12     3245.82  1
 1.12100E-03   4.12649E-04   1.12633E-04   9.74333E-05   2.36438E-12     3263.88  1
 1.14100E-03   4.33516E-04   1.12531E-04   9.91628E-05   2.47089E-12     3277.01  1
 1.16100E-03   4.57285E-04   1.12383E-04   9.99846E-05   2.56882E-12     3298.21  1
 1.18100E-03   4.76793E-04   1.12220E-04   1.00595E-04   2.66051E-12     3288.34  1
 1.20100E-03   4.95672E-04   1.12068E-04   1.01152E-04   2.74547E-12     3287.10  1
 1.22100E-03   5.22723E-04   1.11903E-04   1.01662E-04   2.82248E-12     3270.66  1
 1.24100E-03   5.43741E-04   1.11965E-04   1.02099E-04   2.74414E-12     3269.60  0
 1.26100E-03   5.45538E-04   1.09516E-04   1.02511E-04   2.65679E-12     2808.06  0
 1.28100E-03   5.45410E-04   1.07818E-04   1.02880E-04   2.56134E-12     2534.93  0
 1.30100E-03   5.43407E-04   1.03684E-04   1.03203E-04   2.46290E-12     2356.96  0
 1.32100E-03   5.40400E-04   1.00043E-04   1.03480E-04   2.36543E-12     2235.02  0
 1.34100E-03   5.38218E-04   9.70489E-05   1.03731E-04   2.26814E-12     2145.93  0
 1.36100E-03   5.35069E-04   9.30927E-05   1.03971E-04   2.17536E-12     2073.22  0
 1.38100E-03   5.28798E-04   8.89782E-05   1.04145E-04   2.08604E-12     2012.02  0
 1.40100E-03   5.23302E-04   8.50057E-05   1.02373E-04   1.96322E-12     1957.10  0
 1.42100E-03   5.21746E-04   8.22215E-05   1.04394E-04   1.87524E-12     1900.24  0
 1.44100E-03   5.14846E-04   7.83504E-05   1.05390E-04   1.78126E-12     1847.26  0
 1.46100E-03   5.11424E-04   7.46280E-05   1.05926E-04   1.68575E-12     1801.09  0
 1.48100E-03   5.04099E-04   7.20469E-05   1.06187E-04   1.59118E-12     1762.59  0
 1.50100E-03   5.00337E-04   6.84789E-05   1.06307E-04   1.49738E-12     1731.88  0
 1.52100E-03   4.93494E-04   6.51884E-05   1.06352E-04   1.40529E-12     1706.80  0
 1.54100E-03   4.88318E-04   6.28180E-05   1.06371E-04   1.31422E-12     1686.10  0
 1.56100E-03   4.82896E-04   5.92417E-05   1.06473E-04   1.22553E-12     1669.32  0
 1.58100E-03   4.76678E-04   5.69975E-05   1.06594E-04   1.13841E-12     1655.72  0
 1.60100E-03   4.72093E-04   5.33275E-05   1.06131E-04   1.02873E-12     1644.70  0
 1.62100E-03   4.65097E-04   5.06910E-05   1.11689E-04   9.46544E-13     1635.72  0
 1.64100E-03   4.61214E-04   4.83114E-05   1.12119E-04   8.67953E-13     1629.36  0
 1.66100E-03   4.53593E-04   4.55483E-05   1.12428E-04   7.92701E-13     1625.05  0
 1.68100E-03   4.47058E-04   4.36072E-05   1.12650E-04   7.21506E-13     1623.01  0
 1.70100E-03   4.34666E-04   4.16267E-05   1.12812E-04   6.53906E-13     1622.57  0
 1.72100E-03   4.24001E-04   3.92794E-05   1.12926E-04   5.89417E-13     1621.98  0
 1.74100E-03   4.13171E-04   3.78885E-05   1.13001E-04   6.07160E-13     1621.25  1
 1.76100E-03   4.28908E-05   1.03386E-04   4.41584E-05   7.10453E-13     1844.50  1
 1.78100E-03   7.03461E-05   1.09040E-04   6.04929E-05   7.84663E-13     2717.67  1
 1.80100E-03   9.32085E-05   1.10582E-04   6.57503E-05   8.46331E-13     3026.84  1
 1.82100E-03   1.15417E-04   1.11344E-04   6.98434E-05   9.19095E-13     3164.48  1
 1.84100E-03   1.37445E-04   1.11845E-04   7.31272E-05   9.98051E-13     3254.23  1
 1.86100E-03   1.60867E-04   1.12167E-04   7.49720E-05   1.08981E-12     3302.71  1
 1.88100E-03   1.82184E-04   1.12397E-04   8.00300E-05   1.19145E-12     3297.73  1
 1.90100E-03   2.02655E-04   1.12581E-04   8.18321E-05   1.29266E-12     3318.45  1
 1.92100E-03   2.23682E-04   1.12725E-04   8.29518E-05   1.39677E-12     3278.97  1
 1.94100E-03   2.44650E-04   1.12847E-04   8.39224E-05   1.49977E-12     3306.13  1
 1.96100E-03   2.65545E-04   1.12954E-04   8.47380E-05   1.60237E-12     3334.24  1
 1.98100E-03   2.86738E-04   1.13044E-04   8.54836E-05   1.71001E-12     3362.05  1
 2.00100E-03   3.07012E-04   1.13109E-04   8.62011E-05   1.81965E-12     3365.29  1
 2.02100E-03   3.28029E-04   1.13182E-04   8.69790E-05   1.92951E-12     3349.71  1
 2.04100E-03   3.51218E-04   1.13265E-04   8.77374E-05   2.04489E-12     3336.14  1
 2.06100E-03   3.71668E-04   1.13354E-04   9.10470E-05   2.16823E-12     3308.94  1
 2.08100E-03   3.92225E-04   1.13404E-04   9.27123E-05   2.29752E-12     3290.50  1
 2.10100E-03   4.12744E-04   1.13429E-04   9.37643E-05   2.42359E-12     3319.58  1
 2.12100E-03   4.33562E-04   1.13477E-04   9.53277E-05   2.54350E-12     3355.08  1
 2.14100E-03   4.54629E-04   1.13558E-04   9.63443E-05   2.66299E-12     3373.47  1
 2.16100E-03   4.77443E-04   1.13582E-04   9.72234E-05   2.77219E-12     3373.29  1
 2.18100E-03   4.98258E-04   1.13582E-04   9.81050E-05   2.87933E-12     3336.16  1
 2.20100E-03   5.17124E-04   1.13505E-04   9.89036E-05   2.98303E-12     3339.86  1
 2.22100E-03   5.43987E-04   1.13414E-04   1.03082E-04   3.08198E-12     3305.28  1
 2.24100E-03   5.64861E-04   1.13418E-04   1.05404E-04   3.18236E-12     3300.54  1
 2.26100E-03   5.85599E-04   1.13441E-04   1.06447E-04   3.27593E-12     3298.35  1
 2.28100E-03   6.04133E-04   1.13318E-04   1.07116E-04   3.36717E-12     3287.83  1
 2.30100E-03   6.22820E-04   1.13145E-04   1.07626E-04   3.45315E-12     3310.14  1
 2.32100E-03   6.41998E-04   1.12949E-04   1.08040E-04   3.53222E-12     3335.82  1
 2.34100E-03   6.61285E-04   1.12829E-04   1.08469E-04   3.60408E-12     3352.87  1
 2.36100E-03   6.80337E-04   1.12716E-04   1.08781E-04   3.67335E-12     3355.16  1
 2.38100E-03   6.97940E-04   1.12595E-04   1.08991E-04   3.73914E-12     3331.31  1
 2.40100E-03   7.16080E-04   1.12441E-04   1.09116E-04   3.80025E-12     3297.68  1
 2.42100E-03   7.35822E-04   1.12233E-04   1.09207E-04   3.85769E-12     3279.68  1
 2.44100E-03   7.49250E-04   1.12173E-04   1.09227E-04   3.90372E-12     3243.84  1
 2.46100E-03   7.65512E-04   1.12092E-04   1.09172E-04   3.79622E-12     3266.05  0
 2.48100E-03   7.60643E-04   1.09748E-04   1.09092E-04   3.67791E-12     2817.25  0
 2.50100E-03   7.58364E-04   1.07925E-04   1.08938E-04   3.55148E-12     2544.24  0
 2.52100E-03   7.51525E-04   1.04014E-04   1.08771E-04   3.42207E-12     2370.50  0
 2.54100E-03   7.48799E-04   1.00602E-04   1.08503E-04   3.29893E-12     2251.63  0
 2.56100E-03   7.41763E-04   9.77449E-05   1.08137E-04   3.17379E-12     2158.20  0
 2.58100E-03   7.38451E-04   9.34913E-05   1.07699E-04   3.05154E-12     2082.71  0
 2.60100E-03   7.30944E-04   8.95028E-05   1.07146E-04   2.92452E-12     2016.80  0
 2.62100E-03   7.26871E-04   8.64727E-05   1.06810E-04   2.80516E-12     1959.52  0
 2.64100E-03   7.22427E-04   8.30283E-05   1.06226E-04   2.68661E-12     1911.24  0
 2.66100E-03   7.17056E-04   7.91953E-05   1.05577E-04   2.57023E-12     1868.66  0
 2.68100E-03   7.11650E-04   7.61902E-05   1.04862E-04   2.45497E-12     1831.72  0
 2.70100E-03   7.08103E-04   7.31935E-05   1.04088E-04   2.34094E-12     1799.62  0
 2.72100E-03   7.01195E-04   6.97352E-05   1.03421E-04   2.22759E-12     1771.42  0
 2.74100E-03   6.99818E-04   6.76475E-05   1.02861E-04   2.11550E-12     1747.10  0
 2.76100E-03   6.98952E-04   6.41251E-05   1.02251E-04   2.00454E-12     1725.27  0
 2.78100E-03   6.93878E-04   6.22002E-05   1.01607E-04   1.89487E-12     1706.30  0
 2.80100E-03   6.82324E-04   5.89755E-05   9.95860E-05   1.75274E-12     1689.59  0
 2.82100E-03   6.83312E-04   5.71965E-05   1.03315E-04   1.64462E-12     1674.48  0
 2.84100E-03   6.74557E-04   5.43129E-05   1.03494E-04   1.53829E-12     1661.09  0
 2.86100E-03   6.65705E-04   5.27225E-05   1.03591E-04   1.43477E-12     1649.60  0
 2.88100E-03   6.55799E-04   4.98457E-05   1.03637E-04   1.33368E-12     1640.37  0
 2.90100E-03   6.44265E-04   4.82168E-05   1.03648E-04   1.23607E-12     1633.14  0
 2.92100E-03   6.32097E-04   4.57623E-05   1.03635E-04   1.14137E-12     1627.85  0
 2.94100E-03   6.22300E-04   4.38454E-05   1.03600E-04   1.05088E-12     1624.42  0
 2.96100E-03   6.19702E-04   4.22793E-05   1.03543E-04   1.03865E-12     1622.94  1
 2.98100E-03   4.47658E-05   1.03705E-04   4.08164E-05   1.11553E-12     1857.43  1
 3.00100E-03   6.93565E-05   1.08522E-04   5.97431E-05   1.10419E-12     2591.42  1
 3.02100E-03   9.50554E-05   1.10574E-04   6.95913E-05   1.14023E-12     2975.44  1
 3.04100E-03   1.18849E-04   1.11389E-04   7.24197E-05   1.18699E-12     3145.39  1
 3.06100E-03   1.45072E-04   1.11856E-04   7.39478E-05   1.23472E-12     3237.70  1
 3.08100E-03   1.65522E-04   1.12136E-04   7.52907E-05   1.29574E-12     3301.70  1
 3.10100E-03   1.86732E-04   1.12364E-04   8.01560E-05   1.36352E-12     3340.49  1
 3.12100E-03   2.07283E-04   1.12558E-04   8.20164E-05   1.43888E-12     3327.68  1
 3.14100E-03   2.28557E-04   1.12706E-04   8.32432E-05   1.51867E-12     3288.60  1
 3.16100E-03   2.49784E-04   1.12837E-04   8.41610E-05   1.60257E-12     3297.64  1
 3.18100E-03   2.71060E-04   1.12953E-04   8.49125E-05   1.68371E-12     3319.06  1
 3.20100E-03   2.92553E-04   1.13047E-04   8.55963E-05   1.77316E-12     3349.62  1
 3.22100E-03   3.15378E-04   1.13117E-04   8.63133E-05   1.86190E-12     3351.97  1
 3.24100E-03   3.36613E-04   1.13204E-04   8.69494E-05   1.95483E-12     3331.09  1
 3.26100E-03   3.57092E-04   1.13312E-04   8.76266E-05   2.05271E-12     3340.06  1
 3.28100E-03   3.78214E-04   1.13389E-04   8.83044E-05   2.15988E-12     3305.14  1
 3.30100E-03   3.99406E-04   1.13439E-04   9.18075E-05   2.27106E-12     3319.44  1
 3.32100E-03   4.20669E-04   1.13526E-04   9.34962E-05   2.38883E-12     3337.50  1
 3.34100E-03   4.45597E-04   1.13635E-04   9.43557E-05   2.50839E-12     3368.06  1
 3.36100E-03   4.65352E-04   1.13689E-04   9.50752E-05   2.62614E-12     3374.66  1
 3.38100E-03   4.86047E-04   1.13738E-04   9.57041E-05   2.74074E-12     3392.21  1
 3.40100E-03   5.04331E-04   1.13716E-04   9.62287E-05   2.84789E-12     3370.12  1
 3.42100E-03   5.28068E-04   1.13714E-04   9.67925E-05   2.94956E-12     3340.78  1
 3.44100E-03   5.48104E-04   1.13813E-04   9.73500E-05   3.05097E-12     3334.34  1
 3.46100E-03   5.68483E-04   1.13951E-04   9.79270E-05   3.14920E-12     3336.86  1
 3.48100E-03   5.87591E-04   1.13947E-04   9.84809E-05   3.24455E-12     3321.08  1
 3.50099E-03   6.04589E-04   1.13925E-04   9.90375E-05   3.33549E-12     3339.63  1
 3.52099E-03   6.22454E-04   1.13943E-04   9.95809E-05   3.43489E-12     3360.61  1
 3.54099E-03   6.45242E-04   1.13997E-04   1.01542E-04   3.53253E-12     3392.36  1
 3.56099E-03   6.63806E-04   1.13983E-04   1.03488E-04   3.62595E-12     3392.47  1
 3.58099E-03   6.77871E-04   1.13966E-04   1.04472E-04   3.71593E-12     3401.67  1
 3.60099E-03   6.94285E-04   1.13856E-04   1.05119E-04   3.80361E-12     3375.79  1
 3.62099E-03   7.09767E-04   1.13782E-04   1.05673E-04   3.88620E-12     3344.23  1
 3.64099E-03   7.26351E-04   1.13804E-04   1.06189E-04   3.96395E-12     3332.24  1
 3.66099E-03   7.42234E-04   1.13848E-04   1.06649E-04   4.03712E-12     3331.68  1
 3.68099E-03   7.59031E-04   1.13760E-04   1.07082E-04   4.11358E-12     3320.88  1
 3.70099E-03   7.77078E-04   1.13629E-04   1.08796E-04   4.18718E-12     3340.27  1
 3.72099E-03   7.91883E-04   1.13487E-04   1.10204E-04   4.25282E-12     3359.02  1
 3.74099E-03   8.14125E-04   1.13365E-04   1.11004E-04   4.31440E-12     3385.12  1
 3.76099E-03   8.26942E-04   1.13236E-04   1.11609E-04   4.37059E-12     3381.33  1
 3.78099E-03   8.44914E-04   1.13089E-04   1.12061E-04   4.42672E-12     3385.78  1
 3.80099E-03   8.56976E-04   1.12913E-04   1.12363E-04   4.48373E-12     3346.54  1
 3.82099E-03   8.78484E-04   1.12702E-04   1.12614E-04   4.52526E-12     3311.25  1
 3.84099E-03   8.94490E-04   1.12701E-04   1.12790E-04   4.56252E-12     3348.68  1
 3.86099E-03   9.07492E-04   1.12598E-04   1.12926E-04   4.59446E-12     3355.86  1
 3.88099E-03   9.25785E-04   1.12448E-04   1.13019E-04   4.62581E-12     3335.35  1
 3.90099E-03   9.39411E-04   1.12259E-04   1.12998E-04   4.64910E-12     3305.06  1
 3.92099E-03   9.56506E-04   1.12159E-04   1.12905E-04   4.51466E-12     3263.81  0
 3.94099E-03   9.56444E-04   1.09876E-04   1.12763E-04   4.36848E-12     2832.91  0
 3.96099E-03   9.56127E-04   1.08023E-04   1.12598E-04   4.21480E-12     2563.21  0
 3.98099E-03   9.51107E-04   1.04204E-04   1.12443E-04   4.05774E-12     2384.13  0
 4.00099E-03   9.45368E-04   1.01084E-04   1.11437E-04   3.88147E-12     2260.82  0
 4.02099E-03   9.35907E-04   9.79445E-05   1.13004E-04   3.72745E-12     2152.01  0
 4.04099E-03   9.32082E-04   9.38958E-05   1.13818E-04   3.56454E-12     2058.78  0
 4.06099E-03   9.22868E-04   9.03862E-05   1.14283E-04   3.40057E-12     1982.88  0
 4.08099E-03   9.18880E-04   8.75421E-05   1.14626E-04   3.23758E-12     1921.19  0
 4.10099E-03   9.09026E-04   8.34941E-05   1.14803E-04   3.07720E-12     1871.65  0
 4.12099E-03   9.02313E-04   7.98710E-05   1.14770E-04   2.91953E-12     1830.77  0
 4.14099E-03   8.94361E-04   7.72215E-05   1.14698E-04   2.76514E-12     1796.73  0
 4.16100E-03   8.84872E-04   7.34983E-05   1.14610E-04   2.61423E-12     1767.28  0
 4.18100E-03   8.79689E-04   7.01630E-05   1.14518E-04   2.46603E-12     1742.22  0
 4.20100E-03   8.68743E-04   6.73696E-05   1.13543E-04   2.24148E-12     1720.45  0
 4.22100E-03   8.60924E-04   6.39937E-05   1.17644E-04   2.06995E-12     1700.39  0
 4.24100E-03   8.54644E-04   6.15008E-05   1.20546E-04   1.91035E-12     1682.63  0
 4.26100E-03   8.44496E-04   5.86506E-05   1.21655E-04   1.76048E-12     1667.02  0
 4.28100E-03   8.34800E-04   5.60716E-05   1.21888E-04   1.61780E-12     1654.04  0
 4.30100E-03   8.25451E-04   5.36146E-05   1.22061E-04   1.48216E-12     1643.43  0
 4.32100E-03   8.15951E-04   5.12137E-05   1.22180E-04   1.35261E-12     1635.02  0
 4.34100E-03   8.05171E-04   4.88104E-05   1.22254E-04   1.23002E-12     1628.83  0
 4.36100E-03   7.92212E-04   4.68480E-05   1.22292E-04   1.11431E-12     1624.74  0
 4.38100E-03   7.77441E-04   4.41999E-05   1.22297E-04   1.00431E-12     1622.96  0
 4.40100E-03   7.60595E-04   4.21471E-05   1.21061E-04   8.78773E-13     1622.47  0
 4.42100E-03   7.41357E-04   3.95612E-05   1.20520E-04   8.54291E-13     1621.82  1
 4.44100E-03   4.43694E-05   1.03311E-04   4.30046E-05   9.19197E-13     1845.79  1
 4.46100E-03   7.27698E-05   1.09243E-04   6.05596E-05   9.64199E-13     2747.69  1
 4.48100E-03   9.71328E-05   1.10913E-04   6.61666E-05   1.01488E-12     3082.24  1
 4.50100E-03   1.18925E-04   1.11794E-04   7.16215E-05   1.07137E-12     3170.76  1
 4.52100E-03   1.40574E-04   1.12139E-04   7.36921E-05   1.13220E-12     3221.93  1
 4.54100E-03   1.61907E-04   1.12355E-04   7.50039E-05   1.19739E-12     3271.19  1
 4.56100E-03   1.83144E-04   1.12522E-04   7.60352E-05   1.26477E-12     3296.22  1
 4.58100E-03   2.04760E-04   1.12650E-04   7.69342E-05   1.33560E-12     3327.46  1
 4.60100E-03   2.25465E-04   1.12477E-04   7.80156E-05   1.45864E-12     3291.20  1
 4.62100E-03   2.48275E-04   1.12687E-04   8.19371E-05   1.54704E-12     3264.87  1
 4.64100E-03   2.68841E-04   1.12870E-04   8.37751E-05   1.63898E-12     3240.76  1
 4.66100E-03   2.89438E-04   1.13008E-04   8.49806E-05   1.73393E-12     3258.61  1
 4.68100E-03   3.10307E-04   1.13128E-04   8.59482E-05   1.83260E-12     3249.72  1
 4.70100E-03   3.31215E-04   1.13224E-04   8.68164E-05   1.93262E-12     3280.35  1
 4.72100E-03   3.52225E-04   1.13341E-04   8.76725E-05   2.03503E-12     3309.53  1
 4.74100E-03   3.73450E-04   1.13484E-04   8.84818E-05   2.15544E-12     3339.58  1
 4.76100E-03   3.96579E-04   1.13570E-04   9.22226E-05   2.27459E-12     3334.39  1
 4.78100E-03   4.17372E-04   1.13641E-04   9.39997E-05   2.39686E-12     3312.34  1
 4.80100E-03   4.36256E-04   1.13646E-04   9.49537E-05   2.51185E-12     3313.42  1
 4.82100E-03   4.63959E-04   1.13663E-04   9.57247E-05   2.62487E-12     3288.72  1
 4.84100E-03   4.85224E-04   1.13786E-04   9.63733E-05   2.73791E-12     3281.64  1
 4.86100E-03   5.06200E-04   1.13960E-04   9.69589E-05   2.84776E-12     3287.38  1
 4.88100E-03   5.27402E-04   1.14003E-04   9.74934E-05   2.95509E-12     3301.91  1
 4.90100E-03   5.48176E-04   1.13999E-04   9.80134E-05   3.05411E-12     3340.27  1
 4.92100E-03   5.68073E-04   1.14087E-04   9.85440E-05   3.15117E-12     3376.55  1
 4.94100E-03   5.85586E-04   1.14180E-04   9.91078E-05   3.24962E-12     3395.87  1
 4.96100E-03   6.07545E-04   1.14220E-04   9.96618E-05   3.35761E-12     3388.57  1
 4.98100E-03   6.26429E-04   1.14254E-04   1.03473E-04   3.46465E-12     3366.30  1
 5.00100E-03   6.43274E-04   1.14197E-04   1.05729E-04   3.56817E-12     3364.26  1
 5.02100E-03   6.58196E-04   1.14125E-04   1.06759E-04   3.66501E-12     3342.67  1
 5.04100E-03   6.75981E-04   1.14279E-04   1.07439E-04   3.75990E-12     3329.58  1
 5.06100E-03   6.90159E-04   1.14393E-04   1.07960E-04   3.85149E-12     3330.40  1
 5.08100E-03   7.08143E-04   1.14361E-04   1.08414E-04   3.94490E-12     3342.18  1
 5.10100E-03   7.22326E-04   1.14308E-04   1.09870E-04   4.03134E-12     3376.59  1
 5.12100E-03   7.40536E-04   1.14382E-04   1.11101E-04   4.11591E-12     3407.02  1
 5.14100E-03   7.54778E-04   1.14405E-04   1.11776E-04   4.20288E-12     3419.69  1
 5.16100E-03   7.75403E-04   1.14393E-04   1.12147E-04   4.28318E-12     3396.71  1
 5.18100E-03   7.89671E-04   1.14377E-04   1.12523E-04   4.35868E-12     3372.63  1
 5.20100E-03   8.07540E-04   1.14251E-04   1.12636E-04   4.43747E-12     3355.70  1
 5.22100E-03   8.22382E-04   1.14130E-04   1.12966E-04   4.50877E-12     3347.71  1
 5.24100E-03   8.39538E-04   1.14230E-04   1.13758E-04   4.57410E-12     3336.13  1
 5.26100E-03   8.56751E-04   1.14303E-04   1.14339E-04   4.63662E-12     3336.69  1
 5.28100E-03   8.71299E-04   1.14215E-04   1.14799E-04   4.69629E-12     3357.35  1
 5.30100E-03   8.89685E-04   1.14092E-04   1.15214E-04   4.75151E-12     3387.91  1
 5.32100E-03   9.03623E-04   1.14004E-04   1.15592E-04   4.80482E-12     3415.25  1
 5.34100E-03   9.21608E-04   1.13956E-04   1.15826E-04   4.85647E-12     3417.61  1
 5.36100E-03   9.38394E-04   1.13855E-04   1.15990E-04   4.90341E-12     3387.25  1
 5.38100E-03   9.55824E-04   1.13768E-04   1.16107E-04   4.94547E-12     3357.34  1
 5.40100E-03   9.69339E-04   1.13617E-04   1.16047E-04   4.98656E-12     3325.51  1
 5.42100E-03   9.85699E-04   1.13445E-04   1.16028E-04   5.01813E-12     3329.46  1
 5.44100E-03   1.00338E-03   1.13314E-04   1.16032E-04   5.04505E-12     3365.19  1
 5.46101E-03   1.02297E-03   1.13322E-04   1.16059E-04   5.06830E-12     3335.14  1
 5.48101E-03   1.04032E-03   1.13166E-04   1.16072E-04   5.08873E-12     3341.74  1
 5.50101E-03   1.05263E-03   1.12993E-04   1.16181E-04   5.10804E-12     3329.82  1
 5.52101E-03   1.06914E-03   1.12829E-04   1.16270E-04   5.11809E-12     3292.74  1
 5.54101E-03   1.08148E-03   1.12709E-04   1.16313E-04   5.12709E-12     3286.20  1
 5.56101E-03   1.09940E-03   1.12588E-04   1.16301E-04   5.13112E-12     3304.98  1
 5.58101E-03   1.11099E-03   1.12494E-04   1.16237E-04   5.13199E-12     3327.13  1
 5.60101E-03   1.12871E-03   1.12298E-04   1.16064E-04   5.13230E-12     3313.47  1
 5.62101E-03   1.14138E-03   1.12112E-04   1.15988E-04   4.96987E-12     3290.22  0
 5.64101E-03   1.14039E-03   1.09811E-04   1.15980E-04   4.79370E-12     2822.70  0
 5.66101E-03   1.13949E-03   1.08011E-04   1.15933E-04   4.61355E-12     2550.00  0
 5.68101E-03   1.13110E-03   1.04179E-04   1.15847E-04   4.43189E-12     2375.77  0
 5.70101E-03   1.12731E-03   1.01223E-04   1.15730E-04   4.25018E-12     2254.14  0
 5.72101E-03   1.11825E-03   9.79638E-05   1.15603E-04   4.07135E-12     2163.46  0
 5.74101E-03   1.11422E-03   9.39321E-05   1.15450E-04   3.89545E-12     2087.08  0
 5.76101E-03   1.10538E-03   9.04542E-05   1.15301E-04   3.72305E-12     2023.06  0
 5.78101E-03   1.09874E-03   8.76745E-05   1.15149E-04   3.55376E-12     1967.56  0
 5.80101E-03   1.08845E-03   8.33481E-05   1.10729E-04   3.27475E-12     1917.98  0
 5.82101E-03   1.08258E-03   7.97411E-05   1.13254E-04   3.07225E-12     1868.71  0
 5.84101E-03   1.07126E-03   7.73563E-05   1.13435E-04   2.87901E-12     1822.15  0
 5.86101E-03   1.05960E-03   7.35481E-05   1.13600E-04   2.69419E-12     1782.11  0
 5.88101E-03   1.04726E-03   7.04178E-05   1.13834E-04   2.51603E-12     1750.09  0
 5.90101E-03   1.03330E-03   6.79694E-05   1.13954E-04   2.34559E-12     1723.40  0
 5.92101E-03   1.01254E-03   6.45125E-05   1.14020E-04   2.18090E-12     1701.53  0
 5.94101E-03   9.93014E-04   6.25749E-05   1.14124E-04   2.02280E-12     1683.46  0
 5.96101E-03   9.71491E-04   5.90647E-05   1.14218E-04   1.87050E-12     1668.31  0
 5.98101E-03   9.51295E-04   5.70592E-05   1.14279E-04   1.72523E-12     1655.75  0
 6.00101E-03   9.30572E-04   5.39387E-05   1.12346E-04   1.52397E-12     1645.17  0
 6.02101E-03   9.13094E-04   5.20892E-05   1.18780E-04   1.37216E-12     1636.60  0
 6.04101E-03   8.90738E-04   4.91870E-05   1.20893E-04   1.23357E-12     1630.01  0
 6.06101E-03   8.67609E-04   4.75908E-05   1.21047E-04   1.10582E-12     1625.45  0
 6.08101E-03   8.43550E-04   4.45655E-05   1.21182E-04   9.87702E-13     1623.10  0
 6.10101E-03   8.18411E-04   4.29606E-05   1.21267E-04   8.78053E-13     1622.57  0
 6.12101E-03   7.83574E-04   4.02239E-05   1.21277E-04   8.55671E-13     1621.93  1
 6.14101E-03   4.39497E-05   1.03680E-04   4.97466E-05   9.32551E-13     1825.16  1
 6.16101E-03   7.48503E-05   1.09550E-04   6.02122E-05   9.73745E-13     2704.18  1
 6.18101E-03   9.70971E-05   1.11460E-04   6.59898E-05   1.02637E-12     3067.30  1
 6.20101E-03   1.18278E-04   1.12187E-04   6.79842E-05   1.07833E-12     3203.77  1
 6.22101E-03   1.42132E-04   1.12627E-04   6.93909E-05   1.16188E-12     3262.65  1
 6.24101E-03   1.65852E-04   1.12899E-04   7.88285E-05   1.24615E-12     3281.08  1
 6.26101E-03   1.88181E-04   1.13035E-04   8.13474E-05   1.33240E-12     3284.38  1
 6.28101E-03   2.09848E-04   1.13131E-04   8.28514E-05   1.42402E-12     3312.80  1
 6.30101E-03   2.31413E-04   1.13218E-04   8.40224E-05   1.51952E-12     3335.91  1
 6.32101E-03   2.56208E-04   1.13357E-04   8.50192E-05   1.61515E-12     3362.94  1
 6.34101E-03   2.76050E-04   1.13450E-04   8.60045E-05   1.71291E-12     3362.75  1
 6.36101E-03   2.96678E-04   1.13539E-04   8.69103E-05   1.81904E-12     3374.13  1
 6.38101E-03   3.17362E-04   1.13626E-04   8.77738E-05   1.94101E-12     3361.65  1
 6.40101E-03   3.36586E-04   1.13638E-04   9.28132E-05   2.06997E-12     3313.81  1
 6.42101E-03   3.64662E-04   1.13657E-04   9.46856E-05   2.19703E-12     3328.34  1
 6.44101E-03   3.84547E-04   1.13800E-04   9.58989E-05   2.32399E-12     3358.98  1
 6.46101E-03   4.05418E-04   1.13991E-04   9.69392E-05   2.45068E-12     3361.88  1
 6.48101E-03   4.26429E-04   1.14074E-04   9.79216E-05   2.57509E-12     3338.73  1
 6.50101E-03   4.47627E-04   1.14103E-04   9.88560E-05   2.70129E-12     3324.34  1
 6.52101E-03   4.68889E-04   1.14100E-04   1.03965E-04   2.82284E-12     3342.53  1
 6.54101E-03   4.90242E-04   1.14227E-04   1.06437E-04   2.94440E-12     3365.36  1
 6.56101E-03   5.15114E-04   1.14311E-04   1.07516E-04   3.06665E-12     3398.75  1
 6.58101E-03   5.34920E-04   1.14343E-04   1.08289E-04   3.18516E-12     3400.55  1
 6.60101E-03   5.53985E-04   1.14316E-04   1.08915E-04   3.29606E-12     3399.53  1
 6.62101E-03   5.74319E-04   1.14294E-04   1.09448E-04   3.40499E-12     3393.31  1
 6.64101E-03   5.89317E-04   1.14444E-04   1.11098E-04   3.51231E-12     3382.56  1
 6.66101E-03   6.08270E-04   1.14508E-04   1.13093E-04   3.62169E-12     3371.95  1
 6.68101E-03   6.27093E-04   1.14478E-04   1.14653E-04   3.72985E-12     3350.06  1
 6.70101E-03   6.41804E-04   1.14483E-04   1.16903E-04   3.83180E-12     3368.80  1
 6.72101E-03   6.61149E-04   1.14588E-04   1.18590E-04   3.93432E-12     3408.07  1
 6.74101E-03   6.84634E-04   1.14620E-04   1.19544E-04   4.03140E-12     3420.84  1
 6.76101E-03   7.02413E-04   1.14602E-04   1.20068E-04   4.12413E-12     3407.62  1
 6.78102E-03   7.17902E-04   1.14594E-04   1.20483E-04   4.21469E-12     3418.66  1
 6.80102E-03   7.35152E-04   1.14520E-04   1.20803E-04   4.30222E-12     3378.04  1
 6.82102E-03   7.51950E-04   1.14427E-04   1.21065E-04   4.38115E-12     3363.89  1
 6.84102E-03   7.68155E-04   1.14572E-04   1.21234E-04   4.45736E-12     3359.17  1
 6.86102E-03   7.87115E-04   1.14654E-04   1.21347E-04   4.52945E-12     3361.57  1
 6.88102E-03   8.02515E-04   1.14600E-04   1.21353E-04   4.59589E-12     3365.36  1
 6.90102E-03   8.20961E-04   1.14570E-04   1.21288E-04   4.65763E-12     3388.94  1
 6.92102E-03   8.41745E-04   1.14635E-04   1.21184E-04   4.71724E-12     3420.04  1
 6.94102E-03   8.65445E-04   1.14629E-04   1.21134E-04   4.76941E-12     3424.50  1
 6.96102E-03   8.84624E-04   1.14583E-04   1.21144E-04   4.82291E-12     3406.85  1
 6.98102E-03   8.98890E-04   1.14539E-04   1.21059E-04   4.86849E-12     3415.97  1
 7.00102E-03   9.16486E-04   1.14447E-04   1.20889E-04   4.91168E-12     3386.03  1
 7.02102E-03   9.29284E-04   1.14334E-04   1.20682E-04   4.94678E-12     3366.84  1
 7.04102E-03   9.47099E-04   1.14385E-04   1.20459E-04   4.97941E-12     3360.81  1
 7.06102E-03   9.66012E-04   1.14374E-04   1.20324E-04   5.01092E-12     3366.83  1
 7.08102E-03   9.78940E-04   1.14275E-04   1.20276E-04   5.03533E-12     3385.13  1
 7.10102E-03   9.96948E-04   1.14237E-04   1.20169E-04   5.05944E-12     3418.79  1
 7.12102E-03   1.01900E-03   1.14177E-04   1.20018E-04   5.08150E-12     3426.33  1
 7.14102E-03   1.03076E-03   1.14074E-04   1.19818E-04   5.10079E-12     3405.09  1
 7.16102E-03   1.04934E-03   1.13962E-04   1.19558E-04   5.11195E-12     3409.76  1
 7.18102E-03   1.06924E-03   1.13863E-04   1.19245E-04   5.12028E-12     3386.59  1
 7.20102E-03   1.08629E-03   1.13767E-04   1.19106E-04   5.12486E-12     3359.55  1
 7.22102E-03   1.10422E-03   1.13649E-04   1.18994E-04   5.12782E-12     3358.94  1
 7.24102E-03   1.12184E-03   1.13508E-04   1.18748E-04   5.13071E-12     3377.86  1
 7.26102E-03   1.13779E-03   1.13358E-04   1.18461E-04   5.12648E-12     3397.95  1
 7.28102E-03   1.15424E-03   1.13263E-04   1.18066E-04   5.12108E-12     3390.31  1
 7.30102E-03   1.16624E-03   1.13129E-04   1.17825E-04   5.11594E-12     3395.11  1
 7.32102E-03   1.18212E-03   1.12992E-04   1.17424E-04   5.10748E-12     3374.98  1
 7.34102E-03   1.19330E-03   1.12851E-04   1.16977E-04   4.94561E-12     3340.74  0
 7.36102E-03   1.19032E-03   1.11675E-04   1.16341E-04   4.77053E-12     2871.26  0
 7.38102E-03   1.17963E-03   1.08963E-04   1.15914E-04   4.58927E-12     2603.48  0
 7.40102E-03   1.16762E-03   1.06899E-04   1.14633E-04   4.40006E-12     2432.47  0
 7.42102E-03   1.15555E-03   1.03664E-04   1.12665E-04   4.21999E-12     2302.64  0
 7.44102E-03   1.14299E-03   1.00498E-04   1.12765E-04   4.04182E-12     2201.57  0
 7.46102E-03   1.12891E-03   9.79482E-05   1.12733E-04   3.86613E-12     2119.57  0
 7.48102E-03   1.11481E-03   9.41816E-05   1.12611E-04   3.69595E-12     2051.62  0
 7.50102E-03   1.10091E-03   9.14055E-05   1.12388E-04   3.52800E-12     1991.85  0
 7.52102E-03   1.08371E-03   8.83064E-05   1.12122E-04   3.36342E-12     1941.80  0
 7.54102E-03   1.06759E-03   8.48275E-05   1.11763E-04   3.20243E-12     1897.49  0
 7.56102E-03   1.05265E-03   8.26510E-05   1.11336E-04   3.04503E-12     1857.95  0
 7.58102E-03   1.03700E-03   7.90072E-05   1.10871E-04   2.89173E-12     1822.80  0
 7.60102E-03   1.01777E-03   7.61328E-05   1.09928E-04   2.67939E-12     1791.50  0
 7.62102E-03   1.00121E-03   7.34795E-05   1.12570E-04   2.50836E-12     1762.72  0
 7.64102E-03   9.81595E-04   7.05686E-05   1.13101E-04   2.34376E-12     1735.81  0
 7.66102E-03   9.61460E-04   6.82510E-05   1.13361E-04   2.18545E-12     1711.88  0
 7.68102E-03   9.41986E-04   6.53212E-05   1.13526E-04   2.03335E-12     1691.33  0
 7.70102E-03   9.20287E-04   6.31805E-05   1.13651E-04   1.88715E-12     1674.20  0
 7.72102E-03   8.97714E-04   6.02565E-05   1.13730E-04   1.74687E-12     1660.01  0
 7.74102E-03   8.75346E-04   5.82285E-05   1.13779E-04   1.61274E-12     1648.45  0
 7.76102E-03   8.53116E-04   5.54200E-05   1.13805E-04   1.48464E-12     1639.36  0
 7.78102E-03   8.30869E-04   5.33562E-05   1.13812E-04   1.36273E-12     1632.29  0
 7.80102E-03   8.05999E-04   5.03609E-05   1.12616E-04   1.20677E-12     1627.18  0
 7.82102E-03   7.84716E-04   4.83842E-05   1.13052E-04   1.08416E-12     1623.99  0
 7.84102E-03   7.60920E-04   4.59115E-05   1.12324E-04   1.07742E-12     1622.87  1
 7.86102E-03   4.43662E-05   1.06540E-04   4.10239E-05   1.14675E-12     1911.25  1
 7.88102E-03   7.39136E-05   1.10487E-04   6.47325E-05   1.19701E-12     2699.23  1
 7.90102E-03   9.74416E-05   1.12473E-04   7.10982E-05   1.25182E-12     3068.27  1
 7.92102E-03   1.19407E-04   1.13115E-04   7.34640E-05   1.30722E-12     3194.75  1
 7.94102E-03   1.41031E-04   1.13400E-04   7.51086E-05   1.36889E-12     3254.72  1
 7.96102E-03   1.62386E-04   1.13631E-04   7.63488E-05   1.43879E-12     3312.29  1
 7.98102E-03   1.83474E-04   1.13805E-04   7.74487E-05   1.51341E-12     3350.38  1
 8.00102E-03   2.03817E-04   1.13514E-04   8.00361E-05   1.62860E-12     3284.82  1
 8.02102E-03   2.25392E-04   1.13561E-04   8.33856E-05   1.71055E-12     3289.47  1
 8.04102E-03   2.46002E-04   1.13740E-04   8.51909E-05   1.79597E-12     3308.46  1
 8.06102E-03   2.69450E-04   1.13916E-04   8.64889E-05   1.88658E-12     3301.58  1
 8.08102E-03   2.90074E-04   1.14033E-04   8.76490E-05   2.00557E-12     3281.80  1
 8.10102E-03   3.10910E-04   1.14117E-04   9.30476E-05   2.12463E-12     3277.61  1
 8.12102E-03   3.31821E-04   1.14149E-04   9.52116E-05   2.23750E-12     3287.33  1
 8.14102E-03   3.52685E-04   1.14172E-04   9.65177E-05   2.34945E-12     3317.95  1
 8.16103E-03   3.73887E-04   1.14304E-04   9.76530E-05   2.46168E-12     3354.13  1
 8.18103E-03   3.94753E-04   1.14365E-04   9.87472E-05   2.58538E-12     3372.91  1
 8.20103E-03   4.17949E-04   1.14358E-04   1.04051E-04   2.70600E-12     3357.29  1
 8.22103E-03   4.39472E-04   1.14353E-04   1.07002E-04   2.83614E-12     3330.89  1
 8.24103E-03   4.60769E-04   1.14442E-04   1.09632E-04   2.96682E-12     3344.97  1
 8.26103E-03   4.82381E-04   1.14476E-04   1.11534E-04   3.09690E-12     3322.57  1
 8.28103E-03   5.03438E-04   1.14459E-04   1.12743E-04   3.22417E-12     3329.71  1
 8.30103E-03   5.24184E-04   1.14476E-04   1.17404E-04   3.34759E-12     3359.44  1
 8.32103E-03   5.45326E-04   1.14585E-04   1.19778E-04   3.46747E-12     3392.42  1
 8.34103E-03   5.66407E-04   1.14624E-04   1.21017E-04   3.58804E-12     3404.25  1
 8.36103E-03   5.89794E-04   1.14616E-04   1.22041E-04   3.69922E-12     3382.65  1
 8.38103E-03   6.09970E-04   1.14601E-04   1.22597E-04   3.80697E-12     3359.46  1
 8.40103E-03   6.30249E-04   1.14519E-04   1.22945E-04   3.91399E-12     3343.02  1
 8.42103E-03   6.53449E-04   1.14424E-04   1.23266E-04   4.01048E-12     3344.45  1
 8.44103E-03   6.71054E-04   1.14572E-04   1.23529E-04   4.10117E-12     3338.53  1
 8.46103E-03   6.90627E-04   1.14666E-04   1.23676E-04   4.19188E-12     3340.21  1
 8.48103E-03   7.10397E-04   1.14622E-04   1.23726E-04   4.27523E-12     3360.10  1
 8.50103E-03   7.29073E-04   1.14607E-04   1.23687E-04   4.35449E-12     3394.86  1
 8.52103E-03   7.45171E-04   1.14685E-04   1.23595E-04   4.43419E-12     3423.43  1
 8.54103E-03   7.63761E-04   1.14695E-04   1.23433E-04   4.50828E-12     3427.02  1
 8.56103E-03   7.85846E-04   1.14655E-04   1.23245E-04   4.57823E-12     3399.63  1
 8.58103E-03   8.02300E-04   1.14618E-04   1.23032E-04   4.64258E-12     3376.90  1
 8.60103E-03   8.21317E-04   1.14568E-04   1.22827E-04   4.70408E-12     3369.05  1
 8.62103E-03   8.41802E-04   1.14493E-04   1.22576E-04   4.75813E-12     3357.52  1
 8.64103E-03   8.61967E-04   1.14489E-04   1.22307E-04   4.80999E-12     3370.78  1
 8.66103E-03   8.81884E-04   1.14465E-04   1.22036E-04   4.85565E-12     3401.30  1
 8.68103E-03   9.01593E-04   1.14487E-04   1.21738E-04   4.89880E-12     3422.15  1
 8.70103E-03   9.15422E-04   1.14460E-04   1.21426E-04   4.94014E-12     3427.60  1
 8.72103E-03   9.36815E-04   1.14385E-04   1.21191E-04   4.97691E-12     3400.98  1
 8.74103E-03   9.56859E-04   1.14286E-04   1.20962E-04   5.00783E-12     3374.48  1
 8.76103E-03   9.76732E-04   1.14189E-04   1.20719E-04   5.03295E-12     3362.61  1
 8.78103E-03   9.95162E-04   1.14069E-04   1.20476E-04   5.05407E-12     3347.19  1
 8.80103E-03   1.00604E-03   1.13736E-04   1.20347E-04   4.90568E-12     3359.85  0
 8.82103E-03   1.00333E-03   1.13314E-04   1.23364E-04   4.73728E-12     2850.69  0
 8.84103E-03   9.94933E-04   1.11319E-04   1.23873E-04   4.55262E-12     2563.55  0
 8.86103E-03   9.91948E-04   1.08902E-04   1.23479E-04   4.36554E-12     2382.31  0
 8.88103E-03   9.83056E-04   1.06575E-04   1.21354E-04   4.17488E-12     2255.95  0
 8.90103E-03   9.80193E-04   1.03695E-04   1.19830E-04   3.98557E-12     2161.51  0
 8.92103E-03   9.71273E-04   1.00879E-04   1.19050E-04   3.79757E-12     2084.91  0
 8.94103E-03   9.67653E-04   9.82464E-05   1.18664E-04   3.61398E-12     2020.94  0
 8.96103E-03   9.58684E-04   9.50083E-05   1.18403E-04   3.43443E-12     1967.01  0
 8.98103E-03   9.55070E-04   9.27924E-05   1.18045E-04   3.25936E-12     1921.19  0
 9.00103E-03   9.42669E-04   8.87893E-05   1.17052E-04   3.05195E-12     1881.64  0
 9.02103E-03   9.41928E-04   8.63129E-05   1.17666E-04   2.88049E-12     1845.47  0
 9.04103E-03   9.33224E-04   8.34641E-05   1.17030E-04   2.71075E-12     1812.10  0
 9.06103E-03   9.28612E-04   8.05240E-05   1.16719E-04   2.54448E-12     1782.44  0
 9.08103E-03   9.18767E-04   7.82468E-05   1.16490E-04   2.38252E-12     1755.72  0
 9.10103E-03   9.09815E-04   7.53885E-05   1.16237E-04   2.22547E-12     1732.33  0
 9.12103E-03   9.03091E-04   7.32409E-05   1.15948E-04   2.07346E-12     1711.98  0
 9.14103E-03   8.93403E-04   7.05204E-05   1.15605E-04   1.92700E-12     1694.10  0
 9.16103E-03   8.82496E-04   6.83997E-05   1.15141E-04   1.78604E-12     1678.56  0
 9.18103E-03   8.71130E-04   6.58371E-05   1.14626E-04   1.65026E-12     1665.32  0
 9.20103E-03   8.54204E-04   6.35273E-05   1.13259E-04   1.48428E-12     1653.71  0
 9.22103E-03   8.40077E-04   6.12531E-05   1.14214E-04   1.35133E-12     1644.02  0
 9.24103E-03   8.19527E-04   5.89132E-05   1.13828E-04   1.22681E-12     1636.10  0
 9.26103E-03   7.98164E-04   5.70439E-05   1.13410E-04   1.11003E-12     1630.04  0
 9.28103E-03   7.76124E-04   5.42899E-05   1.12748E-04   1.00109E-12     1625.81  0
 9.30103E-03   7.48735E-04   5.27253E-05   1.11551E-04   9.95217E-13     1623.41  1
 9.32103E-03   4.16806E-05   1.06184E-04   4.80701E-05   1.07442E-12     1892.17  1
 9.34103E-03   7.09530E-05   1.10224E-04   6.11634E-05   1.13269E-12     2646.09  1
 9.36103E-03   9.85638E-05   1.12264E-04   6.66401E-05   1.19051E-12     3049.54  1
 9.38103E-03   1.18900E-04   1.12884E-04   7.28401E-05   1.25562E-12     3238.39  1
 9.40103E-03   1.39890E-04   1.13119E-04   7.59739E-05   1.35087E-12     3284.58  1
 9.42103E-03   1.60614E-04   1.13333E-04   8.12293E-05   1.43537E-12     3281.09  1
 9.44103E-03   1.81783E-04   1.13548E-04   8.34248E-05   1.52125E-12     3252.60  1
 9.46104E-03   2.02886E-04   1.13698E-04   8.48370E-05   1.60948E-12     3280.98  1
 9.48104E-03   2.24112E-04   1.13795E-04   8.60482E-05   1.69815E-12     3307.98  1
 9.50104E-03   2.45657E-04   1.13930E-04   8.71634E-05   1.80029E-12     3348.88  1
 9.52104E-03   2.70095E-04   1.13996E-04   9.27236E-05   1.90878E-12     3367.93  1
 9.54104E-03   2.89983E-04   1.14037E-04   9.47388E-05   2.02634E-12     3365.50  1
 9.56104E-03   3.10330E-04   1.14095E-04   9.60039E-05   2.14087E-12     3373.90  1
 9.58104E-03   3.31199E-04   1.14159E-04   9.71104E-05   2.25509E-12     3343.33  1
 9.60104E-03   3.52097E-04   1.14104E-04   9.81349E-05   2.37074E-12     3322.90  1
 9.62104E-03   3.74668E-04   1.14063E-04   9.91699E-05   2.49025E-12     3329.70  1
 9.64104E-03   3.96291E-04   1.14252E-04   1.05007E-04   2.61346E-12     3326.92  1
 9.66104E-03   4.17584E-04   1.14371E-04   1.07630E-04   2.73599E-12     3337.69  1
 9.68104E-03   4.38855E-04   1.14360E-04   1.08815E-04   2.85885E-12     3325.99  1
 9.70104E-03   4.60142E-04   1.14337E-04   1.09752E-04   2.98426E-12     3347.10  1
 9.72104E-03   4.81563E-04   1.14436E-04   1.15932E-04   3.11208E-12     3380.78  1
 9.74104E-03   5.06204E-04   1.14479E-04   1.18448E-04   3.24270E-12     3405.00  1
 9.76104E-03   5.26121E-04   1.14486E-04   1.22013E-04   3.36794E-12     3399.74  1
 9.78104E-03   5.46667E-04   1.14487E-04   1.26193E-04   3.48913E-12     3411.41  1
 9.80104E-03   5.65676E-04   1.14418E-04   1.28494E-04   3.60334E-12     3375.19  1
 9.82104E-03   5.91755E-04   1.14340E-04   1.29787E-04   3.71251E-12     3357.30  1
 9.84104E-03   6.11633E-04   1.14491E-04   1.30619E-04   3.82057E-12     3350.54  1
 9.86104E-03   6.32081E-04   1.14580E-04   1.31149E-04   3.92083E-12     3350.41  1
 9.88104E-03   6.52066E-04   1.14531E-04   1.31468E-04   4.01704E-12     3352.09  1
 9.90104E-03   6.72368E-04   1.14495E-04   1.31654E-04   4.10487E-12     3377.31  1
 9.92104E-03   6.92592E-04   1.14555E-04   1.31720E-04   4.19572E-12     3414.90  1
 9.94104E-03   7.16490E-04   1.14541E-04   1.31722E-04   4.28013E-12     3425.64  1
 9.96104E-03   7.35121E-04   1.14488E-04   1.31613E-04   4.35681E-12     3404.44  1
 9.98104E-03   7.55009E-04   1.14419E-04   1.31503E-04   4.42851E-12     3412.31  1
 1.00010E-02   7.69910E-04   1.14225E-04   1.31302E-04   4.50370E-12     3363.57  1
 1.00210E-02   7.89930E-04   1.14014E-04   1.31046E-04   4.41295E-12     3354.82  0
 1.00410E-02   7.86400E-04   1.13542E-04   1.30833E-04   4.30621E-12     2883.75  0
 1.00610E-02   7.85122E-04   1.12388E-04   1.30534E-04   4.18447E-12     2621.01  0
 1.00810E-02   7.82134E-04   1.09274E-04   1.30252E-04   4.05549E-12     2445.78  0
 1.01010E-02   7.77918E-04   1.07669E-04   1.30082E-04   3.92377E-12     2319.72  0
 1.01210E-02   7.77355E-04   1.04390E-04   1.29776E-04   3.78887E-12     2223.65  0
 1.01410E-02   7.76659E-04   1.02559E-04   1.29384E-04   3.65409E-12     2145.96  0
 1.01610E-02   7.75736E-04   9.90650E-05   1.28959E-04   3.52032E-12     2078.96  0
 1.01810E-02   7.74451E-04   9.68613E-05   1.28417E-04   3.38529E-12     2019.96  0
 1.02010E-02   7.69068E-04   9.36874E-05   1.27574E-04   3.24204E-12     1966.53  0
 1.02210E-02   7.66156E-04   9.10573E-05   1.27397E-04   3.10964E-12     1917.13  0
 1.02410E-02   7.58674E-04   8.85291E-05   1.26536E-04   2.97876E-12     1873.38  0
 1.02610E-02   7.56859E-04   8.57228E-05   1.25633E-04   2.84978E-12     1835.30  0
 1.02810E-02   7.55017E-04   8.33817E-05   1.24295E-04   2.72279E-12     1802.05  0
 1.03010E-02   7.44708E-04   8.06042E-05   1.21307E-04   2.59779E-12     1773.50  0
 1.03210E-02   7.35553E-04   7.83940E-05   1.19730E-04   2.47428E-12     1748.65  0
 1.03410E-02   7.27816E-04   7.56242E-05   1.18749E-04   2.35266E-12     1727.52  0
 1.03610E-02   7.23282E-04   7.34627E-05   1.17901E-04   2.23297E-12     1709.22  0
 1.03810E-02   7.15381E-04   7.08949E-05   1.17084E-04   2.11474E-12     1693.45  0
 1.04010E-02   7.08992E-04   6.82269E-05   1.15609E-04   1.94632E-12     1679.81  0
 1.04210E-02   7.03775E-04   6.57922E-05   1.15866E-04   1.81086E-12     1667.62  0
 1.04410E-02   6.96047E-04   6.35722E-05   1.15175E-04   1.68048E-12     1656.72  0
 1.04610E-02   6.90482E-04   6.14761E-05   1.14477E-04   1.55536E-12     1647.36  0
 1.04810E-02   6.83693E-04   5.91124E-05   1.13803E-04   1.43579E-12     1639.48  0
 1.05010E-02   6.75628E-04   5.76773E-05   1.12711E-04   1.32167E-12     1633.16  0
 1.05210E-02   6.68427E-04   5.48793E-05   1.10270E-04   1.31192E-12     1628.36  1
 1.05410E-02   4.30731E-05   1.06489E-04   4.34994E-05   1.38371E-12     1903.54  1
 1.05610E-02   7.15866E-05   1.10338E-04   6.14162E-05   1.43023E-12     2662.79  1
 1.05810E-02   9.51957E-05   1.12411E-04   7.01167E-05   1.47815E-12     3043.98  1
 1.06010E-02   1.17793E-04   1.12553E-04   7.36567E-05   1.50498E-12     3129.44  1
 1.06210E-02   1.42193E-04   1.13041E-04   8.00284E-05   1.55989E-12     3183.54  1
 1.06410E-02   1.64574E-04   1.13314E-04   8.24449E-05   1.62114E-12     3228.62  1
 1.06610E-02   1.85941E-04   1.13522E-04   8.38685E-05   1.68837E-12     3248.24  1
 1.06810E-02   2.07725E-04   1.13619E-04   8.50784E-05   1.75820E-12     3238.21  1
 1.07010E-02   2.29319E-04   1.13665E-04   8.61529E-05   1.82986E-12     3270.40  1
 1.07210E-02   2.50796E-04   1.13718E-04   8.71498E-05   1.90924E-12     3304.37  1
 1.07410E-02   2.72528E-04   1.13806E-04   9.14565E-05   2.00268E-12     3337.23  1
 1.07610E-02   2.96105E-04   1.13847E-04   9.34256E-05   2.09831E-12     3343.07  1
 1.07810E-02   3.17180E-04   1.13879E-04   9.47792E-05   2.19846E-12     3319.64  1
 1.08010E-02   3.36052E-04   1.13839E-04   9.57752E-05   2.29739E-12     3316.41  1
 1.08210E-02   3.60472E-04   1.13825E-04   9.67497E-05   2.39570E-12     3286.13  1
 1.08410E-02   3.80953E-04   1.13915E-04   9.76737E-05   2.49504E-12     3287.54  1
 1.08610E-02   4.02641E-04   1.14111E-04   9.86069E-05   2.59691E-12     3287.72  1
 1.08810E-02   4.23600E-04   1.14108E-04   1.02146E-04   2.70780E-12     3298.52  1
 1.09010E-02   4.44648E-04   1.14061E-04   1.05111E-04   2.81634E-12     3330.00  1
 1.09210E-02   4.65617E-04   1.14095E-04   1.07052E-04   2.92687E-12     3364.30  1
 1.09410E-02   4.87229E-04   1.14141E-04   1.08238E-04   3.04733E-12     3380.90  1
 1.09610E-02   5.11068E-04   1.14126E-04   1.10372E-04   3.16382E-12     3369.45  1
 1.09810E-02   5.31107E-04   1.14090E-04   1.12253E-04   3.28172E-12     3344.29  1
 1.10010E-02   5.51556E-04   1.13814E-04   1.18138E-04   3.28309E-12     3329.84  0
 1.10210E-02   5.52710E-04   1.13415E-04   1.22753E-04   3.21937E-12     2833.87  0
 1.10410E-02   5.50098E-04   1.11651E-04   1.26571E-04   3.13404E-12     2557.00  0
 1.10610E-02   5.48984E-04   1.09023E-04   1.29083E-04   3.04385E-12     2380.18  0
 1.10810E-02   5.47770E-04   1.07031E-04   1.30427E-04   2.94743E-12     2254.12  0
 1.11010E-02   5.45980E-04   1.03931E-04   1.31286E-04   2.85040E-12     2161.24  0
 1.11210E-02   5.41883E-04   1.01463E-04   1.31723E-04   2.75283E-12     2084.64  0
 1.11410E-02   5.38994E-04   9.85556E-05   1.31872E-04   2.65556E-12     2021.44  0
 1.11610E-02   5.37130E-04   9.56375E-05   1.31883E-04   2.55783E-12     1967.45  0
 1.11810E-02   5.34818E-04   9.31796E-05   1.31763E-04   2.45939E-12     1920.70  0
 1.12010E-02   5.28798E-04   8.94276E-05   1.31565E-04   2.33392E-12     1879.04  0
 1.12210E-02   5.28077E-04   8.75172E-05   1.33094E-04   2.22634E-12     1842.30  0
 1.12410E-02   5.24339E-04   8.41195E-05   1.33408E-04   2.11828E-12     1808.76  0
 1.12610E-02   5.22165E-04   8.24044E-05   1.33529E-04   2.01112E-12     1778.68  0
 1.12810E-02   5.16532E-04   7.91486E-05   1.33478E-04   1.90507E-12     1752.38  0
 1.13010E-02   5.13745E-04   7.74712E-05   1.32649E-04   1.80053E-12     1729.24  0
 1.13210E-02   5.10531E-04   7.43182E-05   1.31908E-04   1.69782E-12     1708.99  0
 1.13410E-02   5.04769E-04   7.26826E-05   1.30383E-04   1.59690E-12     1691.54  0
 1.13610E-02   5.02192E-04   6.96080E-05   1.29393E-04   1.49836E-12     1676.56  0
 1.13810E-02   4.96022E-04   6.79352E-05   1.28794E-04   1.40163E-12     1663.67  0
 1.14010E-02   4.91628E-04   6.48720E-05   1.28043E-04   1.28679E-12     1652.46  0
 1.14210E-02   4.86000E-04   6.31637E-05   1.30046E-04   1.19287E-12     1643.14  0
 1.14411E-02   4.79202E-04   6.05030E-05   1.28069E-04   1.10299E-12     1635.58  0
 1.14611E-02   4.69075E-04   5.85662E-05   1.27113E-04   1.01702E-12     1629.78  0
 1.14811E-02   4.63493E-04   5.63898E-05   1.26398E-04   9.35104E-13     1625.78  0
 1.15011E-02   4.54285E-04   5.40772E-05   1.25670E-04   9.52879E-13     1623.47  1
 1.15211E-02   4.37226E-05   1.06009E-04   4.39547E-05   1.04740E-12     1896.00  1
 1.15411E-02   7.05038E-05   1.10204E-04   6.16028E-05   1.12556E-12     2691.48  1
 1.15611E-02   9.43531E-05   1.12078E-04   7.01799E-05   1.20280E-12     3068.35  1
 1.15811E-02   1.18387E-04   1.12792E-04   7.29953E-05   1.28148E-12     3222.73  1
 1.16011E-02   1.38682E-04   1.12865E-04   7.59223E-05   1.37263E-12     3217.31  1
 1.16211E-02   1.62131E-04   1.13073E-04   8.08607E-05   1.46285E-12     3243.14  1
 1.16411E-02   1.84287E-04   1.13257E-04   8.29757E-05   1.55265E-12     3269.30  1
 1.16611E-02   2.05693E-04   1.13423E-04   8.43176E-05   1.64186E-12     3272.97  1
 1.16811E-02   2.27462E-04   1.13497E-04   8.54405E-05   1.73185E-12     3254.58  1
 1.17011E-02   2.49040E-04   1.13521E-04   8.64866E-05   1.82095E-12     3277.10  1
 1.17211E-02   2.70605E-04   1.13545E-04   8.74727E-05   1.91701E-12     3298.90  1
 1.17411E-02   2.92367E-04   1.13603E-04   9.25572E-05   1.86943E-12     3334.78  0
 1.17611E-02   2.95773E-04   1.13094E-04   9.44119E-05   1.81133E-12     2852.16  0
 1.17811E-02   2.97377E-04   1.10763E-04   9.56650E-05   1.74734E-12     2586.55  0
 1.18011E-02   2.97628E-04   1.08681E-04   9.66777E-05   1.68367E-12     2421.18  0
 1.18211E-02   2.98879E-04   1.06064E-04   9.75755E-05   1.61421E-12     2291.66  0
 1.18411E-02   3.01033E-04   1.03428E-04   9.84397E-05   1.54508E-12     2191.74  0
 1.18611E-02   3.02399E-04   1.00413E-04   9.92556E-05   1.48342E-12     2111.08  0
 1.18811E-02   3.02787E-04   9.80577E-05   1.02656E-04   1.42379E-12     2041.61  0
 1.19011E-02   3.02919E-04   9.46599E-05   1.05242E-04   1.36750E-12     1984.19  0
 1.19211E-02   3.02968E-04   9.26515E-05   1.06196E-04   1.31486E-12     1934.94  0
 1.19411E-02   3.03037E-04   8.91253E-05   1.06733E-04   1.26525E-12     1891.06  0
 1.19611E-02   3.03093E-04   8.67112E-05   1.07020E-04   1.21767E-12     1852.51  0
 1.19811E-02   3.03122E-04   8.37569E-05   1.07107E-04   1.17060E-12     1818.14  0
 1.20011E-02   3.03123E-04   8.12053E-05   1.07041E-04   1.12286E-12     1787.54  0
 1.20211E-02   3.03099E-04   7.85415E-05   1.06829E-04   1.07410E-12     1760.31  0
 1.20411E-02   3.03047E-04   7.57967E-05   1.06472E-04   1.02477E-12     1736.26  0
 1.20611E-02   3.02970E-04   7.34379E-05   1.05987E-04   9.75126E-13     1715.59  0
 1.20811E-02   3.02866E-04   7.08532E-05   1.05383E-04   9.25464E-13     1697.90  0
 1.21011E-02   3.02738E-04   6.86199E-05   1.04681E-04   8.76025E-13     1682.57  0
 1.21211E-02   3.02579E-04   6.63811E-05   1.03910E-04   8.27102E-13     1669.42  0
 1.21411E-02   3.02386E-04   6.39594E-05   1.03467E-04   7.78472E-13     1658.14  0
 1.21611E-02   3.02156E-04   6.22892E-05   1.03140E-04   7.30559E-13     1648.53  0
 1.21811E-02   3.01874E-04   5.94095E-05   1.02896E-04   6.83579E-13     1640.81  0
 1.22011E-02   3.01524E-04   5.78432E-05   1.02809E-04   6.37485E-13     1634.58  0
 1.22211E-02   3.01110E-04   5.49968E-05   1.02716E-04   5.92715E-13     1629.69  0
 1.22411E-02   3.00533E-04   5.33090E-05   1.02607E-04   5.49548E-13     1626.10  0
 1.22611E-02   2.94487E-04   5.08348E-05   1.02477E-04   5.07845E-13     1623.82  0
 1.22811E-02   2.86380E-04   4.88458E-05   1.02322E-04   4.68089E-13     1622.94  0
 1.23011E-02   2.82551E-04   4.72089E-05   1.02191E-04   4.30016E-13     1622.66  0
 1.23211E-02   2.74683E-04   4.45815E-05   1.02120E-04   3.93762E-13     1622.26  0
 1.23411E-02   2.71033E-04   4.31757E-05   1.02007E-04   3.59424E-13     1621.76  0
 1.23611E-02   2.61277E-04   4.08952E-05   1.01851E-04   3.26604E-13     1621.15  0
 1.23811E-02   2.50678E-04   3.90913E-05   1.01652E-04   2.95524E-13     1620.43  0
 1.24011E-02   2.38838E-04   3.77956E-05   1.01411E-04   2.66092E-13     1619.59  0
 1.24211E-02   2.36065E-04   3.53566E-05   1.01127E-04   2.38038E-13     1618.66  0
 1.24411E-02   2.34168E-04   3.39379E-05   1.00801E-04   2.11437E-13     1617.60  0
 1.24611E-02   2.31194E-04   3.31374E-05   1.00429E-04   1.86467E-13     1616.41  0
 1.24811E-02   2.21642E-04   3.29140E-05   1.00010E-04   1.62940E-13     1615.08  0
 1.25011E-02   2.12814E-04   3.26852E-05   9.95441E-05   1.40954E-13     1613.60  0
 1.25211E-02   2.04217E-04   3.12757E-05   9.90176E-05   1.20562E-13     1611.97  0
 1.25411E-02   1.95279E-04   2.87911E-05   9.84208E-05   1.01636E-13     1610.17  0
 1.25611E-02   1.86238E-04   2.65515E-05   9.77578E-05   8.42593E-14     1608.19  0
 1.25811E-02   1.78009E-04   2.43469E-05   9.69425E-05   6.85809E-14     1606.03  0
 1.26011E-02   1.75475E-04   2.28448E-05   9.33956E-05   5.45854E-14     1603.71  0
 1.26211E-02   1.72942E-04   2.02884E-05   8.62881E-05   4.20842E-14     1601.16  0
 1.26411E-02   1.65677E-04   1.89812E-05   7.82313E-05   3.13293E-14     1598.40  0
 1.26611E-02   1.49673E-04   1.79465E-05   7.24004E-05   2.23146E-14     1595.41  0
 1.26811E-02   1.34073E-04   1.58633E-05   6.58784E-05   1.46747E-14     1592.26  0
 1.27011E-02   1.18567E-04   1.42000E-05   5.83892E-05   8.60746E-15     1588.80  0
 1.27211E-02   1.04987E-04   1.29293E-05   5.29888E-05   4.21883E-15     1585.01  0
 1.27411E-02   8.62912E-05   1.01042E-05   4.33833E-05   1.26865E-15     1580.36  0
 1.27611E-02   6.17357E-05   8.00134E-06   3.36072E-05   3.02227E-17     1574.57  0
 1.27811E-02   2.07461E-05   3.22436E-06   1.41107E-05   0.00000E+00     1565.16  0
 1.28011E-02   0.00000E+00   0.00000E+00   0.00000E+00   0.00000E+00     1532.13  0
 1.28211E-02   0.00000E+00   0.00000E+00   0.00000E+00   0.00000E+00     1504.39  0
 1.28411E-02   0.00000E+00   0.00000E+00   0.00000E+00   0.00000E+00     1483.34  0
 1.28611E-02   0.00000E+00   0.00000E+00   0.00000E+00   0.00000E+00     1465.00  0
 1.28811E-02   0.00000E+00   0.00000E+00   0.00000E+00   0.00000E+00     1453.81  0
 1.29011E-02   0.00000E+00   0.00000E+00   0.00000E+00   0.00000E+00     1443.49  0
 1.29211E-02   0.00000E+00   0.00000E+00   0.00000E+00   0.00000E+00     1433.24  0
 1.29411E-02   0.00000E+00   0.00000E+00   0.00000E+00   0.00000E+00     1423.09  0
 1.29611E-02   0.00000E+00   0.00000E+00   0.00000E+00   0.00000E+00     1413.08  0
 1.29811E-02   0.00000E+00   0.00000E+00   0.00000E+00   0.00000E+00     1403.21  0
 1.30011E-02   0.00000E+00   0.00000E+00   0.00000E+00   0.00000E+00     1393.50  0
 1.30211E-02   0.00000E+00   0.00000E+00   0.00000E+00   0.00000E+00     1383.97  0
 1.30411E-02   0.00000E+00   0.00000E+00   0.00000E+00   0.00000E+00     1374.61  0
 1.30611E-02   0.00000E+00   0.00000E+00   0.00000E+00   0.00000E+00     1365.43  0
 1.30811E-02   0.00000E+00   0.00000E+00   0.00000E+00   0.00000E+00     1356.43  0
 1.31011E-02   0.00000E+00   0.00000E+00   0.00000E+00   0.00000E+00     1347.61  0
 1.31211E-02   0.00000E+00   0.00000E+00   0.00000E+00   0.00000E+00     1338.96  0
 1.31411E-02   0.00000E+00   0.00000E+00   0.00000E+00   0.00000E+00     1330.50  0
 1.31611E-02   0.00000E+00   0.00000E+00   0.00000E+00   0.00000E+00     1322.22  0
 1.31811E-02   0.00000E+00   0.00000E+00   0.00000E+00   0.00000E+00     1314.11  0
 1.32011E-02   0.00000E+00   0.00000E+00   0.00000E+00   0.00000E+00     1306.16  0
 1.32211E-02   0.00000E+00   0.00000E+00   0.00000E+00   0.00000E+00     1298.38  0
 1.32411E-02   0.00000E+00   0.00000E+00   0.00000E+00   0.00000E+00     1290.76  0
 1.32611E-02   0.00000E+00   0.00000E+00   0.00000E+00   0.00000E+00     1283.29  0
 1.32811E-02   0.00000E+00   0.00000E+00   0.00000E+00   0.00000E+00     1275.96  0
 1.33011E-02   0.00000E+00   0.00000E+00   0.00000E+00   0.00000E+00     1268.79  0
 1.33211E-02   0.00000E+00   0.00000E+00   0.00000E+00   0.00000E+00     1261.75  0
 1.33411E-02   0.00000E+00   0.00000E+00   0.00000E+00   0.00000E+00     1254.85  0
 1.33611E-02   0.00000E+00   0.00000E+00   0.00000E+00   0.00000E+00     1248.09  0
 1.33811E-02   0.00000E+00   0.00000E+00   0.00000E+00   0.00000E+00     1241.45  0
 1.34011E-02   0.00000E+00   0.00000E+00   0.00000E+00   0.00000E+00     1234.93  0
 1.34211E-02   0.00000E+00   0.00000E+00   0.00000E+00   0.00000E+00     1228.54  0
 1.34411E-02   0.00000E+00   0.00000E+00   0.00000E+00   0.00000E+00     1222.26  0
 1.34611E-02   0.00000E+00   0.00000E+00   0.00000E+00   0.00000E+00     1216.09  0
 1.34811E-02   0.00000E+00   0.00000E+00   0.00000E+00   0.00000E+00     1210.04  0
 1.35011E-02   0.00000E+00   0.00000E+00   0.00000E+00   0.00000E+00     1204.10  0
 1.35211E-02   0.00000E+00   0.00000E+00   0.00000E+00   0.00000E+00     1198.27  0
 1.35411E-02   0.00000E+00   0.00000E+00   0.00000E+00   0.00000E+00     1192.53  0
 1.35611E-02   0.00000E+00   0.00000E+00   0.00000E+00   0.00000E+00     1186.90  0
 1.35811E-02   0.00000E+00   0.00000E+00   0.00000E+00   0.00000E+00     1181.36  0
 1.36011E-02   0.00000E+00   0.00000E+00   0.00000E+00   0.00000E+00     1176.45  0
 1.36211E-02   0.00000E+00   0.00000E+00   0.00000E+00   0.00000E+00     1172.14  0
 1.36411E-02   0.00000E+00   0.00000E+00   0.00000E+00   0.00000E+00     1167.87  0
 1.36611E-02   0.00000E+00   0.00000E+00   0.00000E+00   0.00000E+00     1163.66  0
 1.36811E-02   0.00000E+00   0.00000E+00   0.00000E+00   0.00000E+00     1159.49  0
 1.37011E-02   0.00000E+00   0.00000E+00   0.00000E+00   0.00000E+00     1155.38  0
 1.37211E-02   0.00000E+00   0.00000E+00   0.00000E+00   0.00000E+00     1151.31  0
 1.37411E-02   0.00000E+00   0.00000E+00   0.00000E+00   0.00000E+00     1147.28  0
 1.37611E-02   0.00000E+00   0.00000E+00   0.00000E+00   0.00000E+00     1143.31  0
 1.37811E-02   0.00000E+00   0.00000E+00   0.00000E+00   0.00000E+00     1139.38  0
 1.38011E-02   0.00000E+00   0.00000E+00   0.00000E+00   0.00000E+00     1135.49  0
 1.38211E-02   0.00000E+00   0.00000E+00   0.00000E+00   0.00000E+00     1131.65  0
 1.38411E-02   0.00000E+00   0.00000E+00   0.00000E+00   0.00000E+00     1127.84  0
 1.38611E-02   0.00000E+00   0.00000E+00   0.00000E+00   0.00000E+00     1124.08  0
 1.38811E-02   0.00000E+00   0.00000E+00   0.00000E+00   0.00000E+00     1120.37  0
 1.39011E-02   0.00000E+00   0.00000E+00   0.00000E+00   0.00000E+00     1116.69  0
 1.39211E-02   0.00000E+00   0.00000E+00   0.00000E+00   0.00000E+00     1113.06  0
 1.39411E-02   0.00000E+00   0.00000E+00   0.00000E+00   0.00000E+00     1109.47  0
 1.39611E-02   0.00000E+00   0.00000E+00   0.00000E+00   0.00000E+00     1105.92  0
 1.39811E-02   0.00000E+00   0.00000E+00   0.00000E+00   0.00000E+00     1102.40  0
 1.40011E-02   0.00000E+00   0.00000E+00   0.00000E+00   0.00000E+00     1098.93  0
 1.40211E-02   0.00000E+00   0.00000E+00   0.00000E+00   0.00000E+00     1095.49  0
 1.40411E-02   0.00000E+00   0.00000E+00   0.00000E+00   0.00000E+00     1092.10  0
 1.40611E-02   0.00000E+00   0.00000E+00   0.00000E+00   0.00000E+00     1088.83  0
 1.40811E-02   0.00000E+00   0.00000E+00   0.00000E+00   0.00000E+00     1085.60  0
 1.41011E-02   0.00000E+00   0.00000E+00   0.00000E+00   0.00000E+00     1082.39  0
 1.41211E-02   0.00000E+00   0.00000E+00   0.00000E+00   0.00000E+00     1079.21  0
 1.41411E-02   0.00000E+00   0.00000E+00   0.00000E+00   0.00000E+00     1076.07  0
 1.41611E-02   0.00000E+00   0.00000E+00   0.00000E+00   0.00000E+00     1072.95  0
 1.41811E-02   0.00000E+00   0.00000E+00   0.00000E+00   0.00000E+00     1069.87  0
 1.42011E-02   0.00000E+00   0.00000E+00   0.00000E+00   0.00000E+00     1066.81  0
 1.42211E-02   0.00000E+00   0.00000E+00   0.00000E+00   0.00000E+00     1063.79  0
 1.42411E-02   0.00000E+00   0.00000E+00   0.00000E+00   0.00000E+00     1061.07  0
 1.42611E-02   0.00000E+00   0.00000E+00   0.00000E+00   0.00000E+00     1058.81  0
 1.42811E-02   0.00000E+00   0.00000E+00   0.00000E+00   0.00000E+00     1056.57  0
 1.43011E-02   0.00000E+00   0.00000E+00   0.00000E+00   0.00000E+00     1054.35  0
 1.43211E-02   0.00000E+00   0.00000E+00   0.00000E+00   0.00000E+00     1052.14  0
 1.43411E-02   0.00000E+00   0.00000E+00   0.00000E+00   0.00000E+00     1050.00  0
 1.43611E-02   0.00000E+00   0.00000E+00   0.00000E+00   0.00000E+00     1047.87  0
 1.43811E-02   0.00000E+00   0.00000E+00   0.00000E+00   0.00000E+00     1045.75  0
 1.44011E-02   0.00000E+00   0.00000E+00   0.00000E+00   0.00000E+00     1043.64  0
 1.44211E-02   0.00000E+00   0.00000E+00   0.00000E+00   0.00000E+00     1041.57  0
 1.44411E-02   0.00000E+00   0.00000E+00   0.00000E+00   0.00000E+00     1039.54  0
 1.44611E-02   0.00000E+00   0.00000E+00   0.00000E+00   0.00000E+00     1037.53  0
 1.44811E-02   0.00000E+00   0.00000E+00   0.00000E+00   0.00000E+00     1035.54  0
 1.45011E-02   0.00000E+00   0.00000E+00   0.00000E+00   0.00000E+00     1033.55  0
 1.45211E-02   0.00000E+00   0.00000E+00   0.00000E+00   0.00000E+00     1031.58  0
 1.45411E-02   0.00000E+00   0.00000E+00   0.00000E+00   0.00000E+00     1029.61  0
 1.45611E-02   0.00000E+00   0.00000E+00   0.00000E+00   0.00000E+00     1027.69  0
 1.45811E-02   0.00000E+00   0.00000E+00   0.00000E+00   0.00000E+00     1025.79  0
 1.46011E-02   0.00000E+00   0.00000E+00   0.00000E+00   0.00000E+00     1023.91  0
 1.46211E-02   0.00000E+00   0.00000E+00   0.00000E+00   0.00000E+00     1022.03  0
 1.46411E-02   0.00000E+00   0.00000E+00   0.00000E+00   0.00000E+00     1020.16  0
 1.46611E-02   0.00000E+00   0.00000E+00   0.00000E+00   0.00000E+00     1018.30  0
 1.46811E-02   0.00000E+00   0.00000E+00   0.00000E+00   0.00000E+00     1016.46  0
 1.47011E-02   0.00000E+00   0.00000E+00   0.00000E+00   0.00000E+00     1014.66  0
 1.47211E-02   0.00000E+00   0.00000E+00   0.00000E+00   0.00000E+00     1012.87  0
 1.47411E-02   0.00000E+00   0.00000E+00   0.00000E+00   0.00000E+00     1011.10  0
 1.47611E-02   0.00000E+00   0.00000E+00   0.00000E+00   0.00000E+00     1009.33  0
 1.47811E-02   0.00000E+00   0.00000E+00   0.00000E+00   0.00000E+00     1007.57  0
 1.48011E-02   0.00000E+00   0.00000E+00   0.00000E+00   0.00000E+00     1005.82  0
 1.48211E-02   0.00000E+00   0.00000E+00   0.00000E+00   0.00000E+00     1004.08  0
 1.48411E-02   0.00000E+00   0.00000E+00   0.00000E+00   0.00000E+00     1002.38  0
 1.48611E-02   0.00000E+00   0.00000E+00   0.00000E+00   0.00000E+00     1000.69  0
 1.48811E-02   0.00000E+00   0.00000E+00   0.00000E+00   0.00000E+00      999.02  0
 1.49011E-02   0.00000E+00   0.00000E+00   0.00000E+00   0.00000E+00      997.35  0
 1.49211E-02   0.00000E+00   0.00000E+00   0.00000E+00   0.00000E+00      995.69  0
 1.49411E-02   0.00000E+00   0.00000E+00   0.00000E+00   0.00000E+00      994.04  0
 1.49611E-02   0.00000E+00   0.00000E+00   0.00000E+00   0.00000E+00      992.39  0
 1.49811E-02   0.00000E+00   0.00000E+00   0.00000E+00   0.00000E+00      990.76  0
 1.50011E-02   0.00000E+00   0.00000E+00   0.00000E+00   0.00000E+00      989.16  0
 1.50211E-02   0.00000E+00   0.00000E+00   0.00000E+00   0.00000E+00      987.57  0
 1.50411E-02   0.00000E+00   0.00000E+00   0.00000E+00   0.00000E+00      986.01  0
 1.50611E-02   0.00000E+00   0.00000E+00   0.00000E+00   0.00000E+00      984.46  0
 1.50811E-02   0.00000E+00   0.00000E+00   0.00000E+00   0.00000E+00      982.91  0
 1.51011E-02   0.00000E+00   0.00000E+00   0.00000E+00   0.00000E+00      981.37  0
 1.51211E-02   0.00000E+00   0.00000E+00   0.00000E+00   0.00000E+00      979.83  0
 1.51411E-02   0.00000E+00   0.00000E+00   0.00000E+00   0.00000E+00      978.30  0
 1.51611E-02   0.00000E+00   0.00000E+00   0.00000E+00   0.00000E+00      976.78  0
 1.51811E-02   0.00000E+00   0.00000E+00   0.00000E+00   0.00000E+00      975.29  0
 1.52011E-02   0.00000E+00   0.00000E+00   0.00000E+00   0.00000E+00      973.82  0
 1.52211E-02   0.00000E+00   0.00000E+00   0.00000E+00   0.00000E+00      972.35  0
 1.52411E-02   0.00000E+00   0.00000E+00   0.00000E+00   0.00000E+00      970.89  0
 1.52611E-02   0.00000E+00   0.00000E+00   0.00000E+00   0.00000E+00      969.43  0
 1.52811E-02   0.00000E+00   0.00000E+00   0.00000E+00   0.00000E+00      967.99  0
 1.53011E-02   0.00000E+00   0.00000E+00   0.00000E+00   0.00000E+00      966.54  0
 1.53211E-02   0.00000E+00   0.00000E+00   0.00000E+00   0.00000E+00      965.11  0
 1.53411E-02   0.00000E+00   0.00000E+00   0.00000E+00   0.00000E+00      963.68  0
 1.53611E-02   0.00000E+00   0.00000E+00   0.00000E+00   0.00000E+00      962.25  0
 1.53811E-02   0.00000E+00   0.00000E+00   0.00000E+00   0.00000E+00      960.87  0
 1.54011E-02   0.00000E+00   0.00000E+00   0.00000E+00   0.00000E+00      959.49  0
 1.54211E-02   0.00000E+00   0.00000E+00   0.00000E+00   0.00000E+00      958.11  0
 1.54411E-02   0.00000E+00   0.00000E+00   0.00000E+00   0.00000E+00      956.75  0
 1.54611E-02   0.00000E+00   0.00000E+00   0.00000E+00   0.00000E+00      955.39  0
 1.54811E-02   0.00000E+00   0.00000E+00   0.00000E+00   0.00000E+00      954.03  0
 1.55011E-02   0.00000E+00   0.00000E+00   0.00000E+00   0.00000E+00      952.68  0
 1.55211E-02   0.00000E+00   0.00000E+00   0.00000E+00   0.00000E+00      951.33  0
 1.55411E-02   0.00000E+00   0.00000E+00   0.00000E+00   0.00000E+00      949.99  0
 1.55611E-02   0.00000E+00   0.00000E+00   0.00000E+00   0.00000E+00      948.66  0
 1.55811E-02   0.00000E+00   0.00000E+00   0.00000E+00   0.00000E+00      947.33  0
 1.56011E-02   0.00000E+00   0.00000E+00   0.00000E+00   0.00000E+00      946.04  0
 1.56211E-02   0.00000E+00   0.00000E+00   0.00000E+00   0.00000E+00      944.75  0
 1.56411E-02   0.00000E+00   0.00000E+00   0.00000E+00   0.00000E+00      943.47  0
 1.56611E-02   0.00000E+00   0.00000E+00   0.00000E+00   0.00000E+00      942.19  0
 1.56811E-02   0.00000E+00   0.00000E+00   0.00000E+00   0.00000E+00      940.92  0
 1.57011E-02   0.00000E+00   0.00000E+00   0.00000E+00   0.00000E+00      939.65  0
 1.57211E-02   0.00000E+00   0.00000E+00   0.00000E+00   0.00000E+00      938.39  0
 1.57411E-02   0.00000E+00   0.00000E+00   0.00000E+00   0.00000E+00      937.13  0
 1.57611E-02   0.00000E+00   0.00000E+00   0.00000E+00   0.00000E+00      935.88  0
 1.57811E-02   0.00000E+00   0.00000E+00   0.00000E+00   0.00000E+00      934.64  0
 1.58011E-02   0.00000E+00   0.00000E+00   0.00000E+00   0.00000E+00      933.41  0
 1.58211E-02   0.00000E+00   0.00000E+00   0.00000E+00   0.00000E+00      932.19  0
 1.58411E-02   0.00000E+00   0.00000E+00   0.00000E+00   0.00000E+00      930.98  0
 1.58611E-02   0.00000E+00   0.00000E+00   0.00000E+00   0.00000E+00      929.79  0
 1.58811E-02   0.00000E+00   0.00000E+00   0.00000E+00   0.00000E+00      928.60  0
 1.59011E-02   0.00000E+00   0.00000E+00   0.00000E+00   0.00000E+00      927.42  0
 1.59211E-02   0.00000E+00   0.00000E+00   0.00000E+00   0.00000E+00      926.24  0
 1.59411E-02   0.00000E+00   0.00000E+00   0.00000E+00   0.00000E+00      925.06  0
 1.59611E-02   0.00000E+00   0.00000E+00   0.00000E+00   0.00000E+00      923.89  0
 1.59811E-02   0.00000E+00   0.00000E+00   0.00000E+00   0.00000E+00      922.73  0
 1.60011E-02   0.00000E+00   0.00000E+00   0.00000E+00   0.00000E+00      921.57  0
 1.60211E-02   0.00000E+00   0.00000E+00   0.00000E+00   0.00000E+00      920.41  0
 1.60411E-02   0.00000E+00   0.00000E+00   0.00000E+00   0.00000E+00      919.25  0
 1.60611E-02   0.00000E+00   0.00000E+00   0.00000E+00   0.00000E+00      918.11  0
 1.60811E-02   0.00000E+00   0.00000E+00   0.00000E+00   0.00000E+00      916.96  0
 1.61011E-02   0.00000E+00   0.00000E+00   0.00000E+00   0.00000E+00      915.82  0
 1.61211E-02   0.00000E+00   0.00000E+00   0.00000E+00   0.00000E+00      914.70  0
 1.61411E-02   0.00000E+00   0.00000E+00   0.00000E+00   0.00000E+00      913.59  0
 1.61611E-02   0.00000E+00   0.00000E+00   0.00000E+00   0.00000E+00      912.49  0
 1.61811E-02   0.00000E+00   0.00000E+00   0.00000E+00   0.00000E+00      911.39  0
 1.62011E-02   0.00000E+00   0.00000E+00   0.00000E+00   0.00000E+00      910.30  0
 1.62211E-02   0.00000E+00   0.00000E+00   0.00000E+00   0.00000E+00      909.21  0
 1.62411E-02   0.00000E+00   0.00000E+00   0.00000E+00   0.00000E+00      908.12  0
 1.62611E-02   0.00000E+00   0.00000E+00   0.00000E+00   0.00000E+00      907.03  0
 1.62811E-02   0.00000E+00   0.00000E+00   0.00000E+00   0.00000E+00      905.95  0
 1.63011E-02   0.00000E+00   0.00000E+00   0.00000E+00   0.00000E+00      904.88  0
 1.63211E-02   0.00000E+00   0.00000E+00   0.00000E+00   0.00000E+00      903.80  0
 1.63411E-02   0.00000E+00   0.00000E+00   0.00000E+00   0.00000E+00      902.74  0
 1.63611E-02   0.00000E+00   0.00000E+00   0.00000E+00   0.00000E+00      901.67  0
 1.63811E-02   0.00000E+00   0.00000E+00   0.00000E+00   0.00000E+00      900.61  0
 1.64011E-02   0.00000E+00   0.00000E+00   0.00000E+00   0.00000E+00      899.55  0
 1.64211E-02   0.00000E+00   0.00000E+00   0.00000E+00   0.00000E+00      898.50  0
 1.64411E-02   0.00000E+00   0.00000E+00   0.00000E+00   0.00000E+00      897.48  0
 1.64611E-02   0.00000E+00   0.00000E+00   0.00000E+00   0.00000E+00      896.45  0
 1.64810E-02   0.00000E+00   0.00000E+00   0.00000E+00   0.00000E+00      895.43  0
 1.65010E-02   0.00000E+00   0.00000E+00   0.00000E+00   0.00000E+00      894.41  0
 1.65210E-02   0.00000E+00   0.00000E+00   0.00000E+00   0.00000E+00      893.40  0
 1.65410E-02   0.00000E+00   0.00000E+00   0.00000E+00   0.00000E+00      892.39  0
 1.65610E-02   0.00000E+00   0.00000E+00   0.00000E+00   0.00000E+00      891.38  0
 1.65810E-02   0.00000E+00   0.00000E+00   0.00000E+00   0.00000E+00      890.38  0
 1.66010E-02   0.00000E+00   0.00000E+00   0.00000E+00   0.00000E+00      889.38  0
 1.66210E-02   0.00000E+00   0.00000E+00   0.00000E+00   0.00000E+00      888.38  0
 1.66410E-02   0.00000E+00   0.00000E+00   0.00000E+00   0.00000E+00      887.39  0
 1.66610E-02   0.00000E+00   0.00000E+00   0.00000E+00   0.00000E+00      886.40  0
 1.66810E-02   0.00000E+00   0.00000E+00   0.00000E+00   0.00000E+00      885.43  0
 1.67010E-02   0.00000E+00   0.00000E+00   0.00000E+00   0.00000E+00      884.45  0
 1.67210E-02   0.00000E+00   0.00000E+00   0.00000E+00   0.00000E+00      883.48  0
 1.67410E-02   0.00000E+00   0.00000E+00   0.00000E+00   0.00000E+00      882.51  0
 1.67610E-02   0.00000E+00   0.00000E+00   0.00000E+00   0.00000E+00      881.54  0
 1.67810E-02   0.00000E+00   0.00000E+00   0.00000E+00   0.00000E+00      880.59  0
 1.68010E-02   0.00000E+00   0.00000E+00   0.00000E+00   0.00000E+00      879.65  0
 1.68210E-02   0.00000E+00   0.00000E+00   0.00000E+00   0.00000E+00      878.72  0
 1.68410E-02   0.00000E+00   0.00000E+00   0.00000E+00   0.00000E+00      877.78  0
 1.68610E-02   0.00000E+00   0.00000E+00   0.00000E+00   0.00000E+00      876.85  0
 1.68810E-02   0.00000E+00   0.00000E+00   0.00000E+00   0.00000E+00      875.92  0
 1.69010E-02   0.00000E+00   0.00000E+00   0.00000E+00   0.00000E+00      875.00  0
 1.69210E-02   0.00000E+00   0.00000E+00   0.00000E+00   0.00000E+00      874.07  0
 1.69410E-02   0.00000E+00   0.00000E+00   0.00000E+00   0.00000E+00      873.15  0
 1.69610E-02   0.00000E+00   0.00000E+00   0.00000E+00   0.00000E+00      872.24  0
 1.69810E-02   0.00000E+00   0.00000E+00   0.00000E+00   0.00000E+00      871.32  0
 1.70010E-02   0.00000E+00   0.00000E+00   0.00000E+00   0.00000E+00      870.41  0
 1.70210E-02   0.00000E+00   0.00000E+00   0.00000E+00   0.00000E+00      869.50  0
 1.70410E-02   0.00000E+00   0.00000E+00   0.00000E+00   0.00000E+00      868.59  0
 1.70610E-02   0.00000E+00   0.00000E+00   0.00000E+00   0.00000E+00      867.69  0
 1.70810E-02   0.00000E+00   0.00000E+00   0.00000E+00   0.00000E+00      866.79  0
 1.71010E-02   0.00000E+00   0.00000E+00   0.00000E+00   0.00000E+00      865.89  0
 1.71210E-02   0.00000E+00   0.00000E+00   0.00000E+00   0.00000E+00      865.00  0
 1.71410E-02   0.00000E+00   0.00000E+00   0.00000E+00   0.00000E+00      864.10  0
 1.71610E-02   0.00000E+00   0.00000E+00   0.00000E+00   0.00000E+00      863.21  0
 1.71810E-02   0.00000E+00   0.00000E+00   0.00000E+00   0.00000E+00      862.34  0
 1.72010E-02   0.00000E+00   0.00000E+00   0.00000E+00   0.00000E+00      861.47  0
 1.72210E-02   0.00000E+00   0.00000E+00   0.00000E+00   0.00000E+00      860.61  0
 1.72410E-02   0.00000E+00   0.00000E+00   0.00000E+00   0.00000E+00      859.75  0
