# Melt Pool Geometry History
# time(s)  length(m)  depth(m)  width(m)  volume(m3)  Tpeak(K)  laser_on
 2.10000E-05   0.00000E+00   0.00000E+00   0.00000E+00   8.04322E-14      293.00  1
 4.10000E-05   4.50290E-05   1.03821E-04   4.36985E-05   2.36540E-13     1935.83  1
 6.10000E-05   7.08196E-05   1.09966E-04   5.80312E-05   3.70675E-13     2876.23  1
 8.10000E-05   9.22525E-05   1.12137E-04   6.44723E-05   4.96831E-13     3254.22  1
 1.01000E-04   1.13337E-04   1.12757E-04   6.71686E-05   6.19083E-13     3495.12  1
 1.21000E-04   1.35274E-04   1.13118E-04   6.84067E-05   7.36016E-13     3567.84  1
 1.41000E-04   1.56045E-04   1.13202E-04   6.92099E-05   8.42135E-13     3616.35  1
 1.61000E-04   1.76615E-04   1.13314E-04   6.97604E-05   9.42396E-13     3646.23  1
 1.81000E-04   1.93232E-04   1.13427E-04   7.01926E-05   1.05133E-12     3650.11  1
 2.01000E-04   2.12427E-04   1.12084E-04   7.08203E-05   1.20752E-12     3531.85  1
 2.21000E-04   2.33186E-04   1.12310E-04   8.06698E-05   1.33219E-12     3430.93  1
 2.41000E-04   2.52371E-04   1.12584E-04   8.33399E-05   1.44825E-12     3372.82  1
 2.61000E-04   2.71794E-04   1.12717E-04   8.47698E-05   1.41460E-12     3354.72  0
 2.81000E-04   2.73418E-04   1.11044E-04   8.58863E-05   1.37011E-12     2876.30  0
 3.01000E-04   2.73585E-04   1.08460E-04   8.68287E-05   1.31810E-12     2612.67  0
 3.21000E-04   2.73442E-04   1.05162E-04   8.76355E-05   1.26528E-12     2442.25  0
 3.41000E-04   2.73133E-04   1.02713E-04   8.83243E-05   1.21334E-12     2319.16  0
 3.61000E-04   2.72722E-04   9.85630E-05   8.89007E-05   1.15989E-12     2221.46  0
 3.81000E-04   2.72272E-04   9.47507E-05   8.93607E-05   1.11079E-12     2141.71  0
 4.01000E-04   2.70142E-04   9.15533E-05   8.83602E-05   1.07472E-12     2072.88  0
 4.21000E-04   2.72667E-04   8.80749E-05   8.89718E-05   1.03570E-12     2003.37  0
 4.41000E-04   2.73074E-04   8.40221E-05   9.01325E-05   9.91154E-13     1939.99  0
 4.61000E-04   2.73222E-04   8.06059E-05   9.03529E-05   9.44987E-13     1885.88  0
 4.81000E-04   2.73284E-04   7.77716E-05   9.02478E-05   8.98655E-13     1839.71  0
 5.01000E-04   2.73274E-04   7.37753E-05   8.99544E-05   8.52197E-13     1800.71  0
 5.21000E-04   2.73226E-04   7.03236E-05   8.95132E-05   8.05454E-13     1767.47  0
 5.41000E-04   2.73128E-04   6.77643E-05   8.89630E-05   7.58567E-13     1739.26  0
 5.61000E-04   2.72986E-04   6.39370E-05   8.83345E-05   7.11486E-13     1715.47  0
 5.81000E-04   2.72806E-04   6.08763E-05   8.76480E-05   6.63982E-13     1695.02  0
 6.01000E-04   2.72594E-04   5.80730E-05   8.69483E-05   6.16605E-13     1677.58  0
 6.21000E-04   2.72352E-04   5.44706E-05   8.62741E-05   5.69188E-13     1662.80  0
 6.41000E-04   2.72057E-04   5.23241E-05   8.56924E-05   5.22415E-13     1650.41  0
 6.61000E-04   2.71708E-04   4.88273E-05   8.53426E-05   4.76718E-13     1640.35  0
 6.81000E-04   2.71260E-04   4.62706E-05   8.51982E-05   4.32169E-13     1632.62  0
 7.01000E-04   2.70302E-04   4.35556E-05   8.51079E-05   3.89503E-13     1627.01  0
 7.21000E-04   2.61448E-04   4.08903E-05   8.50215E-05   3.48926E-13     1623.62  0
 7.41000E-04   2.60604E-04   3.85332E-05   8.49346E-05   3.10067E-13     1622.70  0
 7.61000E-04   2.52361E-04   3.60656E-05   8.48430E-05   3.53359E-13     1622.08  1
 7.81000E-04   4.62065E-05   1.02622E-04   4.66107E-05   4.82729E-13     1811.96  1
 8.01000E-04   7.43439E-05   1.09127E-04   6.03361E-05   5.72245E-13     2718.48  1
 8.21000E-04   9.64786E-05   1.11243E-04   6.65060E-05   6.65793E-13     3134.63  1
 8.41000E-04   1.17701E-04   1.12430E-04   6.85928E-05   7.63548E-13     3357.50  1
 8.61000E-04   1.38433E-04   1.12834E-04   7.39255E-05   8.81839E-13     3468.62  1
 8.81000E-04   1.58597E-04   1.13145E-04   8.04654E-05   1.00137E-12     3502.82  1
 9.01000E-04   1.78002E-04   1.13363E-04   8.26683E-05   1.12328E-12     3508.28  1
 9.21000E-04   1.97303E-04   1.13647E-04   8.40396E-05   1.24346E-12     3518.41  1
 9.41000E-04   2.17090E-04   1.13952E-04   8.52795E-05   1.36070E-12     3527.95  1
 9.61000E-04   2.36950E-04   1.14261E-04   8.64443E-05   1.47864E-12     3527.75  1
 9.81000E-04   2.56783E-04   1.14506E-04   8.75714E-05   1.59427E-12     3528.92  1
 1.00100E-03   2.75025E-04   1.14542E-04   8.85866E-05   1.73217E-12     3511.00  1
 1.02100E-03   2.95445E-04   1.14520E-04   9.48168E-05   1.86427E-12     3518.63  1
 1.04100E-03   3.15922E-04   1.14609E-04   9.68442E-05   1.99605E-12     3495.87  1
 1.06100E-03   3.35798E-04   1.14668E-04   9.81277E-05   2.12075E-12     3489.53  1
 1.08100E-03   3.55406E-04   1.14541E-04   9.92893E-05   2.25002E-12     3478.39  1
 1.10100E-03   3.75025E-04   1.14318E-04   1.08628E-04   2.38196E-12     3470.27  1
 1.12100E-03   3.94435E-04   1.14023E-04   1.11627E-04   2.50935E-12     3471.28  1
 1.14100E-03   4.13978E-04   1.13745E-04   1.13169E-04   2.62990E-12     3448.65  1
 1.16100E-03   4.31038E-04   1.13545E-04   1.14200E-04   2.74598E-12     3435.41  1
 1.18100E-03   4.50230E-04   1.13349E-04   1.18719E-04   2.85813E-12     3446.88  1
 1.20100E-03   4.67081E-04   1.13164E-04   1.21693E-04   2.96290E-12     3409.35  1
 1.22100E-03   4.93211E-04   1.12930E-04   1.23103E-04   3.06329E-12     3385.57  1
 1.24100E-03   5.12692E-04   1.12925E-04   1.23957E-04   3.00210E-12     3372.05  0
 1.26100E-03   5.14966E-04   1.11811E-04   1.24427E-04   2.92818E-12     2880.94  0
 1.28100E-03   5.15645E-04   1.08853E-04   1.24731E-04   2.84493E-12     2611.95  0
 1.30100E-03   5.15916E-04   1.06582E-04   1.24885E-04   2.75741E-12     2442.69  0
 1.32100E-03   5.15969E-04   1.03424E-04   1.24804E-04   2.66784E-12     2321.45  0
 1.34100E-03   5.15889E-04   9.99366E-05   1.24565E-04   2.57411E-12     2224.12  0
 1.36100E-03   5.15662E-04   9.76074E-05   1.24172E-04   2.48301E-12     2141.18  0
 1.38100E-03   5.11557E-04   9.35956E-05   1.23673E-04   2.38975E-12     2068.54  0
 1.40100E-03   5.05861E-04   9.00971E-05   1.22837E-04   2.27858E-12     1999.52  0
 1.42100E-03   5.02364E-04   8.77088E-05   1.25448E-04   2.18540E-12     1938.39  0
 1.44100E-03   4.96864E-04   8.38990E-05   1.26216E-04   2.08829E-12     1884.61  0
 1.46100E-03   4.93015E-04   8.10404E-05   1.26086E-04   1.99033E-12     1838.59  0
 1.48100E-03   4.87547E-04   7.82111E-05   1.25708E-04   1.89207E-12     1800.98  0
 1.50100E-03   4.83122E-04   7.49689E-05   1.25242E-04   1.79490E-12     1769.25  0
 1.52100E-03   4.77499E-04   7.27782E-05   1.23928E-04   1.69854E-12     1742.86  0
 1.54100E-03   4.73098E-04   6.94534E-05   1.21679E-04   1.60343E-12     1720.29  0
 1.56100E-03   4.67647E-04   6.75950E-05   1.19517E-04   1.50902E-12     1701.20  0
 1.58100E-03   4.63252E-04   6.43034E-05   1.18561E-04   1.41617E-12     1684.94  0
 1.60100E-03   4.58302E-04   6.17849E-05   1.16111E-04   1.26223E-12     1670.70  0
 1.62100E-03   4.53509E-04   5.90901E-05   1.23391E-04   1.16006E-12     1658.66  0
 1.64100E-03   4.50540E-04   5.74797E-05   1.23255E-04   1.06434E-12     1648.31  0
 1.66100E-03   4.43706E-04   5.44484E-05   1.22942E-04   9.73545E-13     1639.84  0
 1.68100E-03   4.40825E-04   5.28802E-05   1.22442E-04   8.87659E-13     1632.97  0
 1.70100E-03   4.33503E-04   5.01111E-05   1.22358E-04   8.06523E-13     1627.83  0
 1.72100E-03   4.27644E-04   4.84289E-05   1.22391E-04   7.30218E-13     1624.45  0
 1.74100E-03   4.14945E-04   4.62126E-05   1.22388E-04   7.32680E-13     1622.97  1
 1.76100E-03   4.45622E-05   1.03473E-04   4.41602E-05   8.29435E-13     1844.49  1
 1.78100E-03   6.94515E-05   1.09391E-04   6.10460E-05   8.94038E-13     2754.17  1
 1.80100E-03   9.11423E-05   1.11099E-04   6.67379E-05   9.56080E-13     3111.70  1
 1.82100E-03   1.11998E-04   1.12340E-04   7.13895E-05   1.03052E-12     3272.16  1
 1.84100E-03   1.32464E-04   1.12821E-04   7.88916E-05   1.11932E-12     3357.74  1
 1.86100E-03   1.52617E-04   1.13072E-04   8.15330E-05   1.20791E-12     3399.10  1
 1.88100E-03   1.72624E-04   1.13324E-04   8.29889E-05   1.30471E-12     3426.70  1
 1.90100E-03   1.92529E-04   1.13599E-04   8.43233E-05   1.40293E-12     3444.77  1
 1.92100E-03   2.12267E-04   1.13956E-04   8.55388E-05   1.50253E-12     3450.24  1
 1.94100E-03   2.31980E-04   1.14359E-04   8.66082E-05   1.60113E-12     3453.36  1
 1.96100E-03   2.51737E-04   1.14686E-04   8.76972E-05   1.70713E-12     3457.55  1
 1.98100E-03   2.71511E-04   1.14963E-04   9.36750E-05   1.82613E-12     3464.40  1
 2.00100E-03   2.89809E-04   1.15121E-04   9.66702E-05   1.95145E-12     3449.59  1
 2.02100E-03   3.09730E-04   1.15245E-04   9.85346E-05   2.07693E-12     3448.37  1
 2.04100E-03   3.29660E-04   1.15428E-04   1.07924E-04   2.20539E-12     3477.69  1
 2.06100E-03   3.49450E-04   1.15625E-04   1.15827E-04   2.34853E-12     3496.75  1
 2.08100E-03   3.69186E-04   1.15734E-04   1.21755E-04   2.49308E-12     3495.87  1
 2.10100E-03   3.88513E-04   1.15798E-04   1.30832E-04   2.64072E-12     3489.74  1
 2.12100E-03   4.07980E-04   1.15843E-04   1.34297E-04   2.79117E-12     3476.61  1
 2.14100E-03   4.27283E-04   1.15868E-04   1.41929E-04   2.94023E-12     3467.34  1
 2.16100E-03   4.46522E-04   1.15872E-04   1.43724E-04   3.08556E-12     3465.45  1
 2.18100E-03   4.65703E-04   1.15850E-04   1.44700E-04   3.22648E-12     3474.43  1
 2.20100E-03   4.83249E-04   1.15771E-04   1.46268E-04   3.36043E-12     3465.67  1
 2.22100E-03   5.05941E-04   1.15609E-04   1.49214E-04   3.48604E-12     3465.44  1
 2.24100E-03   5.25686E-04   1.15573E-04   1.50437E-04   3.60451E-12     3474.10  1
 2.26100E-03   5.45397E-04   1.15554E-04   1.51451E-04   3.71455E-12     3479.89  1
 2.28100E-03   5.64704E-04   1.15381E-04   1.52123E-04   3.81741E-12     3464.16  1
 2.30100E-03   5.84039E-04   1.15138E-04   1.52560E-04   3.91235E-12     3437.75  1
 2.32100E-03   6.03294E-04   1.14857E-04   1.52914E-04   4.00237E-12     3418.25  1
 2.34100E-03   6.23002E-04   1.14573E-04   1.53170E-04   4.08515E-12     3427.06  1
 2.36100E-03   6.42485E-04   1.14205E-04   1.53281E-04   4.15733E-12     3409.39  1
 2.38100E-03   6.61306E-04   1.13854E-04   1.53258E-04   4.22046E-12     3402.08  1
 2.40100E-03   6.74644E-04   1.13615E-04   1.53087E-04   4.27565E-12     3392.71  1
 2.42100E-03   6.90884E-04   1.13338E-04   1.52880E-04   4.32405E-12     3392.10  1
 2.44100E-03   7.05357E-04   1.13179E-04   1.52656E-04   4.36735E-12     3372.32  1
 2.46100E-03   7.18903E-04   1.13130E-04   1.52401E-04   4.24985E-12     3363.78  0
 2.48100E-03   7.16204E-04   1.12357E-04   1.52076E-04   4.12200E-12     2865.37  0
 2.50100E-03   7.10446E-04   1.09174E-04   1.51728E-04   3.98153E-12     2593.17  0
 2.52100E-03   7.06809E-04   1.07592E-04   1.51363E-04   3.83879E-12     2426.31  0
 2.54100E-03   7.00927E-04   1.03801E-04   1.50848E-04   3.69114E-12     2303.85  0
 2.56100E-03   6.97143E-04   1.00886E-04   1.50311E-04   3.54416E-12     2205.24  0
 2.58100E-03   6.91618E-04   9.80372E-05   1.49762E-04   3.39938E-12     2120.57  0
 2.60100E-03   6.87330E-04   9.40023E-05   1.48757E-04   3.20247E-12     2045.39  0
 2.62100E-03   6.81712E-04   9.10956E-05   1.51605E-04   3.05894E-12     1975.23  0
 2.64100E-03   6.77448E-04   8.80718E-05   1.49124E-04   2.90976E-12     1911.12  0
 2.66100E-03   6.72215E-04   8.44438E-05   1.47214E-04   2.76063E-12     1857.45  0
 2.68100E-03   6.66645E-04   8.18853E-05   1.46274E-04   2.61207E-12     1812.87  0
 2.70100E-03   6.63674E-04   7.84944E-05   1.45471E-04   2.46597E-12     1777.19  0
 2.72100E-03   6.56100E-04   7.53155E-05   1.44512E-04   2.32176E-12     1747.01  0
 2.74100E-03   6.53388E-04   7.29226E-05   1.43533E-04   2.18109E-12     1722.34  0
 2.76100E-03   6.46154E-04   6.94608E-05   1.42136E-04   2.04252E-12     1701.55  0
 2.78100E-03   6.43169E-04   6.75578E-05   1.38871E-04   1.90846E-12     1684.19  0
 2.80100E-03   6.32479E-04   6.40414E-05   1.34882E-04   1.71315E-12     1669.19  0
 2.82100E-03   6.36149E-04   6.21915E-05   1.38518E-04   1.57539E-12     1657.01  0
 2.84100E-03   6.28280E-04   5.91064E-05   1.39029E-04   1.44642E-12     1646.70  0
 2.86100E-03   6.21004E-04   5.74722E-05   1.38747E-04   1.32547E-12     1638.19  0
 2.88100E-03   6.10520E-04   5.43555E-05   1.35448E-04   1.21052E-12     1631.62  0
 2.90100E-03   6.03465E-04   5.28526E-05   1.34125E-04   1.10272E-12     1626.84  0
 2.92100E-03   5.90063E-04   5.01422E-05   1.32950E-04   1.00072E-12     1623.88  0
 2.94100E-03   5.78399E-04   4.84317E-05   1.31548E-04   9.04905E-13     1622.86  0
 2.96100E-03   5.66251E-04   4.63270E-05   1.29999E-04   8.93788E-13     1622.45  1
 2.98100E-03   4.24649E-05   1.03754E-04   4.31821E-05   9.65739E-13     1862.85  1
 3.00100E-03   6.94606E-05   1.08795E-04   6.18808E-05   1.01029E-12     2662.12  1
 3.02100E-03   9.66601E-05   1.11080E-04   7.45637E-05   1.07049E-12     3057.97  1
 3.04100E-03   1.15642E-04   1.12261E-04   7.80993E-05   1.13248E-12     3301.86  1
 3.06100E-03   1.35132E-04   1.12813E-04   8.01985E-05   1.20012E-12     3446.72  1
 3.08100E-03   1.55412E-04   1.13118E-04   8.19704E-05   1.27529E-12     3493.34  1
 3.10100E-03   1.73314E-04   1.13346E-04   8.32309E-05   1.35839E-12     3502.12  1
 3.12100E-03   1.93064E-04   1.13659E-04   8.43714E-05   1.44342E-12     3514.21  1
 3.14100E-03   2.12899E-04   1.14053E-04   8.56484E-05   1.53176E-12     3515.03  1
 3.16100E-03   2.32736E-04   1.14462E-04   8.68943E-05   1.62265E-12     3520.32  1
 3.18100E-03   2.52553E-04   1.14831E-04   8.80270E-05   1.72514E-12     3525.50  1
 3.20100E-03   2.72280E-04   1.14959E-04   9.50673E-05   1.83861E-12     3515.63  1
 3.22100E-03   2.94978E-04   1.15116E-04   9.72508E-05   1.95905E-12     3513.25  1
 3.24100E-03   3.15376E-04   1.15392E-04   9.89957E-05   2.08309E-12     3505.05  1
 3.26100E-03   3.35483E-04   1.15660E-04   1.08767E-04   2.21860E-12     3504.95  1
 3.28100E-03   3.55448E-04   1.15815E-04   1.18240E-04   2.36086E-12     3503.87  1
 3.30100E-03   3.74947E-04   1.15928E-04   1.24301E-04   2.50851E-12     3506.87  1
 3.32100E-03   3.94513E-04   1.16026E-04   1.30792E-04   2.65674E-12     3503.83  1
 3.34100E-03   4.14143E-04   1.16111E-04   1.34083E-04   2.80891E-12     3507.02  1
 3.36100E-03   4.33710E-04   1.16186E-04   1.40660E-04   2.96167E-12     3523.42  1
 3.38100E-03   4.53089E-04   1.16250E-04   1.42828E-04   3.11063E-12     3525.39  1
 3.40100E-03   4.69089E-04   1.16281E-04   1.44238E-04   3.25352E-12     3497.80  1
 3.42100E-03   4.95085E-04   1.16250E-04   1.45980E-04   3.38990E-12     3509.96  1
 3.44100E-03   5.14717E-04   1.16364E-04   1.49035E-04   3.52343E-12     3521.38  1
 3.46100E-03   5.34385E-04   1.16499E-04   1.50504E-04   3.65284E-12     3529.38  1
 3.48100E-03   5.53960E-04   1.16523E-04   1.51591E-04   3.77836E-12     3525.57  1
 3.50099E-03   5.70513E-04   1.16515E-04   1.52343E-04   3.89996E-12     3524.77  1
 3.52099E-03   5.87571E-04   1.16503E-04   1.52947E-04   4.01360E-12     3529.66  1
 3.54099E-03   6.05422E-04   1.16485E-04   1.53373E-04   4.12372E-12     3525.88  1
 3.56099E-03   6.22605E-04   1.16453E-04   1.53748E-04   4.22791E-12     3521.88  1
 3.58099E-03   6.38411E-04   1.16414E-04   1.53905E-04   4.32886E-12     3525.95  1
 3.60099E-03   6.52908E-04   1.16355E-04   1.53941E-04   4.42345E-12     3512.72  1
 3.62099E-03   6.67948E-04   1.16202E-04   1.53992E-04   4.50988E-12     3506.30  1
 3.64099E-03   6.84227E-04   1.16191E-04   1.53976E-04   4.59223E-12     3517.52  1
 3.66099E-03   6.97368E-04   1.16196E-04   1.54006E-04   4.66888E-12     3524.29  1
 3.68099E-03   7.14277E-04   1.16073E-04   1.53897E-04   4.73887E-12     3512.86  1
 3.70099E-03   7.27225E-04   1.15898E-04   1.53863E-04   4.80058E-12     3496.82  1
 3.72099E-03   7.43719E-04   1.15703E-04   1.53797E-04   4.85610E-12     3486.39  1
 3.74099E-03   7.57311E-04   1.15490E-04   1.53803E-04   4.90789E-12     3480.59  1
 3.76099E-03   7.73147E-04   1.15258E-04   1.53619E-04   4.95268E-12     3482.39  1
 3.78099E-03   7.87417E-04   1.15014E-04   1.53530E-04   4.98865E-12     3467.55  1
 3.80099E-03   8.02355E-04   1.14658E-04   1.53362E-04   5.01592E-12     3453.14  1
 3.82099E-03   8.19456E-04   1.14281E-04   1.53142E-04   5.03910E-12     3450.22  1
 3.84099E-03   8.35281E-04   1.14035E-04   1.52904E-04   5.05570E-12     3444.44  1
 3.86099E-03   8.48902E-04   1.13821E-04   1.52635E-04   5.06719E-12     3424.48  1
 3.88099E-03   8.64100E-04   1.13594E-04   1.52352E-04   5.07361E-12     3402.35  1
 3.90099E-03   8.76906E-04   1.13380E-04   1.52041E-04   5.07520E-12     3383.35  1
 3.92099E-03   8.94174E-04   1.13208E-04   1.51685E-04   4.91867E-12     3371.30  0
 3.94099E-03   8.89160E-04   1.12533E-04   1.51176E-04   4.75159E-12     2865.60  0
 3.96099E-03   8.86006E-04   1.09315E-04   1.50622E-04   4.57541E-12     2595.89  0
 3.98099E-03   8.83846E-04   1.07748E-04   1.50064E-04   4.39415E-12     2427.73  0
 4.00099E-03   8.75210E-04   1.04055E-04   1.48564E-04   4.19253E-12     2299.67  0
 4.02099E-03   8.72220E-04   1.01392E-04   1.48040E-04   4.00929E-12     2196.60  0
 4.04099E-03   8.69167E-04   9.82964E-05   1.47292E-04   3.82699E-12     2106.23  0
 4.06099E-03   8.61102E-04   9.47017E-05   1.46179E-04   3.64399E-12     2027.59  0
 4.08099E-03   8.57501E-04   9.24172E-05   1.44168E-04   3.46391E-12     1961.14  0
 4.10099E-03   8.49754E-04   8.85818E-05   1.41571E-04   3.28605E-12     1904.00  0
 4.12099E-03   8.45100E-04   8.53100E-05   1.40396E-04   3.11251E-12     1856.06  0
 4.14099E-03   8.37241E-04   8.28382E-05   1.39398E-04   2.94252E-12     1815.52  0
 4.16100E-03   8.31934E-04   7.91445E-05   1.38432E-04   2.77647E-12     1781.52  0
 4.18100E-03   8.22810E-04   7.65962E-05   1.37297E-04   2.61430E-12     1752.45  0
 4.20100E-03   8.15965E-04   7.27797E-05   1.34382E-04   2.38593E-12     1726.92  0
 4.22100E-03   8.06436E-04   6.96851E-05   1.38212E-04   2.22035E-12     1705.07  0
 4.24100E-03   7.97569E-04   6.76676E-05   1.35580E-04   2.06070E-12     1685.77  0
 4.26100E-03   7.91606E-04   6.42537E-05   1.34560E-04   1.90683E-12     1669.19  0
 4.28100E-03   7.81162E-04   6.24860E-05   1.33622E-04   1.75964E-12     1655.25  0
 4.30100E-03   7.70849E-04   5.91443E-05   1.32699E-04   1.61846E-12     1644.00  0
 4.32100E-03   7.60523E-04   5.74493E-05   1.31364E-04   1.48399E-12     1635.37  0
 4.34100E-03   7.50035E-04   5.42456E-05   1.27662E-04   1.35555E-12     1629.10  0
 4.36100E-03   7.39277E-04   5.26382E-05   1.25976E-04   1.23359E-12     1625.01  0
 4.38100E-03   7.29954E-04   4.95852E-05   1.24880E-04   1.11805E-12     1623.05  0
 4.40100E-03   7.17231E-04   4.75339E-05   1.21338E-04   9.83104E-13     1622.60  0
 4.42100E-03   7.07802E-04   4.46246E-05   1.23444E-04   9.51750E-13     1622.03  1
 4.44100E-03   4.64373E-05   1.03155E-04   4.30521E-05   1.01544E-12     1862.78  1
 4.46100E-03   7.33224E-05   1.09516E-04   6.09268E-05   1.05418E-12     2762.76  1
 4.48100E-03   9.64654E-05   1.11586E-04   7.03673E-05   1.10362E-12     3126.79  1
 4.50100E-03   1.17154E-04   1.12529E-04   7.33459E-05   1.15241E-12     3305.74  1
 4.52100E-03   1.37522E-04   1.12892E-04   7.48935E-05   1.20434E-12     3395.28  1
 4.54100E-03   1.57768E-04   1.13170E-04   7.62464E-05   1.26379E-12     3441.85  1
 4.56100E-03   1.77692E-04   1.13374E-04   7.74020E-05   1.33968E-12     3470.79  1
 4.58100E-03   1.97660E-04   1.13646E-04   8.25874E-05   1.42764E-12     3487.05  1
 4.60100E-03   2.17363E-04   1.13654E-04   8.45025E-05   1.53955E-12     3456.38  1
 4.62100E-03   2.36152E-04   1.14054E-04   9.25679E-05   1.64058E-12     3450.39  1
 4.64100E-03   2.55857E-04   1.14590E-04   9.47972E-05   1.74108E-12     3447.60  1
 4.66100E-03   2.75608E-04   1.15005E-04   9.62677E-05   1.84485E-12     3441.55  1
 4.68100E-03   2.94531E-04   1.15286E-04   9.93219E-05   1.95745E-12     3447.81  1
 4.70100E-03   3.14320E-04   1.15504E-04   1.08188E-04   2.08172E-12     3477.48  1
 4.72100E-03   3.33606E-04   1.15682E-04   1.15634E-04   2.21257E-12     3479.57  1
 4.74100E-03   3.50720E-04   1.15829E-04   1.19976E-04   2.35664E-12     3481.94  1
 4.76100E-03   3.70221E-04   1.15954E-04   1.29307E-04   2.50911E-12     3482.29  1
 4.78100E-03   3.89736E-04   1.16061E-04   1.33223E-04   2.66548E-12     3485.28  1
 4.80100E-03   4.08284E-04   1.16151E-04   1.39755E-04   2.81154E-12     3491.10  1
 4.82100E-03   4.31241E-04   1.16195E-04   1.42082E-04   2.96251E-12     3497.35  1
 4.84100E-03   4.51893E-04   1.16356E-04   1.43542E-04   3.10961E-12     3489.46  1
 4.86100E-03   4.72109E-04   1.16506E-04   1.44776E-04   3.25111E-12     3493.41  1
 4.88100E-03   4.91960E-04   1.16570E-04   1.46093E-04   3.38992E-12     3489.16  1
 4.90100E-03   5.11358E-04   1.16618E-04   1.49384E-04   3.52316E-12     3484.57  1
 4.92100E-03   5.30361E-04   1.16661E-04   1.50536E-04   3.65081E-12     3481.14  1
 4.94100E-03   5.48942E-04   1.16699E-04   1.51416E-04   3.77417E-12     3477.65  1
 4.96100E-03   5.67409E-04   1.16732E-04   1.52102E-04   3.89468E-12     3476.57  1
 4.98100E-03   5.85726E-04   1.16774E-04   1.52560E-04   4.01037E-12     3471.01  1
 5.00100E-03   6.01389E-04   1.16780E-04   1.52910E-04   4.12025E-12     3456.91  1
 5.02100E-03   6.16679E-04   1.16722E-04   1.53244E-04   4.22617E-12     3475.44  1
 5.04100E-03   6.30348E-04   1.16796E-04   1.53458E-04   4.32926E-12     3503.08  1
 5.06100E-03   6.46903E-04   1.16899E-04   1.53566E-04   4.42806E-12     3516.94  1
 5.08100E-03   6.61893E-04   1.16903E-04   1.53654E-04   4.52225E-12     3509.98  1
 5.10100E-03   6.77239E-04   1.16897E-04   1.53745E-04   4.61413E-12     3503.17  1
 5.12100E-03   6.94569E-04   1.16887E-04   1.53832E-04   4.69926E-12     3495.21  1
 5.14100E-03   7.10516E-04   1.16880E-04   1.53893E-04   4.78054E-12     3487.57  1
 5.16100E-03   7.25953E-04   1.16868E-04   1.53971E-04   4.85676E-12     3482.92  1
 5.18100E-03   7.42129E-04   1.16845E-04   1.54042E-04   4.92862E-12     3482.76  1
 5.20100E-03   7.53984E-04   1.16774E-04   1.53916E-04   4.99473E-12     3465.18  1
 5.22100E-03   7.69977E-04   1.16656E-04   1.53873E-04   5.05729E-12     3478.99  1
 5.24100E-03   7.86382E-04   1.16671E-04   1.53758E-04   5.11773E-12     3507.84  1
 5.26100E-03   7.99917E-04   1.16708E-04   1.53709E-04   5.17377E-12     3517.31  1
 5.28100E-03   8.16579E-04   1.16645E-04   1.53546E-04   5.22411E-12     3507.50  1
 5.30100E-03   8.31123E-04   1.16560E-04   1.53378E-04   5.26849E-12     3504.50  1
 5.32100E-03   8.46643E-04   1.16455E-04   1.53238E-04   5.30849E-12     3497.15  1
 5.34100E-03   8.62426E-04   1.16336E-04   1.53104E-04   5.34281E-12     3484.46  1
 5.36100E-03   8.76077E-04   1.16195E-04   1.52941E-04   5.37363E-12     3471.08  1
 5.38100E-03   8.93070E-04   1.16035E-04   1.52788E-04   5.39933E-12     3465.54  1
 5.40100E-03   9.03988E-04   1.15860E-04   1.52644E-04   5.42179E-12     3447.49  1
 5.42100E-03   9.20525E-04   1.15579E-04   1.52450E-04   5.43698E-12     3458.89  1
 5.44100E-03   9.34427E-04   1.15452E-04   1.52174E-04   5.44796E-12     3472.04  1
 5.46101E-03   9.48485E-04   1.15359E-04   1.51751E-04   5.45317E-12     3476.21  1
 5.48101E-03   9.65568E-04   1.15123E-04   1.51286E-04   5.45381E-12     3461.15  1
 5.50101E-03   9.78007E-04   1.14835E-04   1.50827E-04   5.45206E-12     3441.57  1
 5.52101E-03   9.93050E-04   1.14547E-04   1.50116E-04   5.44295E-12     3412.91  1
 5.54101E-03   1.00982E-03   1.14230E-04   1.49415E-04   5.43146E-12     3394.74  1
 5.56101E-03   1.02082E-03   1.13913E-04   1.48315E-04   5.41584E-12     3392.13  1
 5.58101E-03   1.03741E-03   1.13678E-04   1.47060E-04   5.39532E-12     3402.85  1
 5.60101E-03   1.04873E-03   1.13471E-04   1.44176E-04   5.36671E-12     3377.15  1
 5.62101E-03   1.06340E-03   1.13292E-04   1.43171E-04   5.18234E-12     3382.68  0
 5.64101E-03   1.05441E-03   1.12704E-04   1.42460E-04   4.99240E-12     2889.60  0
 5.66101E-03   1.04836E-03   1.09618E-04   1.41735E-04   4.79634E-12     2615.38  0
 5.68101E-03   1.04134E-03   1.07908E-04   1.41014E-04   4.59549E-12     2440.83  0
 5.70101E-03   1.03251E-03   1.04380E-04   1.40295E-04   4.39882E-12     2316.17  0
 5.72101E-03   1.02729E-03   1.02139E-04   1.39391E-04   4.20239E-12     2213.35  0
 5.74101E-03   1.01689E-03   9.85304E-05   1.38482E-04   4.00836E-12     2125.37  0
 5.76101E-03   1.00707E-03   9.52590E-05   1.37101E-04   3.81801E-12     2051.85  0
 5.78101E-03   9.98802E-04   9.27669E-05   1.33825E-04   3.63111E-12     1987.63  0
 5.80101E-03   9.86289E-04   8.87806E-05   1.31259E-04   3.38521E-12     1931.93  0
 5.82101E-03   9.80051E-04   8.59131E-05   1.32694E-04   3.19828E-12     1881.42  0
 5.84101E-03   9.69399E-04   8.31428E-05   1.30263E-04   3.01112E-12     1836.45  0
 5.86101E-03   9.58697E-04   7.97475E-05   1.28494E-04   2.82629E-12     1796.77  0
 5.88101E-03   9.47907E-04   7.76025E-05   1.27402E-04   2.64521E-12     1762.83  0
 5.90101E-03   9.36985E-04   7.40175E-05   1.26440E-04   2.46894E-12     1734.25  0
 5.92101E-03   9.25766E-04   7.15951E-05   1.25365E-04   2.29825E-12     1710.23  0
 5.94101E-03   9.14101E-04   6.86820E-05   1.24261E-04   2.13299E-12     1690.15  0
 5.96101E-03   9.01964E-04   6.59950E-05   1.22792E-04   1.97343E-12     1673.41  0
 5.98101E-03   8.89968E-04   6.35209E-05   1.19484E-04   1.81990E-12     1659.39  0
 6.00101E-03   8.72338E-04   6.02654E-05   1.15638E-04   1.60953E-12     1647.58  0
 6.02101E-03   8.60369E-04   5.82438E-05   1.22049E-04   1.45641E-12     1638.40  0
 6.04101E-03   8.44947E-04   5.54912E-05   1.21540E-04   1.31519E-12     1631.34  0
 6.06101E-03   8.25455E-04   5.34211E-05   1.20622E-04   1.18330E-12     1626.40  0
 6.08101E-03   8.09943E-04   5.08417E-05   1.20517E-04   1.06007E-12     1623.53  0
 6.10101E-03   7.87384E-04   4.86842E-05   1.20314E-04   9.44734E-13     1622.74  0
 6.12101E-03   7.69302E-04   4.64579E-05   1.19355E-04   9.11970E-13     1622.22  1
 6.14101E-03   4.33843E-05   1.03493E-04   4.47178E-05   9.73916E-13     1851.53  1
 6.16101E-03   7.13201E-05   1.09456E-04   6.13137E-05   1.01575E-12     2739.65  1
 6.18101E-03   9.29756E-05   1.11524E-04   6.99400E-05   1.05512E-12     3138.78  1
 6.20101E-03   1.12165E-04   1.11946E-04   7.34346E-05   1.11216E-12     3259.10  1
 6.22101E-03   1.35717E-04   1.12596E-04   7.97109E-05   1.17460E-12     3342.37  1
 6.24101E-03   1.56582E-04   1.12971E-04   8.19291E-05   1.24007E-12     3358.11  1
 6.26101E-03   1.77141E-04   1.13198E-04   8.33555E-05   1.31342E-12     3391.39  1
 6.28101E-03   1.97289E-04   1.13422E-04   8.44111E-05   1.39205E-12     3417.07  1
 6.30101E-03   2.17436E-04   1.13704E-04   8.53954E-05   1.47711E-12     3432.81  1
 6.32101E-03   2.37525E-04   1.14122E-04   8.64026E-05   1.56606E-12     3446.36  1
 6.34101E-03   2.57553E-04   1.14523E-04   8.74842E-05   1.65936E-12     3458.60  1
 6.36101E-03   2.77534E-04   1.14890E-04   8.84915E-05   1.77003E-12     3470.78  1
 6.38101E-03   2.97399E-04   1.15201E-04   9.64854E-05   1.88765E-12     3482.53  1
 6.40101E-03   3.16754E-04   1.15457E-04   9.82924E-05   2.01527E-12     3483.68  1
 6.42101E-03   3.36584E-04   1.15650E-04   1.00148E-04   2.15327E-12     3491.96  1
 6.44101E-03   3.57302E-04   1.15888E-04   1.09912E-04   2.29485E-12     3499.79  1
 6.46101E-03   3.77859E-04   1.16078E-04   1.14993E-04   2.44599E-12     3509.12  1
 6.48101E-03   3.98645E-04   1.16200E-04   1.20067E-04   2.60063E-12     3519.24  1
 6.50101E-03   4.18836E-04   1.16298E-04   1.24337E-04   2.75255E-12     3530.11  1
 6.52101E-03   4.38781E-04   1.16383E-04   1.29853E-04   2.90235E-12     3534.06  1
 6.54101E-03   4.58262E-04   1.16458E-04   1.33053E-04   3.05090E-12     3531.07  1
 6.56101E-03   4.78238E-04   1.16527E-04   1.35369E-04   3.19531E-12     3546.11  1
 6.58101E-03   4.97940E-04   1.16608E-04   1.39364E-04   3.33503E-12     3546.69  1
 6.60101E-03   5.16070E-04   1.16666E-04   1.41378E-04   3.47194E-12     3530.27  1
 6.62101E-03   5.35643E-04   1.16651E-04   1.42891E-04   3.60265E-12     3535.92  1
 6.64101E-03   5.55253E-04   1.16776E-04   1.44092E-04   3.73099E-12     3543.46  1
 6.66101E-03   5.74724E-04   1.16922E-04   1.44986E-04   3.85644E-12     3552.21  1
 6.68101E-03   5.91783E-04   1.16963E-04   1.45616E-04   3.97670E-12     3546.13  1
 6.70101E-03   6.07529E-04   1.16991E-04   1.46091E-04   4.09426E-12     3541.92  1
 6.72101E-03   6.23994E-04   1.17021E-04   1.46760E-04   4.20726E-12     3533.47  1
 6.74101E-03   6.36881E-04   1.17058E-04   1.47089E-04   4.31660E-12     3532.02  1
 6.76101E-03   6.53376E-04   1.17096E-04   1.47149E-04   4.42004E-12     3532.22  1
 6.78102E-03   6.66210E-04   1.17125E-04   1.47243E-04   4.51950E-12     3533.70  1
 6.80102E-03   6.80433E-04   1.17083E-04   1.47208E-04   4.61443E-12     3516.62  1
 6.82102E-03   6.96380E-04   1.17011E-04   1.47183E-04   4.70441E-12     3530.50  1
 6.84102E-03   7.09208E-04   1.17067E-04   1.47264E-04   4.79160E-12     3552.14  1
 6.86102E-03   7.25739E-04   1.17153E-04   1.47336E-04   4.87431E-12     3563.69  1
 6.88102E-03   7.39009E-04   1.17188E-04   1.47212E-04   4.95462E-12     3555.02  1
 6.90102E-03   7.55580E-04   1.17178E-04   1.47073E-04   5.03111E-12     3548.89  1
 6.92102E-03   7.69314E-04   1.17164E-04   1.47146E-04   5.10207E-12     3545.50  1
 6.94102E-03   7.85454E-04   1.17159E-04   1.46659E-04   5.16810E-12     3538.24  1
 6.96102E-03   8.00275E-04   1.17156E-04   1.46184E-04   5.23032E-12     3536.56  1
 6.98102E-03   8.15475E-04   1.17148E-04   1.45931E-04   5.28731E-12     3534.63  1
 7.00102E-03   8.30450E-04   1.17062E-04   1.45875E-04   5.34256E-12     3510.59  1
 7.02102E-03   8.45412E-04   1.16964E-04   1.45806E-04   5.39279E-12     3523.18  1
 7.04102E-03   8.61808E-04   1.16976E-04   1.45730E-04   5.44139E-12     3545.62  1
 7.06102E-03   8.75594E-04   1.17032E-04   1.45617E-04   5.48593E-12     3558.78  1
 7.08102E-03   8.91043E-04   1.17025E-04   1.45510E-04   5.52740E-12     3550.87  1
 7.10102E-03   9.08432E-04   1.16974E-04   1.45399E-04   5.56327E-12     3547.49  1
 7.12102E-03   9.21270E-04   1.16921E-04   1.45280E-04   5.59493E-12     3547.40  1
 7.14102E-03   9.37700E-04   1.16874E-04   1.45154E-04   5.62397E-12     3542.65  1
 7.16102E-03   9.53061E-04   1.16818E-04   1.45007E-04   5.64729E-12     3533.73  1
 7.18102E-03   9.66851E-04   1.16749E-04   1.44845E-04   5.66736E-12     3534.39  1
 7.20102E-03   9.83265E-04   1.16657E-04   1.44662E-04   5.68599E-12     3505.22  1
 7.22102E-03   9.95056E-04   1.16526E-04   1.44495E-04   5.70030E-12     3525.23  1
 7.24102E-03   1.01114E-03   1.16457E-04   1.44315E-04   5.71206E-12     3560.45  1
 7.26102E-03   1.02564E-03   1.16400E-04   1.44127E-04   5.72031E-12     3555.36  1
 7.28102E-03   1.03603E-03   1.16293E-04   1.43911E-04   5.72671E-12     3545.57  1
 7.30102E-03   1.05238E-03   1.16158E-04   1.43613E-04   5.72879E-12     3539.09  1
 7.32102E-03   1.06457E-03   1.16008E-04   1.43285E-04   5.72616E-12     3533.67  1
 7.34102E-03   1.07864E-03   1.15844E-04   1.42954E-04   5.71935E-12     3524.61  1
 7.36102E-03   1.09109E-03   1.15659E-04   1.42721E-04   5.70979E-12     3509.59  1
 7.38102E-03   1.10373E-03   1.15463E-04   1.42367E-04   5.69698E-12     3496.47  1
 7.40102E-03   1.11346E-03   1.15262E-04   1.41971E-04   5.67751E-12     3487.98  1
 7.42102E-03   1.12512E-03   1.15041E-04   1.41575E-04   5.65656E-12     3478.00  1
 7.44102E-03   1.13768E-03   1.14807E-04   1.41181E-04   5.63044E-12     3464.08  1
 7.46102E-03   1.14591E-03   1.14563E-04   1.40517E-04   5.60181E-12     3448.05  1
 7.48102E-03   1.15484E-03   1.14291E-04   1.39867E-04   5.57281E-12     3434.92  1
 7.50102E-03   1.16424E-03   1.13998E-04   1.38736E-04   5.53879E-12     3426.55  1
 7.52102E-03   1.17580E-03   1.13749E-04   1.37195E-04   5.50259E-12     3424.24  1
 7.54102E-03   1.18525E-03   1.13579E-04   1.34593E-04   5.46061E-12     3427.34  1
 7.56102E-03   1.19153E-03   1.13418E-04   1.33602E-04   5.41532E-12     3435.70  1
 7.58102E-03   1.20021E-03   1.13276E-04   1.32888E-04   5.21439E-12     3422.62  0
 7.60102E-03   1.19009E-03   1.12613E-04   1.32158E-04   4.97609E-12     2900.64  0
 7.62102E-03   1.18119E-03   1.09460E-04   1.34355E-04   4.77005E-12     2599.22  0
 7.64102E-03   1.17128E-03   1.07779E-04   1.34697E-04   4.54923E-12     2399.44  0
 7.66102E-03   1.16227E-03   1.04093E-04   1.34776E-04   4.32285E-12     2258.24  0
 7.68102E-03   1.15205E-03   1.01484E-04   1.34560E-04   4.09999E-12     2148.53  0
 7.70102E-03   1.14022E-03   9.82151E-05   1.33583E-04   3.87968E-12     2064.20  0
 7.72102E-03   1.12809E-03   9.45975E-05   1.30428E-04   3.66477E-12     1994.09  0
 7.74102E-03   1.11558E-03   9.19859E-05   1.28913E-04   3.45535E-12     1936.36  0
 7.76102E-03   1.10273E-03   8.83584E-05   1.27909E-04   3.25207E-12     1887.29  0
 7.78102E-03   1.08886E-03   8.48619E-05   1.27123E-04   3.05409E-12     1845.70  0
 7.80102E-03   1.07047E-03   8.24320E-05   1.24963E-04   2.78832E-12     1809.15  0
 7.82102E-03   1.05704E-03   7.86720E-05   1.29821E-04   2.59069E-12     1777.13  0
 7.84102E-03   1.04090E-03   7.55910E-05   1.27659E-04   2.40181E-12     1748.00  0
 7.86102E-03   1.02323E-03   7.29905E-05   1.25640E-04   2.22062E-12     1722.27  0
 7.88102E-03   1.00774E-03   6.94947E-05   1.24732E-04   2.04765E-12     1700.57  0
 7.90102E-03   9.88608E-04   6.74960E-05   1.24012E-04   1.88233E-12     1682.03  0
 7.92102E-03   9.72241E-04   6.38980E-05   1.23162E-04   1.72463E-12     1666.42  0
 7.94102E-03   9.51737E-04   6.14905E-05   1.22538E-04   1.57461E-12     1653.49  0
 7.96102E-03   9.32681E-04   5.86578E-05   1.22563E-04   1.43122E-12     1642.98  0
 7.98102E-03   9.14131E-04   5.61084E-05   1.22562E-04   1.29499E-12     1634.85  0
 8.00102E-03   8.87086E-04   5.34620E-05   1.17181E-04   1.13475E-12     1628.83  0
 8.02102E-03   8.67894E-04   5.09366E-05   1.23136E-04   1.00948E-12     1624.86  0
 8.04102E-03   8.46898E-04   4.86374E-05   1.23369E-04   8.93487E-13     1623.00  0
 8.06102E-03   8.24413E-04   4.62417E-05   1.23257E-04   7.85200E-13     1622.59  0
 8.08102E-03   8.00751E-04   4.38789E-05   1.22784E-04   7.94097E-13     1622.01  1
 8.10102E-03   4.86029E-05   1.06925E-04   4.39454E-05   8.87704E-13     1919.18  1
 8.12102E-03   7.27855E-05   1.11130E-04   7.03820E-05   9.66616E-13     2809.97  1
 8.14102E-03   7.15249E-04   1.13183E-04   2.15601E-04   1.06222E-12     3174.63  1
 8.16103E-03   6.85684E-04   1.14069E-04   2.13744E-04   1.17524E-12     3381.64  1
 8.18103E-03   6.50003E-04   1.15010E-04   2.11520E-04   1.29938E-12     3492.37  1
 8.20103E-03   6.09853E-04   1.15132E-04   2.09955E-04   1.43742E-12     3476.84  1
 8.22103E-03   5.75377E-04   1.15543E-04   2.09878E-04   1.56919E-12     3495.76  1
 8.24103E-03   5.37945E-04   1.15872E-04   2.08036E-04   1.70564E-12     3485.09  1
 8.26103E-03   5.03044E-04   1.16106E-04   2.02057E-04   1.84733E-12     3490.07  1
 8.28103E-03   4.64977E-04   1.16269E-04   1.99882E-04   1.99370E-12     3492.64  1
 8.30103E-03   4.28588E-04   1.16386E-04   1.94268E-04   2.14393E-12     3491.28  1
 8.32103E-03   3.84197E-04   1.16499E-04   1.91430E-04   2.30280E-12     3489.54  1
 8.34103E-03   3.43686E-04   1.16599E-04   1.90108E-04   2.46508E-12     3522.30  1
 8.36103E-03   3.57608E-04   1.16680E-04   1.87571E-04   2.62505E-12     3519.49  1
 8.38103E-03   3.68350E-04   1.16747E-04   1.87541E-04   2.78652E-12     3522.78  1
 8.40103E-03   3.78759E-04   1.16783E-04   1.87025E-04   2.96084E-12     3495.53  1
 8.42103E-03   3.89176E-04   1.16808E-04   1.87339E-04   3.10997E-12     3489.22  1
 8.44103E-03   3.99993E-04   1.16929E-04   1.86471E-04   3.25958E-12     3497.40  1
 8.46103E-03   4.20032E-04   1.17035E-04   1.85354E-04   3.40488E-12     3503.07  1
 8.48103E-03   4.39668E-04   1.17102E-04   1.82882E-04   3.54573E-12     3503.78  1
 8.50103E-03   4.59081E-04   1.17142E-04   1.82253E-04   3.68171E-12     3505.24  1
 8.52103E-03   4.78184E-04   1.17171E-04   1.81784E-04   3.81503E-12     3504.73  1
 8.54103E-03   4.97101E-04   1.17201E-04   1.81484E-04   3.94252E-12     3499.43  1
 8.56103E-03   5.15395E-04   1.17237E-04   1.81278E-04   4.06798E-12     3496.32  1
 8.58103E-03   5.32317E-04   1.17268E-04   1.81054E-04   4.18688E-12     3501.45  1
 8.60103E-03   5.50491E-04   1.17248E-04   1.80689E-04   4.29797E-12     3488.79  1
 8.62103E-03   5.69593E-04   1.17232E-04   1.80085E-04   4.40815E-12     3492.78  1
 8.64103E-03   5.88745E-04   1.17253E-04   1.79537E-04   4.51494E-12     3521.03  1
 8.66103E-03   6.08440E-04   1.17320E-04   1.78960E-04   4.61736E-12     3535.51  1
 8.68103E-03   6.28035E-04   1.17371E-04   1.77830E-04   4.71545E-12     3529.31  1
 8.70103E-03   6.47552E-04   1.17369E-04   1.75458E-04   4.81061E-12     3522.89  1
 8.72103E-03   6.66978E-04   1.17363E-04   1.73311E-04   4.89994E-12     3517.65  1
 8.74103E-03   6.86346E-04   1.17364E-04   1.72376E-04   4.98541E-12     3515.80  1
 8.76103E-03   7.05616E-04   1.17366E-04   1.71705E-04   5.06466E-12     3509.48  1
 8.78103E-03   7.25208E-04   1.17366E-04   1.71167E-04   5.13924E-12     3507.67  1
 8.80103E-03   7.40268E-04   1.17289E-04   1.70505E-04   5.20956E-12     3492.02  1
 8.82103E-03   7.58877E-04   1.17219E-04   1.69857E-04   5.27781E-12     3506.39  1
 8.84103E-03   7.72991E-04   1.17211E-04   1.69252E-04   5.34285E-12     3526.69  1
 8.86103E-03   7.87870E-04   1.17272E-04   1.68072E-04   5.40552E-12     3535.55  1
 8.88103E-03   8.02488E-04   1.17308E-04   1.65594E-04   5.46408E-12     3523.85  1
 8.90103E-03   8.17794E-04   1.17276E-04   1.63647E-04   5.51935E-12     3515.63  1
 8.92103E-03   8.34689E-04   1.17240E-04   1.62684E-04   5.56933E-12     3517.85  1
 8.94103E-03   8.48159E-04   1.17211E-04   1.61933E-04   5.61447E-12     3520.25  1
 8.96103E-03   8.65396E-04   1.17185E-04   1.61258E-04   5.65554E-12     3517.47  1
 8.98103E-03   8.79112E-04   1.17153E-04   1.60447E-04   5.69337E-12     3508.94  1
 9.00103E-03   8.93610E-04   1.17054E-04   1.59627E-04   5.72771E-12     3476.55  1
 9.02103E-03   9.08600E-04   1.16928E-04   1.58435E-04   5.75851E-12     3488.28  1
 9.04103E-03   9.25384E-04   1.16930E-04   1.55672E-04   5.78707E-12     3537.43  1
 9.06103E-03   9.42784E-04   1.16960E-04   1.53683E-04   5.81329E-12     3540.86  1
 9.08103E-03   9.54859E-04   1.16905E-04   1.52685E-04   5.83435E-12     3534.27  1
 9.10103E-03   9.71750E-04   1.16826E-04   1.51956E-04   5.85169E-12     3526.84  1
 9.12103E-03   9.89269E-04   1.16745E-04   1.51320E-04   5.86663E-12     3518.59  1
 9.14103E-03   1.00190E-03   1.16667E-04   1.50505E-04   5.87765E-12     3508.60  1
 9.16103E-03   1.01824E-03   1.16589E-04   1.49706E-04   5.88411E-12     3507.28  1
 9.18103E-03   1.03572E-03   1.16499E-04   1.48455E-04   5.88884E-12     3512.00  1
 9.20103E-03   1.04781E-03   1.16389E-04   1.45606E-04   5.88743E-12     3491.24  1
 9.22103E-03   1.06357E-03   1.16228E-04   1.44063E-04   5.88380E-12     3486.36  1
 9.24103E-03   1.07940E-03   1.16100E-04   1.43324E-04   5.87743E-12     3492.03  1
 9.26103E-03   1.09647E-03   1.15988E-04   1.42673E-04   5.86607E-12     3483.83  1
 9.28103E-03   1.10804E-03   1.15834E-04   1.42151E-04   5.69389E-12     3471.79  0
 9.30103E-03   1.10783E-03   1.14876E-04   1.41720E-04   5.50899E-12     2980.45  0
 9.32103E-03   1.10151E-03   1.13709E-04   1.41037E-04   5.31630E-12     2714.12  0
 9.34103E-03   1.09725E-03   1.12406E-04   1.40359E-04   5.12070E-12     2532.81  0
 9.36103E-03   1.09308E-03   1.09389E-04   1.39267E-04   4.92230E-12     2393.16  0
 9.38103E-03   1.08515E-03   1.07766E-04   1.37929E-04   4.72093E-12     2277.32  0
 9.40103E-03   1.07965E-03   1.04430E-04   1.34581E-04   4.49851E-12     2180.01  0
 9.42103E-03   1.07438E-03   1.02718E-04   1.35423E-04   4.29475E-12     2097.70  0
 9.44103E-03   1.07067E-03   9.94198E-05   1.33313E-04   4.09016E-12     2024.09  0
 9.46104E-03   1.06150E-03   9.75755E-05   1.32342E-04   3.88563E-12     1958.83  0
 9.48104E-03   1.05641E-03   9.42586E-05   1.31600E-04   3.68292E-12     1905.00  0
 9.50104E-03   1.04765E-03   9.24352E-05   1.30910E-04   3.48387E-12     1859.11  0
 9.52104E-03   1.03854E-03   8.90954E-05   1.30142E-04   3.28873E-12     1821.71  0
 9.54104E-03   1.03279E-03   8.70224E-05   1.29313E-04   3.09815E-12     1789.31  0
 9.56104E-03   1.02259E-03   8.40185E-05   1.28247E-04   2.91233E-12     1761.31  0
 9.58104E-03   1.01215E-03   8.18426E-05   1.27218E-04   2.73178E-12     1737.23  0
 9.60104E-03   9.97495E-04   7.85838E-05   1.23767E-04   2.48153E-12     1715.31  0
 9.62104E-03   9.90514E-04   7.60622E-05   1.25842E-04   2.29782E-12     1696.18  0
 9.64104E-03   9.77927E-04   7.36784E-05   1.25092E-04   2.12287E-12     1679.54  0
 9.66104E-03   9.64889E-04   7.13019E-05   1.24608E-04   1.95606E-12     1665.03  0
 9.68104E-03   9.50874E-04   6.88168E-05   1.24138E-04   1.79822E-12     1652.80  0
 9.70104E-03   9.35697E-04   6.65901E-05   1.23412E-04   1.64813E-12     1642.89  0
 9.72104E-03   9.12266E-04   6.40255E-05   1.22322E-04   1.50679E-12     1635.22  0
 9.74104E-03   8.93658E-04   6.22194E-05   1.20253E-04   1.37328E-12     1629.50  0
 9.76104E-03   8.70956E-04   5.92929E-05   1.17421E-04   1.24705E-12     1625.61  0
 9.78104E-03   8.45711E-04   5.76764E-05   1.16284E-04   1.24400E-12     1623.41  1
 9.80104E-03   3.90463E-05   1.06267E-04   4.60799E-05   1.29449E-12     1879.24  1
 9.82104E-03   7.53804E-05   1.11304E-04   6.34857E-05   1.34162E-12     2752.49  1
 9.84104E-03   9.68975E-05   1.13371E-04   7.45645E-05   1.39606E-12     3170.66  1
 9.86104E-03   1.17960E-04   1.14525E-04   7.78836E-05   1.46109E-12     3416.46  1
 9.88104E-03   1.38429E-04   1.15507E-04   8.39278E-05   1.55353E-12     3503.44  1
 9.90104E-03   6.88469E-04   1.16106E-04   2.14782E-04   1.67428E-12     3539.87  1
 9.92104E-03   6.57102E-04   1.16380E-04   2.11930E-04   1.81181E-12     3563.59  1
 9.94104E-03   6.28485E-04   1.16512E-04   2.11307E-04   1.95015E-12     3561.85  1
 9.96104E-03   5.98703E-04   1.16584E-04   2.10815E-04   2.08974E-12     3562.74  1
 9.98104E-03   5.72391E-04   1.16653E-04   2.10325E-04   2.22858E-12     3567.89  1
 1.00010E-02   5.41469E-04   1.16654E-04   2.09422E-04   2.36915E-12     3558.65  1
 1.00210E-02   5.15877E-04   1.16658E-04   2.07294E-04   2.51102E-12     3564.77  1
 1.00410E-02   4.87373E-04   1.16810E-04   2.05945E-04   2.66163E-12     3558.23  1
 1.00610E-02   4.59645E-04   1.16977E-04   2.08101E-04   2.81447E-12     3564.96  1
 1.00810E-02   4.32445E-04   1.17031E-04   2.08783E-04   2.96979E-12     3565.62  1
 1.01010E-02   4.00388E-04   1.17077E-04   2.08942E-04   3.12560E-12     3560.29  1
 1.01210E-02   4.05479E-04   1.17114E-04   2.09000E-04   3.27930E-12     3555.66  1
 1.01410E-02   4.18780E-04   1.17152E-04   2.08627E-04   3.43173E-12     3556.02  1
 1.01610E-02   4.34183E-04   1.17191E-04   2.08123E-04   3.57890E-12     3562.54  1
 1.01810E-02   4.46985E-04   1.17226E-04   2.07877E-04   3.72293E-12     3567.19  1
 1.02010E-02   4.60385E-04   1.17081E-04   2.06258E-04   3.87577E-12     3545.02  1
 1.02210E-02   4.76576E-04   1.17015E-04   2.06567E-04   4.00522E-12     3560.51  1
 1.02410E-02   4.95904E-04   1.17194E-04   2.06700E-04   4.13148E-12     3572.02  1
 1.02610E-02   5.15710E-04   1.17375E-04   2.05868E-04   4.25531E-12     3583.28  1
 1.02810E-02   5.35341E-04   1.17449E-04   2.04222E-04   4.37434E-12     3577.53  1
 1.03010E-02   5.54986E-04   1.17472E-04   2.02573E-04   4.49048E-12     3568.24  1
 1.03210E-02   5.74737E-04   1.17476E-04   2.01880E-04   4.60231E-12     3565.01  1
 1.03410E-02   5.94454E-04   1.17481E-04   2.01356E-04   4.70870E-12     3565.44  1
 1.03610E-02   6.13949E-04   1.17489E-04   2.00803E-04   4.81044E-12     3572.10  1
 1.03810E-02   6.33743E-04   1.17499E-04   2.00285E-04   4.90889E-12     3577.96  1
 1.04010E-02   6.48629E-04   1.17093E-04   1.99139E-04   4.98479E-12     3492.95  1
 1.04210E-02   6.68502E-04   1.16984E-04   2.01872E-04   5.08305E-12     3504.98  1
 1.04410E-02   6.86095E-04   1.17089E-04   2.00714E-04   5.16815E-12     3535.35  1
 1.04610E-02   7.00507E-04   1.17225E-04   1.98765E-04   5.24597E-12     3549.83  1
 1.04810E-02   7.17437E-04   1.17284E-04   1.98116E-04   5.31858E-12     3544.34  1
 1.05010E-02   7.34739E-04   1.17278E-04   1.97569E-04   5.38728E-12     3542.16  1
 1.05210E-02   7.48620E-04   1.17259E-04   1.96791E-04   5.45030E-12     3542.63  1
 1.05410E-02   7.65932E-04   1.17244E-04   1.95984E-04   5.50926E-12     3541.60  1
 1.05610E-02   7.82276E-04   1.17227E-04   1.94694E-04   5.56274E-12     3537.36  1
 1.05810E-02   7.96950E-04   1.17202E-04   1.91563E-04   5.61261E-12     3534.81  1
 1.06010E-02   8.14552E-04   1.17122E-04   1.89455E-04   5.65550E-12     3499.31  1
 1.06210E-02   8.30917E-04   1.17014E-04   1.88545E-04   5.69503E-12     3522.31  1
 1.06410E-02   8.45093E-04   1.16996E-04   1.87504E-04   5.73150E-12     3556.71  1
 1.06610E-02   8.60596E-04   1.16993E-04   1.86515E-04   5.76452E-12     3557.48  1
 1.06810E-02   8.78278E-04   1.16918E-04   1.85231E-04   5.79379E-12     3552.75  1
 1.07010E-02   8.92067E-04   1.16818E-04   1.82458E-04   5.82046E-12     3547.14  1
 1.07210E-02   9.08606E-04   1.16715E-04   1.79868E-04   5.84163E-12     3540.80  1
 1.07410E-02   9.26459E-04   1.16597E-04   1.78631E-04   5.69654E-12     3533.65  0
 1.07610E-02   9.24346E-04   1.15801E-04   1.77567E-04   5.53618E-12     2993.66  0
 1.07810E-02   9.19181E-04   1.14440E-04   1.76568E-04   5.36370E-12     2688.12  0
 1.08010E-02   9.15188E-04   1.13040E-04   1.73114E-04   5.13585E-12     2477.98  0
 1.08210E-02   9.13107E-04   1.10350E-04   1.74814E-04   4.95117E-12     2328.25  0
 1.08410E-02   9.10483E-04   1.08460E-04   1.74141E-04   4.75602E-12     2206.71  0
 1.08610E-02   9.06473E-04   1.06048E-04   1.73511E-04   4.55718E-12     2110.91  0
 1.08810E-02   9.00631E-04   1.03594E-04   1.72186E-04   4.35841E-12     2031.99  0
 1.09010E-02   8.98228E-04   1.01255E-04   1.68330E-04   4.16194E-12     1966.28  0
 1.09210E-02   8.94245E-04   9.87254E-05   1.66908E-04   3.96687E-12     1912.35  0
 1.09410E-02   8.87608E-04   9.64404E-05   1.65597E-04   3.77476E-12     1866.67  0
 1.09610E-02   8.84898E-04   9.37912E-05   1.64354E-04   3.58635E-12     1828.41  0
 1.09810E-02   8.78635E-04   9.16148E-05   1.62829E-04   3.40175E-12     1795.79  0
 1.10010E-02   8.73120E-04   8.84808E-05   1.56978E-04   3.14698E-12     1766.45  0
 1.10210E-02   8.70105E-04   8.58789E-05   1.59417E-04   2.95337E-12     1741.18  0
 1.10410E-02   8.61417E-04   8.34575E-05   1.59922E-04   2.76792E-12     1718.65  0
 1.10610E-02   8.57932E-04   8.09751E-05   1.59804E-04   2.58955E-12     1699.36  0
 1.10810E-02   8.49591E-04   7.86086E-05   1.55979E-04   2.41790E-12     1682.47  0
 1.11010E-02   8.45974E-04   7.62742E-05   1.54354E-04   2.25301E-12     1668.04  0
 1.11210E-02   8.37517E-04   7.37939E-05   1.53156E-04   2.09402E-12     1656.12  0
 1.11410E-02   8.33597E-04   7.18040E-05   1.52024E-04   1.94195E-12     1646.25  0
 1.11610E-02   8.24577E-04   6.90793E-05   1.50573E-04   1.79604E-12     1638.31  0
 1.11810E-02   8.16886E-04   6.75048E-05   1.46471E-04   1.65610E-12     1632.14  0
 1.12010E-02   8.07381E-04   6.40373E-05   1.42209E-04   1.49641E-12     1627.47  0
 1.12210E-02   8.00528E-04   6.25018E-05   1.41474E-04   1.36627E-12     1624.53  0
 1.12410E-02   7.92633E-04   5.94499E-05   1.34478E-04   1.35166E-12     1623.08  1
 1.12610E-02   4.31517E-05   1.07728E-04   4.56918E-05   1.43016E-12     1971.28  1
 1.12810E-02   7.12265E-05   1.11528E-04   7.59846E-05   1.48571E-12     2731.65  1
 1.13010E-02   7.61588E-04   1.13402E-04   2.20361E-04   1.57065E-12     3171.60  1
 1.13210E-02   7.49353E-04   1.14623E-04   2.20577E-04   1.66748E-12     3395.75  1
 1.13410E-02   7.32735E-04   1.15581E-04   2.20548E-04   1.77320E-12     3501.51  1
 1.13610E-02   7.08702E-04   1.16045E-04   2.19915E-04   1.88370E-12     3546.50  1
 1.13810E-02   6.90706E-04   1.16302E-04   2.17743E-04   2.00743E-12     3577.22  1
 1.14010E-02   6.66097E-04   1.16405E-04   2.19917E-04   2.14649E-12     3586.25  1
 1.14210E-02   6.47911E-04   1.16500E-04   2.20458E-04   2.28176E-12     3601.26  1
 1.14411E-02   6.23619E-04   1.16697E-04   2.20426E-04   2.41704E-12     3608.54  1
 1.14611E-02   6.01253E-04   1.16869E-04   2.20199E-04   2.55490E-12     3623.08  1
 1.14811E-02   5.73959E-04   1.16952E-04   2.20002E-04   2.69403E-12     3623.46  1
 1.15011E-02   5.51508E-04   1.17003E-04   2.19820E-04   2.83469E-12     3621.30  1
 1.15211E-02   5.24525E-04   1.17049E-04   2.19126E-04   2.97906E-12     3615.82  1
 1.15411E-02   4.98424E-04   1.17091E-04   2.17899E-04   3.12382E-12     3607.98  1
 1.15611E-02   4.66902E-04   1.17150E-04   2.16580E-04   3.26964E-12     3599.13  1
 1.15811E-02   4.36088E-04   1.17203E-04   2.16319E-04   3.41282E-12     3592.04  1
 1.16011E-02   4.27687E-04   1.17058E-04   2.15681E-04   3.56301E-12     3561.26  1
 1.16211E-02   4.43346E-04   1.16999E-04   2.17134E-04   3.69990E-12     3573.81  1
 1.16411E-02   4.57985E-04   1.17145E-04   2.15781E-04   3.83570E-12     3586.80  1
 1.16611E-02   4.73180E-04   1.17305E-04   2.15373E-04   3.97206E-12     3595.76  1
 1.16811E-02   4.87900E-04   1.17357E-04   2.14995E-04   4.10324E-12     3587.79  1
 1.17011E-02   5.05155E-04   1.17387E-04   2.14718E-04   4.22957E-12     3583.02  1
 1.17211E-02   5.18711E-04   1.17398E-04   2.14420E-04   4.35194E-12     3578.24  1
 1.17411E-02   5.36188E-04   1.17410E-04   2.14164E-04   4.47030E-12     3574.71  1
 1.17611E-02   5.55769E-04   1.17428E-04   2.13607E-04   4.59277E-12     3573.42  1
 1.17811E-02   5.75528E-04   1.17446E-04   2.14574E-04   4.70900E-12     3569.22  1
 1.18011E-02   5.91542E-04   1.17155E-04   2.14608E-04   4.82990E-12     3525.89  1
 1.18211E-02   6.16521E-04   1.17049E-04   2.15219E-04   4.92839E-12     3542.89  1
 1.18411E-02   6.35881E-04   1.17164E-04   2.15141E-04   5.02604E-12     3573.25  1
 1.18611E-02   6.51931E-04   1.17283E-04   2.14150E-04   5.11998E-12     3591.71  1
 1.18811E-02   6.69590E-04   1.17295E-04   2.11998E-04   5.20933E-12     3583.08  1
 1.19011E-02   6.87387E-04   1.17252E-04   2.10056E-04   5.29495E-12     3572.87  1
 1.19211E-02   7.03855E-04   1.17185E-04   2.09114E-04   5.37292E-12     3564.04  1
 1.19411E-02   7.18796E-04   1.17111E-04   2.08354E-04   5.44855E-12     3558.75  1
 1.19611E-02   7.36296E-04   1.17026E-04   2.07467E-04   5.36160E-12     3555.62  0
 1.19811E-02   7.35410E-04   1.16275E-04   2.06568E-04   5.25104E-12     3006.07  0
 1.20011E-02   7.30410E-04   1.14650E-04   2.04771E-04   5.10528E-12     2690.78  0
 1.20211E-02   7.28927E-04   1.13646E-04   2.04013E-04   4.96480E-12     2481.59  0
 1.20411E-02   7.27171E-04   1.11798E-04   2.03797E-04   4.81421E-12     2330.76  0
 1.20611E-02   7.22782E-04   1.09260E-04   2.04718E-04   4.65555E-12     2209.56  0
 1.20811E-02   7.19326E-04   1.07723E-04   2.04051E-04   4.49186E-12     2114.95  0
 1.21011E-02   7.17462E-04   1.04623E-04   2.03536E-04   4.32521E-12     2036.42  0
 1.21211E-02   7.15302E-04   1.02895E-04   2.02442E-04   4.15813E-12     1973.39  0
 1.21411E-02   7.09481E-04   9.98478E-05   1.99242E-04   3.99053E-12     1919.75  0
 1.21611E-02   7.07101E-04   9.80187E-05   1.97194E-04   3.82355E-12     1876.05  0
 1.21811E-02   7.04924E-04   9.51671E-05   1.95960E-04   3.65803E-12     1838.70  0
 1.22011E-02   6.97932E-04   9.31566E-05   1.91386E-04   3.43285E-12     1805.16  0
 1.22211E-02   7.01421E-04   9.03880E-05   1.95474E-04   3.26525E-12     1776.38  0
 1.22411E-02   6.96257E-04   8.84406E-05   1.93714E-04   3.09999E-12     1750.55  0
 1.22611E-02   6.93669E-04   8.59083E-05   1.92576E-04   2.93813E-12     1727.75  0
 1.22811E-02   6.91663E-04   8.36964E-05   1.91054E-04   2.78029E-12     1707.75  0
 1.23011E-02   6.85941E-04   8.14386E-05   1.86901E-04   2.62611E-12     1690.79  0
 1.23211E-02   6.83347E-04   7.89771E-05   1.85409E-04   2.47587E-12     1676.60  0
 1.23411E-02   6.81051E-04   7.72899E-05   1.84181E-04   2.33016E-12     1664.45  0
 1.23611E-02   6.74724E-04   7.43598E-05   1.83023E-04   2.18920E-12     1654.15  0
 1.23811E-02   6.72318E-04   7.27860E-05   1.81537E-04   2.05346E-12     1645.54  0
 1.24011E-02   6.64196E-04   6.97629E-05   1.75249E-04   1.88418E-12     1638.08  0
 1.24211E-02   6.59223E-04   6.81667E-05   1.75910E-04   1.75091E-12     1632.55  0
 1.24411E-02   6.47631E-04   6.56670E-05   1.75053E-04   1.62597E-12     1628.29  0
 1.24611E-02   6.42059E-04   6.37501E-05   1.73078E-04   1.63341E-12     1625.28  1
 1.24811E-02   4.79886E-05   1.07297E-04   4.84018E-05   1.69192E-12     1923.15  1
 1.25011E-02   7.60425E-05   1.11163E-04   6.46450E-05   1.73582E-12     2805.13  1
 1.25211E-02   9.64704E-05   1.13213E-04   7.35770E-05   1.80268E-12     3202.62  1
 1.25411E-02   6.05490E-04   1.14131E-04   2.57607E-04   1.89180E-12     3395.12  1
 1.25611E-02   5.97262E-04   1.15144E-04   2.56815E-04   2.00062E-12     3469.15  1
 1.25811E-02   5.86418E-04   1.15717E-04   2.53015E-04   2.11828E-12     3517.92  1
 1.26011E-02   5.74520E-04   1.15878E-04   2.51859E-04   2.24362E-12     3525.59  1
 1.26211E-02   5.66857E-04   1.15983E-04   2.51336E-04   2.36508E-12     3541.24  1
 1.26411E-02   5.57509E-04   1.16201E-04   2.50433E-04   2.48702E-12     3548.88  1
 1.26611E-02   5.46309E-04   1.16418E-04   2.48192E-04   2.61713E-12     3564.79  1
 1.26811E-02   5.35279E-04   1.16505E-04   2.48518E-04   2.75020E-12     3569.61  1
 1.27011E-02   5.25353E-04   1.16553E-04   2.48215E-04   2.88507E-12     3575.04  1
 1.27211E-02   5.12872E-04   1.16595E-04   2.47577E-04   3.02190E-12     3573.47  1
 1.27411E-02   5.02518E-04   1.16627E-04   2.46616E-04   3.15847E-12     3566.97  1
 1.27611E-02   4.89160E-04   1.16653E-04   2.44032E-04   3.29797E-12     3564.01  1
 1.27811E-02   4.75088E-04   1.16670E-04   2.41092E-04   3.43462E-12     3575.09  1
 1.28011E-02   4.59566E-04   1.16505E-04   2.39342E-04   3.57623E-12     3508.65  1
 1.28211E-02   4.47825E-04   1.16422E-04   2.39830E-04   3.70464E-12     3514.07  1
 1.28411E-02   4.42174E-04   1.16571E-04   2.39209E-04   3.83226E-12     3530.66  1
 1.28611E-02   4.57301E-04   1.16729E-04   2.38745E-04   3.95625E-12     3538.02  1
 1.28811E-02   4.74681E-04   1.16745E-04   2.38332E-04   4.07861E-12     3529.08  1
 1.29011E-02   4.88363E-04   1.16729E-04   2.37435E-04   4.19833E-12     3518.39  1
 1.29211E-02   5.05069E-04   1.16688E-04   2.36477E-04   4.30941E-12     3509.66  1
 1.29411E-02   5.20962E-04   1.16627E-04   2.34326E-04   4.26605E-12     3489.52  0
 1.29611E-02   5.18227E-04   1.15921E-04   2.33647E-04   4.19722E-12     2994.02  0
 1.29811E-02   5.17025E-04   1.14504E-04   2.33083E-04   4.11512E-12     2727.52  0
 1.30011E-02   5.14548E-04   1.13306E-04   2.31964E-04   4.02447E-12     2536.81  0
 1.30211E-02   5.21415E-04   1.11033E-04   2.34772E-04   3.92245E-12     2391.54  0
 1.30411E-02   5.22098E-04   1.08998E-04   2.31946E-04   3.81236E-12     2272.56  0
 1.30611E-02   5.22349E-04   1.07353E-04   2.30718E-04   3.69584E-12     2172.62  0
 1.30811E-02   5.22377E-04   1.04279E-04   2.29998E-04   3.57717E-12     2089.18  0
 1.31011E-02   5.20094E-04   1.02714E-04   2.29093E-04   3.45559E-12     2020.54  0
 1.31211E-02   5.17339E-04   9.96076E-05   2.28180E-04   3.33286E-12     1961.46  0
 1.31411E-02   5.15138E-04   9.78688E-05   2.26876E-04   3.21040E-12     1912.19  0
 1.31611E-02   5.11404E-04   9.48140E-05   2.25078E-04   3.08750E-12     1871.00  0
 1.31811E-02   5.06238E-04   9.30364E-05   2.21747E-04   2.96508E-12     1834.99  0
 1.32011E-02   5.00990E-04   9.00385E-05   2.19738E-04   2.79181E-12     1802.77  0
 1.32211E-02   5.01535E-04   8.81982E-05   2.23028E-04   2.65732E-12     1775.65  0
 1.32411E-02   4.95707E-04   8.57221E-05   2.22351E-04   2.52706E-12     1750.94  0
 1.32611E-02   4.93381E-04   8.37086E-05   2.21177E-04   2.40054E-12     1729.45  0
 1.32811E-02   4.90834E-04   8.18342E-05   2.17770E-04   2.27705E-12     1710.21  0
 1.33011E-02   4.85611E-04   7.93480E-05   2.15847E-04   2.15578E-12     1693.25  0
 1.33211E-02   4.83704E-04   7.78791E-05   2.14576E-04   2.03785E-12     1678.93  0
 1.33411E-02   4.81825E-04   7.51879E-05   2.13449E-04   1.92301E-12     1666.87  0
 1.33611E-02   4.76458E-04   7.35265E-05   2.12009E-04   1.81187E-12     1656.57  0
 1.33811E-02   4.74103E-04   7.14049E-05   2.08669E-04   1.70364E-12     1647.87  0
 1.34011E-02   4.67655E-04   6.91892E-05   2.06209E-04   1.59318E-12     1640.52  0
 1.34211E-02   4.71297E-04   6.77676E-05   2.06224E-04   1.49184E-12     1634.71  0
 1.34411E-02   4.66341E-04   6.50790E-05   2.04709E-04   1.50270E-12     1630.08  1
 1.34611E-02   4.28690E-05   1.07505E-04   4.20449E-05   1.58297E-12     1935.37  1
 1.34811E-02   7.14416E-05   1.11255E-04   6.66650E-05   1.64391E-12     2787.64  1
 1.35011E-02   9.31868E-05   1.13177E-04   7.36708E-05   1.71118E-12     3166.85  1
 1.35211E-02   1.13767E-04   1.14227E-04   7.61433E-05   1.77642E-12     3333.08  1
 1.35411E-02   1.34102E-04   1.15215E-04   7.79539E-05   1.85286E-12     3446.89  1
 1.35611E-02   1.54246E-04   1.15625E-04   8.73295E-05   1.93773E-12     3507.47  1
 1.35811E-02   1.74288E-04   1.15860E-04   8.94482E-05   2.06124E-12     3542.31  1
 1.36011E-02   4.10144E-04   1.15616E-04   2.88397E-04   2.22608E-12     3485.31  1
 1.36211E-02   4.01128E-04   1.15741E-04   2.94967E-04   2.37344E-12     3472.05  1
 1.36411E-02   3.90710E-04   1.15919E-04   2.90897E-04   2.51485E-12     3467.17  1
 1.36611E-02   3.83600E-04   1.16080E-04   2.89687E-04   2.65008E-12     3462.85  1
 1.36811E-02   3.74963E-04   1.16136E-04   2.88875E-04   2.62371E-12     3455.65  0
 1.37011E-02   3.65707E-04   1.15282E-04   2.87782E-04   2.57951E-12     2960.78  0
 1.37211E-02   3.58378E-04   1.14118E-04   2.84688E-04   2.51955E-12     2687.91  0
 1.37411E-02   3.48723E-04   1.12970E-04   2.81735E-04   2.45471E-12     2513.73  0
 1.37611E-02   3.41276E-04   1.10143E-04   2.80260E-04   2.38744E-12     2380.38  0
 1.37811E-02   3.32996E-04   1.08462E-04   2.78965E-04   2.31672E-12     2271.86  0
 1.38011E-02   3.21072E-04   1.05584E-04   2.76683E-04   2.23443E-12     2173.37  0
 1.38211E-02   3.19254E-04   1.03509E-04   2.75204E-04   2.15514E-12     2087.89  0
 1.38411E-02   3.15492E-04   1.00898E-04   2.70567E-04   2.07323E-12     2015.76  0
 1.38611E-02   3.13156E-04   9.85159E-05   2.68653E-04   1.98986E-12     1953.72  0
 1.38811E-02   3.06832E-04   9.58564E-05   2.67091E-04   1.90586E-12     1900.10  0
 1.39011E-02   3.04300E-04   9.34867E-05   2.65243E-04   1.82209E-12     1855.31  0
 1.39211E-02   2.99169E-04   9.10704E-05   2.60481E-04   1.73871E-12     1816.91  0
 1.39411E-02   2.95100E-04   8.87128E-05   2.58175E-04   1.65594E-12     1783.76  0
 1.39611E-02   2.92562E-04   8.64703E-05   2.56396E-04   1.57422E-12     1755.04  0
 1.39811E-02   2.86147E-04   8.38820E-05   2.54412E-04   1.49367E-12     1730.17  0
 1.40011E-02   2.83346E-04   8.09793E-05   2.48577E-04   1.38655E-12     1708.15  0
 1.40211E-02   2.78221E-04   7.85606E-05   2.51488E-04   1.30376E-12     1689.88  0
 1.40411E-02   2.74764E-04   7.59044E-05   2.47269E-04   1.22305E-12     1673.85  0
 1.40611E-02   2.74578E-04   7.36251E-05   2.44833E-04   1.14429E-12     1660.18  0
 1.40811E-02   2.74333E-04   7.12550E-05   2.43276E-04   1.06833E-12     1648.84  0
 1.41011E-02   2.73981E-04   6.87667E-05   2.41452E-04   9.95240E-13     1639.73  0
 1.41211E-02   2.73636E-04   6.64569E-05   2.36328E-04   9.24883E-13     1632.61  0
 1.41411E-02   2.73329E-04   6.38440E-05   2.34249E-04   8.57312E-13     1627.58  0
 1.41611E-02   2.72934E-04   6.16393E-05   2.32466E-04   7.92887E-13     1624.37  0
 1.41811E-02   2.72397E-04   5.89531E-05   2.28039E-04   7.31719E-13     1622.97  0
 1.42011E-02   2.68417E-04   5.64957E-05   2.21981E-04   6.58911E-13     1622.61  0
 1.42211E-02   2.62710E-04   5.40230E-05   2.23981E-04   5.99990E-13     1622.14  0
 1.42411E-02   2.55972E-04   5.24909E-05   2.19063E-04   5.45291E-13     1621.57  0
 1.42611E-02   2.52750E-04   4.95212E-05   2.16555E-04   4.94029E-13     1620.91  0
 1.42811E-02   2.47468E-04   4.80578E-05   2.10992E-04   4.46204E-13     1620.16  0
 1.43011E-02   2.43115E-04   4.55003E-05   2.06448E-04   4.01668E-13     1619.33  0
 1.43211E-02   2.32266E-04   4.37756E-05   2.02889E-04   3.60315E-13     1618.43  0
 1.43411E-02   2.19423E-04   4.22588E-05   1.94993E-04   3.21648E-13     1617.44  0
 1.43611E-02   2.12896E-04   3.97207E-05   1.87501E-04   2.85687E-13     1616.38  0
 1.43811E-02   2.04134E-04   3.83757E-05   1.81410E-04   2.52394E-13     1615.29  0
 1.44011E-02   1.95390E-04   3.66943E-05   1.73792E-04   2.20088E-13     1614.09  0
 1.44211E-02   1.86741E-04   3.47347E-05   1.69181E-04   1.91538E-13     1612.85  0
 1.44411E-02   1.82083E-04   3.36029E-05   1.57132E-04   1.65136E-13     1611.51  0
 1.44611E-02   1.71311E-04   3.25150E-05   1.52497E-04   1.41184E-13     1610.06  0
 1.44811E-02   1.65178E-04   3.02618E-05   1.43278E-04   1.19135E-13     1608.57  0
 1.45011E-02   1.60628E-04   2.90804E-05   1.35318E-04   9.93159E-14     1606.97  0
 1.45211E-02   1.48279E-04   2.80688E-05   1.28373E-04   8.15182E-14     1605.23  0
 1.45411E-02   1.43353E-04   2.62660E-05   1.20968E-04   6.56617E-14     1603.46  0
 1.45611E-02   1.33323E-04   2.46462E-05   1.13642E-04   5.16185E-14     1601.55  0
 1.45811E-02   1.25104E-04   2.35083E-05   1.05069E-04   3.94458E-14     1599.56  0
 1.46011E-02   1.19997E-04   2.21208E-05   9.76868E-05   2.91891E-14     1597.44  0
 1.46211E-02   1.06177E-04   1.99807E-05   8.74721E-05   2.03379E-14     1595.09  0
 1.46411E-02   1.00555E-04   1.87348E-05   8.20055E-05   1.34034E-14     1592.49  0
 1.46611E-02   8.57669E-05   1.75003E-05   6.94304E-05   7.86434E-15     1589.52  0
 1.46811E-02   7.57957E-05   1.47800E-05   6.24972E-05   3.90755E-15     1586.11  0
 1.47011E-02   6.21771E-05   1.31985E-05   4.83241E-05   1.34454E-15     1582.58  0
 1.47211E-02   4.42831E-05   9.92848E-06   3.82236E-05   1.24394E-16     1577.83  0
 1.47411E-02   2.28925E-05   5.96634E-06   2.07402E-05   0.00000E+00     1570.09  0
 1.47611E-02   0.00000E+00   0.00000E+00   0.00000E+00   0.00000E+00     1540.56  0
 1.47811E-02   0.00000E+00   0.00000E+00   0.00000E+00   0.00000E+00     1507.67  0
 1.48011E-02   0.00000E+00   0.00000E+00   0.00000E+00   0.00000E+00     1486.82  0
 1.48211E-02   0.00000E+00   0.00000E+00   0.00000E+00   0.00000E+00     1470.46  0
 1.48411E-02   0.00000E+00   0.00000E+00   0.00000E+00   0.00000E+00     1456.09  0
 1.48611E-02   0.00000E+00   0.00000E+00   0.00000E+00   0.00000E+00     1443.20  0
 1.48811E-02   0.00000E+00   0.00000E+00   0.00000E+00   0.00000E+00     1431.99  0
 1.49011E-02   0.00000E+00   0.00000E+00   0.00000E+00   0.00000E+00     1421.42  0
 1.49211E-02   0.00000E+00   0.00000E+00   0.00000E+00   0.00000E+00     1411.39  0
 1.49411E-02   0.00000E+00   0.00000E+00   0.00000E+00   0.00000E+00     1402.22  0
 1.49611E-02   0.00000E+00   0.00000E+00   0.00000E+00   0.00000E+00     1393.60  0
 1.49811E-02   0.00000E+00   0.00000E+00   0.00000E+00   0.00000E+00     1385.27  0
 1.50011E-02   0.00000E+00   0.00000E+00   0.00000E+00   0.00000E+00     1377.26  0
 1.50211E-02   0.00000E+00   0.00000E+00   0.00000E+00   0.00000E+00     1369.72  0
 1.50411E-02   0.00000E+00   0.00000E+00   0.00000E+00   0.00000E+00     1362.54  0
 1.50611E-02   0.00000E+00   0.00000E+00   0.00000E+00   0.00000E+00     1355.54  0
 1.50811E-02   0.00000E+00   0.00000E+00   0.00000E+00   0.00000E+00     1348.70  0
 1.51011E-02   0.00000E+00   0.00000E+00   0.00000E+00   0.00000E+00     1342.08  0
 1.51211E-02   0.00000E+00   0.00000E+00   0.00000E+00   0.00000E+00     1335.85  0
 1.51411E-02   0.00000E+00   0.00000E+00   0.00000E+00   0.00000E+00     1329.74  0
 1.51611E-02   0.00000E+00   0.00000E+00   0.00000E+00   0.00000E+00     1323.74  0
 1.51811E-02   0.00000E+00   0.00000E+00   0.00000E+00   0.00000E+00     1317.86  0
 1.52011E-02   0.00000E+00   0.00000E+00   0.00000E+00   0.00000E+00     1312.24  0
 1.52211E-02   0.00000E+00   0.00000E+00   0.00000E+00   0.00000E+00     1306.81  0
 1.52411E-02   0.00000E+00   0.00000E+00   0.00000E+00   0.00000E+00     1301.46  0
 1.52611E-02   0.00000E+00   0.00000E+00   0.00000E+00   0.00000E+00     1296.19  0
 1.52811E-02   0.00000E+00   0.00000E+00   0.00000E+00   0.00000E+00     1291.01  0
 1.53011E-02   0.00000E+00   0.00000E+00   0.00000E+00   0.00000E+00     1286.12  0
 1.53211E-02   0.00000E+00   0.00000E+00   0.00000E+00   0.00000E+00     1281.32  0
 1.53411E-02   0.00000E+00   0.00000E+00   0.00000E+00   0.00000E+00     1276.58  0
 1.53611E-02   0.00000E+00   0.00000E+00   0.00000E+00   0.00000E+00     1271.90  0
 1.53811E-02   0.00000E+00   0.00000E+00   0.00000E+00   0.00000E+00     1267.28  0
 1.54011E-02   0.00000E+00   0.00000E+00   0.00000E+00   0.00000E+00     1262.86  0
 1.54211E-02   0.00000E+00   0.00000E+00   0.00000E+00   0.00000E+00     1258.53  0
 1.54411E-02   0.00000E+00   0.00000E+00   0.00000E+00   0.00000E+00     1254.25  0
 1.54611E-02   0.00000E+00   0.00000E+00   0.00000E+00   0.00000E+00     1250.02  0
 1.54811E-02   0.00000E+00   0.00000E+00   0.00000E+00   0.00000E+00     1245.84  0
 1.55011E-02   0.00000E+00   0.00000E+00   0.00000E+00   0.00000E+00     1241.77  0
 1.55211E-02   0.00000E+00   0.00000E+00   0.00000E+00   0.00000E+00     1237.83  0
 1.55411E-02   0.00000E+00   0.00000E+00   0.00000E+00   0.00000E+00     1233.94  0
 1.55611E-02   0.00000E+00   0.00000E+00   0.00000E+00   0.00000E+00     1230.08  0
 1.55811E-02   0.00000E+00   0.00000E+00   0.00000E+00   0.00000E+00     1226.26  0
 1.56011E-02   0.00000E+00   0.00000E+00   0.00000E+00   0.00000E+00     1222.49  0
 1.56211E-02   0.00000E+00   0.00000E+00   0.00000E+00   0.00000E+00     1218.85  0
 1.56411E-02   0.00000E+00   0.00000E+00   0.00000E+00   0.00000E+00     1215.28  0
 1.56611E-02   0.00000E+00   0.00000E+00   0.00000E+00   0.00000E+00     1211.74  0
 1.56811E-02   0.00000E+00   0.00000E+00   0.00000E+00   0.00000E+00     1208.26  0
 1.57011E-02   0.00000E+00   0.00000E+00   0.00000E+00   0.00000E+00     1204.81  0
 1.57211E-02   0.00000E+00   0.00000E+00   0.00000E+00   0.00000E+00     1201.39  0
 1.57411E-02   0.00000E+00   0.00000E+00   0.00000E+00   0.00000E+00     1198.09  0
 1.57611E-02   0.00000E+00   0.00000E+00   0.00000E+00   0.00000E+00     1194.84  0
 1.57811E-02   0.00000E+00   0.00000E+00   0.00000E+00   0.00000E+00     1191.61  0
 1.58011E-02   0.00000E+00   0.00000E+00   0.00000E+00   0.00000E+00     1188.42  0
 1.58211E-02   0.00000E+00   0.00000E+00   0.00000E+00   0.00000E+00     1185.25  0
 1.58411E-02   0.00000E+00   0.00000E+00   0.00000E+00   0.00000E+00     1182.10  0
 1.58611E-02   0.00000E+00   0.00000E+00   0.00000E+00   0.00000E+00     1179.03  0
 1.58811E-02   0.00000E+00   0.00000E+00   0.00000E+00   0.00000E+00     1176.04  0
 1.59011E-02   0.00000E+00   0.00000E+00   0.00000E+00   0.00000E+00     1173.07  0
 1.59211E-02   0.00000E+00   0.00000E+00   0.00000E+00   0.00000E+00     1170.12  0
 1.59411E-02   0.00000E+00   0.00000E+00   0.00000E+00   0.00000E+00     1167.20  0
 1.59611E-02   0.00000E+00   0.00000E+00   0.00000E+00   0.00000E+00     1164.30  0
 1.59811E-02   0.00000E+00   0.00000E+00   0.00000E+00   0.00000E+00     1161.42  0
 1.60011E-02   0.00000E+00   0.00000E+00   0.00000E+00   0.00000E+00     1158.63  0
 1.60211E-02   0.00000E+00   0.00000E+00   0.00000E+00   0.00000E+00     1155.88  0
 1.60411E-02   0.00000E+00   0.00000E+00   0.00000E+00   0.00000E+00     1153.15  0
 1.60611E-02   0.00000E+00   0.00000E+00   0.00000E+00   0.00000E+00     1150.44  0
 1.60811E-02   0.00000E+00   0.00000E+00   0.00000E+00   0.00000E+00     1147.75  0
 1.61011E-02   0.00000E+00   0.00000E+00   0.00000E+00   0.00000E+00     1145.08  0
 1.61211E-02   0.00000E+00   0.00000E+00   0.00000E+00   0.00000E+00     1142.43  0
 1.61411E-02   0.00000E+00   0.00000E+00   0.00000E+00   0.00000E+00     1139.85  0
 1.61611E-02   0.00000E+00   0.00000E+00   0.00000E+00   0.00000E+00     1137.34  0
 1.61811E-02   0.00000E+00   0.00000E+00   0.00000E+00   0.00000E+00     1134.83  0
 1.62011E-02   0.00000E+00   0.00000E+00   0.00000E+00   0.00000E+00     1132.34  0
 1.62211E-02   0.00000E+00   0.00000E+00   0.00000E+00   0.00000E+00     1129.87  0
 1.62411E-02   0.00000E+00   0.00000E+00   0.00000E+00   0.00000E+00     1127.42  0
 1.62611E-02   0.00000E+00   0.00000E+00   0.00000E+00   0.00000E+00     1124.98  0
 1.62811E-02   0.00000E+00   0.00000E+00   0.00000E+00   0.00000E+00     1122.56  0
 1.63011E-02   0.00000E+00   0.00000E+00   0.00000E+00   0.00000E+00     1120.22  0
 1.63211E-02   0.00000E+00   0.00000E+00   0.00000E+00   0.00000E+00     1117.89  0
 1.63411E-02   0.00000E+00   0.00000E+00   0.00000E+00   0.00000E+00     1115.58  0
 1.63611E-02   0.00000E+00   0.00000E+00   0.00000E+00   0.00000E+00     1113.28  0
 1.63811E-02   0.00000E+00   0.00000E+00   0.00000E+00   0.00000E+00     1110.99  0
 1.64011E-02   0.00000E+00   0.00000E+00   0.00000E+00   0.00000E+00     1108.72  0
 1.64211E-02   0.00000E+00   0.00000E+00   0.00000E+00   0.00000E+00     1106.47  0
 1.64411E-02   0.00000E+00   0.00000E+00   0.00000E+00   0.00000E+00     1104.23  0
 1.64611E-02   0.00000E+00   0.00000E+00   0.00000E+00   0.00000E+00     1102.06  0
 1.64810E-02   0.00000E+00   0.00000E+00   0.00000E+00   0.00000E+00     1099.91  0
 1.65010E-02   0.00000E+00   0.00000E+00   0.00000E+00   0.00000E+00     1097.76  0
 1.65210E-02   0.00000E+00   0.00000E+00   0.00000E+00   0.00000E+00     1095.63  0
 1.65410E-02   0.00000E+00   0.00000E+00   0.00000E+00   0.00000E+00     1093.51  0
 1.65610E-02   0.00000E+00   0.00000E+00   0.00000E+00   0.00000E+00     1091.41  0
 1.65810E-02   0.00000E+00   0.00000E+00   0.00000E+00   0.00000E+00     1089.31  0
 1.66010E-02   0.00000E+00   0.00000E+00   0.00000E+00   0.00000E+00     1087.23  0
 1.66210E-02   0.00000E+00   0.00000E+00   0.00000E+00   0.00000E+00     1085.20  0
 1.66410E-02   0.00000E+00   0.00000E+00   0.00000E+00   0.00000E+00     1083.19  0
 1.66610E-02   0.00000E+00   0.00000E+00   0.00000E+00   0.00000E+00     1081.20  0
 1.66810E-02   0.00000E+00   0.00000E+00   0.00000E+00   0.00000E+00     1079.22  0
 1.67010E-02   0.00000E+00   0.00000E+00   0.00000E+00   0.00000E+00     1077.25  0
 1.67210E-02   0.00000E+00   0.00000E+00   0.00000E+00   0.00000E+00     1075.31  0
 1.67410E-02   0.00000E+00   0.00000E+00   0.00000E+00   0.00000E+00     1073.37  0
 1.67610E-02   0.00000E+00   0.00000E+00   0.00000E+00   0.00000E+00     1071.45  0
 1.67810E-02   0.00000E+00   0.00000E+00   0.00000E+00   0.00000E+00     1069.53  0
 1.68010E-02   0.00000E+00   0.00000E+00   0.00000E+00   0.00000E+00     1067.65  0
 1.68210E-02   0.00000E+00   0.00000E+00   0.00000E+00   0.00000E+00     1065.81  0
 1.68410E-02   0.00000E+00   0.00000E+00   0.00000E+00   0.00000E+00     1063.97  0
 1.68610E-02   0.00000E+00   0.00000E+00   0.00000E+00   0.00000E+00     1062.14  0
 1.68810E-02   0.00000E+00   0.00000E+00   0.00000E+00   0.00000E+00     1060.32  0
 1.69010E-02   0.00000E+00   0.00000E+00   0.00000E+00   0.00000E+00     1058.51  0
 1.69210E-02   0.00000E+00   0.00000E+00   0.00000E+00   0.00000E+00     1056.71  0
 1.69410E-02   0.00000E+00   0.00000E+00   0.00000E+00   0.00000E+00     1054.92  0
 1.69610E-02   0.00000E+00   0.00000E+00   0.00000E+00   0.00000E+00     1053.13  0
 1.69810E-02   0.00000E+00   0.00000E+00   0.00000E+00   0.00000E+00     1051.36  0
 1.70010E-02   0.00000E+00   0.00000E+00   0.00000E+00   0.00000E+00     1049.62  0
 1.70210E-02   0.00000E+00   0.00000E+00   0.00000E+00   0.00000E+00     1047.90  0
 1.70410E-02   0.00000E+00   0.00000E+00   0.00000E+00   0.00000E+00     1046.20  0
 1.70610E-02   0.00000E+00   0.00000E+00   0.00000E+00   0.00000E+00     1044.50  0
 1.70810E-02   0.00000E+00   0.00000E+00   0.00000E+00   0.00000E+00     1042.82  0
 1.71010E-02   0.00000E+00   0.00000E+00   0.00000E+00   0.00000E+00     1041.14  0
 1.71210E-02   0.00000E+00   0.00000E+00   0.00000E+00   0.00000E+00     1039.47  0
 1.71410E-02   0.00000E+00   0.00000E+00   0.00000E+00   0.00000E+00     1037.81  0
 1.71610E-02   0.00000E+00   0.00000E+00   0.00000E+00   0.00000E+00     1036.15  0
 1.71810E-02   0.00000E+00   0.00000E+00   0.00000E+00   0.00000E+00     1034.51  0
 1.72010E-02   0.00000E+00   0.00000E+00   0.00000E+00   0.00000E+00     1032.87  0
 1.72210E-02   0.00000E+00   0.00000E+00   0.00000E+00   0.00000E+00     1031.25  0
 1.72410E-02   0.00000E+00   0.00000E+00   0.00000E+00   0.00000E+00     1029.66  0
 1.72610E-02   0.00000E+00   0.00000E+00   0.00000E+00   0.00000E+00     1028.09  0
 1.72810E-02   0.00000E+00   0.00000E+00   0.00000E+00   0.00000E+00     1026.52  0
 1.73010E-02   0.00000E+00   0.00000E+00   0.00000E+00   0.00000E+00     1024.96  0
 1.73210E-02   0.00000E+00   0.00000E+00   0.00000E+00   0.00000E+00     1023.40  0
 1.73410E-02   0.00000E+00   0.00000E+00   0.00000E+00   0.00000E+00     1021.86  0
 1.73610E-02   0.00000E+00   0.00000E+00   0.00000E+00   0.00000E+00     1020.32  0
 1.73810E-02   0.00000E+00   0.00000E+00   0.00000E+00   0.00000E+00     1018.80  0
 1.74010E-02   0.00000E+00   0.00000E+00   0.00000E+00   0.00000E+00     1017.29  0
 1.74210E-02   0.00000E+00   0.00000E+00   0.00000E+00   0.00000E+00     1015.78  0
 1.74410E-02   0.00000E+00   0.00000E+00   0.00000E+00   0.00000E+00     1014.28  0
 1.74610E-02   0.00000E+00   0.00000E+00   0.00000E+00   0.00000E+00     1012.78  0
 1.74810E-02   0.00000E+00   0.00000E+00   0.00000E+00   0.00000E+00     1011.33  0
 1.75010E-02   0.00000E+00   0.00000E+00   0.00000E+00   0.00000E+00     1009.88  0
 1.75210E-02   0.00000E+00   0.00000E+00   0.00000E+00   0.00000E+00     1008.44  0
 1.75410E-02   0.00000E+00   0.00000E+00   0.00000E+00   0.00000E+00     1007.00  0
 1.75610E-02   0.00000E+00   0.00000E+00   0.00000E+00   0.00000E+00     1005.58  0
 1.75810E-02   0.00000E+00   0.00000E+00   0.00000E+00   0.00000E+00     1004.15  0
 1.76010E-02   0.00000E+00   0.00000E+00   0.00000E+00   0.00000E+00     1002.74  0
 1.76210E-02   0.00000E+00   0.00000E+00   0.00000E+00   0.00000E+00     1001.32  0
 1.76410E-02   0.00000E+00   0.00000E+00   0.00000E+00   0.00000E+00      999.92  0
 1.76610E-02   0.00000E+00   0.00000E+00   0.00000E+00   0.00000E+00      998.52  0
 1.76810E-02   0.00000E+00   0.00000E+00   0.00000E+00   0.00000E+00      997.13  0
 1.77010E-02   0.00000E+00   0.00000E+00   0.00000E+00   0.00000E+00      995.74  0
 1.77210E-02   0.00000E+00   0.00000E+00   0.00000E+00   0.00000E+00      994.36  0
 1.77410E-02   0.00000E+00   0.00000E+00   0.00000E+00   0.00000E+00      992.99  0
 1.77610E-02   0.00000E+00   0.00000E+00   0.00000E+00   0.00000E+00      991.65  0
 1.77810E-02   0.00000E+00   0.00000E+00   0.00000E+00   0.00000E+00      990.32  0
 1.78010E-02   0.00000E+00   0.00000E+00   0.00000E+00   0.00000E+00      988.99  0
 1.78210E-02   0.00000E+00   0.00000E+00   0.00000E+00   0.00000E+00      987.67  0
 1.78410E-02   0.00000E+00   0.00000E+00   0.00000E+00   0.00000E+00      986.36  0
 1.78610E-02   0.00000E+00   0.00000E+00   0.00000E+00   0.00000E+00      985.04  0
 1.78810E-02   0.00000E+00   0.00000E+00   0.00000E+00   0.00000E+00      983.74  0
 1.79010E-02   0.00000E+00   0.00000E+00   0.00000E+00   0.00000E+00      982.44  0
 1.79210E-02   0.00000E+00   0.00000E+00   0.00000E+00   0.00000E+00      981.14  0
 1.79410E-02   0.00000E+00   0.00000E+00   0.00000E+00   0.00000E+00      979.85  0
 1.79610E-02   0.00000E+00   0.00000E+00   0.00000E+00   0.00000E+00      978.57  0
 1.79810E-02   0.00000E+00   0.00000E+00   0.00000E+00   0.00000E+00      977.29  0
 1.80010E-02   0.00000E+00   0.00000E+00   0.00000E+00   0.00000E+00      976.01  0
 1.80210E-02   0.00000E+00   0.00000E+00   0.00000E+00   0.00000E+00      974.74  0
 1.80410E-02   0.00000E+00   0.00000E+00   0.00000E+00   0.00000E+00      973.48  0
 1.80610E-02   0.00000E+00   0.00000E+00   0.00000E+00   0.00000E+00      972.25  0
 1.80810E-02   0.00000E+00   0.00000E+00   0.00000E+00   0.00000E+00      971.02  0
 1.81010E-02   0.00000E+00   0.00000E+00   0.00000E+00   0.00000E+00      969.80  0
 1.81210E-02   0.00000E+00   0.00000E+00   0.00000E+00   0.00000E+00      968.59  0
 1.81410E-02   0.00000E+00   0.00000E+00   0.00000E+00   0.00000E+00      967.37  0
 1.81610E-02   0.00000E+00   0.00000E+00   0.00000E+00   0.00000E+00      966.17  0
 1.81810E-02   0.00000E+00   0.00000E+00   0.00000E+00   0.00000E+00      964.98  0
 1.82010E-02   0.00000E+00   0.00000E+00   0.00000E+00   0.00000E+00      963.79  0
 1.82210E-02   0.00000E+00   0.00000E+00   0.00000E+00   0.00000E+00      962.60  0
 1.82410E-02   0.00000E+00   0.00000E+00   0.00000E+00   0.00000E+00      961.42  0
 1.82610E-02   0.00000E+00   0.00000E+00   0.00000E+00   0.00000E+00      960.24  0
 1.82810E-02   0.00000E+00   0.00000E+00   0.00000E+00   0.00000E+00      959.07  0
 1.83010E-02   0.00000E+00   0.00000E+00   0.00000E+00   0.00000E+00      957.90  0
 1.83210E-02   0.00000E+00   0.00000E+00   0.00000E+00   0.00000E+00      956.74  0
 1.83410E-02   0.00000E+00   0.00000E+00   0.00000E+00   0.00000E+00      955.58  0
 1.83610E-02   0.00000E+00   0.00000E+00   0.00000E+00   0.00000E+00      954.42  0
 1.83810E-02   0.00000E+00   0.00000E+00   0.00000E+00   0.00000E+00      953.28  0
 1.84010E-02   0.00000E+00   0.00000E+00   0.00000E+00   0.00000E+00      952.16  0
 1.84210E-02   0.00000E+00   0.00000E+00   0.00000E+00   0.00000E+00      951.04  0
 1.84410E-02   0.00000E+00   0.00000E+00   0.00000E+00   0.00000E+00      949.92  0
 1.84610E-02   0.00000E+00   0.00000E+00   0.00000E+00   0.00000E+00      948.81  0
 1.84810E-02   0.00000E+00   0.00000E+00   0.00000E+00   0.00000E+00      947.70  0
 1.85010E-02   0.00000E+00   0.00000E+00   0.00000E+00   0.00000E+00      946.60  0
 1.85210E-02   0.00000E+00   0.00000E+00   0.00000E+00   0.00000E+00      945.50  0
 1.85410E-02   0.00000E+00   0.00000E+00   0.00000E+00   0.00000E+00      944.41  0
 1.85610E-02   0.00000E+00   0.00000E+00   0.00000E+00   0.00000E+00      943.31  0
 1.85810E-02   0.00000E+00   0.00000E+00   0.00000E+00   0.00000E+00      942.23  0
 1.86010E-02   0.00000E+00   0.00000E+00   0.00000E+00   0.00000E+00      941.14  0
 1.86210E-02   0.00000E+00   0.00000E+00   0.00000E+00   0.00000E+00      940.06  0
 1.86410E-02   0.00000E+00   0.00000E+00   0.00000E+00   0.00000E+00      938.99  0
 1.86610E-02   0.00000E+00   0.00000E+00   0.00000E+00   0.00000E+00      937.91  0
 1.86810E-02   0.00000E+00   0.00000E+00   0.00000E+00   0.00000E+00      936.84  0
 1.87010E-02   0.00000E+00   0.00000E+00   0.00000E+00   0.00000E+00      935.78  0
 1.87210E-02   0.00000E+00   0.00000E+00   0.00000E+00   0.00000E+00      934.72  0
 1.87410E-02   0.00000E+00   0.00000E+00   0.00000E+00   0.00000E+00      933.66  0
 1.87610E-02   0.00000E+00   0.00000E+00   0.00000E+00   0.00000E+00      932.61  0
 1.87810E-02   0.00000E+00   0.00000E+00   0.00000E+00   0.00000E+00      931.58  0
 1.88010E-02   0.00000E+00   0.00000E+00   0.00000E+00   0.00000E+00      930.56  0
 1.88210E-02   0.00000E+00   0.00000E+00   0.00000E+00   0.00000E+00      929.54  0
 1.88410E-02   0.00000E+00   0.00000E+00   0.00000E+00   0.00000E+00      928.52  0
 1.88610E-02   0.00000E+00   0.00000E+00   0.00000E+00   0.00000E+00      927.51  0
 1.88810E-02   0.00000E+00   0.00000E+00   0.00000E+00   0.00000E+00      926.49  0
 1.89010E-02   0.00000E+00   0.00000E+00   0.00000E+00   0.00000E+00      925.49  0
 1.89210E-02   0.00000E+00   0.00000E+00   0.00000E+00   0.00000E+00      924.48  0
 1.89410E-02   0.00000E+00   0.00000E+00   0.00000E+00   0.00000E+00      923.48  0
 1.89610E-02   0.00000E+00   0.00000E+00   0.00000E+00   0.00000E+00      922.48  0
 1.89810E-02   0.00000E+00   0.00000E+00   0.00000E+00   0.00000E+00      921.49  0
 1.90010E-02   0.00000E+00   0.00000E+00   0.00000E+00   0.00000E+00      920.50  0
 1.90210E-02   0.00000E+00   0.00000E+00   0.00000E+00   0.00000E+00      919.51  0
 1.90409E-02   0.00000E+00   0.00000E+00   0.00000E+00   0.00000E+00      918.52  0
 1.90609E-02   0.00000E+00   0.00000E+00   0.00000E+00   0.00000E+00      917.54  0
 1.90809E-02   0.00000E+00   0.00000E+00   0.00000E+00   0.00000E+00      916.56  0
 1.91009E-02   0.00000E+00   0.00000E+00   0.00000E+00   0.00000E+00      915.59  0
 1.91209E-02   0.00000E+00   0.00000E+00   0.00000E+00   0.00000E+00      914.63  0
 1.91409E-02   0.00000E+00   0.00000E+00   0.00000E+00   0.00000E+00      913.67  0
 1.91609E-02   0.00000E+00   0.00000E+00   0.00000E+00   0.00000E+00      912.71  0
 1.91809E-02   0.00000E+00   0.00000E+00   0.00000E+00   0.00000E+00      911.75  0
