# Melt Pool Geometry History
# time(s)  length(m)  depth(m)  width(m)  volume(m3)  Tpeak(K)  laser_on
 2.10000E-05   0.00000E+00   0.00000E+00   0.00000E+00   7.59758E-14      293.00  1
 4.10000E-05   3.79867E-05   1.02775E-04   4.25725E-05   2.29411E-13     1856.88  1
 6.10000E-05   6.90125E-05   1.09531E-04   5.75583E-05   3.52213E-13     2750.46  1
 8.10000E-05   9.10010E-05   1.11982E-04   6.59230E-05   4.75773E-13     3275.38  1
 1.01000E-04   1.11820E-04   1.13086E-04   6.92277E-05   5.83713E-13     3531.71  1
 1.21000E-04   1.27629E-04   1.13587E-04   7.09776E-05   6.93729E-13     3696.55  1
 1.41000E-04   1.47643E-04   1.14278E-04   7.20218E-05   7.95598E-13     3783.38  1
 1.61000E-04   1.62884E-04   1.14405E-04   7.27509E-05   8.97570E-13     3807.39  1
 1.81000E-04   1.85328E-04   1.14744E-04   7.33261E-05   1.00249E-12     3846.91  1
 2.01000E-04   2.05686E-04   1.14365E-04   7.41177E-05   1.19713E-12     3851.04  1
 2.21000E-04   2.21745E-04   1.13663E-04   8.25659E-05   1.32022E-12     3693.52  1
 2.41000E-04   2.39856E-04   1.13564E-04   8.49759E-05   1.43391E-12     3670.19  1
 2.61000E-04   2.58129E-04   1.13747E-04   8.64151E-05   1.54040E-12     3616.89  1
 2.81000E-04   2.72672E-04   1.13838E-04   8.75961E-05   1.64553E-12     3595.62  1
 3.01000E-04   2.91031E-04   1.13828E-04   8.86622E-05   1.74543E-12     3612.76  1
 3.21000E-04   3.09536E-04   1.13856E-04   8.96570E-05   1.73610E-12     3593.77  0
 3.41000E-04   3.10896E-04   1.13179E-04   9.68319E-05   1.70465E-12     3066.53  0
 3.61000E-04   3.11362E-04   1.10872E-04   9.96189E-05   1.66957E-12     2794.10  0
 3.81000E-04   3.11610E-04   1.08432E-04   1.00836E-04   1.62885E-12     2607.75  0
 4.01000E-04   3.10968E-04   1.05180E-04   1.01527E-04   1.58736E-12     2461.67  0
 4.21000E-04   3.12915E-04   1.02779E-04   1.05618E-04   1.53804E-12     2329.12  0
 4.41000E-04   3.13726E-04   9.90067E-05   1.07504E-04   1.48212E-12     2213.10  0
 4.61000E-04   3.14170E-04   9.60337E-05   1.08237E-04   1.42644E-12     2116.81  0
 4.81000E-04   3.14177E-04   9.30569E-05   1.08579E-04   1.36920E-12     2037.40  0
 5.01000E-04   3.14130E-04   8.93353E-05   1.08641E-04   1.31146E-12     1971.22  0
 5.21000E-04   3.14095E-04   8.65564E-05   1.08596E-04   1.25501E-12     1915.12  0
 5.41000E-04   3.13986E-04   8.32776E-05   1.08445E-04   1.19730E-12     1867.38  0
 5.61000E-04   3.13792E-04   7.96691E-05   1.08205E-04   1.14080E-12     1826.66  0
 5.81000E-04   3.13520E-04   7.72807E-05   1.07878E-04   1.08408E-12     1792.34  0
 6.01000E-04   3.07439E-04   7.28102E-05   1.06010E-04   9.80145E-13     1761.60  0
 6.21000E-04   3.14025E-04   6.93934E-05   1.11601E-04   9.23500E-13     1735.55  0
 6.41000E-04   3.13370E-04   6.69355E-05   1.12028E-04   8.65187E-13     1712.29  0
 6.61000E-04   3.12843E-04   6.35427E-05   1.12284E-04   8.06580E-13     1691.96  0
 6.81000E-04   3.12252E-04   6.04530E-05   1.12454E-04   7.48329E-13     1674.60  0
 7.01000E-04   3.05808E-04   5.80344E-05   1.12576E-04   6.91428E-13     1660.08  0
 7.21000E-04   3.02168E-04   5.47062E-05   1.12665E-04   6.35791E-13     1648.18  0
 7.41000E-04   2.94287E-04   5.27214E-05   1.12730E-04   5.82228E-13     1638.74  0
 7.61000E-04   2.87902E-04   4.92732E-05   1.12774E-04   5.30668E-13     1631.54  0
 7.81000E-04   2.82511E-04   4.74413E-05   1.12802E-04   4.81472E-13     1626.44  0
 8.01000E-04   2.71955E-04   4.39553E-05   1.06799E-04   4.05222E-13     1623.39  0
 8.21000E-04   2.69832E-04   4.20391E-05   1.14041E-04   4.43879E-13     1622.69  1
 8.41000E-04   4.31291E-05   1.03821E-04   4.46180E-05   5.58364E-13     1869.41  1
 8.61000E-04   6.90969E-05   1.09692E-04   6.53869E-05   6.49653E-13     2799.62  1
 8.81000E-04   9.03936E-05   1.11894E-04   7.13131E-05   7.31119E-13     3247.52  1
 9.01000E-04   1.09979E-04   1.12980E-04   7.40838E-05   8.16750E-13     3455.50  1
 9.21000E-04   1.28850E-04   1.13507E-04   7.58105E-05   9.07213E-13     3579.17  1
 9.41000E-04   1.45051E-04   1.14079E-04   7.71667E-05   9.97428E-13     3640.79  1
 9.61000E-04   1.63383E-04   1.14421E-04   7.82899E-05   1.08900E-12     3660.89  1
 9.81000E-04   1.82490E-04   1.14544E-04   7.93337E-05   1.19701E-12     3691.51  1
 1.00100E-03   1.99718E-04   1.13911E-04   8.69841E-05   1.33675E-12     3579.04  1
 1.02100E-03   2.18628E-04   1.13894E-04   9.59536E-05   1.43980E-12     3576.44  1
 1.04100E-03   2.37068E-04   1.14481E-04   9.85617E-05   1.55066E-12     3599.21  1
 1.06100E-03   2.55139E-04   1.14982E-04   1.00047E-04   1.66051E-12     3628.70  1
 1.08100E-03   2.70703E-04   1.15272E-04   1.01113E-04   1.77514E-12     3620.54  1
 1.10100E-03   2.88991E-04   1.15441E-04   1.01873E-04   1.89466E-12     3628.14  1
 1.12100E-03   3.07570E-04   1.15527E-04   1.02612E-04   2.01421E-12     3639.37  1
 1.14100E-03   3.25915E-04   1.15651E-04   1.03311E-04   2.13824E-12     3629.53  1
 1.16100E-03   3.41118E-04   1.15717E-04   1.04042E-04   2.25515E-12     3627.20  1
 1.18100E-03   3.59246E-04   1.15752E-04   1.04738E-04   2.37415E-12     3623.29  1
 1.20100E-03   3.77197E-04   1.15755E-04   1.05446E-04   2.49233E-12     3617.30  1
 1.22100E-03   3.96033E-04   1.15707E-04   1.06121E-04   2.60014E-12     3620.59  1
 1.24100E-03   4.14675E-04   1.15700E-04   1.06781E-04   2.71009E-12     3630.03  1
 1.26100E-03   4.33468E-04   1.15696E-04   1.07481E-04   2.81809E-12     3630.23  1
 1.28100E-03   4.48293E-04   1.15577E-04   1.11519E-04   2.92809E-12     3621.26  1
 1.30100E-03   4.66773E-04   1.15458E-04   1.13407E-04   3.03205E-12     3628.87  1
 1.32100E-03   4.85206E-04   1.15325E-04   1.14587E-04   3.13712E-12     3631.89  1
 1.34100E-03   5.03811E-04   1.15136E-04   1.15472E-04   3.23390E-12     3613.56  1
 1.36100E-03   5.18999E-04   1.14969E-04   1.16239E-04   3.32876E-12     3608.96  1
 1.38100E-03   5.37261E-04   1.14755E-04   1.16941E-04   3.41531E-12     3596.54  1
 1.40100E-03   5.54496E-04   1.14525E-04   1.17626E-04   3.49691E-12     3580.87  1
 1.42100E-03   5.75129E-04   1.14328E-04   1.18333E-04   3.57846E-12     3574.51  1
 1.44100E-03   5.93274E-04   1.14267E-04   1.21059E-04   3.65686E-12     3582.16  1
 1.46100E-03   6.08882E-04   1.14247E-04   1.22746E-04   3.57787E-12     3601.77  0
 1.48100E-03   6.09189E-04   1.13392E-04   1.23878E-04   3.49332E-12     3040.57  0
 1.50100E-03   6.09231E-04   1.11677E-04   1.24492E-04   3.40062E-12     2724.28  0
 1.52100E-03   6.09062E-04   1.08680E-04   1.24830E-04   3.30019E-12     2524.41  0
 1.54100E-03   6.05024E-04   1.05988E-04   1.25031E-04   3.19738E-12     2373.18  0
 1.56100E-03   5.99851E-04   1.03220E-04   1.25121E-04   3.09268E-12     2260.54  0
 1.58100E-03   5.92323E-04   9.97108E-05   1.25126E-04   2.98821E-12     2168.03  0
 1.60100E-03   5.85436E-04   9.74079E-05   1.24031E-04   2.87933E-12     2091.44  0
 1.62100E-03   5.79266E-04   9.36372E-05   1.26016E-04   2.77808E-12     2024.19  0
 1.64100E-03   5.74670E-04   9.05246E-05   1.25348E-04   2.67467E-12     1966.80  0
 1.66100E-03   5.67859E-04   8.79258E-05   1.24646E-04   2.57153E-12     1916.02  0
 1.68100E-03   5.64096E-04   8.43255E-05   1.23938E-04   2.46880E-12     1872.13  0
 1.70100E-03   5.57194E-04   8.19991E-05   1.23194E-04   2.36652E-12     1833.69  0
 1.72100E-03   5.53691E-04   7.86749E-05   1.22419E-04   2.26544E-12     1801.07  0
 1.74100E-03   5.47139E-04   7.59399E-05   1.21627E-04   2.16420E-12     1772.97  0
 1.76100E-03   5.43513E-04   7.33906E-05   1.20827E-04   2.06385E-12     1748.75  0
 1.78100E-03   5.37580E-04   7.04866E-05   1.20123E-04   1.96371E-12     1727.82  0
 1.80100E-03   5.33624E-04   6.76116E-05   1.18616E-04   1.79477E-12     1709.41  0
 1.82100E-03   5.27932E-04   6.46878E-05   1.22776E-04   1.67696E-12     1692.60  0
 1.84100E-03   5.23540E-04   6.28978E-05   1.23302E-04   1.56328E-12     1677.56  0
 1.86100E-03   5.17367E-04   6.00447E-05   1.23654E-04   1.45315E-12     1664.46  0
 1.88100E-03   5.12953E-04   5.82405E-05   1.23891E-04   1.34690E-12     1653.26  0
 1.90100E-03   5.05855E-04   5.58331E-05   1.24056E-04   1.24484E-12     1643.90  0
 1.92100E-03   5.01868E-04   5.38000E-05   1.24170E-04   1.14715E-12     1636.30  0
 1.94100E-03   4.93988E-04   5.21920E-05   1.24243E-04   1.05351E-12     1630.46  0
 1.96100E-03   4.88158E-04   4.95206E-05   1.24282E-04   1.03726E-12     1626.27  1
 1.98100E-03   4.41493E-05   1.03367E-04   4.18477E-05   1.11277E-12     1846.67  1
 2.00100E-03   7.15193E-05   1.09727E-04   6.22487E-05   1.16332E-12     2824.00  1
 2.02100E-03   9.00374E-05   1.12022E-04   7.09564E-05   1.21001E-12     3231.39  1
 2.04100E-03   1.07893E-04   1.12936E-04   7.42240E-05   1.26095E-12     3473.41  1
 2.06100E-03   1.28964E-04   1.13439E-04   7.59553E-05   1.31459E-12     3533.50  1
 2.08100E-03   1.48507E-04   1.13922E-04   7.72697E-05   1.37063E-12     3605.04  1
 2.10100E-03   1.67525E-04   1.14256E-04   7.83859E-05   1.43235E-12     3622.47  1
 2.12100E-03   1.86541E-04   1.14582E-04   8.32216E-05   1.49808E-12     3634.14  1
 2.14100E-03   2.01887E-04   1.14812E-04   8.50585E-05   1.58018E-12     3639.82  1
 2.16100E-03   2.20438E-04   1.14975E-04   9.00081E-05   1.66480E-12     3677.06  1
 2.18100E-03   2.39609E-04   1.15029E-04   9.18343E-05   1.74990E-12     3689.88  1
 2.20100E-03   2.56584E-04   1.14554E-04   9.35504E-05   1.86547E-12     3575.67  1
 2.22100E-03   2.75988E-04   1.14799E-04   9.86462E-05   1.95696E-12     3582.32  1
 2.24100E-03   2.94850E-04   1.15260E-04   1.00857E-04   2.04974E-12     3594.27  1
 2.26100E-03   3.13535E-04   1.15677E-04   1.02208E-04   2.14145E-12     3593.57  1
 2.28100E-03   3.28426E-04   1.15867E-04   1.03344E-04   2.24033E-12     3588.68  1
 2.30100E-03   3.47112E-04   1.15969E-04   1.04327E-04   2.34255E-12     3619.00  1
 2.32100E-03   3.65918E-04   1.16129E-04   1.05231E-04   2.44355E-12     3618.16  1
 2.34100E-03   3.84203E-04   1.16226E-04   1.06089E-04   2.54986E-12     3611.00  1
 2.36100E-03   4.02402E-04   1.16287E-04   1.06925E-04   2.66265E-12     3600.19  1
 2.38100E-03   4.17805E-04   1.16358E-04   1.11299E-04   2.78093E-12     3611.60  1
 2.40100E-03   4.34649E-04   1.16403E-04   1.13183E-04   2.89824E-12     3616.90  1
 2.42100E-03   4.56293E-04   1.16451E-04   1.14275E-04   3.01815E-12     3613.48  1
 2.44100E-03   4.74986E-04   1.16546E-04   1.15221E-04   3.13415E-12     3623.09  1
 2.46100E-03   4.93314E-04   1.16629E-04   1.16060E-04   3.24801E-12     3615.92  1
 2.48100E-03   5.08276E-04   1.16691E-04   1.16853E-04   3.35716E-12     3607.32  1
 2.50100E-03   5.26637E-04   1.16720E-04   1.17620E-04   3.46884E-12     3629.90  1
 2.52100E-03   5.45673E-04   1.16729E-04   1.20316E-04   3.57845E-12     3639.77  1
 2.54100E-03   5.64180E-04   1.16725E-04   1.22509E-04   3.68860E-12     3620.22  1
 2.56100E-03   5.82738E-04   1.16745E-04   1.24296E-04   3.79117E-12     3603.25  1
 2.58100E-03   5.97278E-04   1.16742E-04   1.25391E-04   3.89283E-12     3609.03  1
 2.60100E-03   6.11468E-04   1.16673E-04   1.26087E-04   3.99152E-12     3609.28  1
 2.62100E-03   6.31334E-04   1.16600E-04   1.26663E-04   4.08570E-12     3617.08  1
 2.64100E-03   6.46390E-04   1.16577E-04   1.27137E-04   4.17575E-12     3630.34  1
 2.66100E-03   6.57655E-04   1.16536E-04   1.27549E-04   4.26125E-12     3622.72  1
 2.68100E-03   6.68061E-04   1.16501E-04   1.27925E-04   4.34397E-12     3603.79  1
 2.70100E-03   6.79177E-04   1.16378E-04   1.28254E-04   4.42490E-12     3622.08  1
 2.72100E-03   6.94616E-04   1.16256E-04   1.28528E-04   4.49764E-12     3636.09  1
 2.74100E-03   7.05832E-04   1.16084E-04   1.28799E-04   4.57131E-12     3605.95  1
 2.76100E-03   7.21130E-04   1.15897E-04   1.29017E-04   4.63629E-12     3593.01  1
 2.78100E-03   7.29690E-04   1.15726E-04   1.29157E-04   4.70197E-12     3595.50  1
 2.80100E-03   7.42833E-04   1.15527E-04   1.29248E-04   4.75980E-12     3575.66  1
 2.82100E-03   7.56269E-04   1.15265E-04   1.29296E-04   4.81426E-12     3561.53  1
 2.84100E-03   7.69119E-04   1.15101E-04   1.29299E-04   4.86539E-12     3600.48  1
 2.86100E-03   7.85019E-04   1.15047E-04   1.29257E-04   4.91339E-12     3582.52  1
 2.88100E-03   7.97243E-04   1.14892E-04   1.29170E-04   4.95175E-12     3555.89  1
 2.90100E-03   8.08893E-04   1.14693E-04   1.29031E-04   4.99191E-12     3543.74  1
 2.92100E-03   8.22775E-04   1.14488E-04   1.28855E-04   4.87538E-12     3571.08  0
 2.94100E-03   8.19094E-04   1.13528E-04   1.28650E-04   4.74852E-12     3013.70  0
 2.96100E-03   8.16995E-04   1.12280E-04   1.28418E-04   4.61434E-12     2710.92  0
 2.98100E-03   8.10181E-04   1.09021E-04   1.28141E-04   4.47438E-12     2506.59  0
 3.00100E-03   8.05077E-04   1.06640E-04   1.26535E-04   4.32655E-12     2353.11  0
 3.02100E-03   8.02545E-04   1.03600E-04   1.26781E-04   4.17485E-12     2232.65  0
 3.04100E-03   7.95751E-04   1.00430E-04   1.28560E-04   4.00886E-12     2130.83  0
 3.06100E-03   7.91724E-04   9.79603E-05   1.29096E-04   3.84161E-12     2046.99  0
 3.08100E-03   7.85070E-04   9.43091E-05   1.29281E-04   3.67640E-12     1976.75  0
 3.10100E-03   7.80017E-04   9.15614E-05   1.29414E-04   3.51323E-12     1920.34  0
 3.12100E-03   7.74006E-04   8.84116E-05   1.29389E-04   3.35200E-12     1872.77  0
 3.14100E-03   7.68310E-04   8.50862E-05   1.29235E-04   3.19281E-12     1833.81  0
 3.16100E-03   7.62909E-04   8.27060E-05   1.28971E-04   3.03544E-12     1800.39  0
 3.18100E-03   7.56615E-04   7.91048E-05   1.28608E-04   2.88136E-12     1772.34  0
 3.20100E-03   7.48209E-04   7.59320E-05   1.26914E-04   2.64231E-12     1747.75  0
 3.22100E-03   7.46471E-04   7.33995E-05   1.32836E-04   2.48240E-12     1726.25  0
 3.24100E-03   7.42573E-04   7.04179E-05   1.33107E-04   2.32779E-12     1706.97  0
 3.26100E-03   7.34348E-04   6.82175E-05   1.33220E-04   2.17787E-12     1689.74  0
 3.28100E-03   7.30423E-04   6.52859E-05   1.33275E-04   2.03333E-12     1674.57  0
 3.30100E-03   7.21606E-04   6.32522E-05   1.33421E-04   1.89326E-12     1661.64  0
 3.32100E-03   7.15753E-04   6.05140E-05   1.33514E-04   1.75831E-12     1650.72  0
 3.34100E-03   7.04888E-04   5.85118E-05   1.33566E-04   1.62869E-12     1641.67  0
 3.36100E-03   6.92513E-04   5.61408E-05   1.33582E-04   1.50403E-12     1634.51  0
 3.38100E-03   6.82722E-04   5.39232E-05   1.33571E-04   1.38505E-12     1629.18  0
 3.40100E-03   6.66799E-04   5.16650E-05   1.28371E-04   1.22237E-12     1625.38  0
 3.42100E-03   6.52785E-04   4.92781E-05   1.35310E-04   1.18113E-12     1623.35  1
 3.44100E-03   4.42156E-05   1.03241E-04   4.32394E-05   1.22743E-12     1841.63  1
 3.46100E-03   7.14439E-05   1.09670E-04   6.14852E-05   1.25196E-12     2818.72  1
 3.48100E-03   8.89078E-05   1.11969E-04   7.12678E-05   1.28067E-12     3231.67  1
 3.50099E-03   1.09122E-04   1.12898E-04   7.43804E-05   1.31420E-12     3495.58  1
 3.52099E-03   1.29046E-04   1.13398E-04   7.59507E-05   1.35371E-12     3569.98  1
 3.54099E-03   1.48618E-04   1.13833E-04   7.72706E-05   1.40356E-12     3640.19  1
 3.56099E-03   1.67464E-04   1.14191E-04   8.24507E-05   1.45854E-12     3669.87  1
 3.58099E-03   1.86538E-04   1.14537E-04   8.44784E-05   1.51833E-12     3678.98  1
 3.60099E-03   2.01571E-04   1.14174E-04   8.56948E-05   1.60392E-12     3614.12  1
 3.62099E-03   2.20161E-04   1.14395E-04   9.12274E-05   1.67704E-12     3619.46  1
 3.64099E-03   2.38896E-04   1.14888E-04   9.33714E-05   1.75508E-12     3622.72  1
 3.66099E-03   2.57687E-04   1.15348E-04   9.46763E-05   1.83365E-12     3640.20  1
 3.68099E-03   2.76457E-04   1.15504E-04   9.57710E-05   1.91507E-12     3639.42  1
 3.70099E-03   2.94980E-04   1.15721E-04   9.67695E-05   2.01186E-12     3628.73  1
 3.72099E-03   3.10257E-04   1.15878E-04   1.00855E-04   2.10832E-12     3624.23  1
 3.74099E-03   3.28477E-04   1.15997E-04   1.02714E-04   2.21297E-12     3628.11  1
 3.76099E-03   3.47148E-04   1.16150E-04   1.04015E-04   2.31977E-12     3650.12  1
 3.78099E-03   3.65647E-04   1.16295E-04   1.05186E-04   2.43584E-12     3652.84  1
 3.80099E-03   3.81883E-04   1.16337E-04   1.10958E-04   2.54745E-12     3618.26  1
 3.82099E-03   4.00941E-04   1.16376E-04   1.13162E-04   2.66982E-12     3646.34  1
 3.84099E-03   4.20193E-04   1.16527E-04   1.14413E-04   2.79260E-12     3669.98  1
 3.86099E-03   4.38745E-04   1.16673E-04   1.15369E-04   2.91698E-12     3662.77  1
 3.88099E-03   4.54129E-04   1.16765E-04   1.16163E-04   3.03701E-12     3645.16  1
 3.90099E-03   4.72069E-04   1.16824E-04   1.16888E-04   3.15996E-12     3653.74  1
 3.92099E-03   4.90525E-04   1.16858E-04   1.19795E-04   3.28255E-12     3671.37  1
 3.94099E-03   5.08361E-04   1.16897E-04   1.23796E-04   3.40303E-12     3667.86  1
 3.96099E-03   5.26121E-04   1.16980E-04   1.26385E-04   3.51614E-12     3663.34  1
 3.98099E-03   5.40641E-04   1.17041E-04   1.28289E-04   3.63295E-12     3653.35  1
 4.00099E-03   5.57233E-04   1.17036E-04   1.31087E-04   3.74947E-12     3650.23  1
 4.02099E-03   5.72986E-04   1.17019E-04   1.33116E-04   3.86431E-12     3656.82  1
 4.04099E-03   5.87132E-04   1.17071E-04   1.35349E-04   3.96889E-12     3673.66  1
 4.06099E-03   6.02781E-04   1.17164E-04   1.36551E-04   4.07502E-12     3674.89  1
 4.08099E-03   6.12566E-04   1.17273E-04   1.37337E-04   4.17481E-12     3662.01  1
 4.10099E-03   6.28283E-04   1.17278E-04   1.37979E-04   4.27577E-12     3666.16  1
 4.12099E-03   6.44753E-04   1.17238E-04   1.38673E-04   4.36959E-12     3681.97  1
 4.14099E-03   6.57162E-04   1.17256E-04   1.39077E-04   4.46239E-12     3679.71  1
 4.16100E-03   6.72317E-04   1.17298E-04   1.39426E-04   4.54865E-12     3669.26  1
 4.18100E-03   6.86804E-04   1.17311E-04   1.39578E-04   4.63475E-12     3664.19  1
 4.20100E-03   6.97866E-04   1.17255E-04   1.39686E-04   4.71744E-12     3659.83  1
 4.22100E-03   7.12280E-04   1.17172E-04   1.39741E-04   4.79623E-12     3668.13  1
 4.24100E-03   7.26543E-04   1.17164E-04   1.39769E-04   4.86801E-12     3687.74  1
 4.26100E-03   7.42355E-04   1.17229E-04   1.39760E-04   4.93930E-12     3683.85  1
 4.28100E-03   7.51410E-04   1.17273E-04   1.39769E-04   5.00459E-12     3679.08  1
 4.30100E-03   7.67142E-04   1.17210E-04   1.39873E-04   5.06987E-12     3679.82  1
 4.32100E-03   7.80665E-04   1.17108E-04   1.39889E-04   5.12769E-12     3691.28  1
 4.34100E-03   7.95557E-04   1.17067E-04   1.39845E-04   5.18431E-12     3682.43  1
 4.36100E-03   8.12338E-04   1.17030E-04   1.39761E-04   5.23284E-12     3674.10  1
 4.38100E-03   8.22146E-04   1.16948E-04   1.39712E-04   5.28150E-12     3661.33  1
 4.40100E-03   8.36322E-04   1.16770E-04   1.39341E-04   5.32332E-12     3668.22  1
 4.42100E-03   8.49113E-04   1.16654E-04   1.38825E-04   5.36417E-12     3676.27  1
 4.44100E-03   8.61375E-04   1.16593E-04   1.38492E-04   5.39851E-12     3672.09  1
 4.46100E-03   8.77189E-04   1.16525E-04   1.38193E-04   5.43210E-12     3658.81  1
 4.48100E-03   8.88265E-04   1.16399E-04   1.38039E-04   5.45424E-12     3661.92  1
 4.50100E-03   9.03552E-04   1.16225E-04   1.37965E-04   5.47870E-12     3653.58  1
 4.52100E-03   9.16772E-04   1.16051E-04   1.37879E-04   5.49428E-12     3651.08  1
 4.54100E-03   9.26812E-04   1.15876E-04   1.37766E-04   5.50593E-12     3636.16  1
 4.56100E-03   9.42668E-04   1.15724E-04   1.37639E-04   5.51096E-12     3643.02  1
 4.58100E-03   9.53575E-04   1.15550E-04   1.37505E-04   5.52383E-12     3632.26  1
 4.60100E-03   9.67967E-04   1.15354E-04   1.38322E-04   5.52428E-12     3615.87  1
 4.62100E-03   9.77600E-04   1.15177E-04   1.39145E-04   5.52479E-12     3600.73  1
 4.64100E-03   9.92423E-04   1.14962E-04   1.39475E-04   5.51919E-12     3600.49  1
 4.66100E-03   1.00436E-03   1.14817E-04   1.39553E-04   5.51192E-12     3611.45  1
 4.68100E-03   1.01790E-03   1.14674E-04   1.39505E-04   5.49820E-12     3596.52  1
 4.70100E-03   1.02858E-03   1.14554E-04   1.39416E-04   5.33839E-12     3597.30  0
 4.72100E-03   1.02183E-03   1.13564E-04   1.39201E-04   5.16467E-12     3038.89  0
 4.74100E-03   1.01772E-03   1.12347E-04   1.39001E-04   4.98335E-12     2718.75  0
 4.76100E-03   1.00972E-03   1.08964E-04   1.38753E-04   4.79878E-12     2513.87  0
 4.78100E-03   1.00281E-03   1.06862E-04   1.38519E-04   4.61512E-12     2362.55  0
 4.80100E-03   9.95454E-04   1.03558E-04   1.36980E-04   4.39385E-12     2249.36  0
 4.82100E-03   9.85892E-04   1.00451E-04   1.41914E-04   4.21301E-12     2148.59  0
 4.84100E-03   9.77759E-04   9.79905E-05   1.40865E-04   4.02383E-12     2063.32  0
 4.86100E-03   9.69792E-04   9.43567E-05   1.38281E-04   3.83409E-12     1990.65  0
 4.88100E-03   9.58688E-04   9.15576E-05   1.37496E-04   3.64734E-12     1930.64  0
 4.90100E-03   9.47740E-04   8.84110E-05   1.36916E-04   3.46391E-12     1881.52  0
 4.92100E-03   9.37065E-04   8.50685E-05   1.36341E-04   3.28437E-12     1840.32  0
 4.94100E-03   9.27129E-04   8.26897E-05   1.35658E-04   3.10902E-12     1805.71  0
 4.96100E-03   9.18298E-04   7.91230E-05   1.34982E-04   2.93815E-12     1775.93  0
 4.98100E-03   9.06548E-04   7.65357E-05   1.34313E-04   2.77112E-12     1750.82  0
 5.00100E-03   8.92954E-04   7.28830E-05   1.30154E-04   2.50669E-12     1728.58  0
 5.02100E-03   8.81773E-04   6.99060E-05   1.39698E-04   2.32452E-12     1708.85  0
 5.04100E-03   8.70303E-04   6.78588E-05   1.40859E-04   2.15114E-12     1691.35  0
 5.06100E-03   8.58672E-04   6.46363E-05   1.41120E-04   1.98483E-12     1676.05  0
 5.08100E-03   8.46685E-04   6.28256E-05   1.41239E-04   1.82614E-12     1662.73  0
 5.10100E-03   8.34354E-04   5.97162E-05   1.41316E-04   1.67507E-12     1651.50  0
 5.12100E-03   8.21773E-04   5.79762E-05   1.41345E-04   1.53194E-12     1642.18  0
 5.14100E-03   8.09073E-04   5.51110E-05   1.41339E-04   1.39547E-12     1634.69  0
 5.16100E-03   7.93252E-04   5.32831E-05   1.41288E-04   1.26623E-12     1629.05  0
 5.18100E-03   7.78094E-04   5.07928E-05   1.41193E-04   1.14348E-12     1625.20  0
 5.20100E-03   7.60696E-04   4.86637E-05   1.36232E-04   1.09457E-12     1623.15  1
 5.22100E-03   7.46468E-04   4.66818E-05   1.39061E-04   1.14391E-12     1818.08  1
 5.24100E-03   6.84527E-05   1.09322E-04   5.84729E-05   1.16469E-12     2774.14  1
 5.26100E-03   9.03849E-05   1.11642E-04   6.67709E-05   1.19007E-12     3248.21  1
 5.28100E-03   1.10729E-04   1.12749E-04   6.95288E-05   1.23489E-12     3451.82  1
 5.30100E-03   1.30377E-04   1.13186E-04   7.92724E-05   1.29094E-12     3555.45  1
 5.32100E-03   1.49166E-04   1.13522E-04   8.22602E-05   1.34509E-12     3588.55  1
 5.34100E-03   1.67641E-04   1.14013E-04   8.38684E-05   1.40228E-12     3597.27  1
 5.36100E-03   1.83310E-04   1.14450E-04   8.51525E-05   1.46861E-12     3614.74  1
 5.38100E-03   2.01388E-04   1.14772E-04   8.62280E-05   1.53863E-12     3628.93  1
 5.40100E-03   2.20517E-04   1.14946E-04   8.71881E-05   1.60926E-12     3650.05  1
 5.42100E-03   2.39246E-04   1.15217E-04   8.80647E-05   1.68549E-12     3627.16  1
 5.44100E-03   2.57887E-04   1.15470E-04   8.89037E-05   1.76151E-12     3613.08  1
 5.46101E-03   2.72845E-04   1.15676E-04   8.97567E-05   1.86646E-12     3609.38  1
 5.48101E-03   2.91475E-04   1.15841E-04   9.75078E-05   1.97563E-12     3638.85  1
 5.50101E-03   3.10399E-04   1.16022E-04   1.00246E-04   2.08941E-12     3628.16  1
 5.52101E-03   3.28508E-04   1.16164E-04   1.01776E-04   2.20929E-12     3614.07  1
 5.54101E-03   3.46593E-04   1.16262E-04   1.02932E-04   2.32738E-12     3605.10  1
 5.56101E-03   3.61798E-04   1.16358E-04   1.03920E-04   2.44599E-12     3626.94  1
 5.58101E-03   3.80345E-04   1.16484E-04   1.04868E-04   2.56722E-12     3659.09  1
 5.60101E-03   3.98748E-04   1.16599E-04   1.05775E-04   2.68871E-12     3639.22  1
 5.62101E-03   4.16722E-04   1.16661E-04   1.06636E-04   2.82006E-12     3622.90  1
 5.64101E-03   4.31433E-04   1.16760E-04   1.11120E-04   2.94691E-12     3626.39  1
 5.66101E-03   4.49512E-04   1.16845E-04   1.13120E-04   3.07655E-12     3654.04  1
 5.68101E-03   4.68301E-04   1.16910E-04   1.14256E-04   3.20312E-12     3671.94  1
 5.70101E-03   4.86706E-04   1.16964E-04   1.15212E-04   3.33024E-12     3648.89  1
 5.72101E-03   5.05001E-04   1.17067E-04   1.16043E-04   3.44838E-12     3636.56  1
 5.74101E-03   5.19511E-04   1.17142E-04   1.16843E-04   3.56575E-12     3653.69  1
 5.76101E-03   5.38082E-04   1.17169E-04   1.17625E-04   3.68891E-12     3676.10  1
 5.78101E-03   5.56746E-04   1.17193E-04   1.20988E-04   3.81016E-12     3660.42  1
 5.80101E-03   5.72655E-04   1.17255E-04   1.23208E-04   3.92064E-12     3623.74  1
 5.82101E-03   5.94451E-04   1.17230E-04   1.26647E-04   4.03450E-12     3648.59  1
 5.84101E-03   6.11675E-04   1.17291E-04   1.28997E-04   4.14186E-12     3676.68  1
 5.86101E-03   6.28829E-04   1.17403E-04   1.31979E-04   4.24856E-12     3658.02  1
 5.88101E-03   6.45637E-04   1.17503E-04   1.33779E-04   4.34916E-12     3644.61  1
 5.90101E-03   6.59655E-04   1.17510E-04   1.35460E-04   4.44995E-12     3664.57  1
 5.92101E-03   6.76664E-04   1.17477E-04   1.36369E-04   4.54631E-12     3690.00  1
 5.94101E-03   6.90565E-04   1.17507E-04   1.37021E-04   4.63911E-12     3661.16  1
 5.96101E-03   7.04857E-04   1.17537E-04   1.37442E-04   4.72606E-12     3640.85  1
 5.98101E-03   7.17423E-04   1.17556E-04   1.37852E-04   4.81303E-12     3646.09  1
 6.00101E-03   7.28993E-04   1.17531E-04   1.38239E-04   4.89601E-12     3642.13  1
 6.02101E-03   7.43548E-04   1.17480E-04   1.38497E-04   4.97912E-12     3641.79  1
 6.04101E-03   7.56748E-04   1.17498E-04   1.38648E-04   5.05577E-12     3672.88  1
 6.06101E-03   7.70149E-04   1.17557E-04   1.38713E-04   5.12969E-12     3650.40  1
 6.08101E-03   7.83464E-04   1.17606E-04   1.38689E-04   5.19723E-12     3627.34  1
 6.10101E-03   7.93855E-04   1.17594E-04   1.38646E-04   5.26668E-12     3645.98  1
 6.12101E-03   8.07626E-04   1.17570E-04   1.38615E-04   5.33070E-12     3674.66  1
 6.14101E-03   8.22506E-04   1.17569E-04   1.38681E-04   5.39041E-12     3660.90  1
 6.16101E-03   8.35058E-04   1.17577E-04   1.38699E-04   5.44511E-12     3640.39  1
 6.18101E-03   8.50860E-04   1.17579E-04   1.38643E-04   5.49890E-12     3644.51  1
 6.20101E-03   8.57752E-04   1.17539E-04   1.38543E-04   5.54920E-12     3642.16  1
 6.22101E-03   8.71934E-04   1.17470E-04   1.38399E-04   5.59891E-12     3666.83  1
 6.24101E-03   8.87195E-04   1.17465E-04   1.38234E-04   5.64043E-12     3687.12  1
 6.26101E-03   9.03272E-04   1.17519E-04   1.38051E-04   5.68261E-12     3661.36  1
 6.28101E-03   9.13562E-04   1.17547E-04   1.37844E-04   5.71705E-12     3640.16  1
 6.30101E-03   9.25437E-04   1.17516E-04   1.37785E-04   5.75504E-12     3659.33  1
 6.32101E-03   9.38043E-04   1.17433E-04   1.37742E-04   5.79290E-12     3679.35  1
 6.34101E-03   9.51785E-04   1.17405E-04   1.38831E-04   5.82705E-12     3662.18  1
 6.36101E-03   9.67390E-04   1.17379E-04   1.39752E-04   5.85595E-12     3637.72  1
 6.38101E-03   9.77894E-04   1.17323E-04   1.40190E-04   5.88416E-12     3634.56  1
 6.40101E-03   9.88370E-04   1.17188E-04   1.40378E-04   5.90833E-12     3635.92  1
 6.42101E-03   1.00409E-03   1.17037E-04   1.40419E-04   5.92571E-12     3644.44  1
 6.44101E-03   1.01585E-03   1.16987E-04   1.40390E-04   5.94257E-12     3653.19  1
 6.46101E-03   1.02766E-03   1.16969E-04   1.40326E-04   5.95097E-12     3677.32  1
 6.48101E-03   1.04173E-03   1.16903E-04   1.40234E-04   5.95992E-12     3660.90  1
 6.50101E-03   1.05726E-03   1.16827E-04   1.40198E-04   5.96361E-12     3630.18  1
 6.52101E-03   1.06381E-03   1.16688E-04   1.40097E-04   5.96424E-12     3623.69  1
 6.54101E-03   1.07879E-03   1.16519E-04   1.39971E-04   5.95683E-12     3646.26  1
 6.56101E-03   1.09129E-03   1.16383E-04   1.39781E-04   5.95048E-12     3635.51  1
 6.58101E-03   1.10331E-03   1.16235E-04   1.39574E-04   5.93661E-12     3615.51  1
 6.60101E-03   1.11620E-03   1.16030E-04   1.39311E-04   5.92341E-12     3600.45  1
 6.62101E-03   1.12618E-03   1.15777E-04   1.39041E-04   5.90239E-12     3616.04  1
 6.64101E-03   1.13675E-03   1.15676E-04   1.38687E-04   5.88221E-12     3597.51  1
 6.66101E-03   1.14780E-03   1.15601E-04   1.38434E-04   5.85815E-12     3616.69  1
 6.68101E-03   1.16124E-03   1.15509E-04   1.38194E-04   5.83332E-12     3624.56  1
 6.70101E-03   1.17229E-03   1.15316E-04   1.37935E-04   5.80464E-12     3589.64  1
 6.72101E-03   1.18437E-03   1.15122E-04   1.37564E-04   5.77482E-12     3579.41  1
 6.74101E-03   1.19092E-03   1.14968E-04   1.37445E-04   5.74447E-12     3576.66  1
 6.76101E-03   1.20443E-03   1.14786E-04   1.37179E-04   5.71115E-12     3596.67  1
 6.78102E-03   1.21256E-03   1.14655E-04   1.36862E-04   5.52925E-12     3573.56  0
 6.80102E-03   1.20474E-03   1.13589E-04   1.35664E-04   5.28432E-12     3009.85  0
 6.82102E-03   1.19637E-03   1.12481E-04   1.39917E-04   5.08170E-12     2686.16  0
 6.84102E-03   1.18619E-03   1.09088E-04   1.37487E-04   4.87201E-12     2475.73  0
 6.86102E-03   1.17346E-03   1.07024E-04   1.36105E-04   4.66255E-12     2323.21  0
 6.88102E-03   1.15780E-03   1.03744E-04   1.35904E-04   4.45237E-12     2209.52  0
 6.90102E-03   1.14181E-03   1.00844E-04   1.36457E-04   4.24816E-12     2115.50  0
 6.92102E-03   1.11899E-03   9.80787E-05   1.36739E-04   4.04583E-12     2039.15  0
 6.94102E-03   1.09666E-03   9.44984E-05   1.36896E-04   3.84903E-12     1976.58  0
 6.96102E-03   1.07845E-03   9.20556E-05   1.36888E-04   3.65758E-12     1923.10  0
 6.98102E-03   1.05890E-03   8.84491E-05   1.36769E-04   3.47185E-12     1877.04  0
 7.00102E-03   1.03733E-03   8.48715E-05   1.34219E-04   3.17230E-12     1837.05  0
 7.02102E-03   1.02735E-03   8.27028E-05   1.38486E-04   2.96862E-12     1803.13  0
 7.04102E-03   1.00847E-03   7.90639E-05   1.39927E-04   2.77630E-12     1772.35  0
 7.06102E-03   9.92513E-04   7.63175E-05   1.41155E-04   2.59103E-12     1745.54  0
 7.08102E-03   9.74115E-04   7.34815E-05   1.41720E-04   2.41219E-12     1721.75  0
 7.10102E-03   9.56914E-04   7.04771E-05   1.41894E-04   2.24074E-12     1701.11  0
 7.12102E-03   9.37214E-04   6.81119E-05   1.42037E-04   2.07588E-12     1683.56  0
 7.14102E-03   9.19586E-04   6.50130E-05   1.42170E-04   1.91779E-12     1668.50  0
 7.16102E-03   8.97635E-04   6.29742E-05   1.42272E-04   1.76724E-12     1655.95  0
 7.18102E-03   8.76092E-04   5.98551E-05   1.42343E-04   1.62430E-12     1645.61  0
 7.20102E-03   8.51983E-04   5.75118E-05   1.36556E-04   1.43168E-12     1637.23  0
 7.22102E-03   8.28369E-04   5.45947E-05   1.41892E-04   1.28984E-12     1630.87  0
 7.24102E-03   8.02891E-04   5.28578E-05   1.41229E-04   1.15867E-12     1626.28  0
 7.26102E-03   7.80468E-04   4.98929E-05   1.38500E-04   1.03775E-12     1623.58  0
 7.28102E-03   7.58482E-04   4.81799E-05   1.38348E-04   1.01732E-12     1622.82  1
 7.30102E-03   4.20774E-05   1.05156E-04   4.98557E-05   1.08316E-12     1860.02  1
 7.32102E-03   6.92186E-05   1.10516E-04   6.20396E-05   1.12045E-12     2761.10  1
 7.34102E-03   9.04544E-05   1.12766E-04   6.83414E-05   1.16913E-12     3212.28  1
 7.36102E-03   1.09885E-04   1.13668E-04   7.95908E-05   1.22979E-12     3471.80  1
 7.38102E-03   1.26083E-04   1.14892E-04   8.31715E-05   1.30001E-12     3575.23  1
 7.40102E-03   1.44433E-04   1.15637E-04   8.51627E-05   1.36986E-12     3609.26  1
 7.42102E-03   1.63211E-04   1.15999E-04   8.68507E-05   1.45029E-12     3627.55  1
 7.44102E-03   1.82161E-04   1.16241E-04   9.46485E-05   1.54044E-12     3665.92  1
 7.46102E-03   2.01048E-04   1.16516E-04   9.67946E-05   1.63703E-12     3680.56  1
 7.48102E-03   2.19821E-04   1.16641E-04   9.83051E-05   1.74056E-12     3677.85  1
 7.50102E-03   2.34913E-04   1.16747E-04   1.08688E-04   1.85090E-12     3670.27  1
 7.52102E-03   2.53377E-04   1.16843E-04   1.17255E-04   1.98106E-12     3683.72  1
 7.54102E-03   2.72271E-04   1.16921E-04   1.26164E-04   2.11024E-12     3690.74  1
 7.56102E-03   2.90653E-04   1.16974E-04   1.33190E-04   2.24740E-12     3677.73  1
 7.58102E-03   3.06084E-04   1.17088E-04   1.38023E-04   2.38590E-12     3683.48  1
 7.60102E-03   3.23434E-04   1.17088E-04   1.43798E-04   2.54377E-12     3678.72  1
 7.62102E-03   3.43306E-04   1.17090E-04   1.48778E-04   2.68990E-12     3671.60  1
 7.64102E-03   3.59638E-04   1.17166E-04   1.53783E-04   2.83681E-12     3687.74  1
 7.66102E-03   3.78255E-04   1.17336E-04   1.56106E-04   2.98864E-12     3704.19  1
 7.68102E-03   3.96851E-04   1.17372E-04   1.58063E-04   3.13537E-12     3694.22  1
 7.70102E-03   4.15165E-04   1.17456E-04   1.58374E-04   3.27956E-12     3681.02  1
 7.72102E-03   4.30304E-04   1.17494E-04   1.58798E-04   3.41755E-12     3673.61  1
 7.74102E-03   4.48440E-04   1.17506E-04   1.61088E-04   3.55850E-12     3687.31  1
 7.76102E-03   4.67056E-04   1.17492E-04   1.62297E-04   3.69058E-12     3697.97  1
 7.78102E-03   4.85187E-04   1.17531E-04   1.62873E-04   3.81939E-12     3694.47  1
 7.80102E-03   5.01882E-04   1.17536E-04   1.63234E-04   3.93181E-12     3667.76  1
 7.82102E-03   5.21574E-04   1.17522E-04   1.63819E-04   4.05214E-12     3692.92  1
 7.84102E-03   5.41080E-04   1.17538E-04   1.64223E-04   4.16316E-12     3702.56  1
 7.86102E-03   5.59621E-04   1.17613E-04   1.64479E-04   4.27205E-12     3692.73  1
 7.88102E-03   5.74874E-04   1.17648E-04   1.64601E-04   4.37513E-12     3691.73  1
 7.90102E-03   5.92527E-04   1.17647E-04   1.64650E-04   4.47891E-12     3697.54  1
 7.92102E-03   6.10391E-04   1.17624E-04   1.64636E-04   4.57687E-12     3705.01  1
 7.94102E-03   6.27919E-04   1.17639E-04   1.64544E-04   4.66862E-12     3697.41  1
 7.96102E-03   6.45166E-04   1.17657E-04   1.64465E-04   4.75547E-12     3688.75  1
 7.98102E-03   6.59023E-04   1.17665E-04   1.64351E-04   4.83958E-12     3676.02  1
 8.00102E-03   6.74721E-04   1.17639E-04   1.64190E-04   4.91960E-12     3666.41  1
 8.02102E-03   6.92379E-04   1.17617E-04   1.63991E-04   4.99844E-12     3683.26  1
 8.04102E-03   7.07946E-04   1.17611E-04   1.63833E-04   5.06837E-12     3710.24  1
 8.06102E-03   7.24406E-04   1.17652E-04   1.63612E-04   5.13759E-12     3711.40  1
 8.08102E-03   7.41782E-04   1.17695E-04   1.63369E-04   5.20146E-12     3701.35  1
 8.10102E-03   7.56838E-04   1.17681E-04   1.62814E-04   5.26604E-12     3701.24  1
 8.12102E-03   7.72293E-04   1.17653E-04   1.62264E-04   5.32608E-12     3712.98  1
 8.14102E-03   7.86793E-04   1.17655E-04   1.61747E-04   5.38236E-12     3704.83  1
 8.16103E-03   8.03220E-04   1.17663E-04   1.60712E-04   5.43444E-12     3687.56  1
 8.18103E-03   8.17356E-04   1.17661E-04   1.59435E-04   5.48417E-12     3669.42  1
 8.20103E-03   8.24999E-04   1.17628E-04   1.57006E-04   5.53082E-12     3672.36  1
 8.22103E-03   8.39756E-04   1.17608E-04   1.56134E-04   5.57460E-12     3692.36  1
 8.24103E-03   8.52222E-04   1.17600E-04   1.55569E-04   5.61817E-12     3706.45  1
 8.26103E-03   8.68039E-04   1.17630E-04   1.56368E-04   5.66131E-12     3698.42  1
 8.28103E-03   8.78745E-04   1.17636E-04   1.57132E-04   5.70081E-12     3689.96  1
 8.30103E-03   8.92118E-04   1.17601E-04   1.57135E-04   5.73971E-12     3695.69  1
 8.32103E-03   9.08652E-04   1.17589E-04   1.56958E-04   5.77137E-12     3707.59  1
 8.34103E-03   9.22121E-04   1.17573E-04   1.56464E-04   5.80333E-12     3697.84  1
 8.36103E-03   9.36231E-04   1.17562E-04   1.55942E-04   5.82873E-12     3690.38  1
 8.38103E-03   9.49207E-04   1.17536E-04   1.55524E-04   5.85631E-12     3685.30  1
 8.40103E-03   9.61193E-04   1.17456E-04   1.54495E-04   5.87699E-12     3706.56  1
 8.42103E-03   9.79024E-04   1.17428E-04   1.52634E-04   5.89689E-12     3709.62  1
 8.44103E-03   9.89378E-04   1.17406E-04   1.50900E-04   5.91217E-12     3690.24  1
 8.46103E-03   1.00208E-03   1.17355E-04   1.50189E-04   5.92608E-12     3681.10  1
 8.48103E-03   1.01685E-03   1.17240E-04   1.49673E-04   5.93665E-12     3688.99  1
 8.50103E-03   1.02832E-03   1.17136E-04   1.49260E-04   5.94145E-12     3700.23  1
 8.52103E-03   1.04401E-03   1.17095E-04   1.48942E-04   5.94822E-12     3687.82  1
 8.54103E-03   1.05606E-03   1.17023E-04   1.48638E-04   5.95198E-12     3682.12  1
 8.56103E-03   1.06663E-03   1.16904E-04   1.48330E-04   5.79868E-12     3673.70  0
 8.58103E-03   1.06480E-03   1.16055E-04   1.47990E-04   5.63454E-12     3110.93  0
 8.60103E-03   1.05590E-03   1.14353E-04   1.45783E-04   5.40940E-12     2773.83  0
 8.62103E-03   1.05193E-03   1.13273E-04   1.49215E-04   5.21018E-12     2550.50  0
 8.64103E-03   1.04659E-03   1.10689E-04   1.47503E-04   5.00445E-12     2391.58  0
 8.66103E-03   1.03947E-03   1.08650E-04   1.47342E-04   4.79671E-12     2269.17  0
 8.68103E-03   1.03407E-03   1.06335E-04   1.46962E-04   4.59053E-12     2173.02  0
 8.70103E-03   1.02598E-03   1.03711E-04   1.46599E-04   4.38481E-12     2093.42  0
 8.72103E-03   1.02072E-03   1.01265E-04   1.45839E-04   4.18293E-12     2028.17  0
 8.74103E-03   1.01120E-03   9.86562E-05   1.45033E-04   3.98368E-12     1972.69  0
 8.76103E-03   1.00486E-03   9.61106E-05   1.43742E-04   3.78854E-12     1924.55  0
 8.78103E-03   9.95763E-04   9.35019E-05   1.40410E-04   3.59663E-12     1882.48  0
 8.80103E-03   9.84842E-04   9.06897E-05   1.37127E-04   3.33549E-12     1845.71  0
 8.82103E-03   9.75489E-04   8.84423E-05   1.43432E-04   3.14345E-12     1814.28  0
 8.84103E-03   9.66900E-04   8.56536E-05   1.43804E-04   2.95608E-12     1785.02  0
 8.86103E-03   9.55582E-04   8.33872E-05   1.43819E-04   2.77474E-12     1758.29  0
 8.88103E-03   9.43258E-04   8.06450E-05   1.43701E-04   2.59923E-12     1734.53  0
 8.90103E-03   9.30626E-04   7.84596E-05   1.43185E-04   2.42938E-12     1713.66  0
 8.92103E-03   9.16574E-04   7.58057E-05   1.42619E-04   2.26537E-12     1695.40  0
 8.94103E-03   9.00713E-04   7.35429E-05   1.41479E-04   2.10751E-12     1679.73  0
 8.96103E-03   8.85507E-04   7.10150E-05   1.38043E-04   1.95533E-12     1666.25  0
 8.98103E-03   8.70988E-04   6.87203E-05   1.36518E-04   1.80926E-12     1654.94  0
 9.00103E-03   8.47555E-04   6.60953E-05   1.33106E-04   1.62391E-12     1645.51  0
 9.02103E-03   8.29293E-04   6.38521E-05   1.35794E-04   1.48285E-12     1637.93  0
 9.04103E-03   8.10328E-04   6.18290E-05   1.35510E-04   1.35114E-12     1631.82  0
 9.06103E-03   7.91491E-04   5.91957E-05   1.35371E-04   1.32752E-12     1627.36  1
 9.08103E-03   4.84707E-05   1.05531E-04   4.41027E-05   1.38436E-12     1873.25  1
 9.10103E-03   7.14060E-05   1.10701E-04   6.29495E-05   1.41846E-12     2799.91  1
 9.12103E-03   9.15347E-05   1.13002E-04   7.24035E-05   1.44754E-12     3273.42  1
 9.14103E-03   1.11179E-04   1.14210E-04   7.56799E-05   1.49833E-12     3501.38  1
 9.16103E-03   1.30887E-04   1.15469E-04   8.27709E-05   1.56319E-12     3605.80  1
 9.18103E-03   1.50075E-04   1.16006E-04   8.50845E-05   1.62266E-12     3650.82  1
 9.20103E-03   1.68306E-04   1.16165E-04   8.93368E-05   1.70631E-12     3597.45  1
 9.22103E-03   1.86579E-04   1.16363E-04   9.49056E-05   1.77822E-12     3604.82  1
 9.24103E-03   2.01947E-04   1.16578E-04   9.69098E-05   1.85806E-12     3636.15  1
 9.26103E-03   2.20878E-04   1.16792E-04   9.84042E-05   1.95192E-12     3668.92  1
 9.28103E-03   2.39745E-04   1.16927E-04   1.10657E-04   2.05278E-12     3645.13  1
 9.30103E-03   2.58238E-04   1.17033E-04   1.19139E-04   2.16019E-12     3628.32  1
 9.32103E-03   2.73229E-04   1.17139E-04   1.29805E-04   2.29190E-12     3627.10  1
 9.34103E-03   4.39419E-04   1.17180E-04   2.42206E-04   2.43493E-12     3650.68  1
 9.36103E-03   4.05888E-04   1.17201E-04   2.38133E-04   2.57790E-12     3637.46  1
 9.38103E-03   4.16402E-04   1.17276E-04   2.37172E-04   2.72074E-12     3628.63  1
 9.40103E-03   4.28230E-04   1.17197E-04   2.34599E-04   2.88090E-12     3605.46  1
 9.42103E-03   4.37578E-04   1.17191E-04   2.33720E-04   3.01878E-12     3642.09  1
 9.44103E-03   4.48246E-04   1.17329E-04   2.29626E-04   3.15261E-12     3654.77  1
 9.46104E-03   4.59412E-04   1.17493E-04   2.28039E-04   3.28097E-12     3652.97  1
 9.48104E-03   4.70802E-04   1.17595E-04   2.26565E-04   3.40998E-12     3657.06  1
 9.50104E-03   4.76385E-04   1.17633E-04   2.21169E-04   3.54022E-12     3687.97  1
 9.52104E-03   4.84549E-04   1.17626E-04   2.18624E-04   3.66924E-12     3701.96  1
 9.54104E-03   4.88655E-04   1.17654E-04   2.15995E-04   3.79506E-12     3669.77  1
 9.56104E-03   4.93089E-04   1.17678E-04   2.09459E-04   3.91119E-12     3650.20  1
 9.58104E-03   5.08106E-04   1.17695E-04   2.05448E-04   4.02738E-12     3659.83  1
 9.60104E-03   5.22662E-04   1.17490E-04   1.97894E-04   4.14532E-12     3651.38  1
 9.62104E-03   5.45802E-04   1.17519E-04   1.95729E-04   4.25378E-12     3658.85  1
 9.64104E-03   5.64444E-04   1.17553E-04   1.91071E-04   4.35997E-12     3691.86  1
 9.66104E-03   5.81104E-04   1.17664E-04   1.89732E-04   4.45798E-12     3673.94  1
 9.68104E-03   5.97562E-04   1.17732E-04   1.88784E-04   4.55156E-12     3662.96  1
 9.70104E-03   6.10662E-04   1.17748E-04   1.87491E-04   4.64443E-12     3687.78  1
 9.72104E-03   6.27986E-04   1.17737E-04   1.84818E-04   4.73284E-12     3710.78  1
 9.74104E-03   6.44917E-04   1.17744E-04   1.82900E-04   4.81677E-12     3686.47  1
 9.76104E-03   6.62269E-04   1.17755E-04   1.81944E-04   4.89208E-12     3665.68  1
 9.78104E-03   6.73828E-04   1.17757E-04   1.81072E-04   4.96617E-12     3671.01  1
 9.80104E-03   6.88693E-04   1.17348E-04   1.79411E-04   5.03346E-12     3603.28  1
 9.82104E-03   7.06190E-04   1.17324E-04   1.81025E-04   5.10711E-12     3622.20  1
 9.84104E-03   7.19005E-04   1.17389E-04   1.79488E-04   5.16269E-12     3639.63  1
 9.86104E-03   7.35059E-04   1.17538E-04   1.78936E-04   5.21893E-12     3649.29  1
 9.88104E-03   7.49138E-04   1.17621E-04   1.78322E-04   5.26533E-12     3628.98  1
 9.90104E-03   7.59839E-04   1.17614E-04   1.77726E-04   5.31451E-12     3652.20  1
 9.92104E-03   7.76277E-04   1.17590E-04   1.76712E-04   5.35762E-12     3679.79  1
 9.94104E-03   7.89502E-04   1.17571E-04   1.74582E-04   5.39781E-12     3663.12  1
 9.96104E-03   8.04816E-04   1.17558E-04   1.72534E-04   5.43112E-12     3640.39  1
 9.98104E-03   8.17469E-04   1.17532E-04   1.71611E-04   5.46375E-12     3637.57  1
 1.00010E-02   8.30051E-04   1.17419E-04   1.70829E-04   5.33794E-12     3658.08  0
 1.00210E-02   8.29064E-04   1.16733E-04   1.70199E-04   5.19729E-12     3091.72  0
 1.00410E-02   8.27444E-04   1.15131E-04   1.69350E-04   5.04894E-12     2778.81  0
 1.00610E-02   8.21139E-04   1.14001E-04   1.68480E-04   4.89346E-12     2570.40  0
 1.00810E-02   8.18715E-04   1.12707E-04   1.67217E-04   4.73521E-12     2415.49  0
 1.01010E-02   8.16885E-04   1.09837E-04   1.63839E-04   4.57224E-12     2295.90  0
 1.01210E-02   8.10871E-04   1.08164E-04   1.62362E-04   4.41056E-12     2201.00  0
 1.01410E-02   8.07467E-04   1.05336E-04   1.61383E-04   4.24674E-12     2120.77  0
 1.01610E-02   8.05296E-04   1.03403E-04   1.60381E-04   4.08385E-12     2051.91  0
 1.01810E-02   7.99203E-04   1.00706E-04   1.59317E-04   3.92213E-12     1993.84  0
 1.02010E-02   7.94718E-04   9.79733E-05   1.56724E-04   3.68879E-12     1941.02  0
 1.02210E-02   7.93284E-04   9.51572E-05   1.55899E-04   3.51674E-12     1896.96  0
 1.02410E-02   7.87362E-04   9.31779E-05   1.55089E-04   3.34487E-12     1856.69  0
 1.02610E-02   7.84930E-04   9.03753E-05   1.54286E-04   3.17495E-12     1820.64  0
 1.02810E-02   7.78205E-04   8.83502E-05   1.53108E-04   3.00765E-12     1788.81  0
 1.03010E-02   7.75234E-04   8.56590E-05   1.50817E-04   2.84278E-12     1760.68  0
 1.03210E-02   7.69166E-04   8.34979E-05   1.47868E-04   2.68083E-12     1736.14  0
 1.03410E-02   7.65124E-04   8.10018E-05   1.46622E-04   2.52221E-12     1715.10  0
 1.03610E-02   7.59371E-04   7.87631E-05   1.46024E-04   2.36719E-12     1696.83  0
 1.03810E-02   7.54436E-04   7.66017E-05   1.45584E-04   2.21675E-12     1681.15  0
 1.04010E-02   7.45135E-04   7.35361E-05   1.42646E-04   2.01330E-12     1667.47  0
 1.04210E-02   7.43183E-04   7.13277E-05   1.50090E-04   1.86296E-12     1656.38  0
 1.04410E-02   7.35190E-04   6.89511E-05   1.47598E-04   1.72070E-12     1647.05  0
 1.04610E-02   7.26636E-04   6.72974E-05   1.45596E-04   1.58602E-12     1639.35  0
 1.04810E-02   7.19449E-04   6.44663E-05   1.44703E-04   1.45846E-12     1633.22  0
 1.05010E-02   7.06890E-04   6.29331E-05   1.43947E-04   1.43607E-12     1628.59  1
 1.05210E-02   4.72711E-05   1.05342E-04   4.26052E-05   1.49401E-12     1861.71  1
 1.05410E-02   7.18309E-05   1.10699E-04   6.25589E-05   1.52404E-12     2797.89  1
 1.05610E-02   9.18774E-05   1.13015E-04   7.21554E-05   1.55818E-12     3270.87  1
 1.05810E-02   1.11165E-04   1.14237E-04   7.56939E-05   1.59684E-12     3505.82  1
 1.06010E-02   1.30357E-04   1.14987E-04   7.87375E-05   1.66474E-12     3539.71  1
 1.06210E-02   1.49280E-04   1.15621E-04   8.34173E-05   1.72001E-12     3598.91  1
 1.06410E-02   1.68266E-04   1.16075E-04   8.55998E-05   1.77798E-12     3637.47  1
 1.06610E-02   1.87225E-04   1.16440E-04   8.71373E-05   1.84896E-12     3653.31  1
 1.06810E-02   2.02485E-04   1.16573E-04   9.37763E-05   1.93083E-12     3659.07  1
 1.07010E-02   2.20987E-04   1.16723E-04   9.60855E-05   2.01822E-12     3671.42  1
 1.07210E-02   2.39906E-04   1.16801E-04   9.76084E-05   2.10128E-12     3685.11  1
 1.07410E-02   2.58311E-04   1.16854E-04   9.89704E-05   2.19838E-12     3681.23  1
 1.07610E-02   2.76250E-04   1.16939E-04   1.09827E-04   2.30229E-12     3680.16  1
 1.07810E-02   2.91997E-04   1.17016E-04   1.13004E-04   2.41175E-12     3674.82  1
 1.08010E-02   3.09891E-04   1.17028E-04   1.14760E-04   2.53667E-12     3668.32  1
 1.08210E-02   3.28276E-04   1.17028E-04   1.23733E-04   2.66026E-12     3672.24  1
 1.08410E-02   3.47219E-04   1.17092E-04   1.32928E-04   2.78405E-12     3687.53  1
 1.08610E-02   3.65533E-04   1.17190E-04   1.36497E-04   2.91098E-12     3688.31  1
 1.08810E-02   3.80931E-04   1.17312E-04   1.45437E-04   3.03898E-12     3679.52  1
 1.09010E-02   4.35841E-04   1.17338E-04   2.47378E-04   3.17489E-12     3688.40  1
 1.09210E-02   4.46042E-04   1.17316E-04   2.41732E-04   3.30830E-12     3699.83  1
 1.09410E-02   4.56501E-04   1.17356E-04   2.39863E-04   3.44259E-12     3692.69  1
 1.09610E-02   4.68080E-04   1.17414E-04   2.38147E-04   3.57058E-12     3693.64  1
 1.09810E-02   4.77268E-04   1.17452E-04   2.32781E-04   3.69678E-12     3682.56  1
 1.10010E-02   4.87147E-04   1.17118E-04   2.29756E-04   3.84928E-12     3658.96  1
 1.10210E-02   5.06414E-04   1.17044E-04   2.27966E-04   3.98048E-12     3666.65  1
 1.10410E-02   5.25329E-04   1.17169E-04   2.25327E-04   4.09603E-12     3697.50  1
 1.10610E-02   5.43721E-04   1.17296E-04   2.18506E-04   4.20608E-12     3699.81  1
 1.10810E-02   5.59233E-04   1.17434E-04   2.11783E-04   4.31194E-12     3698.67  1
 1.11010E-02   5.77227E-04   1.17449E-04   1.98361E-04   4.41565E-12     3699.19  1
 1.11210E-02   5.96108E-04   1.17382E-04   1.88012E-04   4.51176E-12     3709.57  1
 1.11410E-02   6.14512E-04   1.17356E-04   1.84478E-04   4.44344E-12     3702.41  0
 1.11610E-02   6.16335E-04   1.16653E-04   1.82156E-04   4.36528E-12     3109.11  0
 1.11810E-02   6.17053E-04   1.14989E-04   1.81157E-04   4.26872E-12     2789.33  0
 1.12010E-02   6.14346E-04   1.13720E-04   1.79985E-04   4.16671E-12     2579.32  0
 1.12210E-02   6.21398E-04   1.12306E-04   1.79585E-04   4.05779E-12     2426.95  0
 1.12410E-02   6.22348E-04   1.09574E-04   1.78909E-04   3.93750E-12     2308.67  0
 1.12610E-02   6.22612E-04   1.08002E-04   1.77889E-04   3.81272E-12     2208.32  0
 1.12810E-02   6.18994E-04   1.05114E-04   1.76703E-04   3.68376E-12     2124.44  0
 1.13010E-02   6.15046E-04   1.03307E-04   1.74184E-04   3.55429E-12     2053.25  0
 1.13210E-02   6.10024E-04   1.00623E-04   1.72729E-04   3.42476E-12     1991.48  0
 1.13410E-02   6.05382E-04   9.84975E-05   1.71680E-04   3.29546E-12     1937.87  0
 1.13610E-02   5.99871E-04   9.59223E-05   1.70704E-04   3.16697E-12     1892.29  0
 1.13810E-02   5.94851E-04   9.37017E-05   1.69580E-04   3.03953E-12     1853.98  0
 1.14010E-02   5.86715E-04   9.05266E-05   1.67658E-04   2.83966E-12     1819.18  0
 1.14210E-02   5.84731E-04   8.84970E-05   1.69914E-04   2.69719E-12     1789.10  0
 1.14411E-02   5.78807E-04   8.60525E-05   1.66768E-04   2.55738E-12     1761.98  0
 1.14611E-02   5.76541E-04   8.37704E-05   1.65707E-04   2.42040E-12     1738.40  0
 1.14811E-02   5.70705E-04   8.17418E-05   1.64767E-04   2.28674E-12     1717.40  0
 1.15011E-02   5.67715E-04   7.91476E-05   1.63860E-04   2.15605E-12     1699.06  0
 1.15211E-02   5.61940E-04   7.75655E-05   1.62689E-04   2.02876E-12     1683.27  0
 1.15411E-02   5.57549E-04   7.45353E-05   1.60786E-04   1.90537E-12     1670.04  0
 1.15611E-02   5.53357E-04   7.29192E-05   1.57863E-04   1.78542E-12     1658.79  0
 1.15811E-02   5.46319E-04   7.01627E-05   1.56604E-04   1.66950E-12     1649.22  0
 1.16011E-02   5.39873E-04   6.80129E-05   1.53113E-04   1.52444E-12     1640.86  0
 1.16211E-02   5.34225E-04   6.54911E-05   1.58459E-04   1.41170E-12     1634.48  0
 1.16411E-02   5.25656E-04   6.36965E-05   1.55757E-04   1.40230E-12     1629.49  1
 1.16611E-02   4.05467E-05   1.05397E-04   4.94045E-05   1.46995E-12     1863.34  1
 1.16811E-02   6.66589E-05   1.10581E-04   6.21519E-05   1.50769E-12     2794.94  1
 1.17011E-02   9.08221E-05   1.12805E-04   6.83438E-05   1.55558E-12     3250.30  1
 1.17211E-02   1.10711E-04   1.13752E-04   7.93389E-05   1.61653E-12     3463.47  1
 1.17411E-02   1.29834E-04   1.14920E-04   8.25779E-05   1.67514E-12     3555.74  1
 1.17611E-02   1.44995E-04   1.15713E-04   8.43552E-05   1.73910E-12     3589.03  1
 1.17811E-02   1.63934E-04   1.16043E-04   8.57448E-05   1.80855E-12     3648.68  1
 1.18011E-02   1.81978E-04   1.16193E-04   8.70100E-05   1.88688E-12     3624.81  1
 1.18211E-02   2.00097E-04   1.16297E-04   9.29158E-05   1.97122E-12     3629.20  1
 1.18411E-02   2.19563E-04   1.16471E-04   9.51736E-05   2.05794E-12     3673.23  1
 1.18611E-02   2.38240E-04   1.16627E-04   9.66415E-05   2.14297E-12     3649.55  1
 1.18811E-02   2.56117E-04   1.16714E-04   9.79389E-05   2.22780E-12     3640.99  1
 1.19011E-02   2.71764E-04   1.16763E-04   9.91678E-05   2.33301E-12     3660.46  1
 1.19211E-02   2.90889E-04   1.16784E-04   1.08846E-04   2.43624E-12     3673.21  1
 1.19411E-02   3.09506E-04   1.16788E-04   1.12280E-04   2.54537E-12     3641.99  1
 1.19611E-02   3.27970E-04   1.16831E-04   1.14064E-04   2.51823E-12     3629.23  0
 1.19811E-02   3.30549E-04   1.16082E-04   1.15475E-04   2.47945E-12     3131.94  0
 1.20011E-02   3.29915E-04   1.14518E-04   1.22787E-04   2.44095E-12     2848.91  0
 1.20211E-02   3.33180E-04   1.13460E-04   1.28075E-04   2.38770E-12     2658.91  0
 1.20411E-02   3.35118E-04   1.11316E-04   1.33042E-04   2.33023E-12     2508.56  0
 1.20611E-02   3.35800E-04   1.09119E-04   1.36017E-04   2.27004E-12     2378.69  0
 1.20811E-02   3.36103E-04   1.07550E-04   1.38931E-04   2.20731E-12     2270.35  0
 1.21011E-02   3.36158E-04   1.04401E-04   1.43509E-04   2.14303E-12     2180.53  0
 1.21211E-02   3.36063E-04   1.02826E-04   1.46149E-04   2.08007E-12     2103.04  0
 1.21411E-02   3.35731E-04   9.97795E-05   1.48471E-04   2.01464E-12     2036.47  0
 1.21611E-02   3.35406E-04   9.80097E-05   1.51666E-04   1.94853E-12     1980.16  0
 1.21811E-02   3.35208E-04   9.51370E-05   1.53368E-04   1.88336E-12     1931.08  0
 1.22011E-02   3.35033E-04   9.32699E-05   1.54568E-04   1.81804E-12     1889.00  0
 1.22211E-02   3.34820E-04   9.05684E-05   1.55187E-04   1.75261E-12     1852.13  0
 1.22411E-02   3.34561E-04   8.84710E-05   1.55381E-04   1.68788E-12     1819.68  0
 1.22611E-02   3.34267E-04   8.60514E-05   1.55317E-04   1.62225E-12     1791.20  0
 1.22811E-02   3.33977E-04   8.37753E-05   1.55035E-04   1.55550E-12     1765.80  0
 1.23011E-02   3.33746E-04   8.19381E-05   1.54571E-04   1.48803E-12     1743.35  0
 1.23211E-02   3.33635E-04   7.93264E-05   1.53959E-04   1.41985E-12     1723.41  0
 1.23411E-02   3.33490E-04   7.78273E-05   1.53234E-04   1.35115E-12     1705.76  0
 1.23611E-02   3.33317E-04   7.50700E-05   1.52428E-04   1.28237E-12     1690.32  0
 1.23811E-02   3.33124E-04   7.34290E-05   1.51551E-04   1.21375E-12     1676.77  0
 1.24011E-02   3.32928E-04   7.12267E-05   1.50659E-04   1.14530E-12     1665.07  0
 1.24211E-02   3.32706E-04   6.90834E-05   1.49740E-04   1.07794E-12     1654.95  0
 1.24411E-02   3.32435E-04   6.76229E-05   1.48933E-04   1.01145E-12     1646.37  0
 1.24611E-02   3.32125E-04   6.47833E-05   1.48204E-04   9.46455E-13     1639.23  0
 1.24811E-02   3.31758E-04   6.32575E-05   1.47445E-04   8.83218E-13     1633.44  0
 1.25011E-02   3.31331E-04   6.08370E-05   1.46486E-04   8.21954E-13     1628.90  0
 1.25211E-02   3.26230E-04   5.88985E-05   1.45482E-04   7.62822E-13     1625.64  0
 1.25411E-02   3.22825E-04   5.73127E-05   1.44245E-04   7.05857E-13     1623.66  0
 1.25611E-02   3.22086E-04   5.45765E-05   1.42744E-04   6.50932E-13     1622.94  0
 1.25811E-02   3.20976E-04   5.31341E-05   1.39522E-04   5.98087E-13     1622.69  0
 1.26011E-02   3.14209E-04   5.07529E-05   1.38114E-04   5.47206E-13     1622.34  0
 1.26211E-02   3.13063E-04   4.89448E-05   1.37023E-04   4.98498E-13     1621.89  0
 1.26411E-02   3.11690E-04   4.75703E-05   1.35883E-04   4.51701E-13     1621.35  0
 1.26611E-02   3.06044E-04   4.48970E-05   1.34697E-04   4.07472E-13     1620.71  0
 1.26811E-02   2.91875E-04   4.34704E-05   1.33236E-04   3.65719E-13     1619.97  0
 1.27011E-02   2.76605E-04   4.16659E-05   1.30392E-04   3.26124E-13     1619.14  0
 1.27211E-02   2.70993E-04   3.95325E-05   1.27578E-04   2.88768E-13     1618.19  0
 1.27411E-02   2.57348E-04   3.82146E-05   1.26111E-04   2.53826E-13     1617.14  0
 1.27611E-02   2.51377E-04   3.62911E-05   1.24744E-04   2.20992E-13     1615.97  0
 1.27811E-02   2.43282E-04   3.45111E-05   1.23364E-04   1.90489E-13     1614.71  0
 1.28011E-02   2.33486E-04   3.33223E-05   1.21572E-04   1.62462E-13     1613.34  0
 1.28211E-02   2.24486E-04   3.16602E-05   1.17200E-04   1.36696E-13     1611.84  0
 1.28411E-02   2.19783E-04   2.97311E-05   1.14967E-04   1.13176E-13     1610.20  0
 1.28611E-02   2.03986E-04   2.85373E-05   1.13112E-04   9.22028E-14     1608.41  0
 1.28811E-02   1.91423E-04   2.71573E-05   1.06551E-04   7.39363E-14     1606.47  0
 1.29011E-02   1.74504E-04   2.49456E-05   9.91859E-05   5.78746E-14     1604.37  0
 1.29211E-02   1.60744E-04   2.36891E-05   8.85092E-05   4.39675E-14     1602.08  0
 1.29411E-02   1.51396E-04   2.24684E-05   8.35332E-05   3.22381E-14     1599.69  0
 1.29611E-02   1.35629E-04   1.99694E-05   7.52494E-05   2.23797E-14     1597.06  0
 1.29811E-02   1.22853E-04   1.86072E-05   6.78301E-05   1.45275E-14     1594.18  0
 1.30011E-02   1.09565E-04   1.68540E-05   5.79827E-05   8.33446E-15     1590.94  0
 1.30211E-02   9.34922E-05   1.43669E-05   5.23592E-05   4.00715E-15     1587.20  0
 1.30411E-02   7.50574E-05   1.27061E-05   3.94919E-05   1.24469E-15     1582.80  0
 1.30611E-02   5.38683E-05   9.05787E-06   3.15808E-05   7.48866E-17     1576.98  0
 1.30811E-02   1.94658E-05   3.91697E-06   1.21656E-05   0.00000E+00     1566.65  0
 1.31011E-02   0.00000E+00   0.00000E+00   0.00000E+00   0.00000E+00     1531.11  0
 1.31211E-02   0.00000E+00   0.00000E+00   0.00000E+00   0.00000E+00     1501.15  0
 1.31411E-02   0.00000E+00   0.00000E+00   0.00000E+00   0.00000E+00     1479.79  0
 1.31611E-02   0.00000E+00   0.00000E+00   0.00000E+00   0.00000E+00     1462.25  0
 1.31811E-02   0.00000E+00   0.00000E+00   0.00000E+00   0.00000E+00     1446.91  0
 1.32011E-02   0.00000E+00   0.00000E+00   0.00000E+00   0.00000E+00     1433.24  0
 1.32211E-02   0.00000E+00   0.00000E+00   0.00000E+00   0.00000E+00     1421.12  0
 1.32411E-02   0.00000E+00   0.00000E+00   0.00000E+00   0.00000E+00     1409.74  0
 1.32611E-02   0.00000E+00   0.00000E+00   0.00000E+00   0.00000E+00     1398.98  0
 1.32811E-02   0.00000E+00   0.00000E+00   0.00000E+00   0.00000E+00     1388.73  0
 1.33011E-02   0.00000E+00   0.00000E+00   0.00000E+00   0.00000E+00     1378.99  0
 1.33211E-02   0.00000E+00   0.00000E+00   0.00000E+00   0.00000E+00     1370.08  0
 1.33411E-02   0.00000E+00   0.00000E+00   0.00000E+00   0.00000E+00     1361.56  0
 1.33611E-02   0.00000E+00   0.00000E+00   0.00000E+00   0.00000E+00     1353.30  0
 1.33811E-02   0.00000E+00   0.00000E+00   0.00000E+00   0.00000E+00     1345.28  0
 1.34011E-02   0.00000E+00   0.00000E+00   0.00000E+00   0.00000E+00     1337.49  0
 1.34211E-02   0.00000E+00   0.00000E+00   0.00000E+00   0.00000E+00     1330.24  0
 1.34411E-02   0.00000E+00   0.00000E+00   0.00000E+00   0.00000E+00     1323.20  0
 1.34611E-02   0.00000E+00   0.00000E+00   0.00000E+00   0.00000E+00     1316.31  0
 1.34811E-02   0.00000E+00   0.00000E+00   0.00000E+00   0.00000E+00     1309.57  0
 1.35011E-02   0.00000E+00   0.00000E+00   0.00000E+00   0.00000E+00     1302.97  0
 1.35211E-02   0.00000E+00   0.00000E+00   0.00000E+00   0.00000E+00     1296.72  0
 1.35411E-02   0.00000E+00   0.00000E+00   0.00000E+00   0.00000E+00     1290.68  0
 1.35611E-02   0.00000E+00   0.00000E+00   0.00000E+00   0.00000E+00     1284.75  0
 1.35811E-02   0.00000E+00   0.00000E+00   0.00000E+00   0.00000E+00     1278.92  0
 1.36011E-02   0.00000E+00   0.00000E+00   0.00000E+00   0.00000E+00     1273.24  0
 1.36211E-02   0.00000E+00   0.00000E+00   0.00000E+00   0.00000E+00     1267.75  0
 1.36411E-02   0.00000E+00   0.00000E+00   0.00000E+00   0.00000E+00     1262.50  0
 1.36611E-02   0.00000E+00   0.00000E+00   0.00000E+00   0.00000E+00     1257.32  0
 1.36811E-02   0.00000E+00   0.00000E+00   0.00000E+00   0.00000E+00     1252.21  0
 1.37011E-02   0.00000E+00   0.00000E+00   0.00000E+00   0.00000E+00     1247.18  0
 1.37211E-02   0.00000E+00   0.00000E+00   0.00000E+00   0.00000E+00     1242.33  0
 1.37411E-02   0.00000E+00   0.00000E+00   0.00000E+00   0.00000E+00     1237.66  0
 1.37611E-02   0.00000E+00   0.00000E+00   0.00000E+00   0.00000E+00     1233.05  0
 1.37811E-02   0.00000E+00   0.00000E+00   0.00000E+00   0.00000E+00     1228.50  0
 1.38011E-02   0.00000E+00   0.00000E+00   0.00000E+00   0.00000E+00     1224.01  0
 1.38211E-02   0.00000E+00   0.00000E+00   0.00000E+00   0.00000E+00     1219.69  0
 1.38411E-02   0.00000E+00   0.00000E+00   0.00000E+00   0.00000E+00     1215.48  0
 1.38611E-02   0.00000E+00   0.00000E+00   0.00000E+00   0.00000E+00     1211.33  0
 1.38811E-02   0.00000E+00   0.00000E+00   0.00000E+00   0.00000E+00     1207.22  0
 1.39011E-02   0.00000E+00   0.00000E+00   0.00000E+00   0.00000E+00     1203.16  0
 1.39211E-02   0.00000E+00   0.00000E+00   0.00000E+00   0.00000E+00     1199.21  0
 1.39411E-02   0.00000E+00   0.00000E+00   0.00000E+00   0.00000E+00     1195.39  0
 1.39611E-02   0.00000E+00   0.00000E+00   0.00000E+00   0.00000E+00     1191.61  0
 1.39811E-02   0.00000E+00   0.00000E+00   0.00000E+00   0.00000E+00     1187.90  0
 1.40011E-02   0.00000E+00   0.00000E+00   0.00000E+00   0.00000E+00     1184.23  0
 1.40211E-02   0.00000E+00   0.00000E+00   0.00000E+00   0.00000E+00     1180.60  0
 1.40411E-02   0.00000E+00   0.00000E+00   0.00000E+00   0.00000E+00     1177.13  0
 1.40611E-02   0.00000E+00   0.00000E+00   0.00000E+00   0.00000E+00     1173.69  0
 1.40811E-02   0.00000E+00   0.00000E+00   0.00000E+00   0.00000E+00     1170.28  0
 1.41011E-02   0.00000E+00   0.00000E+00   0.00000E+00   0.00000E+00     1166.90  0
 1.41211E-02   0.00000E+00   0.00000E+00   0.00000E+00   0.00000E+00     1163.55  0
 1.41411E-02   0.00000E+00   0.00000E+00   0.00000E+00   0.00000E+00     1160.32  0
 1.41611E-02   0.00000E+00   0.00000E+00   0.00000E+00   0.00000E+00     1157.15  0
 1.41811E-02   0.00000E+00   0.00000E+00   0.00000E+00   0.00000E+00     1154.00  0
 1.42011E-02   0.00000E+00   0.00000E+00   0.00000E+00   0.00000E+00     1150.88  0
 1.42211E-02   0.00000E+00   0.00000E+00   0.00000E+00   0.00000E+00     1147.78  0
 1.42411E-02   0.00000E+00   0.00000E+00   0.00000E+00   0.00000E+00     1144.74  0
 1.42611E-02   0.00000E+00   0.00000E+00   0.00000E+00   0.00000E+00     1141.80  0
 1.42811E-02   0.00000E+00   0.00000E+00   0.00000E+00   0.00000E+00     1138.88  0
 1.43011E-02   0.00000E+00   0.00000E+00   0.00000E+00   0.00000E+00     1135.99  0
 1.43211E-02   0.00000E+00   0.00000E+00   0.00000E+00   0.00000E+00     1133.12  0
 1.43411E-02   0.00000E+00   0.00000E+00   0.00000E+00   0.00000E+00     1130.26  0
 1.43611E-02   0.00000E+00   0.00000E+00   0.00000E+00   0.00000E+00     1127.48  0
 1.43811E-02   0.00000E+00   0.00000E+00   0.00000E+00   0.00000E+00     1124.76  0
 1.44011E-02   0.00000E+00   0.00000E+00   0.00000E+00   0.00000E+00     1122.07  0
 1.44211E-02   0.00000E+00   0.00000E+00   0.00000E+00   0.00000E+00     1119.39  0
 1.44411E-02   0.00000E+00   0.00000E+00   0.00000E+00   0.00000E+00     1116.74  0
 1.44611E-02   0.00000E+00   0.00000E+00   0.00000E+00   0.00000E+00     1114.12  0
 1.44811E-02   0.00000E+00   0.00000E+00   0.00000E+00   0.00000E+00     1111.55  0
 1.45011E-02   0.00000E+00   0.00000E+00   0.00000E+00   0.00000E+00     1109.05  0
 1.45211E-02   0.00000E+00   0.00000E+00   0.00000E+00   0.00000E+00     1106.56  0
 1.45411E-02   0.00000E+00   0.00000E+00   0.00000E+00   0.00000E+00     1104.09  0
 1.45611E-02   0.00000E+00   0.00000E+00   0.00000E+00   0.00000E+00     1101.63  0
 1.45811E-02   0.00000E+00   0.00000E+00   0.00000E+00   0.00000E+00     1099.19  0
 1.46011E-02   0.00000E+00   0.00000E+00   0.00000E+00   0.00000E+00     1096.77  0
 1.46211E-02   0.00000E+00   0.00000E+00   0.00000E+00   0.00000E+00     1094.43  0
 1.46411E-02   0.00000E+00   0.00000E+00   0.00000E+00   0.00000E+00     1092.11  0
 1.46611E-02   0.00000E+00   0.00000E+00   0.00000E+00   0.00000E+00     1089.80  0
 1.46811E-02   0.00000E+00   0.00000E+00   0.00000E+00   0.00000E+00     1087.51  0
 1.47011E-02   0.00000E+00   0.00000E+00   0.00000E+00   0.00000E+00     1085.23  0
 1.47211E-02   0.00000E+00   0.00000E+00   0.00000E+00   0.00000E+00     1082.96  0
 1.47411E-02   0.00000E+00   0.00000E+00   0.00000E+00   0.00000E+00     1080.73  0
 1.47611E-02   0.00000E+00   0.00000E+00   0.00000E+00   0.00000E+00     1078.55  0
 1.47811E-02   0.00000E+00   0.00000E+00   0.00000E+00   0.00000E+00     1076.39  0
 1.48011E-02   0.00000E+00   0.00000E+00   0.00000E+00   0.00000E+00     1074.24  0
 1.48211E-02   0.00000E+00   0.00000E+00   0.00000E+00   0.00000E+00     1072.11  0
 1.48411E-02   0.00000E+00   0.00000E+00   0.00000E+00   0.00000E+00     1069.98  0
 1.48611E-02   0.00000E+00   0.00000E+00   0.00000E+00   0.00000E+00     1067.87  0
 1.48811E-02   0.00000E+00   0.00000E+00   0.00000E+00   0.00000E+00     1065.78  0
 1.49011E-02   0.00000E+00   0.00000E+00   0.00000E+00   0.00000E+00     1063.75  0
 1.49211E-02   0.00000E+00   0.00000E+00   0.00000E+00   0.00000E+00     1061.73  0
 1.49411E-02   0.00000E+00   0.00000E+00   0.00000E+00   0.00000E+00     1059.73  0
 1.49611E-02   0.00000E+00   0.00000E+00   0.00000E+00   0.00000E+00     1057.73  0
 1.49811E-02   0.00000E+00   0.00000E+00   0.00000E+00   0.00000E+00     1055.74  0
 1.50011E-02   0.00000E+00   0.00000E+00   0.00000E+00   0.00000E+00     1053.79  0
 1.50211E-02   0.00000E+00   0.00000E+00   0.00000E+00   0.00000E+00     1051.84  0
 1.50411E-02   0.00000E+00   0.00000E+00   0.00000E+00   0.00000E+00     1049.93  0
 1.50611E-02   0.00000E+00   0.00000E+00   0.00000E+00   0.00000E+00     1048.05  0
 1.50811E-02   0.00000E+00   0.00000E+00   0.00000E+00   0.00000E+00     1046.18  0
 1.51011E-02   0.00000E+00   0.00000E+00   0.00000E+00   0.00000E+00     1044.32  0
 1.51211E-02   0.00000E+00   0.00000E+00   0.00000E+00   0.00000E+00     1042.47  0
 1.51411E-02   0.00000E+00   0.00000E+00   0.00000E+00   0.00000E+00     1040.63  0
 1.51611E-02   0.00000E+00   0.00000E+00   0.00000E+00   0.00000E+00     1038.79  0
 1.51811E-02   0.00000E+00   0.00000E+00   0.00000E+00   0.00000E+00     1036.97  0
 1.52011E-02   0.00000E+00   0.00000E+00   0.00000E+00   0.00000E+00     1035.18  0
 1.52211E-02   0.00000E+00   0.00000E+00   0.00000E+00   0.00000E+00     1033.42  0
 1.52411E-02   0.00000E+00   0.00000E+00   0.00000E+00   0.00000E+00     1031.67  0
 1.52611E-02   0.00000E+00   0.00000E+00   0.00000E+00   0.00000E+00     1029.93  0
 1.52811E-02   0.00000E+00   0.00000E+00   0.00000E+00   0.00000E+00     1028.19  0
 1.53011E-02   0.00000E+00   0.00000E+00   0.00000E+00   0.00000E+00     1026.47  0
 1.53211E-02   0.00000E+00   0.00000E+00   0.00000E+00   0.00000E+00     1024.75  0
 1.53411E-02   0.00000E+00   0.00000E+00   0.00000E+00   0.00000E+00     1023.04  0
 1.53611E-02   0.00000E+00   0.00000E+00   0.00000E+00   0.00000E+00     1021.34  0
 1.53811E-02   0.00000E+00   0.00000E+00   0.00000E+00   0.00000E+00     1019.69  0
 1.54011E-02   0.00000E+00   0.00000E+00   0.00000E+00   0.00000E+00     1018.04  0
 1.54211E-02   0.00000E+00   0.00000E+00   0.00000E+00   0.00000E+00     1016.41  0
 1.54411E-02   0.00000E+00   0.00000E+00   0.00000E+00   0.00000E+00     1014.78  0
 1.54611E-02   0.00000E+00   0.00000E+00   0.00000E+00   0.00000E+00     1013.16  0
 1.54811E-02   0.00000E+00   0.00000E+00   0.00000E+00   0.00000E+00     1011.55  0
 1.55011E-02   0.00000E+00   0.00000E+00   0.00000E+00   0.00000E+00     1009.94  0
 1.55211E-02   0.00000E+00   0.00000E+00   0.00000E+00   0.00000E+00     1008.34  0
 1.55411E-02   0.00000E+00   0.00000E+00   0.00000E+00   0.00000E+00     1006.75  0
 1.55611E-02   0.00000E+00   0.00000E+00   0.00000E+00   0.00000E+00     1005.20  0
 1.55811E-02   0.00000E+00   0.00000E+00   0.00000E+00   0.00000E+00     1003.66  0
 1.56011E-02   0.00000E+00   0.00000E+00   0.00000E+00   0.00000E+00     1002.13  0
 1.56211E-02   0.00000E+00   0.00000E+00   0.00000E+00   0.00000E+00     1000.60  0
 1.56411E-02   0.00000E+00   0.00000E+00   0.00000E+00   0.00000E+00      999.09  0
 1.56611E-02   0.00000E+00   0.00000E+00   0.00000E+00   0.00000E+00      997.59  0
 1.56811E-02   0.00000E+00   0.00000E+00   0.00000E+00   0.00000E+00      996.10  0
 1.57011E-02   0.00000E+00   0.00000E+00   0.00000E+00   0.00000E+00      994.61  0
 1.57211E-02   0.00000E+00   0.00000E+00   0.00000E+00   0.00000E+00      993.13  0
 1.57411E-02   0.00000E+00   0.00000E+00   0.00000E+00   0.00000E+00      991.66  0
 1.57611E-02   0.00000E+00   0.00000E+00   0.00000E+00   0.00000E+00      990.20  0
 1.57811E-02   0.00000E+00   0.00000E+00   0.00000E+00   0.00000E+00      988.77  0
 1.58011E-02   0.00000E+00   0.00000E+00   0.00000E+00   0.00000E+00      987.35  0
 1.58211E-02   0.00000E+00   0.00000E+00   0.00000E+00   0.00000E+00      985.94  0
 1.58411E-02   0.00000E+00   0.00000E+00   0.00000E+00   0.00000E+00      984.53  0
 1.58611E-02   0.00000E+00   0.00000E+00   0.00000E+00   0.00000E+00      983.12  0
 1.58811E-02   0.00000E+00   0.00000E+00   0.00000E+00   0.00000E+00      981.72  0
 1.59011E-02   0.00000E+00   0.00000E+00   0.00000E+00   0.00000E+00      980.33  0
 1.59211E-02   0.00000E+00   0.00000E+00   0.00000E+00   0.00000E+00      978.94  0
 1.59411E-02   0.00000E+00   0.00000E+00   0.00000E+00   0.00000E+00      977.56  0
 1.59611E-02   0.00000E+00   0.00000E+00   0.00000E+00   0.00000E+00      976.19  0
 1.59811E-02   0.00000E+00   0.00000E+00   0.00000E+00   0.00000E+00      974.82  0
 1.60011E-02   0.00000E+00   0.00000E+00   0.00000E+00   0.00000E+00      973.48  0
 1.60211E-02   0.00000E+00   0.00000E+00   0.00000E+00   0.00000E+00      972.16  0
 1.60411E-02   0.00000E+00   0.00000E+00   0.00000E+00   0.00000E+00      970.83  0
 1.60611E-02   0.00000E+00   0.00000E+00   0.00000E+00   0.00000E+00      969.52  0
 1.60811E-02   0.00000E+00   0.00000E+00   0.00000E+00   0.00000E+00      968.21  0
 1.61011E-02   0.00000E+00   0.00000E+00   0.00000E+00   0.00000E+00      966.90  0
 1.61211E-02   0.00000E+00   0.00000E+00   0.00000E+00   0.00000E+00      965.60  0
 1.61411E-02   0.00000E+00   0.00000E+00   0.00000E+00   0.00000E+00      964.30  0
 1.61611E-02   0.00000E+00   0.00000E+00   0.00000E+00   0.00000E+00      963.01  0
 1.61811E-02   0.00000E+00   0.00000E+00   0.00000E+00   0.00000E+00      961.73  0
 1.62011E-02   0.00000E+00   0.00000E+00   0.00000E+00   0.00000E+00      960.45  0
 1.62211E-02   0.00000E+00   0.00000E+00   0.00000E+00   0.00000E+00      959.17  0
 1.62411E-02   0.00000E+00   0.00000E+00   0.00000E+00   0.00000E+00      957.91  0
 1.62611E-02   0.00000E+00   0.00000E+00   0.00000E+00   0.00000E+00      956.67  0
 1.62811E-02   0.00000E+00   0.00000E+00   0.00000E+00   0.00000E+00      955.44  0
 1.63011E-02   0.00000E+00   0.00000E+00   0.00000E+00   0.00000E+00      954.21  0
 1.63211E-02   0.00000E+00   0.00000E+00   0.00000E+00   0.00000E+00      952.99  0
 1.63411E-02   0.00000E+00   0.00000E+00   0.00000E+00   0.00000E+00      951.77  0
 1.63611E-02   0.00000E+00   0.00000E+00   0.00000E+00   0.00000E+00      950.56  0
 1.63811E-02   0.00000E+00   0.00000E+00   0.00000E+00   0.00000E+00      949.35  0
 1.64011E-02   0.00000E+00   0.00000E+00   0.00000E+00   0.00000E+00      948.15  0
 1.64211E-02   0.00000E+00   0.00000E+00   0.00000E+00   0.00000E+00      946.95  0
 1.64411E-02   0.00000E+00   0.00000E+00   0.00000E+00   0.00000E+00      945.75  0
 1.64611E-02   0.00000E+00   0.00000E+00   0.00000E+00   0.00000E+00      944.57  0
 1.64810E-02   0.00000E+00   0.00000E+00   0.00000E+00   0.00000E+00      943.40  0
 1.65010E-02   0.00000E+00   0.00000E+00   0.00000E+00   0.00000E+00      942.22  0
 1.65210E-02   0.00000E+00   0.00000E+00   0.00000E+00   0.00000E+00      941.06  0
 1.65410E-02   0.00000E+00   0.00000E+00   0.00000E+00   0.00000E+00      939.93  0
 1.65610E-02   0.00000E+00   0.00000E+00   0.00000E+00   0.00000E+00      938.79  0
 1.65810E-02   0.00000E+00   0.00000E+00   0.00000E+00   0.00000E+00      937.66  0
 1.66010E-02   0.00000E+00   0.00000E+00   0.00000E+00   0.00000E+00      936.53  0
 1.66210E-02   0.00000E+00   0.00000E+00   0.00000E+00   0.00000E+00      935.41  0
 1.66410E-02   0.00000E+00   0.00000E+00   0.00000E+00   0.00000E+00      934.29  0
 1.66610E-02   0.00000E+00   0.00000E+00   0.00000E+00   0.00000E+00      933.17  0
 1.66810E-02   0.00000E+00   0.00000E+00   0.00000E+00   0.00000E+00      932.06  0
 1.67010E-02   0.00000E+00   0.00000E+00   0.00000E+00   0.00000E+00      930.95  0
 1.67210E-02   0.00000E+00   0.00000E+00   0.00000E+00   0.00000E+00      929.85  0
 1.67410E-02   0.00000E+00   0.00000E+00   0.00000E+00   0.00000E+00      928.75  0
 1.67610E-02   0.00000E+00   0.00000E+00   0.00000E+00   0.00000E+00      927.65  0
 1.67810E-02   0.00000E+00   0.00000E+00   0.00000E+00   0.00000E+00      926.56  0
 1.68010E-02   0.00000E+00   0.00000E+00   0.00000E+00   0.00000E+00      925.47  0
 1.68210E-02   0.00000E+00   0.00000E+00   0.00000E+00   0.00000E+00      924.38  0
 1.68410E-02   0.00000E+00   0.00000E+00   0.00000E+00   0.00000E+00      923.32  0
 1.68610E-02   0.00000E+00   0.00000E+00   0.00000E+00   0.00000E+00      922.26  0
 1.68810E-02   0.00000E+00   0.00000E+00   0.00000E+00   0.00000E+00      921.21  0
 1.69010E-02   0.00000E+00   0.00000E+00   0.00000E+00   0.00000E+00      920.16  0
 1.69210E-02   0.00000E+00   0.00000E+00   0.00000E+00   0.00000E+00      919.12  0
 1.69410E-02   0.00000E+00   0.00000E+00   0.00000E+00   0.00000E+00      918.08  0
 1.69610E-02   0.00000E+00   0.00000E+00   0.00000E+00   0.00000E+00      917.04  0
 1.69810E-02   0.00000E+00   0.00000E+00   0.00000E+00   0.00000E+00      916.01  0
 1.70010E-02   0.00000E+00   0.00000E+00   0.00000E+00   0.00000E+00      914.98  0
 1.70210E-02   0.00000E+00   0.00000E+00   0.00000E+00   0.00000E+00      913.95  0
 1.70410E-02   0.00000E+00   0.00000E+00   0.00000E+00   0.00000E+00      912.93  0
 1.70610E-02   0.00000E+00   0.00000E+00   0.00000E+00   0.00000E+00      911.91  0
 1.70810E-02   0.00000E+00   0.00000E+00   0.00000E+00   0.00000E+00      910.89  0
 1.71010E-02   0.00000E+00   0.00000E+00   0.00000E+00   0.00000E+00      909.88  0
 1.71210E-02   0.00000E+00   0.00000E+00   0.00000E+00   0.00000E+00      908.87  0
 1.71410E-02   0.00000E+00   0.00000E+00   0.00000E+00   0.00000E+00      907.86  0
 1.71610E-02   0.00000E+00   0.00000E+00   0.00000E+00   0.00000E+00      906.86  0
 1.71810E-02   0.00000E+00   0.00000E+00   0.00000E+00   0.00000E+00      905.86  0
 1.72010E-02   0.00000E+00   0.00000E+00   0.00000E+00   0.00000E+00      904.88  0
 1.72210E-02   0.00000E+00   0.00000E+00   0.00000E+00   0.00000E+00      903.91  0
 1.72410E-02   0.00000E+00   0.00000E+00   0.00000E+00   0.00000E+00      902.94  0
 1.72610E-02   0.00000E+00   0.00000E+00   0.00000E+00   0.00000E+00      901.97  0
 1.72810E-02   0.00000E+00   0.00000E+00   0.00000E+00   0.00000E+00      901.01  0
 1.73010E-02   0.00000E+00   0.00000E+00   0.00000E+00   0.00000E+00      900.05  0
 1.73210E-02   0.00000E+00   0.00000E+00   0.00000E+00   0.00000E+00      899.09  0
 1.73410E-02   0.00000E+00   0.00000E+00   0.00000E+00   0.00000E+00      898.14  0
 1.73610E-02   0.00000E+00   0.00000E+00   0.00000E+00   0.00000E+00      897.19  0
 1.73810E-02   0.00000E+00   0.00000E+00   0.00000E+00   0.00000E+00      896.24  0
 1.74010E-02   0.00000E+00   0.00000E+00   0.00000E+00   0.00000E+00      895.31  0
 1.74210E-02   0.00000E+00   0.00000E+00   0.00000E+00   0.00000E+00      894.38  0
 1.74410E-02   0.00000E+00   0.00000E+00   0.00000E+00   0.00000E+00      893.44  0
 1.74610E-02   0.00000E+00   0.00000E+00   0.00000E+00   0.00000E+00      892.52  0
