# Melt Pool Geometry History
# time(s)  length(m)  depth(m)  width(m)  volume(m3)  Tpeak(K)  laser_on
 2.10000E-05   0.00000E+00   0.00000E+00   0.00000E+00   7.92450E-14      293.00  1
 4.10000E-05   3.51506E-05   9.89067E-05   3.24842E-05   2.23003E-13     1884.20  1
 6.10000E-05   7.22042E-05   1.07729E-04   5.63287E-05   3.54934E-13     2479.32  1
 8.10000E-05   9.98888E-05   1.08208E-04   6.17919E-05   4.69603E-13     2737.62  1
 1.01000E-04   1.27608E-04   1.08398E-04   6.47296E-05   5.92717E-13     2814.16  1
 1.21000E-04   1.52254E-04   1.08486E-04   6.60502E-05   7.00317E-13     2889.39  1
 1.41000E-04   1.80473E-04   1.08391E-04   6.66539E-05   8.07056E-13     2847.50  1
 1.61000E-04   2.07096E-04   1.08522E-04   6.69881E-05   9.17234E-13     2864.62  1
 1.81000E-04   2.33730E-04   1.08421E-04   6.72427E-05   1.01408E-12     2895.14  1
 2.01000E-04   2.60021E-04   1.08372E-04   6.74924E-05   9.94711E-13     2827.64  0
 2.21000E-04   2.63776E-04   1.04756E-04   7.18217E-05   9.43345E-13     2435.90  0
 2.41000E-04   2.64776E-04   1.01121E-04   7.31735E-05   8.83565E-13     2226.40  0
 2.61000E-04   2.65030E-04   9.70979E-05   7.37213E-05   8.25734E-13     2091.84  0
 2.81000E-04   2.65020E-04   9.16825E-05   7.39650E-05   7.71924E-13     2001.81  0
 3.01000E-04   2.64868E-04   8.64414E-05   7.40002E-05   7.22436E-13     1932.90  0
 3.21000E-04   2.64614E-04   8.06114E-05   7.38316E-05   6.76878E-13     1875.21  0
 3.41000E-04   2.64273E-04   7.50466E-05   7.34545E-05   6.33496E-13     1827.21  0
 3.61000E-04   2.63863E-04   6.96263E-05   7.28645E-05   5.91571E-13     1785.88  0
 3.81000E-04   2.63417E-04   6.44036E-05   7.20842E-05   5.50475E-13     1750.97  0
 4.01000E-04   2.61681E-04   5.94356E-05   7.08486E-05   4.92448E-13     1721.51  0
 4.21000E-04   2.62486E-04   5.51622E-05   7.22278E-05   4.50880E-13     1690.46  0
 4.41000E-04   2.62354E-04   5.16225E-05   7.25439E-05   4.08808E-13     1665.38  0
 4.61000E-04   2.62183E-04   4.80670E-05   7.27213E-05   3.67357E-13     1647.56  0
 4.81000E-04   2.61977E-04   4.42698E-05   7.28184E-05   3.26991E-13     1634.77  0
 5.01000E-04   2.61702E-04   4.14780E-05   7.28689E-05   2.88283E-13     1626.62  0
 5.21000E-04   2.61328E-04   3.84572E-05   7.28896E-05   2.51970E-13     1622.94  0
 5.41000E-04   2.54179E-04   3.54931E-05   7.28868E-05   2.17761E-13     1622.08  0
 5.61000E-04   2.44421E-04   3.32539E-05   7.28611E-05   1.85823E-13     1620.91  0
 5.81000E-04   2.40926E-04   3.03272E-05   7.28143E-05   1.55985E-13     1619.42  0
 6.01000E-04   2.25647E-04   2.82088E-05   7.15509E-05   1.23723E-13     1617.49  0
 6.21000E-04   2.14483E-04   2.54877E-05   7.25719E-05   9.98358E-14     1615.41  0
 6.41000E-04   1.97834E-04   2.35654E-05   7.24558E-05   7.89131E-14     1612.98  0
 6.61000E-04   1.81195E-04   2.15057E-05   7.22995E-05   6.04186E-14     1610.16  0
 6.81000E-04   1.66670E-04   1.91299E-05   7.20857E-05   4.44029E-14     1606.89  0
 7.01000E-04   1.50734E-04   1.83617E-05   7.18235E-05   1.10363E-13     1603.24  1
 7.21000E-04   4.23052E-05   1.03621E-04   4.08580E-05   2.54132E-13     1860.72  1
 7.41000E-04   7.56446E-05   1.08508E-04   5.91310E-05   3.83466E-13     2562.05  1
 7.61000E-04   1.06224E-04   1.09222E-04   6.31817E-05   5.08179E-13     2832.78  1
 7.81000E-04   1.35676E-04   1.09567E-04   6.48822E-05   6.41737E-13     2890.14  1
 8.01000E-04   1.65097E-04   1.08998E-04   6.86288E-05   7.72591E-13     2853.68  1
 8.21000E-04   1.94470E-04   1.09367E-04   7.53480E-05   9.04658E-13     2829.27  1
 8.41000E-04   2.23509E-04   1.09716E-04   7.75408E-05   1.02844E-12     2857.92  1
 8.61000E-04   2.36280E-04   1.09847E-04   7.85459E-05   1.15761E-12     2872.24  1
 8.81000E-04   2.64672E-04   1.10096E-04   7.92424E-05   1.27345E-12     2833.08  1
 9.01000E-04   2.93875E-04   1.10124E-04   7.96799E-05   1.38742E-12     2849.51  1
 9.21000E-04   3.22408E-04   1.10114E-04   8.00969E-05   1.49875E-12     2859.44  1
 9.41000E-04   3.52050E-04   1.10174E-04   8.04925E-05   1.60358E-12     2818.13  1
 9.61000E-04   3.68517E-04   1.10055E-04   8.08185E-05   1.69919E-12     2851.51  1
 9.81000E-04   3.95714E-04   1.09858E-04   8.11333E-05   1.79880E-12     2858.24  1
 1.00100E-03   4.19597E-04   1.09718E-04   8.13561E-05   1.88202E-12     2799.51  1
 1.02100E-03   4.53567E-04   1.09513E-04   8.15322E-05   1.95958E-12     2835.01  1
 1.04100E-03   4.82260E-04   1.09414E-04   8.16263E-05   2.02965E-12     2877.51  1
 1.06100E-03   5.11391E-04   1.09231E-04   8.17283E-05   2.09994E-12     2868.28  1
 1.08100E-03   5.40257E-04   1.09186E-04   8.18087E-05   2.00226E-12     2838.24  0
 1.10100E-03   5.34710E-04   1.06793E-04   8.18430E-05   1.90134E-12     2449.97  0
 1.12100E-03   5.31962E-04   1.02771E-04   8.18596E-05   1.80059E-12     2238.15  0
 1.14100E-03   5.26088E-04   9.80186E-05   8.19430E-05   1.70151E-12     2100.70  0
 1.16100E-03   5.22443E-04   9.30448E-05   8.18925E-05   1.60884E-12     2003.54  0
 1.18100E-03   5.17012E-04   8.79588E-05   8.17493E-05   1.52138E-12     1927.49  0
 1.20100E-03   5.08629E-04   8.27101E-05   8.11281E-05   1.40873E-12     1866.70  0
 1.22100E-03   5.04133E-04   7.76475E-05   8.35409E-05   1.32895E-12     1816.49  0
 1.24100E-03   4.98801E-04   7.25722E-05   8.39936E-05   1.24849E-12     1775.39  0
 1.26100E-03   4.92783E-04   6.76155E-05   8.41620E-05   1.16970E-12     1742.20  0
 1.28100E-03   4.86334E-04   6.28529E-05   8.41676E-05   1.09218E-12     1715.11  0
 1.30100E-03   4.81511E-04   5.83624E-05   8.41109E-05   1.01669E-12     1693.28  0
 1.32100E-03   4.73602E-04   5.43097E-05   8.40315E-05   9.42911E-13     1675.02  0
 1.34100E-03   4.67808E-04   5.12082E-05   8.39627E-05   8.71038E-13     1660.16  0
 1.36100E-03   4.59471E-04   4.81852E-05   8.40208E-05   8.01052E-13     1647.90  0
 1.38100E-03   4.54929E-04   4.49432E-05   8.41087E-05   7.33860E-13     1638.00  0
 1.40100E-03   4.45743E-04   4.25800E-05   8.31310E-05   6.35939E-13     1630.35  0
 1.42100E-03   4.38140E-04   3.95621E-05   8.48317E-05   5.65334E-13     1625.21  0
 1.44100E-03   4.27281E-04   3.78560E-05   8.47966E-05   5.01196E-13     1622.89  0
 1.46100E-03   4.14655E-04   3.49965E-05   8.47427E-05   4.41494E-13     1622.20  0
 1.48100E-03   4.01197E-04   3.33427E-05   8.46722E-05   3.86161E-13     1621.22  0
 1.50100E-03   3.91489E-04   3.11080E-05   8.45859E-05   3.34740E-13     1619.96  0
 1.52100E-03   3.75682E-04   2.90723E-05   8.44775E-05   2.86736E-13     1618.40  0
 1.54100E-03   3.63176E-04   2.77477E-05   8.43420E-05   2.42573E-13     1616.55  0
 1.56100E-03   3.46768E-04   2.51821E-05   8.41676E-05   2.01732E-13     1614.43  0
 1.58100E-03   3.33635E-04   2.36954E-05   8.39512E-05   2.39890E-13     1612.00  1
 1.60100E-03   4.14244E-05   1.01422E-04   3.68206E-05   3.48416E-13     1802.48  1
 1.62100E-03   7.19988E-05   1.08072E-04   5.77775E-05   4.58555E-13     2474.54  1
 1.64100E-03   1.02827E-04   1.08834E-04   6.24797E-05   5.56015E-13     2695.48  1
 1.66100E-03   1.30388E-04   1.09111E-04   6.36996E-05   6.54772E-13     2794.63  1
 1.68100E-03   1.54582E-04   1.09275E-04   6.47584E-05   7.65949E-13     2814.84  1
 1.70100E-03   1.83841E-04   1.09460E-04   6.56045E-05   8.72560E-13     2798.37  1
 1.72100E-03   2.11101E-04   1.09656E-04   6.62342E-05   9.78132E-13     2843.37  1
 1.74100E-03   2.34937E-04   1.09779E-04   6.67846E-05   1.09177E-12     2841.20  1
 1.76100E-03   2.64071E-04   1.10065E-04   6.73666E-05   1.20234E-12     2811.67  1
 1.78100E-03   2.91258E-04   1.10169E-04   6.78896E-05   1.30974E-12     2841.56  1
 1.80100E-03   3.14292E-04   1.10208E-04   6.83856E-05   1.41368E-12     2825.02  1
 1.82100E-03   3.44497E-04   1.10420E-04   6.88580E-05   1.51418E-12     2827.22  1
 1.84100E-03   3.70452E-04   1.10561E-04   6.93615E-05   1.62343E-12     2872.02  1
 1.86100E-03   3.94361E-04   1.10470E-04   7.22165E-05   1.73169E-12     2857.50  1
 1.88100E-03   4.23261E-04   1.10595E-04   7.36318E-05   1.83554E-12     2838.72  1
 1.90100E-03   4.49480E-04   1.10727E-04   7.43315E-05   1.93438E-12     2864.02  1
 1.92100E-03   4.73453E-04   1.10599E-04   7.48180E-05   2.03498E-12     2861.98  1
 1.94100E-03   5.02310E-04   1.10667E-04   7.51917E-05   2.12763E-12     2845.53  1
 1.96100E-03   5.28979E-04   1.10775E-04   7.55007E-05   2.21057E-12     2873.90  1
 1.98100E-03   5.53061E-04   1.10578E-04   7.58067E-05   2.30264E-12     2867.46  1
 2.00100E-03   5.78754E-04   1.10567E-04   7.75050E-05   2.38640E-12     2820.57  1
 2.02100E-03   6.10851E-04   1.10479E-04   7.85997E-05   2.46242E-12     2854.00  1
 2.04100E-03   6.37485E-04   1.10530E-04   7.91418E-05   2.53131E-12     2886.40  1
 2.06100E-03   6.61497E-04   1.10170E-04   7.94865E-05   2.59962E-12     2866.67  1
 2.08100E-03   6.90585E-04   1.10044E-04   7.98107E-05   2.66120E-12     2842.03  1
 2.10100E-03   7.14880E-04   1.09767E-04   8.00212E-05   2.70934E-12     2848.02  1
 2.12100E-03   7.32298E-04   1.09580E-04   8.01632E-05   2.76149E-12     2836.05  1
 2.14100E-03   7.55072E-04   1.09473E-04   8.02797E-05   2.80597E-12     2817.71  1
 2.16100E-03   7.76045E-04   1.09299E-04   8.04041E-05   2.68506E-12     2821.05  0
 2.18100E-03   7.68510E-04   1.07264E-04   8.05320E-05   2.55656E-12     2459.46  0
 2.20100E-03   7.61106E-04   1.02861E-04   8.05334E-05   2.40563E-12     2287.35  0
 2.22100E-03   7.55004E-04   9.82074E-05   8.31236E-05   2.28520E-12     2155.81  0
 2.24100E-03   7.50209E-04   9.34487E-05   8.40020E-05   2.16478E-12     2058.40  0
 2.26100E-03   7.42470E-04   8.84763E-05   8.46272E-05   2.04600E-12     1981.25  0
 2.28100E-03   7.34885E-04   8.35955E-05   8.49717E-05   1.93235E-12     1918.92  0
 2.30100E-03   7.29750E-04   7.86618E-05   8.50239E-05   1.82115E-12     1869.05  0
 2.32100E-03   7.20814E-04   7.39816E-05   8.49795E-05   1.71294E-12     1827.10  0
 2.34100E-03   7.14185E-04   6.94777E-05   8.49135E-05   1.60860E-12     1791.49  0
 2.36100E-03   7.07378E-04   6.55137E-05   8.48668E-05   1.50687E-12     1760.99  0
 2.38100E-03   6.98715E-04   6.24999E-05   8.48144E-05   1.40826E-12     1735.11  0
 2.40100E-03   6.88690E-04   5.82147E-05   8.37334E-05   1.26477E-12     1712.45  0
 2.42100E-03   6.86024E-04   5.48066E-05   8.56780E-05   1.15920E-12     1689.14  0
 2.44100E-03   6.79648E-04   5.25960E-05   8.56646E-05   1.05847E-12     1668.19  0
 2.46100E-03   6.71327E-04   4.90944E-05   8.56376E-05   9.62247E-13     1651.19  0
 2.48100E-03   6.61178E-04   4.68396E-05   8.56029E-05   8.71005E-13     1638.47  0
 2.50100E-03   6.45485E-04   4.38860E-05   8.55618E-05   7.84556E-13     1629.71  0
 2.52100E-03   6.32253E-04   4.15894E-05   8.55150E-05   7.02835E-13     1624.51  0
 2.54100E-03   6.14086E-04   3.89158E-05   8.54591E-05   6.26789E-13     1622.73  0
 2.56100E-03   5.98011E-04   3.69222E-05   8.53908E-05   5.55384E-13     1621.97  0
 2.58100E-03   5.77234E-04   3.41482E-05   8.53059E-05   4.88348E-13     1620.93  0
 2.60100E-03   5.51431E-04   3.22464E-05   8.44097E-05   4.07364E-13     1619.61  0
 2.62100E-03   5.30696E-04   2.94996E-05   8.94105E-05   3.45844E-13     1618.03  0
 2.64100E-03   5.05334E-04   2.80203E-05   9.04648E-05   2.90200E-13     1616.19  0
 2.66100E-03   4.85043E-04   2.55161E-05   9.09494E-05   3.11486E-13     1614.07  1
 2.68100E-03   4.93738E-05   1.03249E-04   4.18164E-05   4.15816E-13     1841.54  1
 2.70100E-03   7.68036E-05   1.08400E-04   5.95643E-05   5.17446E-13     2566.51  1
 2.72100E-03   1.03769E-04   1.09343E-04   6.33926E-05   6.21220E-13     2834.40  1
 2.74100E-03   1.31780E-04   1.09553E-04   6.80458E-05   7.24145E-13     2875.15  1
 2.76100E-03   1.60238E-04   1.09702E-04   6.99558E-05   8.32675E-13     2891.58  1
 2.78100E-03   1.88974E-04   1.09788E-04   7.09197E-05   9.39771E-13     2914.04  1
 2.80100E-03   2.12887E-04   1.09205E-04   7.19165E-05   1.03085E-12     2810.48  1
 2.82100E-03   2.42518E-04   1.09675E-04   7.66494E-05   1.14892E-12     2856.57  1
 2.84100E-03   2.72187E-04   1.10129E-04   7.84848E-05   1.26428E-12     2875.22  1
 2.86100E-03   3.01586E-04   1.10216E-04   7.93967E-05   1.37597E-12     2891.50  1
 2.88100E-03   3.14444E-04   1.10341E-04   8.00032E-05   1.49008E-12     2896.97  1
 2.90100E-03   3.43276E-04   1.10468E-04   8.04143E-05   1.59775E-12     2867.02  1
 2.92100E-03   3.72235E-04   1.10590E-04   8.07025E-05   1.70225E-12     2856.35  1
 2.94100E-03   4.01551E-04   1.10574E-04   8.08909E-05   1.80871E-12     2844.03  1
 2.96100E-03   4.30960E-04   1.10669E-04   8.11150E-05   1.90778E-12     2831.54  1
 2.98100E-03   4.46586E-04   1.10824E-04   8.13659E-05   2.00359E-12     2876.14  1
 3.00100E-03   4.69635E-04   1.10713E-04   8.15489E-05   2.10029E-12     2863.44  1
 3.02100E-03   4.95436E-04   1.10790E-04   8.16551E-05   2.19020E-12     2846.01  1
 3.04100E-03   5.17338E-04   1.10984E-04   8.17674E-05   2.27942E-12     2880.03  1
 3.06100E-03   5.43304E-04   1.10889E-04   8.19289E-05   2.36486E-12     2882.65  1
 3.08100E-03   5.68507E-04   1.10905E-04   8.20686E-05   2.44553E-12     2866.83  1
 3.10100E-03   5.93021E-04   1.11050E-04   8.22702E-05   2.52301E-12     2888.56  1
 3.12100E-03   6.04904E-04   1.10956E-04   8.24620E-05   2.59862E-12     2902.87  1
 3.14100E-03   6.32810E-04   1.10936E-04   8.27163E-05   2.67044E-12     2864.41  1
 3.16100E-03   6.54688E-04   1.11065E-04   8.29321E-05   2.73863E-12     2871.22  1
 3.18100E-03   6.79036E-04   1.10945E-04   8.31345E-05   2.80592E-12     2875.11  1
 3.20100E-03   6.99691E-04   1.10902E-04   8.33182E-05   2.86902E-12     2839.13  1
 3.22100E-03   7.25504E-04   1.10863E-04   8.35442E-05   2.92793E-12     2854.28  1
 3.24100E-03   7.51304E-04   1.11023E-04   8.37694E-05   2.98337E-12     2895.49  1
 3.26100E-03   7.58688E-04   1.10785E-04   8.39753E-05   3.03598E-12     2905.54  1
 3.28100E-03   7.83868E-04   1.10683E-04   8.41171E-05   3.08100E-12     2861.18  1
 3.30100E-03   8.06265E-04   1.10679E-04   8.41938E-05   3.12373E-12     2867.10  1
 3.32100E-03   8.31630E-04   1.10352E-04   8.42119E-05   3.16265E-12     2866.47  1
 3.34100E-03   8.54071E-04   1.10265E-04   8.42478E-05   3.19037E-12     2837.38  1
 3.36100E-03   8.67430E-04   1.10068E-04   8.42604E-05   3.21294E-12     2872.44  1
 3.38100E-03   8.86586E-04   1.09808E-04   8.42820E-05   3.23781E-12     2879.19  1
 3.40100E-03   9.07754E-04   1.09671E-04   8.42349E-05   3.25123E-12     2818.49  1
 3.42100E-03   9.31155E-04   1.09473E-04   8.41001E-05   3.25883E-12     2849.20  1
 3.44100E-03   9.52486E-04   1.09328E-04   8.39100E-05   3.10684E-12     2874.77  0
 3.46100E-03   9.47757E-04   1.07462E-04   8.36572E-05   2.94351E-12     2450.50  0
 3.48100E-03   9.39234E-04   1.02922E-04   8.33340E-05   2.78165E-12     2232.91  0
 3.50099E-03   9.35057E-04   9.83180E-05   8.30398E-05   2.62323E-12     2097.88  0
 3.52099E-03   9.25387E-04   9.34497E-05   8.27662E-05   2.47235E-12     1999.42  0
 3.54099E-03   9.17522E-04   8.84105E-05   8.25319E-05   2.32849E-12     1925.29  0
 3.56099E-03   9.11046E-04   8.33474E-05   8.21986E-05   2.19276E-12     1867.63  0
 3.58099E-03   9.00505E-04   7.82236E-05   8.17724E-05   2.06253E-12     1822.51  0
 3.60099E-03   8.89313E-04   7.30245E-05   8.08630E-05   1.85423E-12     1785.38  0
 3.62099E-03   8.81667E-04   6.82116E-05   8.27243E-05   1.71842E-12     1750.13  0
 3.64099E-03   8.70353E-04   6.35991E-05   8.32362E-05   1.58303E-12     1717.07  0
 3.66099E-03   8.58759E-04   5.93712E-05   8.35808E-05   1.45105E-12     1689.33  0
 3.68099E-03   8.46668E-04   5.58384E-05   8.38275E-05   1.32354E-12     1667.01  0
 3.70099E-03   8.34060E-04   5.28464E-05   8.40112E-05   1.20132E-12     1650.28  0
 3.72099E-03   8.21166E-04   4.91511E-05   8.41470E-05   1.08530E-12     1638.03  0
 3.74099E-03   8.05349E-04   4.65090E-05   8.42428E-05   9.75263E-13     1629.70  0
 3.76099E-03   7.89391E-04   4.35551E-05   8.43063E-05   8.71147E-13     1624.67  0
 3.78099E-03   7.74786E-04   4.07325E-05   8.43389E-05   7.73026E-13     1622.83  0
 3.80099E-03   7.52545E-04   3.80453E-05   8.34219E-05   6.44185E-13     1622.11  0
 3.82099E-03   7.33303E-04   3.53940E-05   8.69707E-05   5.48417E-13     1621.21  0
 3.84099E-03   7.10396E-04   3.34096E-05   8.79767E-05   4.63677E-13     1620.07  0
 3.86099E-03   6.85652E-04   3.11125E-05   8.84565E-05   3.88036E-13     1618.68  0
 3.88099E-03   6.52920E-04   2.89904E-05   8.83230E-05   3.20017E-13     1617.04  0
 3.90099E-03   6.18905E-04   2.76175E-05   8.78556E-05   2.59150E-13     1615.14  0
 3.92099E-03   5.82245E-04   2.48785E-05   8.70713E-05   2.05292E-13     1612.98  0
 3.94099E-03   5.44276E-04   2.34472E-05   8.58186E-05   2.33280E-13     1610.52  1
 3.96099E-03   4.22125E-05   1.03666E-04   4.17516E-05   3.48279E-13     1861.49  1
 3.98099E-03   7.42178E-05   1.08531E-04   5.85064E-05   4.49995E-13     2550.22  1
 4.00099E-03   1.00658E-04   1.08758E-04   6.22141E-05   5.44514E-13     2737.53  1
 4.02099E-03   1.25314E-04   1.09141E-04   6.83297E-05   6.60524E-13     2783.63  1
 4.04099E-03   1.54552E-04   1.09422E-04   7.03709E-05   7.73406E-13     2779.59  1
 4.06099E-03   1.81301E-04   1.09666E-04   7.15085E-05   8.89490E-13     2820.65  1
 4.08099E-03   2.05250E-04   1.09801E-04   7.22185E-05   1.01567E-12     2819.20  1
 4.10099E-03   2.34188E-04   1.10109E-04   7.27538E-05   1.13723E-12     2797.99  1
 4.12099E-03   2.60902E-04   1.10233E-04   7.32201E-05   1.25208E-12     2836.14  1
 4.14099E-03   2.84593E-04   1.10289E-04   7.37688E-05   1.37220E-12     2835.31  1
 4.16100E-03   3.13402E-04   1.10511E-04   7.42843E-05   1.48574E-12     2808.74  1
 4.18100E-03   3.40245E-04   1.10660E-04   7.47501E-05   1.59357E-12     2849.67  1
 4.20100E-03   3.63733E-04   1.10650E-04   7.51707E-05   1.70374E-12     2846.25  1
 4.22100E-03   3.92466E-04   1.10748E-04   7.55732E-05   1.80761E-12     2823.16  1
 4.24100E-03   4.19775E-04   1.10901E-04   7.59560E-05   1.90611E-12     2854.87  1
 4.26100E-03   4.43290E-04   1.10890E-04   7.62942E-05   2.00484E-12     2857.98  1
 4.28100E-03   4.72259E-04   1.10907E-04   7.66366E-05   2.10115E-12     2828.68  1
 4.30100E-03   4.99720E-04   1.11060E-04   7.69329E-05   2.18954E-12     2857.25  1
 4.32100E-03   5.23194E-04   1.11050E-04   7.72596E-05   2.27960E-12     2862.67  1
 4.34100E-03   5.52071E-04   1.11015E-04   7.75391E-05   2.36589E-12     2833.20  1
 4.36100E-03   5.79607E-04   1.11167E-04   7.78651E-05   2.44806E-12     2864.72  1
 4.38100E-03   6.02921E-04   1.11158E-04   7.81540E-05   2.52486E-12     2866.77  1
 4.40100E-03   6.27857E-04   1.11079E-04   7.84128E-05   2.59818E-12     2819.84  1
 4.42100E-03   6.60327E-04   1.11091E-04   7.86936E-05   2.67038E-12     2854.08  1
 4.44100E-03   6.80250E-04   1.11317E-04   7.89440E-05   2.73869E-12     2886.38  1
 4.46100E-03   7.00147E-04   1.11218E-04   7.91900E-05   2.80535E-12     2870.63  1
 4.48100E-03   7.22016E-04   1.11147E-04   7.94191E-05   2.86854E-12     2847.36  1
 4.50100E-03   7.41614E-04   1.11282E-04   7.96433E-05   2.92923E-12     2888.19  1
 4.52100E-03   7.61781E-04   1.11201E-04   7.98765E-05   2.99252E-12     2876.54  1
 4.54100E-03   7.83229E-04   1.11142E-04   8.10372E-05   3.05642E-12     2852.39  1
 4.56100E-03   8.04802E-04   1.11276E-04   8.15904E-05   3.12466E-12     2877.41  1
 4.58100E-03   8.23116E-04   1.11184E-04   8.33721E-05   3.18807E-12     2873.96  1
 4.60100E-03   8.45000E-04   1.11115E-04   8.47917E-05   3.24765E-12     2852.07  1
 4.62100E-03   8.67450E-04   1.11218E-04   8.54933E-05   3.30542E-12     2879.35  1
 4.64100E-03   8.84808E-04   1.11090E-04   8.59501E-05   3.35742E-12     2846.80  1
 4.66100E-03   9.10777E-04   1.11061E-04   8.62401E-05   3.40326E-12     2857.90  1
 4.68100E-03   9.30574E-04   1.11137E-04   8.63792E-05   3.44429E-12     2881.92  1
 4.70100E-03   9.50087E-04   1.10890E-04   8.64562E-05   3.48380E-12     2874.52  1
 4.72100E-03   9.74773E-04   1.10847E-04   8.64952E-05   3.51653E-12     2862.18  1
 4.74100E-03   9.94304E-04   1.10861E-04   8.65081E-05   3.54364E-12     2887.09  1
 4.76100E-03   1.01460E-03   1.10545E-04   8.65653E-05   3.56887E-12     2872.09  1
 4.78100E-03   1.03513E-03   1.10462E-04   8.67060E-05   3.58888E-12     2857.25  1
 4.80100E-03   1.05396E-03   1.10272E-04   8.68463E-05   3.60130E-12     2817.65  1
 4.82100E-03   1.07496E-03   1.10093E-04   8.70051E-05   3.60545E-12     2824.14  1
 4.84100E-03   1.08945E-03   1.09933E-04   8.71593E-05   3.60582E-12     2860.75  1
 4.86100E-03   1.11133E-03   1.09709E-04   8.72975E-05   3.61083E-12     2800.48  1
 4.88100E-03   1.13002E-03   1.09554E-04   8.74224E-05   3.61141E-12     2819.36  1
 4.90100E-03   1.14567E-03   1.09373E-04   8.75428E-05   3.44475E-12     2816.19  0
 4.92100E-03   1.13988E-03   1.07486E-04   8.76141E-05   3.27116E-12     2447.00  0
 4.94100E-03   1.13063E-03   1.02952E-04   8.76299E-05   3.09763E-12     2268.96  0
 4.96100E-03   1.11976E-03   9.83801E-05   8.76109E-05   2.93086E-12     2150.77  0
 4.98100E-03   1.10894E-03   9.36025E-05   8.75610E-05   2.76852E-12     2063.14  0
 5.00100E-03   1.09727E-03   8.83958E-05   8.61729E-05   2.52800E-12     1992.06  0
 5.02100E-03   1.08548E-03   8.35073E-05   8.93733E-05   2.35228E-12     1910.98  0
 5.04100E-03   1.07260E-03   7.85963E-05   9.13637E-05   2.18265E-12     1844.71  0
 5.06100E-03   1.05867E-03   7.37596E-05   9.29841E-05   2.02172E-12     1793.84  0
 5.08100E-03   1.04447E-03   6.91608E-05   9.32826E-05   1.86872E-12     1753.78  0
 5.10100E-03   1.02417E-03   6.48389E-05   9.35337E-05   1.72232E-12     1721.88  0
 5.12100E-03   1.00559E-03   6.10624E-05   9.36886E-05   1.58244E-12     1696.84  0
 5.14100E-03   9.86218E-04   5.77502E-05   9.37707E-05   1.44848E-12     1676.65  0
 5.16100E-03   9.73475E-04   5.36499E-05   9.38068E-05   1.32050E-12     1660.46  0
 5.18100E-03   9.65453E-04   5.02650E-05   9.38323E-05   1.19826E-12     1647.59  0
 5.20100E-03   9.48854E-04   4.78993E-05   9.09280E-05   1.01383E-12     1637.34  0
 5.22100E-03   9.20022E-04   4.45293E-05   9.72498E-05   8.83057E-13     1629.69  0
 5.24100E-03   8.91715E-04   4.26324E-05   9.89030E-05   7.67804E-13     1624.78  0
 5.26100E-03   8.54966E-04   3.93408E-05   1.00334E-04   6.64086E-13     1622.84  0
 5.28100E-03   8.14663E-04   3.76129E-05   1.00743E-04   5.69628E-13     1622.11  0
 5.30100E-03   7.75556E-04   3.44819E-05   1.00735E-04   4.84165E-13     1621.04  0
 5.32100E-03   7.34450E-04   3.28445E-05   1.00694E-04   4.06578E-13     1619.67  0
 5.34100E-03   6.90917E-04   2.99574E-05   1.00525E-04   3.35945E-13     1617.99  0
 5.36100E-03   6.48633E-04   2.82992E-05   9.93714E-05   2.73129E-13     1616.01  0
 5.38100E-03   6.03797E-04   2.59074E-05   9.81250E-05   2.16637E-13     1613.71  0
 5.40100E-03   5.58845E-04   2.38093E-05   9.39959E-05   2.45741E-13     1610.88  1
 5.42100E-03   4.35025E-05   1.03491E-04   4.72277E-05   3.72984E-13     1818.26  1
 5.44100E-03   7.46277E-05   1.08570E-04   5.79148E-05   4.75526E-13     2555.50  1
 5.46101E-03   1.02123E-04   1.09571E-04   6.28524E-05   5.82857E-13     2779.11  1
 5.48101E-03   1.30245E-04   1.09970E-04   6.42552E-05   6.93735E-13     2825.53  1
 5.50101E-03   1.58912E-04   1.10178E-04   6.51964E-05   8.07125E-13     2860.74  1
 5.52101E-03   1.88472E-04   1.10273E-04   6.61853E-05   9.20113E-13     2906.90  1
 5.54101E-03   2.17250E-04   1.10424E-04   6.69647E-05   1.03860E-12     2909.92  1
 5.56101E-03   2.46752E-04   1.10545E-04   6.76411E-05   1.15363E-12     2922.81  1
 5.58101E-03   2.61949E-04   1.10657E-04   6.84031E-05   1.26656E-12     2950.16  1
 5.60101E-03   2.89015E-04   1.10575E-04   6.90683E-05   1.39137E-12     2916.17  1
 5.62101E-03   3.21911E-04   1.10760E-04   7.27319E-05   1.51075E-12     2885.74  1
 5.64101E-03   3.43372E-04   1.10854E-04   7.43418E-05   1.63307E-12     2891.33  1
 5.66101E-03   3.72942E-04   1.10947E-04   7.51877E-05   1.75254E-12     2891.24  1
 5.68101E-03   4.02349E-04   1.11038E-04   7.73561E-05   1.86780E-12     2893.31  1
 5.70101E-03   4.23661E-04   1.10935E-04   7.87153E-05   1.98150E-12     2884.11  1
 5.72101E-03   4.53191E-04   1.11056E-04   7.94419E-05   2.08637E-12     2895.26  1
 5.74101E-03   4.82606E-04   1.11170E-04   7.99537E-05   2.18716E-12     2904.24  1
 5.76101E-03   5.03794E-04   1.11030E-04   8.02568E-05   2.28815E-12     2899.21  1
 5.78101E-03   5.33262E-04   1.11154E-04   8.05674E-05   2.38233E-12     2909.37  1
 5.80101E-03   5.60236E-04   1.11206E-04   8.07781E-05   2.47338E-12     2894.20  1
 5.82101E-03   5.84806E-04   1.11083E-04   8.09855E-05   2.56028E-12     2904.92  1
 5.84101E-03   6.08257E-04   1.11313E-04   8.11969E-05   2.64342E-12     2948.64  1
 5.86101E-03   6.34207E-04   1.11247E-04   8.14038E-05   2.72426E-12     2964.40  1
 5.88101E-03   6.61386E-04   1.11191E-04   8.15996E-05   2.80092E-12     2950.96  1
 5.90101E-03   6.83680E-04   1.11343E-04   8.17965E-05   2.87412E-12     2976.02  1
 5.92101E-03   6.96039E-04   1.11298E-04   8.19879E-05   2.94466E-12     2973.51  1
 5.94101E-03   7.18026E-04   1.11239E-04   8.21692E-05   3.01325E-12     2961.23  1
 5.96101E-03   7.43393E-04   1.11366E-04   8.23492E-05   3.07764E-12     2946.97  1
 5.98101E-03   7.66721E-04   1.11310E-04   8.25719E-05   3.14060E-12     2958.79  1
 6.00101E-03   7.87775E-04   1.11232E-04   8.28177E-05   3.20336E-12     2936.94  1
 6.02101E-03   8.13822E-04   1.11222E-04   8.30764E-05   3.26020E-12     2939.23  1
 6.04101E-03   8.38557E-04   1.11442E-04   8.32967E-05   3.31552E-12     2974.06  1
 6.06101E-03   8.47983E-04   1.11351E-04   8.35481E-05   3.36762E-12     2980.60  1
 6.08101E-03   8.73789E-04   1.11256E-04   8.37895E-05   3.41707E-12     2940.59  1
 6.10101E-03   8.95339E-04   1.11361E-04   8.40293E-05   3.46494E-12     2935.28  1
 6.12101E-03   9.23620E-04   1.11284E-04   8.42853E-05   3.50685E-12     2942.80  1
 6.14101E-03   9.51818E-04   1.11208E-04   8.44839E-05   3.54719E-12     2930.30  1
 6.16101E-03   9.77072E-04   1.11321E-04   8.56150E-05   3.58803E-12     2950.20  1
 6.18101E-03   9.86354E-04   1.11213E-04   8.61174E-05   3.62458E-12     2952.40  1
 6.20101E-03   1.00597E-03   1.11111E-04   8.64437E-05   3.65128E-12     2919.05  1
 6.22101E-03   1.02559E-03   1.11147E-04   8.67267E-05   3.67439E-12     2904.12  1
 6.24101E-03   1.04586E-03   1.10984E-04   8.69872E-05   3.69770E-12     2891.32  1
 6.26101E-03   1.06659E-03   1.10985E-04   8.71671E-05   3.71953E-12     2884.53  1
 6.28101E-03   1.08490E-03   1.10872E-04   8.73709E-05   3.73958E-12     2901.31  1
 6.30101E-03   1.10657E-03   1.10656E-04   8.75831E-05   3.75442E-12     2863.64  1
 6.32101E-03   1.12586E-03   1.10614E-04   8.77447E-05   3.76673E-12     2878.49  1
 6.34101E-03   1.15066E-03   1.10404E-04   8.78810E-05   3.77074E-12     2926.15  1
 6.36101E-03   1.16933E-03   1.10243E-04   8.79755E-05   3.60650E-12     2910.03  0
 6.38101E-03   1.16485E-03   1.08061E-04   8.80363E-05   3.43499E-12     2523.42  0
 6.40101E-03   1.15307E-03   1.04138E-04   8.70390E-05   3.21920E-12     2322.59  0
 6.42101E-03   1.14746E-03   1.00362E-04   9.10269E-05   3.03989E-12     2174.29  0
 6.44101E-03   1.13703E-03   9.66490E-05   9.39494E-05   2.86030E-12     2061.97  0
 6.46101E-03   1.12514E-03   9.26770E-05   9.43183E-05   2.68548E-12     1971.00  0
 6.48101E-03   1.11253E-03   8.80059E-05   9.44759E-05   2.51640E-12     1899.34  0
 6.50101E-03   1.09924E-03   8.34338E-05   9.45482E-05   2.35401E-12     1840.42  0
 6.52101E-03   1.08125E-03   7.88679E-05   9.45367E-05   2.19787E-12     1792.24  0
 6.54101E-03   1.06424E-03   7.46049E-05   9.44507E-05   2.04758E-12     1753.48  0
 6.56101E-03   1.04398E-03   7.05585E-05   9.43001E-05   1.90277E-12     1722.63  0
 6.58101E-03   1.02397E-03   6.71506E-05   9.40986E-05   1.76337E-12     1698.33  0
 6.60101E-03   9.98252E-04   6.27363E-05   9.26444E-05   1.56402E-12     1678.47  0
 6.62101E-03   9.73666E-04   5.87961E-05   9.35489E-05   1.41833E-12     1662.37  0
 6.64101E-03   9.47630E-04   5.53794E-05   9.40711E-05   1.28559E-12     1649.33  0
 6.66101E-03   9.21407E-04   5.27082E-05   9.46657E-05   1.16278E-12     1638.92  0
 6.68101E-03   8.90463E-04   4.90603E-05   9.52878E-05   1.04825E-12     1631.22  0
 6.70101E-03   8.63335E-04   4.64655E-05   9.59587E-05   9.41574E-13     1626.01  0
 6.72101E-03   8.29282E-04   4.36513E-05   9.65355E-05   8.41670E-13     1623.24  0
 6.74101E-03   7.99277E-04   4.10511E-05   9.69477E-05   7.48089E-13     1622.57  0
 6.76101E-03   7.67112E-04   3.86644E-05   9.71445E-05   6.61455E-13     1621.86  0
 6.78102E-03   7.33630E-04   3.64275E-05   9.71735E-05   5.80781E-13     1620.94  0
 6.80102E-03   6.95186E-04   3.38219E-05   9.68429E-05   4.89558E-13     1619.75  0
 6.82102E-03   6.57845E-04   3.22939E-05   9.67344E-05   4.17720E-13     1618.39  0
 6.84102E-03   6.20973E-04   2.95859E-05   9.54642E-05   3.52952E-13     1616.82  0
 6.86102E-03   5.85339E-04   2.82235E-05   9.44100E-05   3.81107E-13     1615.04  1
 6.88102E-03   4.76464E-05   1.05079E-04   4.19996E-05   4.93168E-13     1870.41  1
 6.90102E-03   7.65921E-05   1.09279E-04   6.01707E-05   5.92829E-13     2592.37  1
 6.92102E-03   9.98964E-05   1.10258E-04   6.43093E-05   7.03148E-13     2829.67  1
 6.94102E-03   1.28824E-04   1.10632E-04   6.88586E-05   8.15426E-13     2829.58  1
 6.96102E-03   1.56585E-04   1.10774E-04   7.09009E-05   9.25730E-13     2854.80  1
 6.98102E-03   1.79289E-04   1.10913E-04   7.19421E-05   1.04204E-12     2884.34  1
 7.00102E-03   2.06643E-04   1.10358E-04   7.32817E-05   1.17542E-12     2770.30  1
 7.02102E-03   2.34103E-04   1.10592E-04   7.74988E-05   1.29949E-12     2807.79  1
 7.04102E-03   2.56738E-04   1.10873E-04   7.94445E-05   1.41723E-12     2840.98  1
 7.06102E-03   2.84727E-04   1.10891E-04   8.03760E-05   1.54305E-12     2804.47  1
 7.08102E-03   3.12410E-04   1.11029E-04   8.09841E-05   1.66300E-12     2839.21  1
 7.10102E-03   3.35092E-04   1.11081E-04   8.15099E-05   1.77920E-12     2859.94  1
 7.12102E-03   3.63385E-04   1.10999E-04   8.19321E-05   1.89825E-12     2810.50  1
 7.14102E-03   3.91599E-04   1.11134E-04   8.22619E-05   2.00645E-12     2836.64  1
 7.16102E-03   4.14459E-04   1.11189E-04   8.25420E-05   2.11089E-12     2863.07  1
 7.18102E-03   4.42844E-04   1.11077E-04   8.27195E-05   2.21768E-12     2816.24  1
 7.20102E-03   4.68386E-04   1.11136E-04   8.28864E-05   2.30944E-12     2785.86  1
 7.22102E-03   5.00715E-04   1.11160E-04   8.30491E-05   2.40383E-12     2835.18  1
 7.24102E-03   5.27988E-04   1.11360E-04   8.31473E-05   2.49289E-12     2878.01  1
 7.26102E-03   5.51644E-04   1.11276E-04   8.32534E-05   2.58045E-12     2861.19  1
 7.28102E-03   5.80378E-04   1.11208E-04   8.34391E-05   2.66400E-12     2826.33  1
 7.30102E-03   6.04019E-04   1.11351E-04   8.35735E-05   2.74496E-12     2858.40  1
 7.32102E-03   6.25739E-04   1.11297E-04   8.36774E-05   2.82153E-12     2861.08  1
 7.34102E-03   6.53046E-04   1.11240E-04   8.38207E-05   2.89280E-12     2836.92  1
 7.36102E-03   6.74728E-04   1.11382E-04   8.40004E-05   2.96260E-12     2874.42  1
 7.38102E-03   6.95101E-04   1.11332E-04   8.41467E-05   3.02952E-12     2871.09  1
 7.40102E-03   7.20893E-04   1.11249E-04   8.42642E-05   3.09053E-12     2806.32  1
 7.42102E-03   7.46148E-04   1.11241E-04   8.44002E-05   3.14936E-12     2834.51  1
 7.44102E-03   7.68956E-04   1.11462E-04   8.44845E-05   3.20562E-12     2877.92  1
 7.46102E-03   7.86448E-04   1.11378E-04   8.45898E-05   3.25860E-12     2877.52  1
 7.48102E-03   8.12327E-04   1.11289E-04   8.47138E-05   3.30665E-12     2847.08  1
 7.50102E-03   8.34816E-04   1.11404E-04   8.48222E-05   3.35318E-12     2871.26  1
 7.52102E-03   8.54213E-04   1.11331E-04   8.49183E-05   3.39721E-12     2879.06  1
 7.54102E-03   8.80736E-04   1.11252E-04   8.49769E-05   3.43501E-12     2845.93  1
 7.56102E-03   9.01758E-04   1.11358E-04   8.50220E-05   3.47236E-12     2876.57  1
 7.58102E-03   9.22770E-04   1.11252E-04   8.51115E-05   3.50591E-12     2881.33  1
 7.60102E-03   9.44947E-04   1.11139E-04   8.51831E-05   3.53306E-12     2823.91  1
 7.62102E-03   9.68585E-04   1.11109E-04   8.52003E-05   3.56322E-12     2827.91  1
 7.64102E-03   9.90395E-04   1.11139E-04   8.52079E-05   3.41203E-12     2856.69  0
 7.66102E-03   9.89258E-04   1.08779E-04   8.52483E-05   3.24858E-12     2454.80  0
 7.68102E-03   9.88137E-04   1.06245E-04   8.52804E-05   3.08606E-12     2253.97  0
 7.70102E-03   9.80319E-04   1.03005E-04   8.53231E-05   2.92577E-12     2124.32  0
 7.72102E-03   9.77403E-04   9.88067E-05   8.53693E-05   2.76851E-12     2033.19  0
 7.74102E-03   9.70929E-04   9.47962E-05   8.53670E-05   2.61771E-12     1965.87  0
 7.76102E-03   9.65583E-04   9.10261E-05   8.53086E-05   2.47235E-12     1911.54  0
 7.78102E-03   9.60594E-04   8.76427E-05   8.51585E-05   2.33241E-12     1867.08  0
 7.80102E-03   9.52808E-04   8.31980E-05   8.49331E-05   2.19742E-12     1829.75  0
 7.82102E-03   9.46435E-04   7.90806E-05   8.46377E-05   2.06685E-12     1797.42  0
 7.84102E-03   9.38917E-04   7.52933E-05   8.42693E-05   1.94053E-12     1769.66  0
 7.86102E-03   9.29556E-04   7.23156E-05   8.38059E-05   1.81831E-12     1745.35  0
 7.88102E-03   9.23200E-04   6.83556E-05   8.32423E-05   1.69931E-12     1723.95  0
 7.90102E-03   9.12865E-04   6.47494E-05   8.26059E-05   1.58350E-12     1705.46  0
 7.92102E-03   9.01352E-04   6.24003E-05   8.19077E-05   1.47088E-12     1689.07  0
 7.94102E-03   8.89084E-04   5.87694E-05   8.11743E-05   1.36159E-12     1674.65  0
 7.96102E-03   8.76081E-04   5.60205E-05   8.04347E-05   1.25621E-12     1662.19  0
 7.98102E-03   8.56652E-04   5.34477E-05   7.97337E-05   1.15443E-12     1651.50  0
 8.00102E-03   8.38493E-04   4.97193E-05   7.62519E-05   9.97120E-13     1642.25  0
 8.02102E-03   8.14294E-04   4.79592E-05   8.28725E-05   8.91743E-13     1633.86  0
 8.04102E-03   7.86162E-04   4.50947E-05   8.32736E-05   7.94043E-13     1627.62  0
 8.06102E-03   7.60555E-04   4.32808E-05   8.35523E-05   7.03920E-13     1623.86  0
 8.08102E-03   7.32230E-04   4.08526E-05   8.37340E-05   6.20169E-13     1622.70  0
 8.10102E-03   7.02941E-04   3.88309E-05   8.38506E-05   5.43315E-13     1622.03  0
 8.12102E-03   6.68584E-04   3.71887E-05   8.39141E-05   4.72237E-13     1621.12  0
 8.14102E-03   6.36018E-04   3.45045E-05   8.39320E-05   4.99315E-13     1619.98  1
 8.16103E-03   4.42811E-05   1.05203E-04   4.23515E-05   6.03700E-13     1872.26  1
 8.18103E-03   7.63683E-05   1.09278E-04   5.88787E-05   7.02815E-13     2575.55  1
 8.20103E-03   1.05472E-04   1.09782E-04   6.35027E-05   7.84181E-13     2754.17  1
 8.22103E-03   1.34430E-04   1.10380E-04   6.93576E-05   8.81586E-13     2808.79  1
 8.24103E-03   1.64341E-04   1.10703E-04   7.17073E-05   9.81088E-13     2891.34  1
 8.26103E-03   1.93273E-04   1.10712E-04   7.27935E-05   1.08805E-12     2906.50  1
 8.28103E-03   2.23112E-04   1.10823E-04   7.35956E-05   1.18897E-12     2911.84  1
 8.30103E-03   2.52364E-04   1.10961E-04   7.42391E-05   1.29251E-12     2961.56  1
 8.32103E-03   2.65770E-04   1.10868E-04   7.48899E-05   1.40035E-12     2959.88  1
 8.34103E-03   2.94017E-04   1.10984E-04   7.54715E-05   1.50634E-12     2948.17  1
 8.36103E-03   3.23460E-04   1.11121E-04   7.61140E-05   1.61313E-12     2909.03  1
 8.38103E-03   3.52239E-04   1.10975E-04   7.66839E-05   1.72480E-12     2888.93  1
 8.40103E-03   3.75088E-04   1.11042E-04   7.72072E-05   1.82645E-12     2863.24  1
 8.42103E-03   4.11235E-04   1.11088E-04   7.77198E-05   1.93177E-12     2888.58  1
 8.44103E-03   4.40969E-04   1.11291E-04   7.82058E-05   2.03915E-12     2931.98  1
 8.46103E-03   4.55064E-04   1.11210E-04   7.98940E-05   2.14668E-12     2935.09  1
 8.48103E-03   4.83725E-04   1.11145E-04   8.12382E-05   2.24801E-12     2893.72  1
 8.50103E-03   5.12543E-04   1.11288E-04   8.19181E-05   2.34784E-12     2917.44  1
 8.52103E-03   5.41956E-04   1.11239E-04   8.24390E-05   2.44528E-12     2899.14  1
 8.54103E-03   5.71376E-04   1.11193E-04   8.28167E-05   2.53666E-12     2874.64  1
 8.56103E-03   6.00933E-04   1.11343E-04   8.30758E-05   2.62782E-12     2913.43  1
 8.58103E-03   6.15071E-04   1.11298E-04   8.42994E-05   2.71774E-12     2927.27  1
 8.60103E-03   6.37249E-04   1.11220E-04   8.48233E-05   2.80283E-12     2886.92  1
 8.62103E-03   6.64023E-04   1.11206E-04   8.52655E-05   2.88706E-12     2893.50  1
 8.64103E-03   6.86262E-04   1.11424E-04   8.56350E-05   2.96600E-12     2920.29  1
 8.66103E-03   7.13093E-04   1.11327E-04   8.58717E-05   3.04407E-12     2936.79  1
 8.68103E-03   7.37039E-04   1.11233E-04   8.60473E-05   3.11297E-12     2921.58  1
 8.70103E-03   7.62014E-04   1.11331E-04   8.62314E-05   3.17749E-12     2945.98  1
 8.72103E-03   7.70786E-04   1.11207E-04   8.64470E-05   3.06976E-12     2963.70  0
 8.74103E-03   7.68392E-04   1.08861E-04   8.66643E-05   2.95076E-12     2556.69  0
 8.76103E-03   7.66250E-04   1.06563E-04   8.68790E-05   2.82768E-12     2357.03  0
 8.78103E-03   7.59882E-04   1.03251E-04   8.71187E-05   2.70845E-12     2230.87  0
 8.80103E-03   7.55768E-04   9.88599E-05   8.54252E-05   2.53379E-12     2123.81  0
 8.82103E-03   7.53612E-04   9.50806E-05   9.22232E-05   2.41620E-12     2024.03  0
 8.84103E-03   7.46789E-04   9.19006E-05   9.32488E-05   2.29133E-12     1939.47  0
 8.86103E-03   7.43942E-04   8.79773E-05   9.37328E-05   2.16526E-12     1873.55  0
 8.88103E-03   7.36595E-04   8.37498E-05   9.40076E-05   2.04102E-12     1822.04  0
 8.90103E-03   7.33350E-04   7.99280E-05   9.42112E-05   1.91995E-12     1782.37  0
 8.92103E-03   7.26161E-04   7.66848E-05   9.43360E-05   1.80254E-12     1750.71  0
 8.94103E-03   7.22757E-04   7.30871E-05   9.43915E-05   1.68940E-12     1725.06  0
 8.96103E-03   7.15223E-04   6.91272E-05   9.43874E-05   1.57975E-12     1703.56  0
 8.98103E-03   7.11771E-04   6.57880E-05   9.43564E-05   1.47371E-12     1685.61  0
 9.00103E-03   7.03655E-04   6.29064E-05   9.34164E-05   1.31386E-12     1670.32  0
 9.02103E-03   6.96777E-04   5.93469E-05   9.76413E-05   1.19937E-12     1656.53  0
 9.04103E-03   6.91611E-04   5.70357E-05   9.99306E-05   1.09361E-12     1644.68  0
 9.06103E-03   6.82839E-04   5.38009E-05   1.01455E-04   9.94328E-13     1635.34  0
 9.08103E-03   6.74098E-04   5.12659E-05   1.01628E-04   9.00277E-13     1628.71  0
 9.10103E-03   6.65252E-04   4.86286E-05   1.01808E-04   8.11453E-13     1624.56  0
 9.12103E-03   6.55881E-04   4.60208E-05   1.01948E-04   7.27572E-13     1622.90  0
 9.14103E-03   6.42800E-04   4.36738E-05   1.02044E-04   6.48798E-13     1622.38  0
 9.16103E-03   6.26496E-04   4.13341E-05   1.02100E-04   5.74378E-13     1621.67  0
 9.18103E-03   6.08329E-04   3.89339E-05   1.02123E-04   5.04797E-13     1620.76  0
 9.20103E-03   5.91890E-04   3.67485E-05   1.00908E-04   4.22433E-13     1619.60  0
 9.22103E-03   5.69995E-04   3.42130E-05   9.86153E-05   4.51191E-13     1618.32  1
 9.24103E-03   4.40155E-05   1.04678E-04   4.61933E-05   5.58674E-13     1855.48  1
 9.26103E-03   7.53588E-05   1.09068E-04   5.85348E-05   6.49713E-13     2574.63  1
 9.28103E-03   9.90253E-05   1.10069E-04   6.33677E-05   7.44634E-13     2803.32  1
 9.30103E-03   1.27357E-04   1.10414E-04   6.47813E-05   8.45416E-13     2811.54  1
 9.32103E-03   1.56168E-04   1.10564E-04   6.57693E-05   9.42697E-13     2852.82  1
 9.34103E-03   1.79178E-04   1.10669E-04   6.67644E-05   1.04010E-12     2901.24  1
 9.36103E-03   2.07176E-04   1.10659E-04   6.75803E-05   1.14162E-12     2860.51  1
 9.38103E-03   2.36000E-04   1.10749E-04   6.83019E-05   1.24153E-12     2881.36  1
 9.40103E-03   2.58067E-04   1.10635E-04   6.88325E-05   1.38444E-12     2837.67  1
 9.42103E-03   2.90722E-04   1.10716E-04   7.23306E-05   1.50173E-12     2822.06  1
 9.44103E-03   3.17756E-04   1.11007E-04   7.40704E-05   1.60821E-12     2860.98  1
 9.46104E-03   3.42003E-04   1.10920E-04   7.49993E-05   1.71988E-12     2857.17  1
 9.48104E-03   3.71310E-04   1.10933E-04   7.57246E-05   1.82557E-12     2832.35  1
 9.50104E-03   3.98146E-04   1.11088E-04   7.63526E-05   1.92745E-12     2859.47  1
 9.52104E-03   4.22225E-04   1.10999E-04   7.68843E-05   2.03156E-12     2861.61  1
 9.54104E-03   4.51242E-04   1.10985E-04   7.74073E-05   2.12775E-12     2839.99  1
 9.56104E-03   4.78324E-04   1.11127E-04   7.78850E-05   2.22126E-12     2862.91  1
 9.58104E-03   5.02232E-04   1.11008E-04   7.83016E-05   2.31018E-12     2859.03  1
 9.60104E-03   5.28224E-04   1.10900E-04   7.78339E-05   2.25848E-12     2822.06  0
 9.62104E-03   5.34102E-04   1.08614E-04   7.96213E-05   2.18383E-12     2433.61  0
 9.64104E-03   5.36609E-04   1.05675E-04   8.15678E-05   2.09075E-12     2239.09  0
 9.66104E-03   5.36014E-04   1.02841E-04   8.23843E-05   1.99228E-12     2118.07  0
 9.68104E-03   5.34309E-04   9.85700E-05   8.28629E-05   1.89410E-12     2030.10  0
 9.70104E-03   5.32303E-04   9.46702E-05   8.31664E-05   1.79899E-12     1959.50  0
 9.72104E-03   5.27669E-04   9.09397E-05   8.33251E-05   1.70715E-12     1903.48  0
 9.74104E-03   5.23801E-04   8.76319E-05   8.33424E-05   1.61965E-12     1855.62  0
 9.76104E-03   5.21137E-04   8.32737E-05   8.32281E-05   1.53539E-12     1816.06  0
 9.78104E-03   5.14677E-04   7.91254E-05   8.29874E-05   1.45433E-12     1781.66  0
 9.80104E-03   5.05770E-04   7.46144E-05   8.15850E-05   1.33484E-12     1751.89  0
 9.82104E-03   5.04831E-04   7.14181E-05   8.45118E-05   1.24711E-12     1724.22  0
 9.84104E-03   4.97399E-04   6.80030E-05   8.49812E-05   1.16298E-12     1699.72  0
 9.86104E-03   4.94244E-04   6.40068E-05   8.51118E-05   1.08165E-12     1678.92  0
 9.88104E-03   4.86828E-04   6.08782E-05   8.51002E-05   1.00247E-12     1662.14  0
 9.90104E-03   4.83142E-04   5.80580E-05   8.50495E-05   9.26227E-13     1648.86  0
 9.92104E-03   4.74972E-04   5.47211E-05   8.50669E-05   8.52673E-13     1638.62  0
 9.94104E-03   4.68347E-04   5.27784E-05   8.51892E-05   7.82993E-13     1631.17  0
 9.96104E-03   4.57284E-04   4.94452E-05   8.52894E-05   7.16220E-13     1626.19  0
 9.98104E-03   4.51872E-04   4.77053E-05   8.53734E-05   6.53020E-13     1623.44  0
 1.00010E-02   4.39267E-04   4.44302E-05   8.44306E-05   5.72368E-13     1622.69  0
 1.00210E-02   4.29865E-04   4.27676E-05   8.89443E-05   5.10796E-13     1622.11  0
 1.00410E-02   4.21908E-04   3.97717E-05   9.12884E-05   4.54348E-13     1621.30  0
 1.00610E-02   4.08335E-04   3.81402E-05   9.19191E-05   4.02333E-13     1620.30  0
 1.00810E-02   4.01584E-04   3.55901E-05   9.20378E-05   3.53316E-13     1619.18  0
 1.01010E-02   3.88154E-04   3.37542E-05   9.21024E-05   4.00892E-13     1617.89  1
 1.01210E-02   4.24830E-05   1.05392E-04   4.24569E-05   5.24316E-13     1885.37  1
 1.01410E-02   7.63100E-05   1.09264E-04   5.92786E-05   6.28973E-13     2567.35  1
 1.01610E-02   1.06523E-04   1.10148E-04   6.34181E-05   7.28593E-13     2814.34  1
 1.01810E-02   1.36339E-04   1.10428E-04   6.52557E-05   8.40875E-13     2933.20  1
 1.02010E-02   1.64049E-04   1.10039E-04   6.95856E-05   9.58433E-13     2889.10  1
 1.02210E-02   1.93745E-04   1.10329E-04   7.64357E-05   1.06622E-12     2851.99  1
 1.02410E-02   2.22764E-04   1.10670E-04   7.85269E-05   1.17458E-12     2891.67  1
 1.02610E-02   2.36036E-04   1.10593E-04   7.95475E-05   1.28773E-12     2900.66  1
 1.02810E-02   2.64427E-04   1.10661E-04   8.02837E-05   1.39721E-12     2860.70  1
 1.03010E-02   2.93787E-04   1.10765E-04   8.08326E-05   1.33723E-12     2869.97  0
 1.03210E-02   2.94122E-04   1.08461E-04   8.12632E-05   1.27292E-12     2468.07  0
 1.03410E-02   2.93671E-04   1.05162E-04   8.16429E-05   1.20933E-12     2264.89  0
 1.03610E-02   2.94270E-04   1.02417E-04   8.19482E-05   1.14658E-12     2130.19  0
 1.03810E-02   2.94542E-04   9.81532E-05   8.21066E-05   1.08918E-12     2034.29  0
 1.04010E-02   2.91893E-04   9.37646E-05   8.21615E-05   1.02771E-12     1962.18  0
 1.04210E-02   2.95075E-04   8.96923E-05   8.21066E-05   9.72881E-13     1904.93  0
 1.04410E-02   2.95172E-04   8.58495E-05   8.19624E-05   9.21230E-13     1857.19  0
 1.04610E-02   2.94769E-04   8.25885E-05   8.17151E-05   8.71863E-13     1818.23  0
 1.04810E-02   2.93794E-04   7.82138E-05   8.13808E-05   8.24488E-13     1784.58  0
 1.05010E-02   2.92054E-04   7.40502E-05   8.09658E-05   7.78786E-13     1756.08  0
 1.05210E-02   2.87666E-04   7.04924E-05   8.04729E-05   7.33775E-13     1731.17  0
 1.05410E-02   2.85346E-04   6.75855E-05   7.99116E-05   6.89737E-13     1709.55  0
 1.05610E-02   2.83754E-04   6.35125E-05   7.93010E-05   6.46422E-13     1690.94  0
 1.05810E-02   2.81746E-04   6.01013E-05   7.86734E-05   6.03856E-13     1674.91  0
 1.06010E-02   2.76787E-04   5.76923E-05   7.80493E-05   5.61942E-13     1661.12  0
 1.06210E-02   2.73888E-04   5.40044E-05   7.74894E-05   5.20606E-13     1649.59  0
 1.06410E-02   2.71571E-04   5.14138E-05   7.71296E-05   4.80367E-13     1640.15  0
 1.06610E-02   2.65845E-04   4.85980E-05   7.68432E-05   4.41263E-13     1632.78  0
 1.06810E-02   2.63085E-04   4.60263E-05   7.67580E-05   4.03582E-13     1627.42  0
 1.07010E-02   2.60674E-04   4.35727E-05   7.67026E-05   3.67317E-13     1624.09  0
 1.07210E-02   2.54303E-04   4.12238E-05   7.66569E-05   3.32453E-13     1622.87  0
 1.07410E-02   2.51804E-04   3.89419E-05   7.66160E-05   2.99407E-13     1622.43  0
 1.07610E-02   2.46559E-04   3.75465E-05   7.65747E-05   2.67946E-13     1621.80  0
 1.07810E-02   2.36485E-04   3.47650E-05   7.65295E-05   2.38243E-13     1621.00  0
 1.08010E-02   2.25126E-04   3.33580E-05   7.64756E-05   2.10489E-13     1620.02  0
 1.08210E-02   2.14302E-04   3.14240E-05   7.64100E-05   1.84171E-13     1618.86  0
 1.08410E-02   2.06545E-04   2.94070E-05   7.63349E-05   1.59632E-13     1617.49  0
 1.08610E-02   1.95966E-04   2.81762E-05   7.62400E-05   1.36653E-13     1615.93  0
 1.08810E-02   1.86052E-04   2.61729E-05   7.61192E-05   1.15382E-13     1614.14  0
 1.09010E-02   1.78004E-04   2.43794E-05   7.59672E-05   9.55730E-14     1612.10  0
 1.09210E-02   1.72777E-04   2.32101E-05   7.57766E-05   7.75973E-14     1609.83  0
 1.09410E-02   1.61417E-04   2.13751E-05   7.55439E-05   6.12605E-14     1607.29  0
 1.09610E-02   1.49108E-04   1.95287E-05   7.52558E-05   4.66337E-14     1604.45  0
 1.09810E-02   1.35703E-04   1.83507E-05   7.49017E-05   3.39379E-14     1601.32  0
 1.10010E-02   1.23234E-04   1.66944E-05   7.44553E-05   2.30461E-14     1597.86  0
 1.10210E-02   1.07969E-04   1.45631E-05   7.38950E-05   1.40002E-14     1594.00  0
 1.10410E-02   9.53776E-05   1.32581E-05   7.31676E-05   7.26467E-15     1589.77  0
 1.10610E-02   7.96107E-05   1.09638E-05   6.76238E-05   2.69427E-15     1584.83  0
 1.10810E-02   6.04636E-05   8.69500E-06   5.33611E-05   3.96412E-16     1578.97  0
 1.11010E-02   3.20057E-05   5.18345E-06   3.52069E-05   0.00000E+00     1570.69  0
 1.11210E-02   0.00000E+00   0.00000E+00   0.00000E+00   0.00000E+00     1544.27  0
 1.11410E-02   0.00000E+00   0.00000E+00   0.00000E+00   0.00000E+00     1507.02  0
 1.11610E-02   0.00000E+00   0.00000E+00   0.00000E+00   0.00000E+00     1480.45  0
 1.11810E-02   0.00000E+00   0.00000E+00   0.00000E+00   0.00000E+00     1469.45  0
 1.12010E-02   0.00000E+00   0.00000E+00   0.00000E+00   0.00000E+00     1459.68  0
 1.12210E-02   0.00000E+00   0.00000E+00   0.00000E+00   0.00000E+00     1449.63  0
 1.12410E-02   0.00000E+00   0.00000E+00   0.00000E+00   0.00000E+00     1439.42  0
 1.12610E-02   0.00000E+00   0.00000E+00   0.00000E+00   0.00000E+00     1429.17  0
 1.12810E-02   0.00000E+00   0.00000E+00   0.00000E+00   0.00000E+00     1418.94  0
 1.13010E-02   0.00000E+00   0.00000E+00   0.00000E+00   0.00000E+00     1408.77  0
 1.13210E-02   0.00000E+00   0.00000E+00   0.00000E+00   0.00000E+00     1398.69  0
 1.13410E-02   0.00000E+00   0.00000E+00   0.00000E+00   0.00000E+00     1388.74  0
 1.13610E-02   0.00000E+00   0.00000E+00   0.00000E+00   0.00000E+00     1378.92  0
 1.13810E-02   0.00000E+00   0.00000E+00   0.00000E+00   0.00000E+00     1369.26  0
 1.14010E-02   0.00000E+00   0.00000E+00   0.00000E+00   0.00000E+00     1359.79  0
 1.14210E-02   0.00000E+00   0.00000E+00   0.00000E+00   0.00000E+00     1350.51  0
 1.14411E-02   0.00000E+00   0.00000E+00   0.00000E+00   0.00000E+00     1341.38  0
 1.14611E-02   0.00000E+00   0.00000E+00   0.00000E+00   0.00000E+00     1335.67  0
 1.14811E-02   0.00000E+00   0.00000E+00   0.00000E+00   0.00000E+00     1331.51  0
 1.15011E-02   0.00000E+00   0.00000E+00   0.00000E+00   0.00000E+00     1327.21  0
 1.15211E-02   0.00000E+00   0.00000E+00   0.00000E+00   0.00000E+00     1322.79  0
 1.15411E-02   0.00000E+00   0.00000E+00   0.00000E+00   0.00000E+00     1318.27  0
 1.15611E-02   0.00000E+00   0.00000E+00   0.00000E+00   0.00000E+00     1313.65  0
 1.15811E-02   0.00000E+00   0.00000E+00   0.00000E+00   0.00000E+00     1308.94  0
 1.16011E-02   0.00000E+00   0.00000E+00   0.00000E+00   0.00000E+00     1304.15  0
 1.16211E-02   0.00000E+00   0.00000E+00   0.00000E+00   0.00000E+00     1299.30  0
 1.16411E-02   0.00000E+00   0.00000E+00   0.00000E+00   0.00000E+00     1294.38  0
 1.16611E-02   0.00000E+00   0.00000E+00   0.00000E+00   0.00000E+00     1289.41  0
 1.16811E-02   0.00000E+00   0.00000E+00   0.00000E+00   0.00000E+00     1284.40  0
 1.17011E-02   0.00000E+00   0.00000E+00   0.00000E+00   0.00000E+00     1279.34  0
 1.17211E-02   0.00000E+00   0.00000E+00   0.00000E+00   0.00000E+00     1274.25  0
 1.17411E-02   0.00000E+00   0.00000E+00   0.00000E+00   0.00000E+00     1269.13  0
 1.17611E-02   0.00000E+00   0.00000E+00   0.00000E+00   0.00000E+00     1263.99  0
 1.17811E-02   0.00000E+00   0.00000E+00   0.00000E+00   0.00000E+00     1258.83  0
 1.18011E-02   0.00000E+00   0.00000E+00   0.00000E+00   0.00000E+00     1253.65  0
 1.18211E-02   0.00000E+00   0.00000E+00   0.00000E+00   0.00000E+00     1248.46  0
 1.18411E-02   0.00000E+00   0.00000E+00   0.00000E+00   0.00000E+00     1243.26  0
 1.18611E-02   0.00000E+00   0.00000E+00   0.00000E+00   0.00000E+00     1239.16  0
 1.18811E-02   0.00000E+00   0.00000E+00   0.00000E+00   0.00000E+00     1235.33  0
 1.19011E-02   0.00000E+00   0.00000E+00   0.00000E+00   0.00000E+00     1231.44  0
 1.19211E-02   0.00000E+00   0.00000E+00   0.00000E+00   0.00000E+00     1227.50  0
 1.19411E-02   0.00000E+00   0.00000E+00   0.00000E+00   0.00000E+00     1223.51  0
 1.19611E-02   0.00000E+00   0.00000E+00   0.00000E+00   0.00000E+00     1219.48  0
 1.19811E-02   0.00000E+00   0.00000E+00   0.00000E+00   0.00000E+00     1215.41  0
 1.20011E-02   0.00000E+00   0.00000E+00   0.00000E+00   0.00000E+00     1211.31  0
 1.20211E-02   0.00000E+00   0.00000E+00   0.00000E+00   0.00000E+00     1207.17  0
 1.20411E-02   0.00000E+00   0.00000E+00   0.00000E+00   0.00000E+00     1203.01  0
 1.20611E-02   0.00000E+00   0.00000E+00   0.00000E+00   0.00000E+00     1198.82  0
 1.20811E-02   0.00000E+00   0.00000E+00   0.00000E+00   0.00000E+00     1194.61  0
 1.21011E-02   0.00000E+00   0.00000E+00   0.00000E+00   0.00000E+00     1190.39  0
 1.21211E-02   0.00000E+00   0.00000E+00   0.00000E+00   0.00000E+00     1186.15  0
 1.21411E-02   0.00000E+00   0.00000E+00   0.00000E+00   0.00000E+00     1181.89  0
 1.21611E-02   0.00000E+00   0.00000E+00   0.00000E+00   0.00000E+00     1177.63  0
 1.21811E-02   0.00000E+00   0.00000E+00   0.00000E+00   0.00000E+00     1173.36  0
 1.22011E-02   0.00000E+00   0.00000E+00   0.00000E+00   0.00000E+00     1169.08  0
 1.22211E-02   0.00000E+00   0.00000E+00   0.00000E+00   0.00000E+00     1164.80  0
 1.22411E-02   0.00000E+00   0.00000E+00   0.00000E+00   0.00000E+00     1160.52  0
 1.22611E-02   0.00000E+00   0.00000E+00   0.00000E+00   0.00000E+00     1156.24  0
 1.22811E-02   0.00000E+00   0.00000E+00   0.00000E+00   0.00000E+00     1151.97  0
 1.23011E-02   0.00000E+00   0.00000E+00   0.00000E+00   0.00000E+00     1147.70  0
 1.23211E-02   0.00000E+00   0.00000E+00   0.00000E+00   0.00000E+00     1143.43  0
 1.23411E-02   0.00000E+00   0.00000E+00   0.00000E+00   0.00000E+00     1139.18  0
 1.23611E-02   0.00000E+00   0.00000E+00   0.00000E+00   0.00000E+00     1134.93  0
 1.23811E-02   0.00000E+00   0.00000E+00   0.00000E+00   0.00000E+00     1130.70  0
 1.24011E-02   0.00000E+00   0.00000E+00   0.00000E+00   0.00000E+00     1126.48  0
 1.24211E-02   0.00000E+00   0.00000E+00   0.00000E+00   0.00000E+00     1122.27  0
 1.24411E-02   0.00000E+00   0.00000E+00   0.00000E+00   0.00000E+00     1118.08  0
 1.24611E-02   0.00000E+00   0.00000E+00   0.00000E+00   0.00000E+00     1113.91  0
 1.24811E-02   0.00000E+00   0.00000E+00   0.00000E+00   0.00000E+00     1109.75  0
 1.25011E-02   0.00000E+00   0.00000E+00   0.00000E+00   0.00000E+00     1105.61  0
 1.25211E-02   0.00000E+00   0.00000E+00   0.00000E+00   0.00000E+00     1101.49  0
 1.25411E-02   0.00000E+00   0.00000E+00   0.00000E+00   0.00000E+00     1097.39  0
 1.25611E-02   0.00000E+00   0.00000E+00   0.00000E+00   0.00000E+00     1093.32  0
 1.25811E-02   0.00000E+00   0.00000E+00   0.00000E+00   0.00000E+00     1089.26  0
 1.26011E-02   0.00000E+00   0.00000E+00   0.00000E+00   0.00000E+00     1085.23  0
 1.26211E-02   0.00000E+00   0.00000E+00   0.00000E+00   0.00000E+00     1081.22  0
 1.26411E-02   0.00000E+00   0.00000E+00   0.00000E+00   0.00000E+00     1077.24  0
 1.26611E-02   0.00000E+00   0.00000E+00   0.00000E+00   0.00000E+00     1073.28  0
 1.26811E-02   0.00000E+00   0.00000E+00   0.00000E+00   0.00000E+00     1069.35  0
 1.27011E-02   0.00000E+00   0.00000E+00   0.00000E+00   0.00000E+00     1065.44  0
 1.27211E-02   0.00000E+00   0.00000E+00   0.00000E+00   0.00000E+00     1061.56  0
 1.27411E-02   0.00000E+00   0.00000E+00   0.00000E+00   0.00000E+00     1057.70  0
 1.27611E-02   0.00000E+00   0.00000E+00   0.00000E+00   0.00000E+00     1053.88  0
 1.27811E-02   0.00000E+00   0.00000E+00   0.00000E+00   0.00000E+00     1050.08  0
 1.28011E-02   0.00000E+00   0.00000E+00   0.00000E+00   0.00000E+00     1046.30  0
 1.28211E-02   0.00000E+00   0.00000E+00   0.00000E+00   0.00000E+00     1042.56  0
 1.28411E-02   0.00000E+00   0.00000E+00   0.00000E+00   0.00000E+00     1038.84  0
 1.28611E-02   0.00000E+00   0.00000E+00   0.00000E+00   0.00000E+00     1035.15  0
 1.28811E-02   0.00000E+00   0.00000E+00   0.00000E+00   0.00000E+00     1031.49  0
 1.29011E-02   0.00000E+00   0.00000E+00   0.00000E+00   0.00000E+00     1027.86  0
 1.29211E-02   0.00000E+00   0.00000E+00   0.00000E+00   0.00000E+00     1024.26  0
 1.29411E-02   0.00000E+00   0.00000E+00   0.00000E+00   0.00000E+00     1020.69  0
 1.29611E-02   0.00000E+00   0.00000E+00   0.00000E+00   0.00000E+00     1017.14  0
 1.29811E-02   0.00000E+00   0.00000E+00   0.00000E+00   0.00000E+00     1013.63  0
 1.30011E-02   0.00000E+00   0.00000E+00   0.00000E+00   0.00000E+00     1010.14  0
 1.30211E-02   0.00000E+00   0.00000E+00   0.00000E+00   0.00000E+00     1006.68  0
 1.30411E-02   0.00000E+00   0.00000E+00   0.00000E+00   0.00000E+00     1003.26  0
 1.30611E-02   0.00000E+00   0.00000E+00   0.00000E+00   0.00000E+00      999.86  0
 1.30811E-02   0.00000E+00   0.00000E+00   0.00000E+00   0.00000E+00      996.49  0
 1.31011E-02   0.00000E+00   0.00000E+00   0.00000E+00   0.00000E+00      993.15  0
 1.31211E-02   0.00000E+00   0.00000E+00   0.00000E+00   0.00000E+00      989.84  0
 1.31411E-02   0.00000E+00   0.00000E+00   0.00000E+00   0.00000E+00      986.55  0
 1.31611E-02   0.00000E+00   0.00000E+00   0.00000E+00   0.00000E+00      983.30  0
 1.31811E-02   0.00000E+00   0.00000E+00   0.00000E+00   0.00000E+00      980.08  0
 1.32011E-02   0.00000E+00   0.00000E+00   0.00000E+00   0.00000E+00      976.88  0
 1.32211E-02   0.00000E+00   0.00000E+00   0.00000E+00   0.00000E+00      973.71  0
 1.32411E-02   0.00000E+00   0.00000E+00   0.00000E+00   0.00000E+00      970.57  0
 1.32611E-02   0.00000E+00   0.00000E+00   0.00000E+00   0.00000E+00      967.47  0
 1.32811E-02   0.00000E+00   0.00000E+00   0.00000E+00   0.00000E+00      964.64  0
 1.33011E-02   0.00000E+00   0.00000E+00   0.00000E+00   0.00000E+00      961.84  0
 1.33211E-02   0.00000E+00   0.00000E+00   0.00000E+00   0.00000E+00      959.07  0
 1.33411E-02   0.00000E+00   0.00000E+00   0.00000E+00   0.00000E+00      956.31  0
 1.33611E-02   0.00000E+00   0.00000E+00   0.00000E+00   0.00000E+00      953.58  0
 1.33811E-02   0.00000E+00   0.00000E+00   0.00000E+00   0.00000E+00      950.87  0
 1.34011E-02   0.00000E+00   0.00000E+00   0.00000E+00   0.00000E+00      948.19  0
 1.34211E-02   0.00000E+00   0.00000E+00   0.00000E+00   0.00000E+00      945.52  0
 1.34411E-02   0.00000E+00   0.00000E+00   0.00000E+00   0.00000E+00      942.88  0
 1.34611E-02   0.00000E+00   0.00000E+00   0.00000E+00   0.00000E+00      940.26  0
 1.34811E-02   0.00000E+00   0.00000E+00   0.00000E+00   0.00000E+00      937.66  0
 1.35011E-02   0.00000E+00   0.00000E+00   0.00000E+00   0.00000E+00      935.09  0
 1.35211E-02   0.00000E+00   0.00000E+00   0.00000E+00   0.00000E+00      932.53  0
 1.35411E-02   0.00000E+00   0.00000E+00   0.00000E+00   0.00000E+00      930.00  0
 1.35611E-02   0.00000E+00   0.00000E+00   0.00000E+00   0.00000E+00      927.49  0
 1.35811E-02   0.00000E+00   0.00000E+00   0.00000E+00   0.00000E+00      925.00  0
 1.36011E-02   0.00000E+00   0.00000E+00   0.00000E+00   0.00000E+00      922.53  0
 1.36211E-02   0.00000E+00   0.00000E+00   0.00000E+00   0.00000E+00      920.08  0
 1.36411E-02   0.00000E+00   0.00000E+00   0.00000E+00   0.00000E+00      917.65  0
 1.36611E-02   0.00000E+00   0.00000E+00   0.00000E+00   0.00000E+00      915.25  0
 1.36811E-02   0.00000E+00   0.00000E+00   0.00000E+00   0.00000E+00      912.86  0
 1.37011E-02   0.00000E+00   0.00000E+00   0.00000E+00   0.00000E+00      910.49  0
 1.37211E-02   0.00000E+00   0.00000E+00   0.00000E+00   0.00000E+00      908.15  0
 1.37411E-02   0.00000E+00   0.00000E+00   0.00000E+00   0.00000E+00      905.82  0
 1.37611E-02   0.00000E+00   0.00000E+00   0.00000E+00   0.00000E+00      903.52  0
 1.37811E-02   0.00000E+00   0.00000E+00   0.00000E+00   0.00000E+00      901.23  0
 1.38011E-02   0.00000E+00   0.00000E+00   0.00000E+00   0.00000E+00      898.96  0
 1.38211E-02   0.00000E+00   0.00000E+00   0.00000E+00   0.00000E+00      896.72  0
 1.38411E-02   0.00000E+00   0.00000E+00   0.00000E+00   0.00000E+00      894.49  0
 1.38611E-02   0.00000E+00   0.00000E+00   0.00000E+00   0.00000E+00      892.28  0
 1.38811E-02   0.00000E+00   0.00000E+00   0.00000E+00   0.00000E+00      890.09  0
 1.39011E-02   0.00000E+00   0.00000E+00   0.00000E+00   0.00000E+00      887.92  0
 1.39211E-02   0.00000E+00   0.00000E+00   0.00000E+00   0.00000E+00      885.76  0
 1.39411E-02   0.00000E+00   0.00000E+00   0.00000E+00   0.00000E+00      883.63  0
 1.39611E-02   0.00000E+00   0.00000E+00   0.00000E+00   0.00000E+00      881.51  0
 1.39811E-02   0.00000E+00   0.00000E+00   0.00000E+00   0.00000E+00      879.41  0
 1.40011E-02   0.00000E+00   0.00000E+00   0.00000E+00   0.00000E+00      877.33  0
 1.40211E-02   0.00000E+00   0.00000E+00   0.00000E+00   0.00000E+00      875.26  0
 1.40411E-02   0.00000E+00   0.00000E+00   0.00000E+00   0.00000E+00      873.22  0
 1.40611E-02   0.00000E+00   0.00000E+00   0.00000E+00   0.00000E+00      871.19  0
 1.40811E-02   0.00000E+00   0.00000E+00   0.00000E+00   0.00000E+00      869.17  0
 1.41011E-02   0.00000E+00   0.00000E+00   0.00000E+00   0.00000E+00      867.76  0
 1.41211E-02   0.00000E+00   0.00000E+00   0.00000E+00   0.00000E+00      866.55  0
 1.41411E-02   0.00000E+00   0.00000E+00   0.00000E+00   0.00000E+00      865.36  0
 1.41611E-02   0.00000E+00   0.00000E+00   0.00000E+00   0.00000E+00      864.18  0
 1.41811E-02   0.00000E+00   0.00000E+00   0.00000E+00   0.00000E+00      863.01  0
 1.42011E-02   0.00000E+00   0.00000E+00   0.00000E+00   0.00000E+00      861.85  0
 1.42211E-02   0.00000E+00   0.00000E+00   0.00000E+00   0.00000E+00      860.68  0
 1.42411E-02   0.00000E+00   0.00000E+00   0.00000E+00   0.00000E+00      859.52  0
 1.42611E-02   0.00000E+00   0.00000E+00   0.00000E+00   0.00000E+00      858.39  0
 1.42811E-02   0.00000E+00   0.00000E+00   0.00000E+00   0.00000E+00      857.27  0
 1.43011E-02   0.00000E+00   0.00000E+00   0.00000E+00   0.00000E+00      856.14  0
 1.43211E-02   0.00000E+00   0.00000E+00   0.00000E+00   0.00000E+00      855.03  0
 1.43411E-02   0.00000E+00   0.00000E+00   0.00000E+00   0.00000E+00      853.91  0
 1.43611E-02   0.00000E+00   0.00000E+00   0.00000E+00   0.00000E+00      852.80  0
 1.43811E-02   0.00000E+00   0.00000E+00   0.00000E+00   0.00000E+00      851.70  0
 1.44011E-02   0.00000E+00   0.00000E+00   0.00000E+00   0.00000E+00      850.63  0
 1.44211E-02   0.00000E+00   0.00000E+00   0.00000E+00   0.00000E+00      849.55  0
 1.44411E-02   0.00000E+00   0.00000E+00   0.00000E+00   0.00000E+00      848.49  0
 1.44611E-02   0.00000E+00   0.00000E+00   0.00000E+00   0.00000E+00      847.44  0
 1.44811E-02   0.00000E+00   0.00000E+00   0.00000E+00   0.00000E+00      846.39  0
 1.45011E-02   0.00000E+00   0.00000E+00   0.00000E+00   0.00000E+00      845.34  0
 1.45211E-02   0.00000E+00   0.00000E+00   0.00000E+00   0.00000E+00      844.29  0
 1.45411E-02   0.00000E+00   0.00000E+00   0.00000E+00   0.00000E+00      843.25  0
 1.45611E-02   0.00000E+00   0.00000E+00   0.00000E+00   0.00000E+00      842.22  0
 1.45811E-02   0.00000E+00   0.00000E+00   0.00000E+00   0.00000E+00      841.20  0
 1.46011E-02   0.00000E+00   0.00000E+00   0.00000E+00   0.00000E+00      840.19  0
 1.46211E-02   0.00000E+00   0.00000E+00   0.00000E+00   0.00000E+00      839.18  0
 1.46411E-02   0.00000E+00   0.00000E+00   0.00000E+00   0.00000E+00      838.18  0
 1.46611E-02   0.00000E+00   0.00000E+00   0.00000E+00   0.00000E+00      837.18  0
 1.46811E-02   0.00000E+00   0.00000E+00   0.00000E+00   0.00000E+00      836.19  0
 1.47011E-02   0.00000E+00   0.00000E+00   0.00000E+00   0.00000E+00      835.19  0
 1.47211E-02   0.00000E+00   0.00000E+00   0.00000E+00   0.00000E+00      834.20  0
 1.47411E-02   0.00000E+00   0.00000E+00   0.00000E+00   0.00000E+00      833.22  0
 1.47611E-02   0.00000E+00   0.00000E+00   0.00000E+00   0.00000E+00      832.24  0
 1.47811E-02   0.00000E+00   0.00000E+00   0.00000E+00   0.00000E+00      831.26  0
 1.48011E-02   0.00000E+00   0.00000E+00   0.00000E+00   0.00000E+00      830.30  0
 1.48211E-02   0.00000E+00   0.00000E+00   0.00000E+00   0.00000E+00      829.35  0
 1.48411E-02   0.00000E+00   0.00000E+00   0.00000E+00   0.00000E+00      828.40  0
 1.48611E-02   0.00000E+00   0.00000E+00   0.00000E+00   0.00000E+00      827.46  0
 1.48811E-02   0.00000E+00   0.00000E+00   0.00000E+00   0.00000E+00      826.52  0
 1.49011E-02   0.00000E+00   0.00000E+00   0.00000E+00   0.00000E+00      825.58  0
 1.49211E-02   0.00000E+00   0.00000E+00   0.00000E+00   0.00000E+00      824.64  0
 1.49411E-02   0.00000E+00   0.00000E+00   0.00000E+00   0.00000E+00      823.71  0
 1.49611E-02   0.00000E+00   0.00000E+00   0.00000E+00   0.00000E+00      822.78  0
 1.49811E-02   0.00000E+00   0.00000E+00   0.00000E+00   0.00000E+00      821.85  0
 1.50011E-02   0.00000E+00   0.00000E+00   0.00000E+00   0.00000E+00      820.93  0
 1.50211E-02   0.00000E+00   0.00000E+00   0.00000E+00   0.00000E+00      820.01  0
 1.50411E-02   0.00000E+00   0.00000E+00   0.00000E+00   0.00000E+00      819.10  0
 1.50611E-02   0.00000E+00   0.00000E+00   0.00000E+00   0.00000E+00      818.20  0
 1.50811E-02   0.00000E+00   0.00000E+00   0.00000E+00   0.00000E+00      817.30  0
 1.51011E-02   0.00000E+00   0.00000E+00   0.00000E+00   0.00000E+00      816.41  0
 1.51211E-02   0.00000E+00   0.00000E+00   0.00000E+00   0.00000E+00      815.53  0
 1.51411E-02   0.00000E+00   0.00000E+00   0.00000E+00   0.00000E+00      814.65  0
 1.51611E-02   0.00000E+00   0.00000E+00   0.00000E+00   0.00000E+00      813.77  0
 1.51811E-02   0.00000E+00   0.00000E+00   0.00000E+00   0.00000E+00      812.89  0
 1.52011E-02   0.00000E+00   0.00000E+00   0.00000E+00   0.00000E+00      812.01  0
 1.52211E-02   0.00000E+00   0.00000E+00   0.00000E+00   0.00000E+00      811.14  0
 1.52411E-02   0.00000E+00   0.00000E+00   0.00000E+00   0.00000E+00      810.27  0
 1.52611E-02   0.00000E+00   0.00000E+00   0.00000E+00   0.00000E+00      809.41  0
 1.52811E-02   0.00000E+00   0.00000E+00   0.00000E+00   0.00000E+00      808.55  0
 1.53011E-02   0.00000E+00   0.00000E+00   0.00000E+00   0.00000E+00      807.69  0
 1.53211E-02   0.00000E+00   0.00000E+00   0.00000E+00   0.00000E+00      806.83  0
 1.53411E-02   0.00000E+00   0.00000E+00   0.00000E+00   0.00000E+00      805.97  0
 1.53611E-02   0.00000E+00   0.00000E+00   0.00000E+00   0.00000E+00      805.12  0
 1.53811E-02   0.00000E+00   0.00000E+00   0.00000E+00   0.00000E+00      804.30  0
 1.54011E-02   0.00000E+00   0.00000E+00   0.00000E+00   0.00000E+00      803.48  0
 1.54211E-02   0.00000E+00   0.00000E+00   0.00000E+00   0.00000E+00      802.66  0
 1.54411E-02   0.00000E+00   0.00000E+00   0.00000E+00   0.00000E+00      801.85  0
 1.54611E-02   0.00000E+00   0.00000E+00   0.00000E+00   0.00000E+00      801.03  0
 1.54811E-02   0.00000E+00   0.00000E+00   0.00000E+00   0.00000E+00      800.22  0
 1.55011E-02   0.00000E+00   0.00000E+00   0.00000E+00   0.00000E+00      799.41  0
 1.55211E-02   0.00000E+00   0.00000E+00   0.00000E+00   0.00000E+00      798.60  0
 1.55411E-02   0.00000E+00   0.00000E+00   0.00000E+00   0.00000E+00      797.80  0
 1.55611E-02   0.00000E+00   0.00000E+00   0.00000E+00   0.00000E+00      797.00  0
 1.55811E-02   0.00000E+00   0.00000E+00   0.00000E+00   0.00000E+00      796.20  0
 1.56011E-02   0.00000E+00   0.00000E+00   0.00000E+00   0.00000E+00      795.40  0
 1.56211E-02   0.00000E+00   0.00000E+00   0.00000E+00   0.00000E+00      794.60  0
 1.56411E-02   0.00000E+00   0.00000E+00   0.00000E+00   0.00000E+00      793.81  0
 1.56611E-02   0.00000E+00   0.00000E+00   0.00000E+00   0.00000E+00      793.02  0
 1.56811E-02   0.00000E+00   0.00000E+00   0.00000E+00   0.00000E+00      792.23  0
 1.57011E-02   0.00000E+00   0.00000E+00   0.00000E+00   0.00000E+00      791.45  0
 1.57211E-02   0.00000E+00   0.00000E+00   0.00000E+00   0.00000E+00      790.66  0
 1.57411E-02   0.00000E+00   0.00000E+00   0.00000E+00   0.00000E+00      789.88  0
 1.57611E-02   0.00000E+00   0.00000E+00   0.00000E+00   0.00000E+00      789.12  0
 1.57811E-02   0.00000E+00   0.00000E+00   0.00000E+00   0.00000E+00      788.36  0
 1.58011E-02   0.00000E+00   0.00000E+00   0.00000E+00   0.00000E+00      787.60  0
