# Melt Pool Geometry History
# time(s)  length(m)  depth(m)  width(m)  volume(m3)  Tpeak(K)  laser_on
 2.10000E-05   0.00000E+00   0.00000E+00   0.00000E+00   7.37542E-14      293.00  1
 4.10000E-05   3.50871E-05   9.92389E-05   3.29064E-05   2.22055E-13     1785.87  1
 6.10000E-05   7.01487E-05   1.07263E-04   5.32479E-05   3.48619E-13     2394.89  1
 8.10000E-05   1.04979E-04   1.07712E-04   5.81379E-05   4.72960E-13     2482.88  1
 1.01000E-04   1.37069E-04   1.07794E-04   6.03414E-05   5.99797E-13     2516.82  1
 1.21000E-04   1.62694E-04   1.07733E-04   6.13650E-05   7.15474E-13     2591.42  1
 1.41000E-04   1.93846E-04   1.07739E-04   6.19345E-05   8.21952E-13     2537.91  1
 1.61000E-04   2.26333E-04   1.07808E-04   6.21766E-05   7.78266E-13     2520.12  0
 1.81000E-04   2.28553E-04   1.02987E-04   6.21603E-05   7.25035E-13     2357.21  0
 2.01000E-04   2.28153E-04   9.78205E-05   6.16491E-05   6.30879E-13     2191.24  0
 2.21000E-04   2.28120E-04   9.17976E-05   6.61655E-05   5.91875E-13     2016.22  0
 2.41000E-04   2.26400E-04   8.59813E-05   6.75771E-05   5.49044E-13     1897.00  0
 2.61000E-04   2.25378E-04   7.97584E-05   6.77138E-05   5.08550E-13     1821.01  0
 2.81000E-04   2.24725E-04   7.34591E-05   6.73951E-05   4.71286E-13     1766.82  0
 3.01000E-04   2.24192E-04   6.68442E-05   6.68764E-05   4.36384E-13     1726.65  0
 3.21000E-04   2.23843E-04   5.96316E-05   6.62437E-05   4.02743E-13     1696.50  0
 3.41000E-04   2.23553E-04   5.36501E-05   6.55810E-05   3.69559E-13     1673.02  0
 3.61000E-04   2.23226E-04   4.85118E-05   6.50001E-05   3.36990E-13     1654.77  0
 3.81000E-04   2.22829E-04   4.40393E-05   6.46054E-05   3.04776E-13     1640.74  0
 4.01000E-04   2.22354E-04   4.03072E-05   6.43583E-05   2.73574E-13     1630.82  0
 4.21000E-04   2.21660E-04   3.76811E-05   6.43024E-05   2.43674E-13     1624.71  0
 4.41000E-04   2.13930E-04   3.40519E-05   6.42438E-05   2.15150E-13     1622.68  0
 4.61000E-04   2.11523E-04   3.31310E-05   6.41789E-05   1.88023E-13     1621.78  0
 4.81000E-04   2.04854E-04   3.29322E-05   6.41042E-05   1.62270E-13     1620.56  0
 5.01000E-04   1.96981E-04   3.27433E-05   6.40153E-05   1.38015E-13     1618.99  0
 5.21000E-04   1.92043E-04   3.25468E-05   6.39074E-05   1.15231E-13     1617.18  0
 5.41000E-04   1.90613E-04   3.02269E-05   6.37746E-05   9.41010E-14     1615.03  0
 5.61000E-04   1.75794E-04   2.84501E-05   6.36123E-05   7.50708E-14     1612.53  0
 5.81000E-04   1.60032E-04   2.58849E-05   6.34079E-05   5.78841E-14     1609.62  0
 6.01000E-04   1.46885E-04   2.34848E-05   5.82153E-05   3.84585E-14     1606.37  0
 6.21000E-04   1.34232E-04   2.13749E-05   6.35388E-05   2.65102E-14     1602.92  0
 6.41000E-04   1.18517E-04   1.91385E-05   6.27690E-05   1.69690E-14     1599.27  0
 6.61000E-04   1.06352E-04   1.76319E-05   5.60469E-05   8.73441E-14     1595.61  1
 6.81000E-04   4.25245E-05   1.03345E-04   4.88329E-05   2.38849E-13     1838.08  1
 7.01000E-04   7.75313E-05   1.07888E-04   5.58709E-05   3.81323E-13     2377.38  1
 7.21000E-04   1.09214E-04   1.08329E-04   6.00581E-05   5.16987E-13     2591.52  1
 7.41000E-04   1.40064E-04   1.08613E-04   6.17212E-05   6.46042E-13     2630.77  1
 7.61000E-04   1.70477E-04   1.08837E-04   6.28961E-05   7.74719E-13     2658.91  1
 7.81000E-04   2.00733E-04   1.08991E-04   6.38583E-05   8.97725E-13     2659.95  1
 8.01000E-04   2.30687E-04   1.08824E-04   6.45781E-05   1.01474E-12     2620.97  1
 8.21000E-04   2.61264E-04   1.08956E-04   6.56477E-05   1.12700E-12     2618.29  1
 8.41000E-04   2.94180E-04   1.08847E-04   6.62612E-05   1.22948E-12     2639.64  1
 8.61000E-04   3.24111E-04   1.08701E-04   6.67904E-05   1.32452E-12     2677.82  1
 8.81000E-04   3.54014E-04   1.08530E-04   6.72891E-05   1.41766E-12     2669.68  1
 9.01000E-04   3.83954E-04   1.08364E-04   6.91161E-05   1.50764E-12     2664.50  1
 9.21000E-04   4.13973E-04   1.08244E-04   7.05503E-05   1.59137E-12     2671.42  1
 9.41000E-04   4.43977E-04   1.08189E-04   7.11372E-05   1.50699E-12     2670.37  0
 9.61000E-04   4.44396E-04   1.03688E-04   7.15003E-05   1.41744E-12     2283.94  0
 9.81000E-04   4.44561E-04   9.85597E-05   7.18216E-05   1.32833E-12     2123.23  0
 1.00100E-03   4.42227E-04   9.32731E-05   7.15445E-05   1.22767E-12     2030.52  0
 1.02100E-03   4.43465E-04   8.80235E-05   7.41679E-05   1.15375E-12     1935.52  0
 1.04100E-03   4.43055E-04   8.24098E-05   7.52581E-05   1.07432E-12     1854.53  0
 1.06100E-03   4.42185E-04   7.58964E-05   7.56310E-05   9.95681E-13     1793.96  0
 1.08100E-03   4.41249E-04   6.99370E-05   7.56862E-05   9.19528E-13     1748.73  0
 1.10100E-03   4.36451E-04   6.45530E-05   7.56335E-05   8.46713E-13     1714.93  0
 1.12100E-03   4.32222E-04   5.96889E-05   7.55255E-05   7.76815E-13     1688.59  0
 1.14100E-03   4.24884E-04   5.53448E-05   7.53964E-05   7.10119E-13     1668.26  0
 1.16100E-03   4.19122E-04   5.18062E-05   7.52913E-05   6.46303E-13     1652.17  0
 1.18100E-03   4.11564E-04   4.81160E-05   7.53328E-05   5.85421E-13     1639.81  0
 1.20100E-03   3.99164E-04   4.35380E-05   7.09584E-05   4.80470E-13     1630.46  0
 1.22100E-03   3.88275E-04   4.06962E-05   8.15091E-05   4.19475E-13     1624.60  0
 1.24100E-03   3.74181E-04   3.82802E-05   8.18293E-05   3.64728E-13     1622.61  0
 1.26100E-03   3.60792E-04   3.54200E-05   8.20238E-05   3.14591E-13     1621.63  0
 1.28100E-03   3.47695E-04   3.33226E-05   8.21253E-05   2.69084E-13     1620.34  0
 1.30100E-03   3.35257E-04   3.07169E-05   8.21432E-05   2.27127E-13     1618.79  0
 1.32100E-03   3.21867E-04   2.86567E-05   8.20992E-05   1.88842E-13     1616.93  0
 1.34100E-03   3.05406E-04   2.66638E-05   8.20060E-05   1.54162E-13     1614.79  0
 1.36100E-03   2.90225E-04   2.42293E-05   8.18469E-05   1.22527E-13     1612.33  0
 1.38100E-03   2.76571E-04   2.28247E-05   8.16342E-05   9.45492E-14     1609.55  0
 1.40100E-03   2.58600E-04   1.97903E-05   7.37228E-05   6.23952E-14     1605.89  0
 1.42100E-03   2.41394E-04   1.82805E-05   7.34081E-05   4.09268E-14     1602.31  0
 1.44100E-03   2.21300E-04   1.61630E-05   6.72741E-05   1.01640E-13     1598.21  1
 1.46100E-03   4.37865E-05   1.03632E-04   4.38503E-05   2.37416E-13     1858.79  1
 1.48100E-03   7.66880E-05   1.08039E-04   5.73284E-05   3.72087E-13     2462.15  1
 1.50100E-03   1.07892E-04   1.08435E-04   6.02582E-05   5.07770E-13     2593.60  1
 1.52100E-03   1.38991E-04   1.08714E-04   6.19793E-05   6.41220E-13     2629.53  1
 1.54100E-03   1.69990E-04   1.08960E-04   6.31347E-05   7.72177E-13     2648.99  1
 1.56100E-03   2.00970E-04   1.09172E-04   6.40632E-05   8.98362E-13     2662.26  1
 1.58100E-03   2.31979E-04   1.09358E-04   6.48775E-05   1.02015E-12     2672.38  1
 1.60100E-03   2.60179E-04   1.08994E-04   6.54659E-05   1.14337E-12     2618.69  1
 1.62100E-03   2.91731E-04   1.09307E-04   6.92693E-05   1.26446E-12     2602.63  1
 1.64100E-03   3.21543E-04   1.09444E-04   7.10273E-05   1.37953E-12     2604.51  1
 1.66100E-03   3.51114E-04   1.09500E-04   7.20372E-05   1.48501E-12     2632.63  1
 1.68100E-03   3.81636E-04   1.09534E-04   7.28046E-05   1.58405E-12     2666.06  1
 1.70100E-03   4.11212E-04   1.09540E-04   7.34112E-05   1.68713E-12     2625.01  1
 1.72100E-03   4.41207E-04   1.09508E-04   7.55982E-05   1.78356E-12     2634.27  1
 1.74100E-03   4.70971E-04   1.09428E-04   7.69158E-05   1.88061E-12     2635.61  1
 1.76100E-03   5.00809E-04   1.09295E-04   7.73576E-05   1.96993E-12     2633.24  1
 1.78100E-03   5.30584E-04   1.09111E-04   7.75045E-05   2.05157E-12     2624.59  1
 1.80100E-03   5.56854E-04   1.08713E-04   7.76652E-05   2.12668E-12     2591.88  1
 1.82100E-03   5.81689E-04   1.08648E-04   7.77494E-05   2.19288E-12     2580.45  1
 1.84100E-03   6.05266E-04   1.08420E-04   7.77738E-05   2.25400E-12     2585.67  1
 1.86100E-03   6.31076E-04   1.08263E-04   7.78736E-05   2.30679E-12     2607.13  1
 1.88100E-03   6.54865E-04   1.08195E-04   7.79026E-05   2.18613E-12     2614.01  0
 1.90100E-03   6.52947E-04   1.03813E-04   7.79158E-05   2.05801E-12     2278.46  0
 1.92100E-03   6.47102E-04   9.86782E-05   7.79098E-05   1.93347E-12     2122.77  0
 1.94100E-03   6.43889E-04   9.36156E-05   7.79285E-05   1.81583E-12     2032.15  0
 1.96100E-03   6.37086E-04   8.81760E-05   7.78695E-05   1.70763E-12     1963.60  0
 1.98100E-03   6.33627E-04   8.27140E-05   7.77128E-05   1.60710E-12     1907.51  0
 2.00100E-03   6.25909E-04   7.62699E-05   7.74327E-05   1.50992E-12     1858.54  0
 2.02100E-03   6.22262E-04   7.04422E-05   7.70668E-05   1.41863E-12     1815.15  0
 2.04100E-03   6.14781E-04   6.52571E-05   7.68224E-05   1.33153E-12     1778.06  0
 2.06100E-03   6.10652E-04   6.08810E-05   7.66987E-05   1.24690E-12     1745.92  0
 2.08100E-03   6.03122E-04   5.74015E-05   7.65882E-05   1.16451E-12     1718.23  0
 2.10100E-03   5.95996E-04   5.32651E-05   7.64917E-05   1.08400E-12     1694.44  0
 2.12100E-03   5.91390E-04   4.95629E-05   7.65509E-05   1.00511E-12     1674.60  0
 2.14100E-03   5.82849E-04   4.71769E-05   7.66198E-05   9.28740E-13     1657.98  0
 2.16100E-03   5.74805E-04   4.37108E-05   7.66798E-05   8.54332E-13     1644.47  0
 2.18100E-03   5.67519E-04   4.10970E-05   7.67283E-05   7.82126E-13     1634.09  0
 2.20100E-03   5.56282E-04   3.83552E-05   7.31114E-05   6.50847E-13     1626.96  0
 2.22100E-03   5.47929E-04   3.57688E-05   8.18627E-05   5.73476E-13     1623.04  0
 2.24100E-03   5.33975E-04   3.36442E-05   8.22563E-05   5.02777E-13     1622.14  0
 2.26100E-03   5.20594E-04   3.15636E-05   8.25363E-05   4.37526E-13     1620.95  0
 2.28100E-03   5.04479E-04   2.91941E-05   8.27209E-05   3.77236E-13     1619.50  0
 2.30100E-03   4.90607E-04   2.79433E-05   8.28312E-05   3.21780E-13     1617.71  0
 2.32100E-03   4.72389E-04   2.56541E-05   8.28777E-05   2.70153E-13     1615.62  0
 2.34100E-03   4.54233E-04   2.40308E-05   8.28655E-05   2.22963E-13     1613.18  0
 2.36100E-03   4.35998E-04   2.28674E-05   8.27935E-05   1.80050E-13     1610.48  0
 2.38100E-03   4.17944E-04   2.05786E-05   8.26671E-05   2.14638E-13     1607.46  1
 2.40100E-03   3.81749E-05   1.00394E-04   3.79939E-05   3.24482E-13     1784.49  1
 2.42100E-03   7.98411E-05   1.07933E-04   5.58852E-05   4.36756E-13     2384.48  1
 2.44100E-03   1.10879E-04   1.08324E-04   6.05259E-05   5.49431E-13     2575.35  1
 2.46100E-03   1.41481E-04   1.08608E-04   6.17714E-05   6.66900E-13     2615.35  1
 2.48100E-03   1.73903E-04   1.08849E-04   6.27252E-05   7.86584E-13     2621.93  1
 2.50100E-03   2.04370E-04   1.09072E-04   6.35028E-05   9.08840E-13     2645.12  1
 2.52100E-03   2.34270E-04   1.09242E-04   6.41341E-05   1.03318E-12     2687.29  1
 2.54100E-03   2.64388E-04   1.09375E-04   6.46856E-05   1.15370E-12     2702.51  1
 2.56100E-03   2.94452E-04   1.09484E-04   6.52546E-05   1.26775E-12     2719.12  1
 2.58100E-03   3.24475E-04   1.09576E-04   6.58920E-05   1.37669E-12     2708.96  1
 2.60100E-03   3.53718E-04   1.09596E-04   6.65481E-05   1.48065E-12     2688.06  1
 2.62100E-03   3.84836E-04   1.09730E-04   6.72502E-05   1.59572E-12     2682.29  1
 2.64100E-03   4.14875E-04   1.09777E-04   7.02601E-05   1.70678E-12     2718.93  1
 2.66100E-03   4.44064E-04   1.09799E-04   7.21705E-05   1.81396E-12     2736.11  1
 2.68100E-03   4.70817E-04   1.09826E-04   7.30350E-05   1.92163E-12     2726.35  1
 2.70100E-03   4.98310E-04   1.09840E-04   7.36627E-05   2.02282E-12     2717.52  1
 2.72100E-03   5.26883E-04   1.09847E-04   7.41562E-05   2.12397E-12     2714.80  1
 2.74100E-03   5.55771E-04   1.09850E-04   7.45953E-05   2.21241E-12     2702.49  1
 2.76100E-03   5.83936E-04   1.09833E-04   7.51021E-05   2.29977E-12     2720.93  1
 2.78100E-03   6.08374E-04   1.09785E-04   7.55569E-05   2.38003E-12     2707.21  1
 2.80100E-03   6.35306E-04   1.09652E-04   7.59493E-05   2.45671E-12     2675.30  1
 2.82100E-03   6.64425E-04   1.09594E-04   7.63094E-05   2.52353E-12     2685.82  1
 2.84100E-03   6.89054E-04   1.09370E-04   7.66136E-05   2.58320E-12     2761.27  1
 2.86100E-03   7.15361E-04   1.09145E-04   7.68693E-05   2.63595E-12     2758.89  1
 2.88100E-03   7.41719E-04   1.08929E-04   7.71150E-05   2.68206E-12     2743.56  1
 2.90100E-03   7.65480E-04   1.08717E-04   7.73912E-05   2.72125E-12     2722.30  1
 2.92100E-03   7.92605E-04   1.08531E-04   7.75949E-05   2.75518E-12     2701.63  1
 2.94100E-03   8.15437E-04   1.08377E-04   7.77317E-05   2.61712E-12     2686.82  0
 2.96100E-03   8.13245E-04   1.04281E-04   7.85767E-05   2.47708E-12     2313.03  0
 2.98100E-03   8.06182E-04   9.94893E-05   7.90345E-05   2.33924E-12     2158.58  0
 3.00100E-03   8.00136E-04   9.43367E-05   7.68552E-05   2.18051E-12     2061.48  0
 3.02100E-03   7.96001E-04   8.92851E-05   7.73912E-05   2.05355E-12     1960.87  0
 3.04100E-03   7.91609E-04   8.39569E-05   7.74201E-05   1.92198E-12     1876.85  0
 3.06100E-03   7.83338E-04   7.85572E-05   7.72752E-05   1.79166E-12     1812.43  0
 3.08100E-03   7.79077E-04   7.33653E-05   7.71001E-05   1.66504E-12     1765.12  0
 3.10100E-03   7.69822E-04   6.82839E-05   7.67907E-05   1.54244E-12     1728.37  0
 3.12100E-03   7.62426E-04   6.34517E-05   7.64594E-05   1.42367E-12     1699.73  0
 3.14100E-03   7.56008E-04   5.89378E-05   7.60919E-05   1.30906E-12     1676.63  0
 3.16100E-03   7.46388E-04   5.48863E-05   7.57138E-05   1.19825E-12     1658.51  0
 3.18100E-03   7.38587E-04   5.16651E-05   7.53676E-05   1.09190E-12     1644.80  0
 3.20100E-03   7.28891E-04   4.67937E-05   7.12780E-05   9.10813E-13     1634.63  0
 3.22100E-03   7.14508E-04   4.38476E-05   8.13076E-05   7.99786E-13     1627.39  0
 3.24100E-03   7.03448E-04   4.11703E-05   8.16013E-05   6.99661E-13     1623.41  0
 3.26100E-03   6.89162E-04   3.85052E-05   8.17961E-05   6.08109E-13     1622.43  0
 3.28100E-03   6.74668E-04   3.60109E-05   8.19198E-05   5.24750E-13     1621.53  0
 3.30100E-03   6.49253E-04   3.38137E-05   8.19857E-05   4.48218E-13     1620.34  0
 3.32100E-03   6.26596E-04   3.21772E-05   8.20045E-05   3.78807E-13     1618.90  0
 3.34100E-03   5.99070E-04   2.94587E-05   8.19679E-05   3.15449E-13     1617.19  0
 3.36100E-03   5.69877E-04   2.80439E-05   8.18881E-05   2.58567E-13     1615.21  0
 3.38100E-03   5.40539E-04   2.56018E-05   8.17682E-05   2.07575E-13     1612.97  0
 3.40100E-03   5.01191E-04   2.36352E-05   7.45778E-05   1.47395E-13     1610.27  0
 3.42100E-03   4.63315E-04   2.20268E-05   7.75463E-05   1.05431E-13     1607.45  0
 3.44100E-03   4.17181E-04   1.94785E-05   6.63851E-05   1.47952E-13     1604.24  1
 3.46100E-03   4.35580E-05   1.03230E-04   4.53054E-05   2.75258E-13     1838.96  1
 3.48100E-03   7.65766E-05   1.07950E-04   5.63670E-05   3.92719E-13     2424.75  1
 3.50099E-03   1.08624E-04   1.08214E-04   6.02939E-05   5.12319E-13     2570.04  1
 3.52099E-03   1.39851E-04   1.08427E-04   6.13870E-05   6.37202E-13     2591.82  1
 3.54099E-03   1.70948E-04   1.08695E-04   6.22996E-05   7.64740E-13     2605.56  1
 3.56099E-03   2.02061E-04   1.08964E-04   6.29333E-05   8.92483E-13     2621.55  1
 3.58099E-03   2.31456E-04   1.09208E-04   6.36971E-05   1.01473E-12     2634.27  1
 3.60099E-03   2.61193E-04   1.09154E-04   6.42552E-05   1.12323E-12     2610.92  1
 3.62099E-03   2.91724E-04   1.09366E-04   6.84360E-05   1.24674E-12     2608.62  1
 3.64099E-03   3.21926E-04   1.09525E-04   7.02091E-05   1.36256E-12     2603.64  1
 3.66099E-03   3.51949E-04   1.09637E-04   7.14974E-05   1.47203E-12     2634.45  1
 3.68099E-03   3.81850E-04   1.09735E-04   7.23517E-05   1.57453E-12     2646.81  1
 3.70099E-03   4.11768E-04   1.09815E-04   7.29537E-05   1.67490E-12     2670.24  1
 3.72099E-03   4.41311E-04   1.09878E-04   7.34790E-05   1.77983E-12     2666.99  1
 3.74099E-03   4.71321E-04   1.09930E-04   7.54448E-05   1.88256E-12     2660.71  1
 3.76099E-03   5.01223E-04   1.09974E-04   7.66068E-05   1.98429E-12     2661.93  1
 3.78099E-03   5.31158E-04   1.10009E-04   7.71941E-05   2.08403E-12     2645.09  1
 3.80099E-03   5.59159E-04   1.10035E-04   7.75519E-05   2.18247E-12     2626.85  1
 3.82099E-03   5.89808E-04   1.10131E-04   7.78071E-05   2.27392E-12     2633.28  1
 3.84099E-03   6.12034E-04   1.10123E-04   7.80580E-05   2.35989E-12     2665.54  1
 3.86099E-03   6.35854E-04   1.10099E-04   7.83860E-05   2.44323E-12     2682.86  1
 3.88099E-03   6.61123E-04   1.10089E-04   7.86338E-05   2.52131E-12     2682.07  1
 3.90099E-03   6.83414E-04   1.10081E-04   7.88043E-05   2.59420E-12     2681.11  1
 3.92099E-03   7.06790E-04   1.10062E-04   7.89548E-05   2.66374E-12     2671.78  1
 3.94099E-03   7.31223E-04   1.10030E-04   7.90919E-05   2.72975E-12     2655.19  1
 3.96099E-03   7.53421E-04   1.09976E-04   7.92730E-05   2.79155E-12     2644.96  1
 3.98099E-03   7.77518E-04   1.09910E-04   7.94043E-05   2.84808E-12     2638.35  1
 4.00099E-03   7.98920E-04   1.09812E-04   7.95550E-05   2.90302E-12     2606.08  1
 4.02099E-03   8.24507E-04   1.09831E-04   7.96817E-05   2.95047E-12     2620.65  1
 4.04099E-03   8.46986E-04   1.09639E-04   7.97877E-05   2.99274E-12     2660.78  1
 4.06099E-03   8.72244E-04   1.09397E-04   7.98280E-05   3.02609E-12     2645.37  1
 4.08099E-03   8.93980E-04   1.09158E-04   7.98329E-05   3.05406E-12     2630.33  1
 4.10099E-03   9.19476E-04   1.08914E-04   7.97773E-05   3.07479E-12     2611.77  1
 4.12099E-03   9.40458E-04   1.08681E-04   7.96879E-05   3.09067E-12     2596.31  1
 4.14099E-03   9.63734E-04   1.08469E-04   7.95483E-05   3.09975E-12     2580.78  1
 4.16100E-03   9.87463E-04   1.08313E-04   7.94317E-05   2.94059E-12     2568.18  0
 4.18100E-03   9.80144E-04   1.04424E-04   7.92908E-05   2.76949E-12     2254.14  0
 4.20100E-03   9.71187E-04   9.92724E-05   7.83741E-05   2.50916E-12     2109.14  0
 4.22100E-03   9.66126E-04   9.41508E-05   7.81648E-05   2.31223E-12     2004.52  0
 4.24100E-03   9.56709E-04   8.87802E-05   7.96658E-05   2.13251E-12     1918.79  0
 4.26100E-03   9.49574E-04   8.32403E-05   8.12134E-05   1.96616E-12     1850.99  0
 4.28100E-03   9.40103E-04   7.78277E-05   8.25352E-05   1.80994E-12     1798.54  0
 4.30100E-03   9.29249E-04   7.20664E-05   8.38327E-05   1.66276E-12     1754.74  0
 4.32100E-03   9.20202E-04   6.63879E-05   8.45664E-05   1.52319E-12     1719.47  0
 4.34100E-03   9.16023E-04   6.14992E-05   8.46865E-05   1.39034E-12     1691.04  0
 4.36100E-03   9.06998E-04   5.74269E-05   8.47945E-05   1.26436E-12     1668.48  0
 4.38100E-03   9.02010E-04   5.30156E-05   8.48742E-05   1.14505E-12     1651.57  0
 4.40100E-03   8.85852E-04   4.87015E-05   7.91873E-05   9.75367E-13     1638.70  0
 4.42100E-03   8.66410E-04   4.53120E-05   8.59433E-05   8.64289E-13     1628.93  0
 4.44100E-03   8.50262E-04   4.27288E-05   8.65470E-05   7.62460E-13     1623.89  0
 4.46100E-03   8.26130E-04   3.91725E-05   8.72051E-05   6.68860E-13     1622.56  0
 4.48100E-03   8.06644E-04   3.69808E-05   8.76425E-05   5.82591E-13     1621.63  0
 4.50100E-03   7.65957E-04   3.39783E-05   8.78499E-05   5.03263E-13     1620.36  0
 4.52100E-03   7.21202E-04   3.21636E-05   8.78275E-05   4.30261E-13     1618.82  0
 4.54100E-03   6.87423E-04   2.92661E-05   8.76165E-05   3.62753E-13     1616.98  0
 4.56100E-03   6.55652E-04   2.77893E-05   8.71718E-05   3.01038E-13     1614.86  0
 4.58100E-03   6.20528E-04   2.50193E-05   8.65344E-05   2.44536E-13     1612.49  0
 4.60100E-03   5.81557E-04   2.34274E-05   8.25383E-05   1.77636E-13     1609.27  0
 4.62100E-03   5.41653E-04   2.15618E-05   8.01227E-05   1.28715E-13     1606.41  0
 4.64100E-03   5.00321E-04   1.93291E-05   7.60466E-05   8.87715E-14     1603.29  0
 4.66100E-03   4.56454E-04   1.79963E-05   7.26146E-05   1.31451E-13     1599.84  1
 4.68100E-03   4.67411E-05   1.03178E-04   4.13403E-05   2.56751E-13     1835.57  1
 4.70100E-03   8.07456E-05   1.08061E-04   5.65360E-05   3.78408E-13     2445.65  1
 4.72100E-03   1.11412E-04   1.08394E-04   6.03447E-05   5.04215E-13     2603.60  1
 4.74100E-03   1.44035E-04   1.08595E-04   6.17022E-05   6.30841E-13     2629.44  1
 4.76100E-03   1.74277E-04   1.08806E-04   6.26345E-05   7.59494E-13     2679.62  1
 4.78100E-03   2.04609E-04   1.09032E-04   6.33167E-05   8.85320E-13     2697.64  1
 4.80100E-03   2.32659E-04   1.08653E-04   6.36505E-05   1.00812E-12     2645.39  1
 4.82100E-03   2.63611E-04   1.09208E-04   6.88181E-05   1.13675E-12     2642.79  1
 4.84100E-03   2.93516E-04   1.09405E-04   7.09312E-05   1.26000E-12     2698.67  1
 4.86100E-03   3.23165E-04   1.09539E-04   7.20150E-05   1.37528E-12     2686.46  1
 4.88100E-03   3.53274E-04   1.09664E-04   7.28878E-05   1.48885E-12     2720.14  1
 4.90100E-03   3.83117E-04   1.09771E-04   7.40206E-05   1.59952E-12     2711.05  1
 4.92100E-03   4.11815E-04   1.09861E-04   7.47571E-05   1.70539E-12     2725.33  1
 4.94100E-03   4.38633E-04   1.09935E-04   7.53537E-05   1.80728E-12     2738.80  1
 4.96100E-03   4.66666E-04   1.09991E-04   7.58710E-05   1.90768E-12     2720.98  1
 4.98100E-03   4.94891E-04   1.10052E-04   7.63512E-05   2.00729E-12     2714.85  1
 5.00100E-03   5.19717E-04   1.10094E-04   7.67731E-05   2.10270E-12     2677.43  1
 5.02100E-03   5.46809E-04   1.10194E-04   7.71330E-05   2.19390E-12     2699.44  1
 5.04100E-03   5.74044E-04   1.10204E-04   7.73859E-05   2.28364E-12     2730.87  1
 5.06100E-03   5.97626E-04   1.10205E-04   7.76156E-05   2.36788E-12     2719.88  1
 5.08100E-03   6.24432E-04   1.10224E-04   7.77439E-05   2.45042E-12     2723.82  1
 5.10100E-03   6.48056E-04   1.10239E-04   7.77741E-05   2.53196E-12     2716.58  1
 5.12100E-03   6.74884E-04   1.10246E-04   7.95187E-05   2.61164E-12     2722.69  1
 5.14100E-03   6.99054E-04   1.10254E-04   8.07141E-05   2.68930E-12     2745.15  1
 5.16100E-03   7.25408E-04   1.10259E-04   8.13826E-05   2.76205E-12     2746.50  1
 5.18100E-03   7.49601E-04   1.10258E-04   8.17933E-05   2.83299E-12     2739.51  1
 5.20100E-03   7.74988E-04   1.10245E-04   8.20368E-05   2.90103E-12     2696.97  1
 5.22100E-03   8.00893E-04   1.10307E-04   8.21734E-05   2.96211E-12     2707.75  1
 5.24100E-03   8.25599E-04   1.10263E-04   8.22350E-05   3.01918E-12     2743.69  1
 5.26100E-03   8.49198E-04   1.10208E-04   8.22411E-05   3.07229E-12     2751.66  1
 5.28100E-03   8.74723E-04   1.10170E-04   8.22094E-05   3.12394E-12     2748.39  1
 5.30100E-03   8.97273E-04   1.10125E-04   8.21587E-05   3.16825E-12     2750.39  1
 5.32100E-03   9.22708E-04   1.10065E-04   8.20842E-05   3.20956E-12     2764.67  1
 5.34100E-03   9.45422E-04   1.09979E-04   8.19719E-05   3.24633E-12     2765.20  1
 5.36100E-03   9.67896E-04   1.09872E-04   8.19407E-05   3.27576E-12     2758.42  1
 5.38100E-03   9.91976E-04   1.09766E-04   8.18911E-05   3.30409E-12     2754.16  1
 5.40100E-03   1.01200E-03   1.09596E-04   8.18662E-05   3.32642E-12     2703.83  1
 5.42100E-03   1.03867E-03   1.09576E-04   8.18578E-05   3.34132E-12     2700.50  1
 5.44100E-03   1.05846E-03   1.09307E-04   8.18289E-05   3.35317E-12     2715.35  1
 5.46101E-03   1.08070E-03   1.09038E-04   8.17924E-05   3.36011E-12     2688.17  1
 5.48101E-03   1.10421E-03   1.08812E-04   8.17367E-05   3.35911E-12     2666.03  1
 5.50101E-03   1.12470E-03   1.08590E-04   8.16422E-05   3.35368E-12     2638.21  1
 5.52101E-03   1.14970E-03   1.08386E-04   8.15057E-05   3.34399E-12     2625.51  1
 5.54101E-03   1.16903E-03   1.08268E-04   8.13270E-05   3.16682E-12     2609.55  0
 5.56101E-03   1.15844E-03   1.04357E-04   8.10879E-05   2.97957E-12     2249.92  0
 5.58101E-03   1.14917E-03   9.94051E-05   8.08309E-05   2.79663E-12     2098.83  0
 5.60101E-03   1.13725E-03   9.40719E-05   7.95111E-05   2.49666E-12     2001.88  0
 5.62101E-03   1.12548E-03   8.88451E-05   8.23478E-05   2.28942E-12     1908.75  0
 5.64101E-03   1.11179E-03   8.32368E-05   8.28580E-05   2.09385E-12     1830.33  0
 5.66101E-03   1.09668E-03   7.77492E-05   8.15021E-05   1.90758E-12     1771.30  0
 5.68101E-03   1.08112E-03   7.16248E-05   7.73054E-05   1.72990E-12     1729.07  0
 5.70101E-03   1.06252E-03   6.59081E-05   7.59915E-05   1.56144E-12     1698.48  0
 5.72101E-03   1.04332E-03   6.07212E-05   7.51514E-05   1.40390E-12     1675.63  0
 5.74101E-03   9.78105E-04   5.61615E-05   7.45759E-05   1.25715E-12     1658.39  0
 5.76101E-03   9.47345E-04   5.25308E-05   7.41511E-05   1.12012E-12     1645.36  0
 5.78101E-03   9.24378E-04   4.82962E-05   7.40879E-05   9.93427E-13     1635.67  0
 5.80101E-03   9.01957E-04   4.45418E-05   7.40169E-05   8.76003E-13     1628.92  0
 5.82101E-03   8.78794E-04   4.21914E-05   7.39442E-05   7.68171E-13     1624.67  0
 5.84101E-03   8.53319E-04   3.87438E-05   7.39321E-05   6.68893E-13     1622.90  0
 5.86101E-03   8.20318E-04   3.66283E-05   7.39055E-05   5.78150E-13     1622.33  0
 5.88101E-03   7.82754E-04   3.41115E-05   7.38620E-05   4.94935E-13     1621.51  0
 5.90101E-03   7.42313E-04   3.28997E-05   7.38018E-05   4.20035E-13     1620.45  0
 5.92101E-03   6.94112E-04   3.27068E-05   7.37233E-05   3.52571E-13     1619.14  0
 5.94101E-03   6.41450E-04   3.25086E-05   7.36239E-05   2.92725E-13     1617.59  0
 5.96101E-03   5.89840E-04   2.93225E-05   7.34950E-05   2.39332E-13     1615.78  0
 5.98101E-03   5.36323E-04   2.80293E-05   7.33379E-05   1.92062E-13     1613.71  0
 6.00101E-03   4.80816E-04   2.34353E-05   6.85874E-05   1.34757E-13     1611.24  0
 6.02101E-03   4.29345E-04   2.12731E-05   7.30055E-05   9.68140E-14     1608.59  0
 6.04101E-03   3.78401E-04   1.92850E-05   7.15747E-05   1.67118E-13     1605.55  1
 6.06101E-03   4.20825E-05   1.05469E-04   4.32370E-05   2.98957E-13     1890.12  1
 6.08101E-03   7.44534E-05   1.08843E-04   5.69567E-05   4.31341E-13     2494.44  1
 6.10101E-03   1.05769E-04   1.09503E-04   6.22019E-05   5.67789E-13     2593.05  1
 6.12101E-03   1.36130E-04   1.09710E-04   6.43552E-05   7.03522E-13     2623.89  1
 6.14101E-03   1.66182E-04   1.09832E-04   6.53577E-05   8.48026E-13     2636.41  1
 6.16101E-03   1.96191E-04   1.09930E-04   6.86686E-05   9.90384E-13     2646.84  1
 6.18101E-03   2.26108E-04   1.10012E-04   7.02108E-05   1.13062E-12     2663.67  1
 6.20101E-03   2.55116E-04   1.09534E-04   7.09181E-05   1.28135E-12     2596.18  1
 6.22101E-03   2.84731E-04   1.09878E-04   7.55322E-05   1.42355E-12     2594.52  1
 6.24101E-03   3.14630E-04   1.10048E-04   7.75425E-05   1.54927E-12     2617.02  1
 6.26101E-03   3.44781E-04   1.10115E-04   7.84642E-05   1.66988E-12     2639.10  1
 6.28101E-03   3.75202E-04   1.10161E-04   7.90331E-05   1.78769E-12     2639.67  1
 6.30101E-03   4.05638E-04   1.10200E-04   7.94744E-05   1.90146E-12     2638.90  1
 6.32101E-03   4.36113E-04   1.10232E-04   7.99483E-05   2.01021E-12     2640.75  1
 6.34101E-03   4.66633E-04   1.10255E-04   8.03748E-05   2.11601E-12     2645.43  1
 6.36101E-03   4.97192E-04   1.10276E-04   8.07598E-05   2.22106E-12     2649.73  1
 6.38101E-03   5.27757E-04   1.10294E-04   8.11102E-05   2.31755E-12     2656.39  1
 6.40101E-03   5.55629E-04   1.10276E-04   8.13798E-05   2.40735E-12     2646.10  1
 6.42101E-03   5.91306E-04   1.10304E-04   8.16181E-05   2.49463E-12     2657.13  1
 6.44101E-03   6.19117E-04   1.10353E-04   8.18264E-05   2.57984E-12     2661.76  1
 6.46101E-03   6.43652E-04   1.10331E-04   8.19603E-05   2.65970E-12     2672.75  1
 6.48101E-03   6.70770E-04   1.10330E-04   8.20246E-05   2.73618E-12     2671.05  1
 6.50101E-03   6.96805E-04   1.10332E-04   8.20311E-05   2.80963E-12     2661.94  1
 6.52101E-03   7.22669E-04   1.10335E-04   8.20770E-05   2.87928E-12     2653.87  1
 6.54101E-03   7.51382E-04   1.10333E-04   8.21773E-05   2.94475E-12     2653.73  1
 6.56101E-03   7.80980E-04   1.10327E-04   8.22319E-05   3.00772E-12     2651.31  1
 6.58101E-03   8.05972E-04   1.10319E-04   8.22541E-05   3.06774E-12     2645.66  1
 6.60101E-03   8.28491E-04   1.10298E-04   8.22509E-05   3.12560E-12     2639.08  1
 6.62101E-03   8.52779E-04   1.10364E-04   8.22898E-05   3.17685E-12     2657.46  1
 6.64101E-03   8.78974E-04   1.10318E-04   8.23411E-05   3.22585E-12     2670.40  1
 6.66101E-03   9.02354E-04   1.10262E-04   8.23792E-05   3.27186E-12     2683.94  1
 6.68101E-03   9.27602E-04   1.10223E-04   8.23612E-05   3.31447E-12     2676.87  1
 6.70101E-03   9.54229E-04   1.10182E-04   8.23151E-05   3.35082E-12     2669.05  1
 6.72101E-03   9.76711E-04   1.10130E-04   8.22488E-05   3.38231E-12     2666.65  1
 6.74101E-03   1.00418E-03   1.10066E-04   8.21613E-05   3.41334E-12     2662.63  1
 6.76101E-03   1.02650E-03   1.09982E-04   8.20881E-05   3.43818E-12     2655.30  1
 6.78102E-03   1.05332E-03   1.09891E-04   8.20011E-05   3.45845E-12     2651.76  1
 6.80102E-03   1.07462E-03   1.09767E-04   8.18601E-05   3.48017E-12     2630.92  1
 6.82102E-03   1.10350E-03   1.09774E-04   8.17229E-05   3.49117E-12     2644.41  1
 6.84102E-03   1.12985E-03   1.09569E-04   8.16096E-05   3.49764E-12     2682.22  1
 6.86102E-03   1.15212E-03   1.09333E-04   8.15390E-05   3.49913E-12     2669.22  1
 6.88102E-03   1.17847E-03   1.09117E-04   8.14220E-05   3.49589E-12     2653.35  1
 6.90102E-03   1.19998E-03   1.08904E-04   8.12750E-05   3.31413E-12     2665.04  0
 6.92102E-03   1.19671E-03   1.06162E-04   8.11152E-05   3.12903E-12     2305.42  0
 6.94102E-03   1.18831E-03   1.02648E-04   8.09507E-05   2.94428E-12     2145.20  0
 6.96102E-03   1.18351E-03   9.78838E-05   8.07968E-05   2.76728E-12     2043.82  0
 6.98102E-03   1.17307E-03   9.29900E-05   8.05485E-05   2.59640E-12     1963.98  0
 7.00102E-03   1.16162E-03   8.77153E-05   7.84756E-05   2.32321E-12     1898.38  0
 7.02102E-03   1.14934E-03   8.27989E-05   8.24664E-05   2.15526E-12     1832.28  0
 7.04102E-03   1.13522E-03   7.77578E-05   8.31009E-05   1.98904E-12     1776.31  0
 7.06102E-03   1.11379E-03   7.27860E-05   8.34311E-05   1.82801E-12     1732.02  0
 7.08102E-03   1.09222E-03   6.79005E-05   8.35351E-05   1.67340E-12     1698.43  0
 7.10102E-03   1.06775E-03   6.32192E-05   8.37066E-05   1.52665E-12     1673.33  0
 7.12102E-03   1.04139E-03   5.87438E-05   8.38331E-05   1.38753E-12     1655.17  0
 7.14102E-03   1.01478E-03   5.47025E-05   8.39243E-05   1.25620E-12     1642.14  0
 7.16102E-03   9.87287E-04   5.13330E-05   8.39877E-05   1.13261E-12     1633.01  0
 7.18102E-03   9.56538E-04   4.80677E-05   8.40269E-05   1.01687E-12     1627.03  0
 7.20102E-03   9.16679E-04   4.36998E-05   7.84316E-05   8.31874E-13     1623.59  0
 7.22102E-03   8.83928E-04   4.10418E-05   9.08088E-05   7.17405E-13     1622.64  0
 7.24102E-03   8.43138E-04   3.84480E-05   9.09514E-05   6.14846E-13     1621.92  0
 7.26102E-03   8.02697E-04   3.57544E-05   9.10092E-05   5.22190E-13     1620.94  0
 7.28102E-03   7.59645E-04   3.35295E-05   9.10093E-05   4.38425E-13     1619.68  0
 7.30102E-03   7.19035E-04   3.12264E-05   9.09636E-05   3.62741E-13     1618.15  0
 7.32102E-03   6.75692E-04   2.89529E-05   9.08740E-05   2.95489E-13     1616.32  0
 7.34102E-03   6.31136E-04   2.74729E-05   9.06764E-05   2.35340E-13     1614.22  0
 7.36102E-03   5.86688E-04   2.45854E-05   9.03533E-05   1.82667E-13     1611.82  0
 7.38102E-03   5.38462E-04   2.31438E-05   8.61728E-05   1.37194E-13     1609.12  0
 7.40102E-03   4.90873E-04   2.07212E-05   8.06875E-05   2.00095E-13     1606.01  1
 7.42102E-03   4.16796E-05   1.06274E-04   5.06624E-05   3.38734E-13     1893.41  1
 7.44102E-03   7.69484E-05   1.09079E-04   5.77860E-05   4.72258E-13     2458.56  1
 7.46102E-03   1.08821E-04   1.09725E-04   6.23604E-05   6.07170E-13     2636.09  1
 7.48102E-03   1.39279E-04   1.09898E-04   6.38069E-05   7.39709E-13     2687.88  1
 7.50102E-03   1.69557E-04   1.09984E-04   6.49769E-05   8.73644E-13     2698.04  1
 7.52102E-03   1.99768E-04   1.10048E-04   6.59190E-05   1.00873E-12     2696.80  1
 7.54102E-03   2.29935E-04   1.10100E-04   6.67670E-05   1.14771E-12     2699.49  1
 7.56102E-03   2.60229E-04   1.10146E-04   7.06913E-05   1.28682E-12     2699.56  1
 7.58102E-03   2.90209E-04   1.10184E-04   7.25830E-05   1.42607E-12     2701.05  1
 7.60102E-03   3.20015E-04   1.10120E-04   7.35213E-05   1.56340E-12     2660.10  1
 7.62102E-03   3.54271E-04   1.10174E-04   7.42887E-05   1.68624E-12     2670.51  1
 7.64102E-03   3.84578E-04   1.10267E-04   7.49019E-05   1.80662E-12     2754.04  1
 7.66102E-03   4.14766E-04   1.10258E-04   7.54547E-05   1.92022E-12     2748.87  1
 7.68102E-03   4.44790E-04   1.10274E-04   7.59476E-05   2.03035E-12     2747.11  1
 7.70102E-03   4.75007E-04   1.10294E-04   7.63887E-05   2.13917E-12     2746.48  1
 7.72102E-03   5.05125E-04   1.10314E-04   7.68888E-05   2.24297E-12     2749.65  1
 7.74102E-03   5.35256E-04   1.10332E-04   7.75430E-05   2.33841E-12     2762.08  1
 7.76102E-03   5.65372E-04   1.10345E-04   7.91615E-05   2.43621E-12     2769.54  1
 7.78102E-03   5.95430E-04   1.10355E-04   8.00766E-05   2.53081E-12     2753.95  1
 7.80102E-03   6.23923E-04   1.10351E-04   8.06943E-05   2.61995E-12     2715.19  1
 7.82102E-03   6.55177E-04   1.10431E-04   8.11982E-05   2.70478E-12     2723.74  1
 7.84102E-03   6.83537E-04   1.10405E-04   8.15170E-05   2.78615E-12     2759.29  1
 7.86102E-03   7.07724E-04   1.10380E-04   8.17389E-05   2.86342E-12     2765.16  1
 7.88102E-03   7.36031E-04   1.10373E-04   8.19140E-05   2.93908E-12     2760.78  1
 7.90102E-03   7.63032E-04   1.10369E-04   8.20406E-05   3.00955E-12     2756.77  1
 7.92102E-03   7.87247E-04   1.10364E-04   8.21034E-05   3.07236E-12     2771.34  1
 7.94102E-03   8.15142E-04   1.10356E-04   8.21241E-05   3.13534E-12     2771.44  1
 7.96102E-03   8.39676E-04   1.10344E-04   8.21940E-05   3.19401E-12     2755.86  1
 7.98102E-03   8.68489E-04   1.10327E-04   8.22409E-05   3.24739E-12     2761.21  1
 8.00102E-03   8.95491E-04   1.10288E-04   8.22471E-05   3.29840E-12     2760.39  1
 8.02102E-03   9.25939E-04   1.10299E-04   8.22459E-05   3.34464E-12     2758.29  1
 8.04102E-03   9.51421E-04   1.10260E-04   8.22298E-05   3.38669E-12     2739.21  1
 8.06102E-03   9.79284E-04   1.10198E-04   8.22102E-05   3.42527E-12     2730.57  1
 8.08102E-03   1.00327E-03   1.10123E-04   8.21844E-05   3.45937E-12     2722.89  1
 8.10102E-03   1.02855E-03   1.10023E-04   8.21333E-05   3.48802E-12     2717.57  1
 8.12102E-03   1.05624E-03   1.09888E-04   8.20636E-05   3.33773E-12     2708.71  0
 8.14102E-03   1.04920E-03   1.07919E-04   8.19950E-05   3.17855E-12     2339.85  0
 8.16103E-03   1.04530E-03   1.03798E-04   8.19244E-05   3.01656E-12     2182.25  0
 8.18103E-03   1.04188E-03   9.99093E-05   8.18255E-05   2.85912E-12     2083.71  0
 8.20103E-03   1.03324E-03   9.60428E-05   8.13039E-05   2.70110E-12     2007.60  0
 8.22103E-03   1.02759E-03   9.25066E-05   8.14338E-05   2.55701E-12     1943.18  0
 8.24103E-03   1.02052E-03   8.78461E-05   8.12110E-05   2.41749E-12     1891.24  0
 8.26103E-03   1.01270E-03   8.32373E-05   8.09261E-05   2.28170E-12     1847.90  0
 8.28103E-03   1.00870E-03   7.87840E-05   8.05906E-05   2.14947E-12     1811.35  0
 8.30103E-03   1.00691E-03   7.45481E-05   8.01904E-05   2.02111E-12     1780.59  0
 8.32103E-03   1.00458E-03   7.08016E-05   7.97343E-05   1.89553E-12     1754.72  0
 8.34103E-03   9.93203E-04   6.76355E-05   7.92324E-05   1.77310E-12     1732.04  0
 8.36103E-03   9.82249E-04   6.35674E-05   7.87005E-05   1.65330E-12     1711.98  0
 8.38103E-03   9.72611E-04   6.01874E-05   7.81491E-05   1.53690E-12     1694.26  0
 8.40103E-03   9.61356E-04   5.61204E-05   7.51195E-05   1.30126E-12     1678.10  0
 8.42103E-03   9.43704E-04   5.34583E-05   7.69624E-05   1.15089E-12     1661.10  0
 8.44103E-03   9.20825E-04   5.05843E-05   7.54319E-05   1.01237E-12     1646.57  0
 8.46103E-03   8.97061E-04   4.82673E-05   7.48433E-05   8.86601E-13     1635.52  0
 8.48103E-03   8.67079E-04   4.55014E-05   7.44219E-05   7.72761E-13     1628.09  0
 8.50103E-03   8.30518E-04   4.34181E-05   7.39536E-05   6.70361E-13     1623.90  0
 8.52103E-03   7.92327E-04   4.10012E-05   7.39377E-05   5.77973E-13     1622.66  0
 8.54103E-03   7.57335E-04   3.87336E-05   7.38520E-05   4.94768E-13     1621.90  0
 8.56103E-03   7.21252E-04   3.68083E-05   7.37417E-05   4.19126E-13     1620.86  0
 8.58103E-03   6.84602E-04   3.42024E-05   7.36690E-05   3.50681E-13     1619.59  0
 8.60103E-03   6.37356E-04   3.26302E-05   6.84141E-05   2.65094E-13     1617.91  0
 8.62103E-03   5.89737E-04   2.97409E-05   7.31326E-05   3.07214E-13     1616.14  1
 8.64103E-03   4.10713E-05   1.06398E-04   4.78093E-05   4.36168E-13     1901.84  1
 8.66103E-03   7.36954E-05   1.08994E-04   5.73557E-05   5.52222E-13     2425.82  1
 8.68103E-03   1.05648E-04   1.09694E-04   6.18178E-05   6.70695E-13     2615.96  1
 8.70103E-03   1.36479E-04   1.09850E-04   6.32820E-05   7.90282E-13     2634.64  1
 8.72103E-03   1.66994E-04   1.09916E-04   6.43248E-05   9.16210E-13     2640.87  1
 8.74103E-03   1.97524E-04   1.09963E-04   6.52324E-05   1.03946E-12     2633.01  1
 8.76103E-03   2.28084E-04   1.10004E-04   6.59794E-05   1.16273E-12     2633.57  1
 8.78103E-03   2.58607E-04   1.10038E-04   6.66095E-05   1.28627E-12     2641.15  1
 8.80103E-03   2.88761E-04   1.09928E-04   6.71091E-05   1.44972E-12     2600.39  1
 8.82103E-03   3.21616E-04   1.10073E-04   7.01369E-05   1.58757E-12     2607.50  1
 8.84103E-03   3.51616E-04   1.10219E-04   7.20458E-05   1.71343E-12     2635.56  1
 8.86103E-03   3.81632E-04   1.10217E-04   7.28740E-05   1.83011E-12     2659.18  1
 8.88103E-03   4.11788E-04   1.10235E-04   7.34853E-05   1.94279E-12     2672.03  1
 8.90103E-03   4.41762E-04   1.10251E-04   7.40688E-05   2.04962E-12     2667.43  1
 8.92103E-03   4.71847E-04   1.10267E-04   7.46202E-05   2.15231E-12     2667.05  1
 8.94103E-03   5.01902E-04   1.10281E-04   7.51321E-05   2.25032E-12     2652.38  1
 8.96103E-03   5.31967E-04   1.10290E-04   7.55623E-05   2.34771E-12     2643.57  1
 8.98103E-03   5.62019E-04   1.10300E-04   7.59711E-05   2.43581E-12     2634.58  1
 9.00103E-03   5.90201E-04   1.10298E-04   7.63526E-05   2.52221E-12     2626.77  1
 9.02103E-03   6.23736E-04   1.10381E-04   7.67210E-05   2.60574E-12     2635.09  1
 9.04103E-03   6.52782E-04   1.10360E-04   7.70375E-05   2.68160E-12     2662.06  1
 9.06103E-03   6.81473E-04   1.10331E-04   7.73025E-05   2.75835E-12     2699.45  1
 9.08103E-03   7.05671E-04   1.10318E-04   7.75207E-05   2.82704E-12     2680.71  1
 9.10103E-03   7.33161E-04   1.10307E-04   7.76964E-05   2.89394E-12     2682.79  1
 9.12103E-03   7.61221E-04   1.10287E-04   7.89162E-05   2.95838E-12     2662.34  1
 9.14103E-03   7.86498E-04   1.10252E-04   7.96131E-05   3.01911E-12     2652.86  1
 9.16103E-03   8.13429E-04   1.10197E-04   8.00415E-05   3.07661E-12     2646.42  1
 9.18103E-03   8.40659E-04   1.10115E-04   8.03602E-05   3.12778E-12     2641.54  1
 9.20103E-03   8.63754E-04   1.09884E-04   7.82303E-05   3.01222E-12     2632.22  0
 9.22103E-03   8.64992E-04   1.07915E-04   8.52210E-05   2.87781E-12     2284.00  0
 9.24103E-03   8.60195E-04   1.04019E-04   8.60457E-05   2.72722E-12     2103.17  0
 9.26103E-03   8.55825E-04   1.00167E-04   8.64548E-05   2.57420E-12     1990.19  0
 9.28103E-03   8.53569E-04   9.65589E-05   8.66572E-05   2.42461E-12     1914.49  0
 9.30103E-03   8.46699E-04   9.26473E-05   8.66990E-05   2.27981E-12     1857.98  0
 9.32103E-03   8.43029E-04   8.80122E-05   8.66208E-05   2.14086E-12     1812.22  0
 9.34103E-03   8.39295E-04   8.34497E-05   8.64507E-05   2.00766E-12     1775.08  0
 9.36103E-03   8.32127E-04   7.88915E-05   8.61979E-05   1.87958E-12     1744.11  0
 9.38103E-03   8.29336E-04   7.45738E-05   8.58918E-05   1.75642E-12     1719.16  0
 9.40103E-03   8.17696E-04   6.92750E-05   8.31418E-05   1.54574E-12     1697.98  0
 9.42103E-03   8.19460E-04   6.56673E-05   8.39296E-05   1.41260E-12     1678.49  0
 9.44103E-03   8.11100E-04   6.26602E-05   8.30801E-05   1.28598E-12     1661.69  0
 9.46104E-03   8.06582E-04   5.86286E-05   8.30709E-05   1.16654E-12     1647.86  0
 9.48104E-03   7.97932E-04   5.51932E-05   8.32664E-05   1.05368E-12     1637.36  0
 9.50104E-03   7.88826E-04   5.27831E-05   8.33926E-05   9.47201E-13     1629.85  0
 9.52104E-03   7.79922E-04   4.92405E-05   8.34686E-05   8.47145E-13     1625.10  0
 9.54104E-03   7.69637E-04   4.70870E-05   8.35084E-05   7.53587E-13     1622.97  0
 9.56104E-03   7.51802E-04   4.39689E-05   8.35198E-05   6.66649E-13     1622.43  0
 9.58104E-03   7.34613E-04   4.17720E-05   8.35062E-05   5.86059E-13     1621.67  0
 9.60104E-03   7.07383E-04   3.85417E-05   7.78922E-05   4.63309E-13     1620.52  0
 9.62104E-03   6.77803E-04   3.62028E-05   8.35782E-05   3.79492E-13     1619.32  0
 9.64104E-03   6.15107E-04   3.38330E-05   8.24131E-05   3.07726E-13     1617.93  0
 9.66104E-03   5.66171E-04   3.20625E-05   8.14016E-05   2.46692E-13     1616.34  0
 9.68104E-03   5.21604E-04   2.93478E-05   7.72696E-05   1.93279E-13     1614.52  0
 9.70104E-03   4.82468E-04   2.78395E-05   7.40301E-05   2.53413E-13     1612.44  1
 9.72104E-03   4.92289E-05   1.06458E-04   4.48528E-05   3.84110E-13     1899.35  1
 9.74104E-03   8.11608E-05   1.09371E-04   5.81675E-05   5.15166E-13     2473.63  1
 9.76104E-03   1.14582E-04   1.09817E-04   6.21262E-05   6.44990E-13     2639.83  1
 9.78104E-03   1.44959E-04   1.09998E-04   6.35621E-05   7.71652E-13     2713.30  1
 9.80104E-03   1.74863E-04   1.09711E-04   6.45857E-05   8.98862E-13     2687.56  1
 9.82104E-03   2.04618E-04   1.09855E-04   6.93965E-05   1.03271E-12     2682.84  1
 9.84104E-03   2.34779E-04   1.09988E-04   7.14028E-05   1.16591E-12     2723.33  1
 9.86104E-03   2.64845E-04   1.10035E-04   7.25641E-05   1.29518E-12     2722.93  1
 9.88104E-03   2.94899E-04   1.10066E-04   7.34108E-05   1.43389E-12     2732.43  1
 9.90104E-03   3.24778E-04   1.10100E-04   7.63629E-05   1.56829E-12     2728.11  1
 9.92104E-03   3.54833E-04   1.10127E-04   7.79390E-05   1.69807E-12     2729.52  1
 9.94104E-03   3.84912E-04   1.10150E-04   7.84929E-05   1.81920E-12     2729.87  1
 9.96104E-03   4.14973E-04   1.10170E-04   7.87824E-05   1.93824E-12     2724.12  1
 9.98104E-03   4.44923E-04   1.10184E-04   7.89904E-05   2.05252E-12     2710.51  1
 1.00010E-02   4.73530E-04   1.10194E-04   7.92610E-05   2.15811E-12     2676.50  1
 1.00210E-02   5.05826E-04   1.10282E-04   7.96113E-05   2.25510E-12     2696.87  1
 1.00410E-02   5.35816E-04   1.10260E-04   7.98857E-05   2.35019E-12     2748.68  1
 1.00610E-02   5.65309E-04   1.10226E-04   8.00904E-05   2.44387E-12     2746.89  1
 1.00810E-02   5.94074E-04   1.10205E-04   8.02439E-05   2.52963E-12     2750.28  1
 1.01010E-02   6.20321E-04   1.10162E-04   8.03961E-05   2.61270E-12     2747.47  1
 1.01210E-02   6.47790E-04   1.10090E-04   8.05098E-05   2.51251E-12     2740.74  0
 1.01410E-02   6.47130E-04   1.08114E-04   8.06849E-05   2.40065E-12     2386.13  0
 1.01610E-02   6.45477E-04   1.04383E-04   8.09524E-05   2.28631E-12     2215.12  0
 1.01810E-02   6.40309E-04   1.01080E-04   8.11632E-05   2.17220E-12     2103.78  0
 1.02010E-02   6.35886E-04   9.66578E-05   8.08702E-05   2.00169E-12     2013.99  0
 1.02210E-02   6.34911E-04   9.28901E-05   8.21054E-05   1.87076E-12     1925.87  0
 1.02410E-02   6.31820E-04   8.84922E-05   8.38699E-05   1.74798E-12     1854.80  0
 1.02610E-02   6.25645E-04   8.41590E-05   8.57022E-05   1.63186E-12     1800.70  0
 1.02810E-02   6.22573E-04   8.02387E-05   8.68024E-05   1.52173E-12     1759.21  0
 1.03010E-02   6.17220E-04   7.66991E-05   8.70870E-05   1.41652E-12     1727.57  0
 1.03210E-02   6.13236E-04   7.28818E-05   8.72338E-05   1.31569E-12     1703.07  0
 1.03410E-02   6.10455E-04   6.86802E-05   8.72449E-05   1.21912E-12     1682.77  0
 1.03610E-02   6.05020E-04   6.48428E-05   8.71363E-05   1.12635E-12     1666.20  0
 1.03810E-02   6.04166E-04   6.17651E-05   8.69437E-05   1.03763E-12     1652.60  0
 1.04010E-02   6.01879E-04   5.67719E-05   8.20981E-05   9.05535E-13     1641.12  0
 1.04210E-02   5.94799E-04   5.36498E-05   9.14813E-05   8.14261E-13     1631.88  0
 1.04410E-02   5.87928E-04   5.03494E-05   9.16892E-05   7.29582E-13     1625.73  0
 1.04610E-02   5.75374E-04   4.80037E-05   9.18077E-05   6.51321E-13     1622.99  0
 1.04810E-02   5.65248E-04   4.48337E-05   9.13563E-05   5.77995E-13     1622.37  0
 1.05010E-02   5.54259E-04   4.29486E-05   9.03052E-05   5.10047E-13     1621.53  0
 1.05210E-02   5.42778E-04   3.99376E-05   8.94945E-05   4.46326E-13     1620.47  0
 1.05410E-02   5.28368E-04   3.80842E-05   8.86717E-05   3.87244E-13     1619.23  0
 1.05610E-02   5.15319E-04   3.52802E-05   8.77249E-05   3.32385E-13     1617.81  0
 1.05810E-02   5.01806E-04   3.34227E-05   8.64775E-05   2.82063E-13     1616.23  0
 1.06010E-02   4.84046E-04   3.06165E-05   8.26451E-05   2.09991E-13     1614.39  0
 1.06210E-02   4.68964E-04   2.87049E-05   7.71622E-05   2.66165E-13     1612.43  1
 1.06410E-02   4.42619E-05   1.06168E-04   4.55873E-05   3.87935E-13     1899.08  1
 1.06610E-02   7.68835E-05   1.09203E-04   5.91616E-05   5.13735E-13     2561.51  1
 1.06810E-02   1.07405E-04   1.09757E-04   6.34077E-05   6.39497E-13     2599.04  1
 1.07010E-02   1.37487E-04   1.09887E-04   6.50068E-05   7.70934E-13     2616.05  1
 1.07210E-02   1.67587E-04   1.09951E-04   6.61131E-05   8.97749E-13     2622.82  1
 1.07410E-02   1.97358E-04   1.10001E-04   6.70727E-05   1.02754E-12     2630.84  1
 1.07610E-02   2.27506E-04   1.10047E-04   6.80570E-05   1.15728E-12     2630.27  1
 1.07810E-02   2.57177E-04   1.10088E-04   7.02761E-05   1.29331E-12     2632.42  1
 1.08010E-02   2.86404E-04   1.09621E-04   7.28343E-05   1.46327E-12     2584.67  1
 1.08210E-02   3.21579E-04   1.09932E-04   7.98840E-05   1.59685E-12     2595.13  1
 1.08410E-02   3.51615E-04   1.10071E-04   8.23212E-05   1.72272E-12     2635.07  1
 1.08610E-02   3.81374E-04   1.10057E-04   8.42003E-05   1.84059E-12     2664.34  1
 1.08810E-02   4.11496E-04   1.10040E-04   8.51859E-05   1.95304E-12     2666.69  1
 1.09010E-02   4.41575E-04   1.10005E-04   8.58252E-05   2.06123E-12     2658.12  1
 1.09210E-02   4.71637E-04   1.09924E-04   8.61563E-05   1.98710E-12     2645.00  0
 1.09410E-02   4.73423E-04   1.07996E-04   8.62968E-05   1.89775E-12     2318.03  0
 1.09610E-02   4.74572E-04   1.04105E-04   8.63260E-05   1.80772E-12     2158.57  0
 1.09810E-02   4.74805E-04   1.00511E-04   8.62645E-05   1.71923E-12     2060.57  0
 1.10010E-02   4.71768E-04   9.67597E-05   8.57793E-05   1.61564E-12     1986.83  0
 1.10210E-02   4.72243E-04   9.27825E-05   8.74682E-05   1.52496E-12     1918.52  0
 1.10410E-02   4.67859E-04   8.83305E-05   8.78051E-05   1.43430E-12     1861.13  0
 1.10610E-02   4.64173E-04   8.39732E-05   8.77921E-05   1.34582E-12     1814.39  0
 1.10810E-02   4.61955E-04   7.98113E-05   8.74976E-05   1.25971E-12     1775.24  0
 1.11010E-02   4.55778E-04   7.61221E-05   8.69175E-05   1.17615E-12     1742.68  0
 1.11210E-02   4.53052E-04   7.26481E-05   8.56272E-05   1.09503E-12     1715.40  0
 1.11410E-02   4.47753E-04   6.84439E-05   8.42785E-05   1.01673E-12     1692.39  0
 1.11610E-02   4.43831E-04   6.45549E-05   8.19986E-05   9.40737E-13     1673.16  0
 1.11810E-02   4.40291E-04   6.13763E-05   8.08501E-05   8.67177E-13     1657.85  0
 1.12010E-02   4.34301E-04   5.81721E-05   7.99425E-05   7.96167E-13     1645.71  0
 1.12210E-02   4.31543E-04   5.45235E-05   7.92079E-05   7.27828E-13     1636.29  0
 1.12410E-02   4.24636E-04   5.21268E-05   7.86990E-05   6.62796E-13     1629.47  0
 1.12610E-02   4.21718E-04   4.87186E-05   7.82225E-05   6.00694E-13     1625.09  0
 1.12810E-02   4.14800E-04   4.62818E-05   7.77496E-05   5.41773E-13     1623.03  0
 1.13010E-02   4.11577E-04   4.36585E-05   7.72827E-05   4.85851E-13     1622.58  0
 1.13210E-02   4.04360E-04   4.14479E-05   7.67687E-05   4.32878E-13     1621.98  0
 1.13410E-02   4.00846E-04   3.90021E-05   7.62278E-05   3.82640E-13     1621.19  0
 1.13610E-02   3.93057E-04   3.75229E-05   7.58390E-05   3.35344E-13     1620.23  0
 1.13810E-02   3.87489E-04   3.46093E-05   7.56551E-05   2.91039E-13     1619.07  0
 1.14010E-02   3.68948E-04   3.27574E-05   7.34529E-05   2.26274E-13     1617.65  0
 1.14210E-02   3.54420E-04   3.02643E-05   7.94849E-05   2.89035E-13     1616.07  1
 1.14411E-02   4.35871E-05   1.05796E-04   5.01900E-05   4.20790E-13     1873.98  1
 1.14611E-02   7.90026E-05   1.08871E-04   5.73291E-05   5.38483E-13     2439.33  1
 1.14811E-02   1.10533E-04   1.09398E-04   6.15920E-05   6.58158E-13     2614.11  1
 1.15011E-02   1.41335E-04   1.09555E-04   6.29141E-05   7.79131E-13     2648.86  1
 1.15211E-02   1.71834E-04   1.09603E-04   6.37925E-05   8.97180E-13     2667.84  1
 1.15411E-02   2.02314E-04   1.09616E-04   6.46025E-05   1.01421E-12     2673.26  1
 1.15611E-02   2.32659E-04   1.09596E-04   6.52566E-05   9.57016E-13     2675.25  0
 1.15811E-02   2.32650E-04   1.07716E-04   6.59067E-05   8.96264E-13     2320.42  0
 1.16011E-02   2.32011E-04   1.03485E-04   6.64277E-05   8.59088E-13     2175.00  0
 1.16211E-02   2.32396E-04   9.94143E-05   6.90741E-05   8.18475E-13     2064.13  0
 1.16411E-02   2.33180E-04   9.54630E-05   7.07373E-05   7.71670E-13     1981.16  0
 1.16611E-02   2.33222E-04   9.18259E-05   7.11730E-05   7.25256E-13     1912.07  0
 1.16811E-02   2.33120E-04   8.76427E-05   7.12363E-05   6.80423E-13     1856.04  0
 1.17011E-02   2.32981E-04   8.30748E-05   7.10740E-05   6.37834E-13     1808.26  0
 1.17211E-02   2.32881E-04   7.86132E-05   7.07519E-05   5.97113E-13     1769.53  0
 1.17411E-02   2.32866E-04   7.42886E-05   7.03047E-05   5.57874E-13     1737.22  0
 1.17611E-02   2.32823E-04   7.03903E-05   6.97552E-05   5.20232E-13     1710.07  0
 1.17811E-02   2.32750E-04   6.69746E-05   6.91508E-05   4.83294E-13     1687.62  0
 1.18011E-02   2.32649E-04   6.30062E-05   6.85303E-05   4.47618E-13     1670.13  0
 1.18211E-02   2.32512E-04   5.90007E-05   6.79286E-05   4.12633E-13     1655.78  0
 1.18411E-02   2.32331E-04   5.55978E-05   6.74055E-05   3.78301E-13     1644.17  0
 1.18611E-02   2.32093E-04   5.28375E-05   6.70911E-05   3.45179E-13     1635.24  0
 1.18811E-02   2.31798E-04   4.90601E-05   6.70771E-05   3.13319E-13     1628.74  0
 1.19011E-02   2.31425E-04   4.63568E-05   6.71417E-05   2.82766E-13     1624.66  0
 1.19211E-02   2.30878E-04   4.34471E-05   6.72116E-05   2.53613E-13     1622.97  0
 1.19411E-02   2.24722E-04   4.09065E-05   6.72826E-05   2.26094E-13     1622.56  0
 1.19611E-02   2.21138E-04   3.86938E-05   6.73491E-05   2.00104E-13     1621.99  0
 1.19811E-02   2.14647E-04   3.66835E-05   6.74054E-05   1.75758E-13     1621.23  0
 1.20011E-02   2.04395E-04   3.42314E-05   6.74473E-05   1.52959E-13     1620.30  0
 1.20211E-02   2.00930E-04   3.28118E-05   6.74692E-05   1.31769E-13     1619.17  0
 1.20411E-02   1.89250E-04   3.01381E-05   6.74644E-05   1.12121E-13     1617.83  0
 1.20611E-02   1.81054E-04   2.85978E-05   6.74258E-05   9.40643E-14     1616.27  0
 1.20811E-02   1.67930E-04   2.68936E-05   6.73450E-05   7.76568E-14     1614.45  0
 1.21011E-02   1.55301E-04   2.45529E-05   6.72094E-05   6.26423E-14     1612.36  0
 1.21211E-02   1.43645E-04   2.32456E-05   6.70109E-05   4.93182E-14     1609.99  0
 1.21411E-02   1.31442E-04   2.11766E-05   6.67379E-05   3.74353E-14     1607.29  0
 1.21611E-02   1.22260E-04   1.92908E-05   6.63516E-05   2.71299E-14     1604.23  0
 1.21811E-02   1.08470E-04   1.80852E-05   6.58493E-05   1.84950E-14     1600.81  0
 1.22011E-02   9.72371E-05   1.58795E-05   6.50984E-05   1.15112E-14     1597.05  0
 1.22211E-02   8.45488E-05   1.40298E-05   5.80618E-05   6.25755E-15     1592.87  0
 1.22411E-02   7.08867E-05   1.26624E-05   4.80803E-05   2.69132E-15     1588.21  0
 1.22611E-02   5.41802E-05   9.47254E-06   3.80960E-05   5.96664E-16     1582.27  0
 1.22811E-02   3.37525E-05   7.13312E-06   2.56321E-05   0.00000E+00     1574.48  0
 1.23011E-02   0.00000E+00   0.00000E+00   0.00000E+00   0.00000E+00     1554.92  0
 1.23211E-02   0.00000E+00   0.00000E+00   0.00000E+00   0.00000E+00     1511.12  0
 1.23411E-02   0.00000E+00   0.00000E+00   0.00000E+00   0.00000E+00     1500.84  0
 1.23611E-02   0.00000E+00   0.00000E+00   0.00000E+00   0.00000E+00     1489.87  0
 1.23811E-02   0.00000E+00   0.00000E+00   0.00000E+00   0.00000E+00     1478.28  0
 1.24011E-02   0.00000E+00   0.00000E+00   0.00000E+00   0.00000E+00     1466.36  0
 1.24211E-02   0.00000E+00   0.00000E+00   0.00000E+00   0.00000E+00     1454.29  0
 1.24411E-02   0.00000E+00   0.00000E+00   0.00000E+00   0.00000E+00     1442.18  0
 1.24611E-02   0.00000E+00   0.00000E+00   0.00000E+00   0.00000E+00     1430.12  0
 1.24811E-02   0.00000E+00   0.00000E+00   0.00000E+00   0.00000E+00     1418.16  0
 1.25011E-02   0.00000E+00   0.00000E+00   0.00000E+00   0.00000E+00     1406.34  0
 1.25211E-02   0.00000E+00   0.00000E+00   0.00000E+00   0.00000E+00     1394.69  0
 1.25411E-02   0.00000E+00   0.00000E+00   0.00000E+00   0.00000E+00     1383.22  0
 1.25611E-02   0.00000E+00   0.00000E+00   0.00000E+00   0.00000E+00     1371.94  0
 1.25811E-02   0.00000E+00   0.00000E+00   0.00000E+00   0.00000E+00     1360.86  0
 1.26011E-02   0.00000E+00   0.00000E+00   0.00000E+00   0.00000E+00     1349.98  0
 1.26211E-02   0.00000E+00   0.00000E+00   0.00000E+00   0.00000E+00     1342.47  0
 1.26411E-02   0.00000E+00   0.00000E+00   0.00000E+00   0.00000E+00     1335.64  0
 1.26611E-02   0.00000E+00   0.00000E+00   0.00000E+00   0.00000E+00     1328.72  0
 1.26811E-02   0.00000E+00   0.00000E+00   0.00000E+00   0.00000E+00     1321.72  0
 1.27011E-02   0.00000E+00   0.00000E+00   0.00000E+00   0.00000E+00     1314.67  0
 1.27211E-02   0.00000E+00   0.00000E+00   0.00000E+00   0.00000E+00     1307.57  0
 1.27411E-02   0.00000E+00   0.00000E+00   0.00000E+00   0.00000E+00     1300.43  0
 1.27611E-02   0.00000E+00   0.00000E+00   0.00000E+00   0.00000E+00     1293.29  0
 1.27811E-02   0.00000E+00   0.00000E+00   0.00000E+00   0.00000E+00     1286.13  0
 1.28011E-02   0.00000E+00   0.00000E+00   0.00000E+00   0.00000E+00     1278.98  0
 1.28211E-02   0.00000E+00   0.00000E+00   0.00000E+00   0.00000E+00     1271.85  0
 1.28411E-02   0.00000E+00   0.00000E+00   0.00000E+00   0.00000E+00     1264.74  0
 1.28611E-02   0.00000E+00   0.00000E+00   0.00000E+00   0.00000E+00     1257.65  0
 1.28811E-02   0.00000E+00   0.00000E+00   0.00000E+00   0.00000E+00     1250.61  0
 1.29011E-02   0.00000E+00   0.00000E+00   0.00000E+00   0.00000E+00     1243.60  0
 1.29211E-02   0.00000E+00   0.00000E+00   0.00000E+00   0.00000E+00     1236.65  0
 1.29411E-02   0.00000E+00   0.00000E+00   0.00000E+00   0.00000E+00     1229.74  0
 1.29611E-02   0.00000E+00   0.00000E+00   0.00000E+00   0.00000E+00     1222.90  0
 1.29811E-02   0.00000E+00   0.00000E+00   0.00000E+00   0.00000E+00     1216.11  0
 1.30011E-02   0.00000E+00   0.00000E+00   0.00000E+00   0.00000E+00     1209.39  0
 1.30211E-02   0.00000E+00   0.00000E+00   0.00000E+00   0.00000E+00     1202.73  0
 1.30411E-02   0.00000E+00   0.00000E+00   0.00000E+00   0.00000E+00     1196.14  0
 1.30611E-02   0.00000E+00   0.00000E+00   0.00000E+00   0.00000E+00     1189.62  0
 1.30811E-02   0.00000E+00   0.00000E+00   0.00000E+00   0.00000E+00     1183.18  0
 1.31011E-02   0.00000E+00   0.00000E+00   0.00000E+00   0.00000E+00     1176.81  0
 1.31211E-02   0.00000E+00   0.00000E+00   0.00000E+00   0.00000E+00     1170.51  0
 1.31411E-02   0.00000E+00   0.00000E+00   0.00000E+00   0.00000E+00     1164.29  0
 1.31611E-02   0.00000E+00   0.00000E+00   0.00000E+00   0.00000E+00     1158.15  0
 1.31811E-02   0.00000E+00   0.00000E+00   0.00000E+00   0.00000E+00     1152.09  0
 1.32011E-02   0.00000E+00   0.00000E+00   0.00000E+00   0.00000E+00     1146.10  0
 1.32211E-02   0.00000E+00   0.00000E+00   0.00000E+00   0.00000E+00     1140.19  0
 1.32411E-02   0.00000E+00   0.00000E+00   0.00000E+00   0.00000E+00     1134.37  0
 1.32611E-02   0.00000E+00   0.00000E+00   0.00000E+00   0.00000E+00     1128.62  0
 1.32811E-02   0.00000E+00   0.00000E+00   0.00000E+00   0.00000E+00     1122.95  0
 1.33011E-02   0.00000E+00   0.00000E+00   0.00000E+00   0.00000E+00     1117.35  0
 1.33211E-02   0.00000E+00   0.00000E+00   0.00000E+00   0.00000E+00     1111.84  0
 1.33411E-02   0.00000E+00   0.00000E+00   0.00000E+00   0.00000E+00     1106.40  0
 1.33611E-02   0.00000E+00   0.00000E+00   0.00000E+00   0.00000E+00     1101.03  0
 1.33811E-02   0.00000E+00   0.00000E+00   0.00000E+00   0.00000E+00     1095.75  0
 1.34011E-02   0.00000E+00   0.00000E+00   0.00000E+00   0.00000E+00     1090.53  0
 1.34211E-02   0.00000E+00   0.00000E+00   0.00000E+00   0.00000E+00     1085.39  0
 1.34411E-02   0.00000E+00   0.00000E+00   0.00000E+00   0.00000E+00     1080.33  0
 1.34611E-02   0.00000E+00   0.00000E+00   0.00000E+00   0.00000E+00     1075.33  0
 1.34811E-02   0.00000E+00   0.00000E+00   0.00000E+00   0.00000E+00     1070.41  0
 1.35011E-02   0.00000E+00   0.00000E+00   0.00000E+00   0.00000E+00     1065.56  0
 1.35211E-02   0.00000E+00   0.00000E+00   0.00000E+00   0.00000E+00     1060.77  0
 1.35411E-02   0.00000E+00   0.00000E+00   0.00000E+00   0.00000E+00     1056.06  0
 1.35611E-02   0.00000E+00   0.00000E+00   0.00000E+00   0.00000E+00     1051.41  0
 1.35811E-02   0.00000E+00   0.00000E+00   0.00000E+00   0.00000E+00     1046.83  0
 1.36011E-02   0.00000E+00   0.00000E+00   0.00000E+00   0.00000E+00     1042.31  0
 1.36211E-02   0.00000E+00   0.00000E+00   0.00000E+00   0.00000E+00     1037.86  0
 1.36411E-02   0.00000E+00   0.00000E+00   0.00000E+00   0.00000E+00     1033.47  0
 1.36611E-02   0.00000E+00   0.00000E+00   0.00000E+00   0.00000E+00     1029.14  0
 1.36811E-02   0.00000E+00   0.00000E+00   0.00000E+00   0.00000E+00     1024.88  0
 1.37011E-02   0.00000E+00   0.00000E+00   0.00000E+00   0.00000E+00     1020.68  0
 1.37211E-02   0.00000E+00   0.00000E+00   0.00000E+00   0.00000E+00     1016.53  0
 1.37411E-02   0.00000E+00   0.00000E+00   0.00000E+00   0.00000E+00     1012.45  0
 1.37611E-02   0.00000E+00   0.00000E+00   0.00000E+00   0.00000E+00     1008.42  0
 1.37811E-02   0.00000E+00   0.00000E+00   0.00000E+00   0.00000E+00     1004.44  0
 1.38011E-02   0.00000E+00   0.00000E+00   0.00000E+00   0.00000E+00     1000.79  0
 1.38211E-02   0.00000E+00   0.00000E+00   0.00000E+00   0.00000E+00      997.51  0
 1.38411E-02   0.00000E+00   0.00000E+00   0.00000E+00   0.00000E+00      994.26  0
 1.38611E-02   0.00000E+00   0.00000E+00   0.00000E+00   0.00000E+00      991.05  0
 1.38811E-02   0.00000E+00   0.00000E+00   0.00000E+00   0.00000E+00      987.87  0
 1.39011E-02   0.00000E+00   0.00000E+00   0.00000E+00   0.00000E+00      984.73  0
 1.39211E-02   0.00000E+00   0.00000E+00   0.00000E+00   0.00000E+00      981.63  0
 1.39411E-02   0.00000E+00   0.00000E+00   0.00000E+00   0.00000E+00      978.56  0
 1.39611E-02   0.00000E+00   0.00000E+00   0.00000E+00   0.00000E+00      975.52  0
 1.39811E-02   0.00000E+00   0.00000E+00   0.00000E+00   0.00000E+00      972.51  0
 1.40011E-02   0.00000E+00   0.00000E+00   0.00000E+00   0.00000E+00      969.54  0
 1.40211E-02   0.00000E+00   0.00000E+00   0.00000E+00   0.00000E+00      966.62  0
 1.40411E-02   0.00000E+00   0.00000E+00   0.00000E+00   0.00000E+00      964.65  0
 1.40611E-02   0.00000E+00   0.00000E+00   0.00000E+00   0.00000E+00      962.69  0
 1.40811E-02   0.00000E+00   0.00000E+00   0.00000E+00   0.00000E+00      960.74  0
 1.41011E-02   0.00000E+00   0.00000E+00   0.00000E+00   0.00000E+00      958.85  0
 1.41211E-02   0.00000E+00   0.00000E+00   0.00000E+00   0.00000E+00      956.98  0
 1.41411E-02   0.00000E+00   0.00000E+00   0.00000E+00   0.00000E+00      955.14  0
 1.41611E-02   0.00000E+00   0.00000E+00   0.00000E+00   0.00000E+00      953.30  0
 1.41811E-02   0.00000E+00   0.00000E+00   0.00000E+00   0.00000E+00      951.47  0
 1.42011E-02   0.00000E+00   0.00000E+00   0.00000E+00   0.00000E+00      949.65  0
 1.42211E-02   0.00000E+00   0.00000E+00   0.00000E+00   0.00000E+00      947.87  0
 1.42411E-02   0.00000E+00   0.00000E+00   0.00000E+00   0.00000E+00      946.11  0
 1.42611E-02   0.00000E+00   0.00000E+00   0.00000E+00   0.00000E+00      944.37  0
 1.42811E-02   0.00000E+00   0.00000E+00   0.00000E+00   0.00000E+00      942.64  0
 1.43011E-02   0.00000E+00   0.00000E+00   0.00000E+00   0.00000E+00      940.91  0
 1.43211E-02   0.00000E+00   0.00000E+00   0.00000E+00   0.00000E+00      939.19  0
 1.43411E-02   0.00000E+00   0.00000E+00   0.00000E+00   0.00000E+00      937.49  0
 1.43611E-02   0.00000E+00   0.00000E+00   0.00000E+00   0.00000E+00      935.83  0
 1.43811E-02   0.00000E+00   0.00000E+00   0.00000E+00   0.00000E+00      934.18  0
 1.44011E-02   0.00000E+00   0.00000E+00   0.00000E+00   0.00000E+00      932.54  0
 1.44211E-02   0.00000E+00   0.00000E+00   0.00000E+00   0.00000E+00      930.91  0
 1.44411E-02   0.00000E+00   0.00000E+00   0.00000E+00   0.00000E+00      929.29  0
 1.44611E-02   0.00000E+00   0.00000E+00   0.00000E+00   0.00000E+00      927.68  0
 1.44811E-02   0.00000E+00   0.00000E+00   0.00000E+00   0.00000E+00      926.07  0
 1.45011E-02   0.00000E+00   0.00000E+00   0.00000E+00   0.00000E+00      924.50  0
 1.45211E-02   0.00000E+00   0.00000E+00   0.00000E+00   0.00000E+00      922.95  0
 1.45411E-02   0.00000E+00   0.00000E+00   0.00000E+00   0.00000E+00      921.41  0
 1.45611E-02   0.00000E+00   0.00000E+00   0.00000E+00   0.00000E+00      919.88  0
 1.45811E-02   0.00000E+00   0.00000E+00   0.00000E+00   0.00000E+00      918.35  0
 1.46011E-02   0.00000E+00   0.00000E+00   0.00000E+00   0.00000E+00      916.84  0
 1.46211E-02   0.00000E+00   0.00000E+00   0.00000E+00   0.00000E+00      915.33  0
 1.46411E-02   0.00000E+00   0.00000E+00   0.00000E+00   0.00000E+00      913.82  0
 1.46611E-02   0.00000E+00   0.00000E+00   0.00000E+00   0.00000E+00      912.34  0
 1.46811E-02   0.00000E+00   0.00000E+00   0.00000E+00   0.00000E+00      910.89  0
 1.47011E-02   0.00000E+00   0.00000E+00   0.00000E+00   0.00000E+00      909.45  0
 1.47211E-02   0.00000E+00   0.00000E+00   0.00000E+00   0.00000E+00      908.01  0
 1.47411E-02   0.00000E+00   0.00000E+00   0.00000E+00   0.00000E+00      906.58  0
 1.47611E-02   0.00000E+00   0.00000E+00   0.00000E+00   0.00000E+00      905.16  0
 1.47811E-02   0.00000E+00   0.00000E+00   0.00000E+00   0.00000E+00      903.75  0
 1.48011E-02   0.00000E+00   0.00000E+00   0.00000E+00   0.00000E+00      902.35  0
 1.48211E-02   0.00000E+00   0.00000E+00   0.00000E+00   0.00000E+00      900.96  0
 1.48411E-02   0.00000E+00   0.00000E+00   0.00000E+00   0.00000E+00      899.59  0
 1.48611E-02   0.00000E+00   0.00000E+00   0.00000E+00   0.00000E+00      898.24  0
 1.48811E-02   0.00000E+00   0.00000E+00   0.00000E+00   0.00000E+00      896.90  0
 1.49011E-02   0.00000E+00   0.00000E+00   0.00000E+00   0.00000E+00      895.57  0
 1.49211E-02   0.00000E+00   0.00000E+00   0.00000E+00   0.00000E+00      894.25  0
 1.49411E-02   0.00000E+00   0.00000E+00   0.00000E+00   0.00000E+00      892.93  0
 1.49611E-02   0.00000E+00   0.00000E+00   0.00000E+00   0.00000E+00      891.61  0
 1.49811E-02   0.00000E+00   0.00000E+00   0.00000E+00   0.00000E+00      890.30  0
 1.50011E-02   0.00000E+00   0.00000E+00   0.00000E+00   0.00000E+00      889.00  0
 1.50211E-02   0.00000E+00   0.00000E+00   0.00000E+00   0.00000E+00      887.70  0
 1.50411E-02   0.00000E+00   0.00000E+00   0.00000E+00   0.00000E+00      886.41  0
 1.50611E-02   0.00000E+00   0.00000E+00   0.00000E+00   0.00000E+00      885.15  0
 1.50811E-02   0.00000E+00   0.00000E+00   0.00000E+00   0.00000E+00      883.91  0
 1.51011E-02   0.00000E+00   0.00000E+00   0.00000E+00   0.00000E+00      882.66  0
 1.51211E-02   0.00000E+00   0.00000E+00   0.00000E+00   0.00000E+00      881.42  0
 1.51411E-02   0.00000E+00   0.00000E+00   0.00000E+00   0.00000E+00      880.19  0
 1.51611E-02   0.00000E+00   0.00000E+00   0.00000E+00   0.00000E+00      878.96  0
 1.51811E-02   0.00000E+00   0.00000E+00   0.00000E+00   0.00000E+00      877.74  0
 1.52011E-02   0.00000E+00   0.00000E+00   0.00000E+00   0.00000E+00      876.52  0
 1.52211E-02   0.00000E+00   0.00000E+00   0.00000E+00   0.00000E+00      875.31  0
 1.52411E-02   0.00000E+00   0.00000E+00   0.00000E+00   0.00000E+00      874.10  0
 1.52611E-02   0.00000E+00   0.00000E+00   0.00000E+00   0.00000E+00      872.90  0
 1.52811E-02   0.00000E+00   0.00000E+00   0.00000E+00   0.00000E+00      871.73  0
 1.53011E-02   0.00000E+00   0.00000E+00   0.00000E+00   0.00000E+00      870.57  0
 1.53211E-02   0.00000E+00   0.00000E+00   0.00000E+00   0.00000E+00      869.41  0
 1.53411E-02   0.00000E+00   0.00000E+00   0.00000E+00   0.00000E+00      868.25  0
 1.53611E-02   0.00000E+00   0.00000E+00   0.00000E+00   0.00000E+00      867.11  0
 1.53811E-02   0.00000E+00   0.00000E+00   0.00000E+00   0.00000E+00      865.96  0
 1.54011E-02   0.00000E+00   0.00000E+00   0.00000E+00   0.00000E+00      864.82  0
 1.54211E-02   0.00000E+00   0.00000E+00   0.00000E+00   0.00000E+00      863.69  0
 1.54411E-02   0.00000E+00   0.00000E+00   0.00000E+00   0.00000E+00      862.56  0
 1.54611E-02   0.00000E+00   0.00000E+00   0.00000E+00   0.00000E+00      861.43  0
 1.54811E-02   0.00000E+00   0.00000E+00   0.00000E+00   0.00000E+00      860.31  0
 1.55011E-02   0.00000E+00   0.00000E+00   0.00000E+00   0.00000E+00      859.19  0
 1.55211E-02   0.00000E+00   0.00000E+00   0.00000E+00   0.00000E+00      858.09  0
 1.55411E-02   0.00000E+00   0.00000E+00   0.00000E+00   0.00000E+00      857.01  0
 1.55611E-02   0.00000E+00   0.00000E+00   0.00000E+00   0.00000E+00      855.94  0
 1.55811E-02   0.00000E+00   0.00000E+00   0.00000E+00   0.00000E+00      854.87  0
 1.56011E-02   0.00000E+00   0.00000E+00   0.00000E+00   0.00000E+00      853.81  0
 1.56211E-02   0.00000E+00   0.00000E+00   0.00000E+00   0.00000E+00      852.76  0
 1.56411E-02   0.00000E+00   0.00000E+00   0.00000E+00   0.00000E+00      851.71  0
 1.56611E-02   0.00000E+00   0.00000E+00   0.00000E+00   0.00000E+00      850.66  0
 1.56811E-02   0.00000E+00   0.00000E+00   0.00000E+00   0.00000E+00      849.61  0
 1.57011E-02   0.00000E+00   0.00000E+00   0.00000E+00   0.00000E+00      848.57  0
 1.57211E-02   0.00000E+00   0.00000E+00   0.00000E+00   0.00000E+00      847.54  0
 1.57411E-02   0.00000E+00   0.00000E+00   0.00000E+00   0.00000E+00      846.50  0
 1.57611E-02   0.00000E+00   0.00000E+00   0.00000E+00   0.00000E+00      845.47  0
 1.57811E-02   0.00000E+00   0.00000E+00   0.00000E+00   0.00000E+00      844.45  0
 1.58011E-02   0.00000E+00   0.00000E+00   0.00000E+00   0.00000E+00      843.44  0
 1.58211E-02   0.00000E+00   0.00000E+00   0.00000E+00   0.00000E+00      842.45  0
 1.58411E-02   0.00000E+00   0.00000E+00   0.00000E+00   0.00000E+00      841.46  0
 1.58611E-02   0.00000E+00   0.00000E+00   0.00000E+00   0.00000E+00      840.47  0
 1.58811E-02   0.00000E+00   0.00000E+00   0.00000E+00   0.00000E+00      839.49  0
 1.59011E-02   0.00000E+00   0.00000E+00   0.00000E+00   0.00000E+00      838.51  0
 1.59211E-02   0.00000E+00   0.00000E+00   0.00000E+00   0.00000E+00      837.53  0
 1.59411E-02   0.00000E+00   0.00000E+00   0.00000E+00   0.00000E+00      836.56  0
 1.59611E-02   0.00000E+00   0.00000E+00   0.00000E+00   0.00000E+00      835.59  0
 1.59811E-02   0.00000E+00   0.00000E+00   0.00000E+00   0.00000E+00      834.62  0
 1.60011E-02   0.00000E+00   0.00000E+00   0.00000E+00   0.00000E+00      833.66  0
 1.60211E-02   0.00000E+00   0.00000E+00   0.00000E+00   0.00000E+00      832.70  0
 1.60411E-02   0.00000E+00   0.00000E+00   0.00000E+00   0.00000E+00      831.75  0
 1.60611E-02   0.00000E+00   0.00000E+00   0.00000E+00   0.00000E+00      830.79  0
 1.60811E-02   0.00000E+00   0.00000E+00   0.00000E+00   0.00000E+00      829.85  0
 1.61011E-02   0.00000E+00   0.00000E+00   0.00000E+00   0.00000E+00      828.90  0
 1.61211E-02   0.00000E+00   0.00000E+00   0.00000E+00   0.00000E+00      827.98  0
 1.61411E-02   0.00000E+00   0.00000E+00   0.00000E+00   0.00000E+00      827.06  0
 1.61611E-02   0.00000E+00   0.00000E+00   0.00000E+00   0.00000E+00      826.15  0
 1.61811E-02   0.00000E+00   0.00000E+00   0.00000E+00   0.00000E+00      825.24  0
 1.62011E-02   0.00000E+00   0.00000E+00   0.00000E+00   0.00000E+00      824.33  0
 1.62211E-02   0.00000E+00   0.00000E+00   0.00000E+00   0.00000E+00      823.43  0
 1.62411E-02   0.00000E+00   0.00000E+00   0.00000E+00   0.00000E+00      822.52  0
 1.62611E-02   0.00000E+00   0.00000E+00   0.00000E+00   0.00000E+00      821.63  0
 1.62811E-02   0.00000E+00   0.00000E+00   0.00000E+00   0.00000E+00      820.73  0
 1.63011E-02   0.00000E+00   0.00000E+00   0.00000E+00   0.00000E+00      819.84  0
 1.63211E-02   0.00000E+00   0.00000E+00   0.00000E+00   0.00000E+00      818.95  0
 1.63411E-02   0.00000E+00   0.00000E+00   0.00000E+00   0.00000E+00      818.06  0
 1.63611E-02   0.00000E+00   0.00000E+00   0.00000E+00   0.00000E+00      817.18  0
 1.63811E-02   0.00000E+00   0.00000E+00   0.00000E+00   0.00000E+00      816.30  0
 1.64011E-02   0.00000E+00   0.00000E+00   0.00000E+00   0.00000E+00      815.42  0
 1.64211E-02   0.00000E+00   0.00000E+00   0.00000E+00   0.00000E+00      814.55  0
 1.64411E-02   0.00000E+00   0.00000E+00   0.00000E+00   0.00000E+00      813.67  0
 1.64611E-02   0.00000E+00   0.00000E+00   0.00000E+00   0.00000E+00      812.81  0
 1.64810E-02   0.00000E+00   0.00000E+00   0.00000E+00   0.00000E+00      811.97  0
 1.65010E-02   0.00000E+00   0.00000E+00   0.00000E+00   0.00000E+00      811.12  0
 1.65210E-02   0.00000E+00   0.00000E+00   0.00000E+00   0.00000E+00      810.28  0
 1.65410E-02   0.00000E+00   0.00000E+00   0.00000E+00   0.00000E+00      809.46  0
 1.65610E-02   0.00000E+00   0.00000E+00   0.00000E+00   0.00000E+00      808.63  0
 1.65810E-02   0.00000E+00   0.00000E+00   0.00000E+00   0.00000E+00      807.81  0
 1.66010E-02   0.00000E+00   0.00000E+00   0.00000E+00   0.00000E+00      806.98  0
 1.66210E-02   0.00000E+00   0.00000E+00   0.00000E+00   0.00000E+00      806.16  0
 1.66410E-02   0.00000E+00   0.00000E+00   0.00000E+00   0.00000E+00      805.34  0
 1.66610E-02   0.00000E+00   0.00000E+00   0.00000E+00   0.00000E+00      804.53  0
 1.66810E-02   0.00000E+00   0.00000E+00   0.00000E+00   0.00000E+00      803.71  0
 1.67010E-02   0.00000E+00   0.00000E+00   0.00000E+00   0.00000E+00      802.90  0
 1.67210E-02   0.00000E+00   0.00000E+00   0.00000E+00   0.00000E+00      802.09  0
 1.67410E-02   0.00000E+00   0.00000E+00   0.00000E+00   0.00000E+00      801.29  0
 1.67610E-02   0.00000E+00   0.00000E+00   0.00000E+00   0.00000E+00      800.48  0
 1.67810E-02   0.00000E+00   0.00000E+00   0.00000E+00   0.00000E+00      799.68  0
 1.68010E-02   0.00000E+00   0.00000E+00   0.00000E+00   0.00000E+00      798.88  0
 1.68210E-02   0.00000E+00   0.00000E+00   0.00000E+00   0.00000E+00      798.09  0
 1.68410E-02   0.00000E+00   0.00000E+00   0.00000E+00   0.00000E+00      797.29  0
 1.68610E-02   0.00000E+00   0.00000E+00   0.00000E+00   0.00000E+00      796.51  0
 1.68810E-02   0.00000E+00   0.00000E+00   0.00000E+00   0.00000E+00      795.74  0
 1.69010E-02   0.00000E+00   0.00000E+00   0.00000E+00   0.00000E+00      794.97  0
 1.69210E-02   0.00000E+00   0.00000E+00   0.00000E+00   0.00000E+00      794.20  0
 1.69410E-02   0.00000E+00   0.00000E+00   0.00000E+00   0.00000E+00      793.44  0
 1.69610E-02   0.00000E+00   0.00000E+00   0.00000E+00   0.00000E+00      792.67  0
 1.69810E-02   0.00000E+00   0.00000E+00   0.00000E+00   0.00000E+00      791.91  0
 1.70010E-02   0.00000E+00   0.00000E+00   0.00000E+00   0.00000E+00      791.15  0
 1.70210E-02   0.00000E+00   0.00000E+00   0.00000E+00   0.00000E+00      790.40  0
 1.70410E-02   0.00000E+00   0.00000E+00   0.00000E+00   0.00000E+00      789.64  0
 1.70610E-02   0.00000E+00   0.00000E+00   0.00000E+00   0.00000E+00      788.89  0
