# Melt Pool Geometry History
# time(s)  length(m)  depth(m)  width(m)  volume(m3)  Tpeak(K)  laser_on
 2.10000E-05   0.00000E+00   0.00000E+00   0.00000E+00   7.75490E-14      293.00  1
 4.10000E-05   4.37725E-05   1.03838E-04   4.37522E-05   2.14729E-13     1931.53  1
 6.10000E-05   7.41588E-05   1.08314E-04   5.14245E-05   3.53211E-13     2496.85  1
 8.10000E-05   1.04197E-04   1.08607E-04   5.59530E-05   4.91084E-13     2623.67  1
 1.01000E-04   1.37231E-04   1.08859E-04   5.74938E-05   6.05370E-13     2625.20  1
 1.21000E-04   1.69630E-04   1.08869E-04   5.77951E-05   7.22500E-13     2630.84  1
 1.41000E-04   1.95818E-04   1.08691E-04   5.77760E-05   8.36545E-13     2713.31  1
 1.61000E-04   2.25829E-04   1.08816E-04   5.79924E-05   7.85450E-13     2694.48  0
 1.81000E-04   2.27812E-04   1.05238E-04   5.76098E-05   7.28995E-13     2315.49  0
 2.01000E-04   2.24650E-04   9.54644E-05   5.70702E-05   6.03191E-13     2129.50  0
 2.21000E-04   2.26328E-04   9.24582E-05   6.10904E-05   5.57891E-13     1990.41  0
 2.41000E-04   2.25887E-04   8.35715E-05   6.16416E-05   5.15578E-13     1896.90  0
 2.61000E-04   2.25302E-04   7.54850E-05   6.14731E-05   4.76244E-13     1831.95  0
 2.81000E-04   2.24686E-04   6.86285E-05   6.09767E-05   4.39198E-13     1783.04  0
 3.01000E-04   2.24089E-04   6.28019E-05   6.02650E-05   4.03972E-13     1745.17  0
 3.21000E-04   2.23539E-04   5.77192E-05   5.93937E-05   3.69460E-13     1714.63  0
 3.41000E-04   2.23182E-04   5.29024E-05   5.84383E-05   3.35664E-13     1689.52  0
 3.61000E-04   2.22956E-04   4.84368E-05   5.74706E-05   3.02172E-13     1668.72  0
 3.81000E-04   2.22685E-04   4.45411E-05   5.65482E-05   2.69231E-13     1651.78  0
 4.01000E-04   2.22355E-04   4.17432E-05   5.57805E-05   2.37263E-13     1638.60  0
 4.21000E-04   2.21883E-04   3.84167E-05   5.54405E-05   2.06743E-13     1629.28  0
 4.41000E-04   2.13904E-04   3.53169E-05   5.52890E-05   1.78261E-13     1623.93  0
 4.61000E-04   2.04520E-04   3.30678E-05   5.51438E-05   1.51975E-13     1622.50  0
 4.81000E-04   1.95986E-04   2.99893E-05   5.49963E-05   1.27477E-13     1621.48  0
 5.01000E-04   1.89449E-04   2.81152E-05   5.48385E-05   1.04945E-13     1620.08  0
 5.21000E-04   1.81989E-04   2.53210E-05   5.46603E-05   8.41183E-14     1618.26  0
 5.41000E-04   1.73785E-04   2.34509E-05   5.44517E-05   6.54597E-14     1615.99  0
 5.61000E-04   1.60201E-04   2.11681E-05   5.42034E-05   4.90623E-14     1613.20  0
 5.81000E-04   1.43524E-04   1.89366E-05   5.38950E-05   3.49917E-14     1609.83  0
 6.01000E-04   1.23301E-04   1.71849E-05   4.74651E-05   1.79768E-14     1605.51  0
 6.21000E-04   1.10498E-04   1.42241E-05   5.69210E-05   8.73300E-15     1600.47  0
 6.41000E-04   9.04808E-05   1.25950E-05   4.78843E-05   2.84682E-15     1594.30  0
 6.61000E-04   6.59407E-05   8.98808E-06   4.06155E-05   8.13687E-14     1585.91  1
 6.81000E-04   4.16037E-05   1.03721E-04   4.21923E-05   2.30911E-13     1863.08  1
 7.01000E-04   7.64643E-05   1.07973E-04   5.68848E-05   3.70228E-13     2455.34  1
 7.21000E-04   1.08577E-04   1.08407E-04   6.06077E-05   5.02914E-13     2637.95  1
 7.41000E-04   1.39189E-04   1.08563E-04   6.20437E-05   6.32126E-13     2664.54  1
 7.61000E-04   1.69620E-04   1.08699E-04   6.28535E-05   7.53947E-13     2670.24  1
 7.81000E-04   1.99781E-04   1.08847E-04   6.34234E-05   8.76015E-13     2678.55  1
 8.01000E-04   2.28764E-04   1.08327E-04   6.31845E-05   9.90584E-13     2589.62  1
 8.21000E-04   2.61568E-04   1.08789E-04   6.75803E-05   1.11272E-12     2580.04  1
 8.41000E-04   2.93596E-04   1.08822E-04   6.93150E-05   1.22003E-12     2625.45  1
 8.61000E-04   3.23708E-04   1.08780E-04   7.01506E-05   1.31881E-12     2694.03  1
 8.81000E-04   3.53760E-04   1.08681E-04   7.07167E-05   1.41017E-12     2685.52  1
 9.01000E-04   3.83752E-04   1.08548E-04   7.10497E-05   1.49348E-12     2687.47  1
 9.21000E-04   4.13693E-04   1.08404E-04   7.12734E-05   1.57395E-12     2668.95  1
 9.41000E-04   4.43870E-04   1.08276E-04   7.14555E-05   1.64682E-12     2635.80  1
 9.61000E-04   4.73817E-04   1.08211E-04   7.15770E-05   1.71258E-12     2643.36  1
 9.81000E-04   5.03714E-04   1.08175E-04   7.15814E-05   1.60798E-12     2634.01  0
 1.00100E-03   5.03686E-04   1.03540E-04   7.15505E-05   1.48411E-12     2279.81  0
 1.02100E-03   5.02880E-04   9.85018E-05   7.37965E-05   1.39423E-12     2102.67  0
 1.04100E-03   4.98593E-04   9.33334E-05   7.54046E-05   1.30576E-12     1987.94  0
 1.06100E-03   4.93720E-04   8.77208E-05   7.57534E-05   1.22158E-12     1903.53  0
 1.08100E-03   4.86563E-04   8.14742E-05   7.57691E-05   1.14132E-12     1842.48  0
 1.10100E-03   4.82139E-04   7.46368E-05   7.56470E-05   1.06529E-12     1792.65  0
 1.12100E-03   4.73837E-04   6.87414E-05   7.54216E-05   9.92532E-13     1752.13  0
 1.14100E-03   4.66957E-04   6.31656E-05   7.51157E-05   9.22780E-13     1719.55  0
 1.16100E-03   4.62168E-04   5.80898E-05   7.47574E-05   8.55429E-13     1693.27  0
 1.18100E-03   4.54386E-04   5.33164E-05   7.45784E-05   7.89619E-13     1672.04  0
 1.20100E-03   4.44516E-04   4.88057E-05   7.23086E-05   6.63456E-13     1655.06  0
 1.22100E-03   4.40478E-04   4.53804E-05   7.70970E-05   5.88429E-13     1640.99  0
 1.24100E-03   4.34176E-04   4.27531E-05   7.84502E-05   5.20074E-13     1630.67  0
 1.26100E-03   4.24817E-04   3.92056E-05   7.95373E-05   4.57215E-13     1624.59  0
 1.28100E-03   4.15535E-04   3.70023E-05   8.02744E-05   3.99549E-13     1622.63  0
 1.30100E-03   4.06715E-04   3.39497E-05   8.06440E-05   3.46250E-13     1621.67  0
 1.32100E-03   3.98414E-04   3.19724E-05   8.07082E-05   2.97071E-13     1620.34  0
 1.34100E-03   3.82859E-04   2.91317E-05   8.05197E-05   2.52059E-13     1618.65  0
 1.36100E-03   3.68015E-04   2.80915E-05   7.99850E-05   2.10859E-13     1616.64  0
 1.38100E-03   3.52228E-04   2.77936E-05   7.91837E-05   1.73196E-13     1614.40  0
 1.40100E-03   3.33578E-04   2.32463E-05   7.64204E-05   1.31113E-13     1611.64  0
 1.42100E-03   3.14785E-04   2.12498E-05   8.10919E-05   1.00431E-13     1608.64  0
 1.44100E-03   2.95396E-04   1.92692E-05   7.69134E-05   7.37054E-14     1605.38  0
 1.46100E-03   2.75903E-04   1.80333E-05   7.42721E-05   5.14844E-14     1601.94  0
 1.48100E-03   2.52625E-04   1.57217E-05   7.12654E-05   1.14050E-13     1598.04  1
 1.50100E-03   4.19658E-05   1.03822E-04   4.10494E-05   2.44297E-13     1869.15  1
 1.52100E-03   7.34507E-05   1.07972E-04   5.56881E-05   3.65956E-13     2463.41  1
 1.54100E-03   1.05680E-04   1.08506E-04   5.82020E-05   4.93308E-13     2611.04  1
 1.56100E-03   1.36671E-04   1.08739E-04   6.14333E-05   6.23673E-13     2645.06  1
 1.58100E-03   1.67401E-04   1.08918E-04   6.30469E-05   7.52883E-13     2661.64  1
 1.60100E-03   1.96701E-04   1.08413E-04   6.32432E-05   8.78844E-13     2591.66  1
 1.62100E-03   2.31356E-04   1.08841E-04   6.79059E-05   1.00266E-12     2574.16  1
 1.64100E-03   2.61627E-04   1.09007E-04   6.97401E-05   1.11913E-12     2594.33  1
 1.66100E-03   2.92020E-04   1.09089E-04   7.06246E-05   1.23055E-12     2637.06  1
 1.68100E-03   3.22213E-04   1.09160E-04   7.12078E-05   1.33541E-12     2637.42  1
 1.70100E-03   3.51637E-04   1.09219E-04   7.16277E-05   1.43908E-12     2641.64  1
 1.72100E-03   3.81243E-04   1.09264E-04   7.19247E-05   1.53710E-12     2631.83  1
 1.74100E-03   4.11200E-04   1.09294E-04   7.21674E-05   1.63202E-12     2631.38  1
 1.76100E-03   4.41305E-04   1.09307E-04   7.23402E-05   1.72415E-12     2630.43  1
 1.78100E-03   4.71241E-04   1.09296E-04   7.24281E-05   1.80976E-12     2611.31  1
 1.80100E-03   4.98603E-04   1.09091E-04   7.24958E-05   1.89196E-12     2590.95  1
 1.82100E-03   5.30659E-04   1.09159E-04   7.26851E-05   1.96696E-12     2600.72  1
 1.84100E-03   5.52920E-04   1.09012E-04   7.29376E-05   2.04264E-12     2603.54  1
 1.86100E-03   5.79876E-04   1.08852E-04   7.41575E-05   2.11336E-12     2615.26  1
 1.88100E-03   6.02743E-04   1.08688E-04   7.48670E-05   2.17664E-12     2620.48  1
 1.90100E-03   6.28938E-04   1.08527E-04   7.53372E-05   2.23508E-12     2608.38  1
 1.92100E-03   6.52771E-04   1.08380E-04   7.55272E-05   2.28706E-12     2592.07  1
 1.94100E-03   6.79378E-04   1.08263E-04   7.55862E-05   2.16757E-12     2581.87  0
 1.96100E-03   6.74850E-04   1.03959E-04   7.55489E-05   2.04109E-12     2259.12  0
 1.98100E-03   6.72477E-04   9.89584E-05   7.55835E-05   1.91670E-12     2113.27  0
 2.00100E-03   6.64570E-04   9.37687E-05   7.19103E-05   1.72584E-12     2023.32  0
 2.02100E-03   6.59822E-04   8.84526E-05   8.16783E-05   1.61045E-12     1929.97  0
 2.04100E-03   6.55703E-04   8.30953E-05   8.22037E-05   1.49351E-12     1851.29  0
 2.06100E-03   6.48996E-04   7.75950E-05   8.25466E-05   1.38008E-12     1791.20  0
 2.08100E-03   6.45585E-04   7.16572E-05   8.27943E-05   1.27185E-12     1747.27  0
 2.10100E-03   6.37653E-04   6.61120E-05   8.29882E-05   1.16891E-12     1713.95  0
 2.12100E-03   6.30891E-04   6.11446E-05   8.31493E-05   1.07116E-12     1688.51  0
 2.14100E-03   6.25090E-04   5.70566E-05   8.32847E-05   9.78233E-13     1668.65  0
 2.16100E-03   6.16170E-04   5.29075E-05   8.33992E-05   8.89585E-13     1652.97  0
 2.18100E-03   6.07515E-04   4.88012E-05   8.34967E-05   8.05337E-13     1640.86  0
 2.20100E-03   5.94631E-04   4.48896E-05   8.02765E-05   6.67565E-13     1631.90  0
 2.22100E-03   5.85788E-04   4.26782E-05   8.44550E-05   5.80251E-13     1625.57  0
 2.24100E-03   5.72800E-04   3.92074E-05   8.50528E-05   5.03937E-13     1622.88  0
 2.26100E-03   5.55661E-04   3.71939E-05   8.54447E-05   4.34895E-13     1622.08  0
 2.28100E-03   5.41626E-04   3.40844E-05   8.55575E-05   3.72341E-13     1620.94  0
 2.30100E-03   5.22821E-04   3.23906E-05   8.52590E-05   3.15365E-13     1619.49  0
 2.32100E-03   5.01305E-04   2.93308E-05   8.46887E-05   2.63589E-13     1617.74  0
 2.34100E-03   4.81777E-04   2.78031E-05   8.38810E-05   2.16865E-13     1615.67  0
 2.36100E-03   4.55853E-04   2.49883E-05   8.24848E-05   1.74664E-13     1613.32  0
 2.38100E-03   4.33205E-04   2.33623E-05   7.93210E-05   1.37307E-13     1610.66  0
 2.40100E-03   4.01507E-04   2.10174E-05   7.33014E-05   9.62465E-14     1607.36  0
 2.42100E-03   3.78824E-04   1.90040E-05   7.69527E-05   6.69741E-14     1603.98  0
 2.44100E-03   3.47793E-04   1.76482E-05   7.34958E-05   1.21258E-13     1600.25  1
 2.46100E-03   4.32081E-05   1.03366E-04   4.44102E-05   2.59891E-13     1846.62  1
 2.48100E-03   7.71724E-05   1.07994E-04   5.63863E-05   3.84421E-13     2554.62  1
 2.50100E-03   1.08668E-04   1.08357E-04   6.03619E-05   5.10499E-13     2646.96  1
 2.52100E-03   1.38781E-04   1.08539E-04   6.17091E-05   6.40905E-13     2678.14  1
 2.54100E-03   1.68878E-04   1.08718E-04   6.26601E-05   7.68592E-13     2673.59  1
 2.56100E-03   1.98972E-04   1.08908E-04   6.32424E-05   8.91783E-13     2707.34  1
 2.58100E-03   2.28964E-04   1.09105E-04   6.37424E-05   1.01054E-12     2712.60  1
 2.60100E-03   2.57415E-04   1.08745E-04   6.41175E-05   1.11006E-12     2612.83  1
 2.62100E-03   2.90781E-04   1.09128E-04   6.82359E-05   1.23153E-12     2609.95  1
 2.64100E-03   3.23585E-04   1.09199E-04   6.98956E-05   1.33879E-12     2643.56  1
 2.66100E-03   3.53665E-04   1.09283E-04   7.08854E-05   1.44025E-12     2710.05  1
 2.68100E-03   3.83784E-04   1.09353E-04   7.16756E-05   1.53754E-12     2694.20  1
 2.70100E-03   4.13856E-04   1.09414E-04   7.22692E-05   1.63145E-12     2696.75  1
 2.72100E-03   4.43956E-04   1.09466E-04   7.27516E-05   1.71983E-12     2716.57  1
 2.74100E-03   4.74103E-04   1.09511E-04   7.31396E-05   1.80645E-12     2722.74  1
 2.76100E-03   5.03978E-04   1.09548E-04   7.34495E-05   1.89896E-12     2695.44  1
 2.78100E-03   5.33924E-04   1.09580E-04   7.50896E-05   1.98717E-12     2687.67  1
 2.80100E-03   5.61874E-04   1.09497E-04   7.62926E-05   2.07853E-12     2677.12  1
 2.82100E-03   5.85997E-04   1.09590E-04   7.67685E-05   2.16129E-12     2656.69  1
 2.84100E-03   6.11627E-04   1.09559E-04   7.73360E-05   2.24098E-12     2718.17  1
 2.86100E-03   6.34779E-04   1.09522E-04   7.76340E-05   2.31509E-12     2724.53  1
 2.88100E-03   6.58532E-04   1.09495E-04   7.77946E-05   2.38537E-12     2730.89  1
 2.90100E-03   6.84086E-04   1.09446E-04   7.79380E-05   2.44721E-12     2716.69  1
 2.92100E-03   7.06667E-04   1.09368E-04   7.80356E-05   2.50625E-12     2725.34  1
 2.94100E-03   7.31876E-04   1.09257E-04   7.80696E-05   2.55984E-12     2695.21  1
 2.96100E-03   7.55000E-04   1.09112E-04   7.81242E-05   2.60770E-12     2690.20  1
 2.98100E-03   7.78149E-04   1.08941E-04   7.82639E-05   2.64880E-12     2683.40  1
 3.00100E-03   8.01536E-04   1.08751E-04   7.84282E-05   2.68942E-12     2671.45  1
 3.02100E-03   8.25646E-04   1.08598E-04   7.84992E-05   2.72172E-12     2656.28  1
 3.04100E-03   8.49143E-04   1.08445E-04   7.85413E-05   2.74818E-12     2689.29  1
 3.06100E-03   8.71684E-04   1.08315E-04   7.85313E-05   2.60025E-12     2687.03  0
 3.08100E-03   8.67266E-04   1.03995E-04   7.84858E-05   2.44720E-12     2306.53  0
 3.10100E-03   8.58586E-04   9.91921E-05   7.84982E-05   2.30066E-12     2145.45  0
 3.12100E-03   8.52674E-04   9.40696E-05   7.84401E-05   2.16182E-12     2049.40  0
 3.14100E-03   8.44708E-04   8.86190E-05   7.83204E-05   2.03272E-12     1976.89  0
 3.16100E-03   8.35254E-04   8.32254E-05   7.81731E-05   1.91187E-12     1918.09  0
 3.18100E-03   8.26751E-04   7.77410E-05   7.79658E-05   1.79733E-12     1866.86  0
 3.20100E-03   8.16828E-04   7.17567E-05   7.63243E-05   1.59937E-12     1821.87  0
 3.22100E-03   8.06154E-04   6.66546E-05   8.20253E-05   1.47840E-12     1769.11  0
 3.24100E-03   7.95263E-04   6.22506E-05   8.25160E-05   1.35897E-12     1722.70  0
 3.26100E-03   7.83501E-04   5.78184E-05   8.28551E-05   1.24377E-12     1687.36  0
 3.28100E-03   7.70403E-04   5.35034E-05   8.30978E-05   1.13299E-12     1662.40  0
 3.30100E-03   7.56679E-04   4.96341E-05   8.32820E-05   1.02779E-12     1645.17  0
 3.32100E-03   7.43328E-04   4.66849E-05   8.34163E-05   9.27858E-13     1633.62  0
 3.34100E-03   7.30650E-04   4.32941E-05   8.35120E-05   8.32990E-13     1626.42  0
 3.36100E-03   7.18531E-04   3.99392E-05   8.35769E-05   7.44110E-13     1623.07  0
 3.38100E-03   7.06678E-04   3.77409E-05   8.36145E-05   6.59767E-13     1622.29  0
 3.40100E-03   6.92082E-04   3.39588E-05   8.02734E-05   5.29615E-13     1621.08  0
 3.42100E-03   6.78609E-04   3.20094E-05   8.46690E-05   4.42660E-13     1619.62  0
 3.44100E-03   6.56986E-04   2.91489E-05   8.49955E-05   3.66420E-13     1617.85  0
 3.46100E-03   6.27217E-04   2.76499E-05   8.49224E-05   2.99169E-13     1615.83  0
 3.48100E-03   5.95085E-04   2.47676E-05   8.42767E-05   2.39208E-13     1613.50  0
 3.50099E-03   5.61481E-04   2.33108E-05   8.31778E-05   1.86646E-13     1610.85  0
 3.52099E-03   5.28224E-04   2.11789E-05   8.12052E-05   1.40833E-13     1607.85  0
 3.54099E-03   4.90774E-04   1.91769E-05   7.61533E-05   1.01126E-13     1604.48  0
 3.56099E-03   4.49735E-04   1.78856E-05   7.35064E-05   1.47859E-13     1600.81  1
 3.58099E-03   4.29870E-05   1.03474E-04   4.32127E-05   2.71023E-13     1854.81  1
 3.60099E-03   7.42321E-05   1.07646E-04   5.61171E-05   3.91990E-13     2418.90  1
 3.62099E-03   1.04727E-04   1.08124E-04   6.25412E-05   5.05278E-13     2487.86  1
 3.64099E-03   1.34570E-04   1.08265E-04   6.56898E-05   6.24865E-13     2551.35  1
 3.66099E-03   1.64330E-04   1.08435E-04   6.67431E-05   7.46424E-13     2540.45  1
 3.68099E-03   1.94048E-04   1.08637E-04   6.76061E-05   8.65626E-13     2539.97  1
 3.70099E-03   2.23904E-04   1.08836E-04   6.81894E-05   9.79465E-13     2545.88  1
 3.72099E-03   2.53740E-04   1.09014E-04   6.85359E-05   1.09280E-12     2551.14  1
 3.74099E-03   2.83625E-04   1.09167E-04   6.88588E-05   1.20322E-12     2552.00  1
 3.76099E-03   3.13499E-04   1.09289E-04   6.91217E-05   1.31094E-12     2564.84  1
 3.78099E-03   3.43410E-04   1.09390E-04   6.93045E-05   1.41492E-12     2581.16  1
 3.80099E-03   3.71079E-04   1.09313E-04   6.94848E-05   1.50934E-12     2583.10  1
 3.82099E-03   4.10942E-04   1.09492E-04   6.97252E-05   1.60313E-12     2602.72  1
 3.84099E-03   4.40674E-04   1.09514E-04   7.01107E-05   1.69340E-12     2624.28  1
 3.86099E-03   4.70684E-04   1.09544E-04   7.04796E-05   1.78165E-12     2653.63  1
 3.88099E-03   5.00470E-04   1.09590E-04   7.08322E-05   1.86405E-12     2658.55  1
 3.90099E-03   5.30108E-04   1.09632E-04   7.11510E-05   1.95884E-12     2656.07  1
 3.92099E-03   5.55181E-04   1.09673E-04   7.29558E-05   2.04800E-12     2638.35  1
 3.94099E-03   5.82218E-04   1.09706E-04   7.43534E-05   2.13527E-12     2641.62  1
 3.96099E-03   6.06781E-04   1.09738E-04   7.49219E-05   2.21901E-12     2633.84  1
 3.98099E-03   6.32297E-04   1.09763E-04   7.52159E-05   2.29583E-12     2630.26  1
 4.00099E-03   6.55875E-04   1.09715E-04   7.53499E-05   2.37714E-12     2613.89  1
 4.02099E-03   6.83830E-04   1.09815E-04   7.53725E-05   2.44939E-12     2620.00  1
 4.04099E-03   7.10952E-04   1.09795E-04   7.53942E-05   2.51661E-12     2647.58  1
 4.06099E-03   7.33553E-04   1.09755E-04   7.33910E-05   2.57733E-12     2676.79  1
 4.08099E-03   7.60543E-04   1.09734E-04   7.36040E-05   2.63943E-12     2679.47  1
 4.10099E-03   7.83353E-04   1.09721E-04   7.37761E-05   2.69604E-12     2669.64  1
 4.12099E-03   8.09127E-04   1.09705E-04   7.38979E-05   2.74699E-12     2662.56  1
 4.14099E-03   8.32663E-04   1.09676E-04   7.40262E-05   2.79687E-12     2652.66  1
 4.16100E-03   8.56852E-04   1.09629E-04   7.41875E-05   2.84081E-12     2644.53  1
 4.18100E-03   8.81715E-04   1.09562E-04   7.43227E-05   2.88086E-12     2635.65  1
 4.20100E-03   9.02751E-04   1.09360E-04   7.44116E-05   2.92227E-12     2617.20  1
 4.22100E-03   9.30617E-04   1.09331E-04   7.44661E-05   2.95245E-12     2625.58  1
 4.24100E-03   9.56426E-04   1.09160E-04   7.45782E-05   2.97871E-12     2656.20  1
 4.26100E-03   9.76828E-04   1.08986E-04   7.46936E-05   2.99833E-12     2667.32  1
 4.28100E-03   1.00395E-03   1.08815E-04   7.47513E-05   3.01416E-12     2653.13  1
 4.30100E-03   1.02327E-03   1.08649E-04   7.47538E-05   3.02390E-12     2633.18  1
 4.32100E-03   1.04687E-03   1.08502E-04   7.46921E-05   3.02848E-12     2616.31  1
 4.34100E-03   1.06884E-03   1.08374E-04   7.46118E-05   2.86222E-12     2601.39  0
 4.36100E-03   1.06074E-03   1.04204E-04   7.45587E-05   2.69501E-12     2284.14  0
 4.38100E-03   1.05403E-03   9.93864E-05   7.44500E-05   2.53009E-12     2138.95  0
 4.40100E-03   1.04412E-03   9.42117E-05   7.35362E-05   2.32695E-12     2049.55  0
 4.42100E-03   1.03212E-03   8.89853E-05   7.47803E-05   2.17449E-12     1953.91  0
 4.44100E-03   1.01969E-03   8.36729E-05   7.56270E-05   2.01908E-12     1873.44  0
 4.46100E-03   1.00731E-03   7.82181E-05   7.58975E-05   1.86744E-12     1811.08  0
 4.48100E-03   9.93532E-04   7.29542E-05   7.59219E-05   1.72162E-12     1764.55  0
 4.50100E-03   9.78561E-04   6.78195E-05   7.58147E-05   1.58211E-12     1728.85  0
 4.52100E-03   9.65160E-04   6.28931E-05   7.56320E-05   1.44821E-12     1701.34  0
 4.54100E-03   9.53573E-04   5.82468E-05   7.54048E-05   1.32051E-12     1679.41  0
 4.56100E-03   9.40055E-04   5.39155E-05   7.51707E-05   1.19846E-12     1661.95  0
 4.58100E-03   9.23952E-04   5.02629E-05   7.49708E-05   1.08266E-12     1648.10  0
 4.60100E-03   9.03777E-04   4.63723E-05   7.28995E-05   8.98789E-13     1637.31  0
 4.62100E-03   8.84554E-04   4.33801E-05   8.00712E-05   7.80409E-13     1629.22  0
 4.64100E-03   8.58480E-04   4.03009E-05   8.09998E-05   6.75181E-13     1624.31  0
 4.66100E-03   8.28874E-04   3.80717E-05   8.12764E-05   5.80601E-13     1622.69  0
 4.68100E-03   7.62890E-04   3.50047E-05   8.10787E-05   4.95582E-13     1621.81  0
 4.70100E-03   7.22648E-04   3.31114E-05   8.05538E-05   4.18884E-13     1620.57  0
 4.72100E-03   6.83048E-04   3.02871E-05   7.98166E-05   3.49163E-13     1618.98  0
 4.74100E-03   6.45586E-04   2.84435E-05   7.88411E-05   2.86931E-13     1617.04  0
 4.76100E-03   6.03279E-04   2.61058E-05   7.77165E-05   2.31144E-13     1614.77  0
 4.78100E-03   5.64481E-04   2.39687E-05   7.63182E-05   1.82152E-13     1612.16  0
 4.80100E-03   5.15430E-04   2.24388E-05   7.13929E-05   1.29709E-13     1609.05  0
 4.82100E-03   4.75535E-04   1.97010E-05   7.50285E-05   9.27518E-14     1605.82  0
 4.84100E-03   4.26891E-04   1.82896E-05   7.20884E-05   1.41473E-13     1602.25  1
 4.86100E-03   4.55934E-05   1.02797E-04   4.58041E-05   2.76432E-13     1825.70  1
 4.88100E-03   7.99183E-05   1.07949E-04   5.60033E-05   3.98973E-13     2460.38  1
 4.90100E-03   1.10502E-04   1.08236E-04   6.01319E-05   5.17311E-13     2638.63  1
 4.92100E-03   1.40260E-04   1.08394E-04   6.14593E-05   6.37435E-13     2688.28  1
 4.94100E-03   1.70023E-04   1.08571E-04   6.24742E-05   7.57817E-13     2696.99  1
 4.96100E-03   1.99596E-04   1.08781E-04   6.30167E-05   8.80901E-13     2678.81  1
 4.98100E-03   2.29220E-04   1.08993E-04   6.34873E-05   9.98709E-13     2674.14  1
 5.00100E-03   2.58080E-04   1.08986E-04   6.38834E-05   1.10554E-12     2665.05  1
 5.02100E-03   2.87220E-04   1.09199E-04   6.79165E-05   1.22529E-12     2681.03  1
 5.04100E-03   3.17053E-04   1.09352E-04   6.94112E-05   1.33913E-12     2699.30  1
 5.06100E-03   3.46742E-04   1.09450E-04   7.05767E-05   1.44415E-12     2698.18  1
 5.08100E-03   3.76557E-04   1.09537E-04   7.13023E-05   1.54224E-12     2699.10  1
 5.10100E-03   4.06584E-04   1.09614E-04   7.18548E-05   1.63931E-12     2686.67  1
 5.12100E-03   4.36650E-04   1.09677E-04   7.22870E-05   1.73176E-12     2663.92  1
 5.14100E-03   4.66773E-04   1.09732E-04   7.26504E-05   1.82078E-12     2663.30  1
 5.16100E-03   4.96858E-04   1.09776E-04   7.29072E-05   1.90788E-12     2665.87  1
 5.18100E-03   5.26932E-04   1.09815E-04   7.31653E-05   1.99145E-12     2661.55  1
 5.20100E-03   5.53702E-04   1.09720E-04   7.34136E-05   2.07227E-12     2628.01  1
 5.22100E-03   5.90153E-04   1.09798E-04   7.48917E-05   2.15871E-12     2636.38  1
 5.24100E-03   6.17723E-04   1.09762E-04   7.59838E-05   2.23966E-12     2668.25  1
 5.26100E-03   6.44673E-04   1.09799E-04   7.63781E-05   2.31634E-12     2723.89  1
 5.28100E-03   6.67314E-04   1.09825E-04   7.65493E-05   2.38957E-12     2710.42  1
 5.30100E-03   6.90677E-04   1.09838E-04   7.66731E-05   2.46259E-12     2698.28  1
 5.32100E-03   7.14011E-04   1.09855E-04   7.68015E-05   2.53484E-12     2698.15  1
 5.34100E-03   7.35607E-04   1.09877E-04   7.69394E-05   2.59806E-12     2695.70  1
 5.36100E-03   7.57497E-04   1.09895E-04   7.69973E-05   2.65974E-12     2718.68  1
 5.38100E-03   7.81303E-04   1.09907E-04   7.72225E-05   2.71998E-12     2711.35  1
 5.40100E-03   8.02236E-04   1.09877E-04   7.75321E-05   2.77909E-12     2678.97  1
 5.42100E-03   8.28659E-04   1.09959E-04   7.77207E-05   2.83014E-12     2680.24  1
 5.44100E-03   8.50388E-04   1.09933E-04   7.78523E-05   2.87730E-12     2744.57  1
 5.46101E-03   8.75768E-04   1.09887E-04   7.78988E-05   2.92227E-12     2744.70  1
 5.48101E-03   8.96404E-04   1.09858E-04   7.80375E-05   2.96758E-12     2732.45  1
 5.50101E-03   9.18222E-04   1.09827E-04   7.81209E-05   3.00995E-12     2733.11  1
 5.52101E-03   9.41561E-04   1.09801E-04   7.82121E-05   3.05068E-12     2734.66  1
 5.54101E-03   9.64019E-04   1.09777E-04   7.82547E-05   3.08504E-12     2721.20  1
 5.56101E-03   9.84943E-04   1.09741E-04   7.83934E-05   3.11869E-12     2753.07  1
 5.58101E-03   1.00589E-03   1.09691E-04   7.86202E-05   3.14555E-12     2741.62  1
 5.60101E-03   1.02441E-03   1.09614E-04   7.87450E-05   3.17482E-12     2741.32  1
 5.62101E-03   1.04874E-03   1.09589E-04   7.88161E-05   3.19729E-12     2715.10  1
 5.64101E-03   1.06764E-03   1.09481E-04   7.88704E-05   3.21614E-12     2721.87  1
 5.66101E-03   1.08774E-03   1.09334E-04   7.88791E-05   3.23021E-12     2722.46  1
 5.68101E-03   1.11005E-03   1.09181E-04   7.88629E-05   3.24096E-12     2722.19  1
 5.70101E-03   1.12936E-03   1.09016E-04   7.88054E-05   3.24534E-12     2714.51  1
 5.72101E-03   1.14719E-03   1.08850E-04   7.87160E-05   3.24676E-12     2707.40  1
 5.74101E-03   1.16511E-03   1.08690E-04   7.86085E-05   3.24423E-12     2690.49  1
 5.76101E-03   1.18311E-03   1.08535E-04   7.85096E-05   3.23810E-12     2679.63  1
 5.78101E-03   1.20098E-03   1.08396E-04   7.84044E-05   3.06385E-12     2666.67  0
 5.80101E-03   1.18807E-03   1.04333E-04   7.66574E-05   2.76092E-12     2306.38  0
 5.82101E-03   1.17706E-03   9.96753E-05   8.23489E-05   2.57529E-12     2117.60  0
 5.84101E-03   1.16407E-03   9.45000E-05   8.29120E-05   2.38867E-12     1991.98  0
 5.86101E-03   1.15151E-03   8.91992E-05   8.35113E-05   2.20844E-12     1903.26  0
 5.88101E-03   1.13858E-03   8.36824E-05   8.37909E-05   2.03714E-12     1839.66  0
 5.90101E-03   1.12060E-03   7.81313E-05   8.38531E-05   1.87570E-12     1792.14  0
 5.92101E-03   1.10300E-03   7.27176E-05   8.37679E-05   1.72326E-12     1753.34  0
 5.94101E-03   1.08061E-03   6.71130E-05   8.38711E-05   1.57921E-12     1721.80  0
 5.96101E-03   1.05748E-03   6.20774E-05   8.39704E-05   1.44286E-12     1696.29  0
 5.98101E-03   1.03275E-03   5.75602E-05   8.40529E-05   1.31363E-12     1675.34  0
 6.00101E-03   1.00251E-03   5.25615E-05   8.17092E-05   1.10483E-12     1658.15  0
 6.02101E-03   9.72936E-04   4.86636E-05   8.52032E-05   9.68297E-13     1643.45  0
 6.04101E-03   9.40364E-04   4.52067E-05   8.60086E-05   8.46273E-13     1632.53  0
 6.06101E-03   9.06013E-04   4.27217E-05   8.65780E-05   7.35742E-13     1625.76  0
 6.08101E-03   8.71720E-04   3.91683E-05   8.67974E-05   6.35628E-13     1622.90  0
 6.10101E-03   8.37764E-04   3.68168E-05   8.67008E-05   5.44352E-13     1622.09  0
 6.12101E-03   8.03917E-04   3.38738E-05   8.62763E-05   4.61482E-13     1620.93  0
 6.14101E-03   7.64660E-04   3.16291E-05   8.55391E-05   3.86318E-13     1619.45  0
 6.16101E-03   7.22441E-04   2.89651E-05   8.45630E-05   3.19176E-13     1617.65  0
 6.18101E-03   6.77184E-04   2.72483E-05   8.28948E-05   2.59107E-13     1615.54  0
 6.20101E-03   6.29183E-04   2.42154E-05   7.70625E-05   1.91724E-13     1612.86  0
 6.22101E-03   5.80547E-04   2.27885E-05   8.07492E-05   1.44375E-13     1610.04  0
 6.24101E-03   5.31588E-04   2.00400E-05   7.58390E-05   1.03686E-13     1606.88  0
 6.26101E-03   4.83442E-04   1.84610E-05   7.35481E-05   7.01460E-14     1603.30  0
 6.28101E-03   4.33331E-04   1.64132E-05   7.10043E-05   1.35659E-13     1599.25  1
 6.30101E-03   4.80375E-05   1.05089E-04   4.36583E-05   2.77681E-13     1865.77  1
 6.32101E-03   8.06326E-05   1.08893E-04   5.76517E-05   4.21426E-13     2461.47  1
 6.34101E-03   1.11537E-04   1.09337E-04   6.19278E-05   5.62747E-13     2605.88  1
 6.36101E-03   1.42507E-04   1.09472E-04   6.31898E-05   7.03055E-13     2660.08  1
 6.38101E-03   1.72556E-04   1.09568E-04   6.43214E-05   8.41793E-13     2671.29  1
 6.40101E-03   2.01697E-04   1.09263E-04   6.50510E-05   9.77710E-13     2625.60  1
 6.42101E-03   2.32109E-04   1.09454E-04   6.93001E-05   1.11125E-12     2620.58  1
 6.44101E-03   2.61569E-04   1.09566E-04   7.11380E-05   1.24106E-12     2641.52  1
 6.46101E-03   2.91485E-04   1.09629E-04   7.22156E-05   1.36026E-12     2637.08  1
 6.48101E-03   3.21845E-04   1.09682E-04   7.30312E-05   1.47918E-12     2650.26  1
 6.50101E-03   3.51561E-04   1.09731E-04   7.57661E-05   1.59773E-12     2641.88  1
 6.52101E-03   3.81678E-04   1.09776E-04   7.72063E-05   1.71178E-12     2631.21  1
 6.54101E-03   4.11604E-04   1.09815E-04   7.78082E-05   1.82522E-12     2631.81  1
 6.56101E-03   4.41672E-04   1.09850E-04   7.81316E-05   1.93247E-12     2628.05  1
 6.58101E-03   4.71689E-04   1.09881E-04   7.82387E-05   2.03690E-12     2623.94  1
 6.60101E-03   4.99392E-04   1.09851E-04   7.82026E-05   2.13754E-12     2607.09  1
 6.62101E-03   5.33483E-04   1.09965E-04   7.83142E-05   2.23024E-12     2615.72  1
 6.64101E-03   5.62177E-04   1.09959E-04   7.85150E-05   2.31712E-12     2656.19  1
 6.66101E-03   5.90984E-04   1.09937E-04   7.86971E-05   2.40221E-12     2681.85  1
 6.68101E-03   6.16455E-04   1.09938E-04   7.88708E-05   2.48284E-12     2673.14  1
 6.70101E-03   6.43814E-04   1.09939E-04   7.90278E-05   2.56215E-12     2668.11  1
 6.72101E-03   6.71814E-04   1.09950E-04   7.91696E-05   2.63687E-12     2660.08  1
 6.74101E-03   6.96011E-04   1.09954E-04   7.93149E-05   2.70450E-12     2646.91  1
 6.76101E-03   7.22761E-04   1.09968E-04   7.94403E-05   2.76977E-12     2654.96  1
 6.78102E-03   7.48899E-04   1.09981E-04   7.95029E-05   2.83401E-12     2641.97  1
 6.80102E-03   7.72416E-04   1.09966E-04   7.96298E-05   2.89724E-12     2626.10  1
 6.82102E-03   8.02885E-04   1.10052E-04   7.97614E-05   2.95084E-12     2642.89  1
 6.84102E-03   8.25896E-04   1.10028E-04   7.99029E-05   3.00262E-12     2662.66  1
 6.86102E-03   8.52643E-04   1.09985E-04   8.00054E-05   3.05238E-12     2683.37  1
 6.88102E-03   8.78619E-04   1.09962E-04   8.00600E-05   3.09702E-12     2677.48  1
 6.90102E-03   9.02868E-04   1.09938E-04   8.00478E-05   3.13778E-12     2670.28  1
 6.92102E-03   9.29367E-04   1.09914E-04   8.00340E-05   3.17503E-12     2667.29  1
 6.94102E-03   9.52920E-04   1.09889E-04   8.00156E-05   3.20994E-12     2660.59  1
 6.96102E-03   9.79617E-04   1.09869E-04   7.99857E-05   3.23994E-12     2654.00  1
 6.98102E-03   1.00307E-03   1.09836E-04   7.99480E-05   3.26588E-12     2652.14  1
 7.00102E-03   1.02721E-03   1.09785E-04   7.99476E-05   3.29038E-12     2639.52  1
 7.02102E-03   1.05572E-03   1.09774E-04   8.00131E-05   3.30854E-12     2632.94  1
 7.04102E-03   1.08479E-03   1.09696E-04   8.00127E-05   3.32293E-12     2633.74  1
 7.06102E-03   1.11352E-03   1.09586E-04   8.00011E-05   3.16016E-12     2628.51  0
 7.08102E-03   1.11224E-03   1.07697E-04   7.99608E-05   2.99025E-12     2337.89  0
 7.10102E-03   1.10577E-03   1.03308E-04   7.99847E-05   2.81911E-12     2190.12  0
 7.12102E-03   1.10048E-03   9.90611E-05   7.99501E-05   2.65244E-12     2089.14  0
 7.14102E-03   1.09324E-03   9.46861E-05   7.99452E-05   2.49182E-12     2006.80  0
 7.16102E-03   1.08726E-03   9.02090E-05   7.98475E-05   2.33712E-12     1937.48  0
 7.18102E-03   1.07993E-03   8.56750E-05   7.97450E-05   2.18934E-12     1879.42  0
 7.20102E-03   1.06770E-03   8.00492E-05   7.84134E-05   1.93330E-12     1827.47  0
 7.22102E-03   1.06473E-03   7.57792E-05   8.22521E-05   1.77961E-12     1775.45  0
 7.24102E-03   1.05282E-03   7.16188E-05   8.28019E-05   1.62943E-12     1732.49  0
 7.26102E-03   1.04010E-03   6.76057E-05   8.31209E-05   1.48531E-12     1698.69  0
 7.28102E-03   1.02277E-03   6.31527E-05   8.33382E-05   1.34832E-12     1673.22  0
 7.30102E-03   1.00418E-03   5.89295E-05   8.34998E-05   1.21971E-12     1654.44  0
 7.32102E-03   9.78493E-04   5.51287E-05   8.36251E-05   1.09970E-12     1641.07  0
 7.34102E-03   9.09422E-04   5.24030E-05   8.37235E-05   9.87884E-13     1631.94  0
 7.36102E-03   8.74304E-04   4.84711E-05   8.37984E-05   8.83659E-13     1626.19  0
 7.38102E-03   8.37640E-04   4.50897E-05   8.38499E-05   7.86898E-13     1623.29  0
 7.40102E-03   7.95542E-04   4.25656E-05   8.08004E-05   6.42114E-13     1622.53  0
 7.42102E-03   7.57703E-04   3.92414E-05   8.53062E-05   5.45860E-13     1621.77  0
 7.44102E-03   7.14383E-04   3.73893E-05   8.58970E-05   4.61536E-13     1620.78  0
 7.46102E-03   6.75980E-04   3.42646E-05   8.60705E-05   3.87036E-13     1619.57  0
 7.48102E-03   6.33368E-04   3.26824E-05   8.58349E-05   3.20591E-13     1618.13  0
 7.50102E-03   5.93435E-04   2.97374E-05   8.50778E-05   2.61841E-13     1616.46  0
 7.52102E-03   5.48861E-04   2.81584E-05   8.39982E-05   2.10117E-13     1614.55  0
 7.54102E-03   5.06507E-04   2.57669E-05   8.22940E-05   1.64966E-13     1612.37  0
 7.56102E-03   4.61322E-04   2.38956E-05   7.86689E-05   2.24946E-13     1609.92  1
 7.58102E-03   4.31526E-05   1.06071E-04   4.30138E-05   3.58217E-13     1896.04  1
 7.60102E-03   7.68215E-05   1.08616E-04   5.79358E-05   4.74090E-13     2427.11  1
 7.62102E-03   1.08385E-04   1.09282E-04   6.44943E-05   6.02039E-13     2612.31  1
 7.64102E-03   1.38476E-04   1.09496E-04   6.78669E-05   7.28823E-13     2682.75  1
 7.66102E-03   1.68403E-04   1.09575E-04   6.92247E-05   8.51154E-13     2709.68  1
 7.68102E-03   1.98442E-04   1.09637E-04   7.01209E-05   9.74728E-13     2720.29  1
 7.70102E-03   2.28437E-04   1.09693E-04   7.08278E-05   1.09865E-12     2700.05  1
 7.72102E-03   2.58256E-04   1.09740E-04   7.12379E-05   1.22254E-12     2689.62  1
 7.74102E-03   2.88210E-04   1.09783E-04   7.15893E-05   1.34028E-12     2684.59  1
 7.76102E-03   3.18138E-04   1.09821E-04   7.19132E-05   1.46399E-12     2689.45  1
 7.78102E-03   3.47977E-04   1.09852E-04   7.40919E-05   1.58457E-12     2684.06  1
 7.80102E-03   3.76030E-04   1.09765E-04   7.56296E-05   1.70381E-12     2633.22  1
 7.82102E-03   4.13592E-04   1.09842E-04   7.61024E-05   1.81826E-12     2634.94  1
 7.84102E-03   4.43842E-04   1.09877E-04   7.67192E-05   1.92199E-12     2753.78  1
 7.86102E-03   4.74018E-04   1.09852E-04   7.72130E-05   2.02113E-12     2744.23  1
 7.88102E-03   5.04135E-04   1.09859E-04   7.74245E-05   2.12304E-12     2738.60  1
 7.90102E-03   5.34131E-04   1.09870E-04   7.75578E-05   2.21088E-12     2735.57  1
 7.92102E-03   5.64182E-04   1.09886E-04   7.76397E-05   2.29984E-12     2778.14  1
 7.94102E-03   5.94121E-04   1.09909E-04   7.77820E-05   2.38370E-12     2745.14  1
 7.96102E-03   6.23904E-04   1.09931E-04   7.79167E-05   2.46373E-12     2767.38  1
 7.98102E-03   6.50897E-04   1.09951E-04   7.79917E-05   2.53852E-12     2766.99  1
 8.00102E-03   6.75152E-04   1.09935E-04   7.82575E-05   2.61409E-12     2707.55  1
 8.02102E-03   7.01872E-04   1.10021E-04   7.86638E-05   2.68136E-12     2700.25  1
 8.04102E-03   7.25473E-04   1.10003E-04   7.89745E-05   2.74527E-12     2754.81  1
 8.06102E-03   7.51186E-04   1.09970E-04   7.92213E-05   2.80374E-12     2762.85  1
 8.08102E-03   7.75678E-04   1.09956E-04   7.94115E-05   2.85967E-12     2783.53  1
 8.10102E-03   8.02183E-04   1.09942E-04   7.95785E-05   2.91329E-12     2770.26  1
 8.12102E-03   8.26213E-04   1.09928E-04   7.96630E-05   2.96121E-12     2772.49  1
 8.14102E-03   8.53856E-04   1.09904E-04   7.97316E-05   3.00842E-12     2773.82  1
 8.16103E-03   8.76930E-04   1.09876E-04   7.97485E-05   3.05111E-12     2770.19  1
 8.18103E-03   9.04652E-04   1.09828E-04   7.97822E-05   2.91726E-12     2757.48  0
 8.20103E-03   8.97814E-04   1.07804E-04   7.78249E-05   2.71716E-12     2391.47  0
 8.22103E-03   8.96240E-04   1.03618E-04   8.33340E-05   2.56470E-12     2193.81  0
 8.24103E-03   8.93934E-04   9.95976E-05   8.46857E-05   2.40803E-12     2062.75  0
 8.26103E-03   8.92312E-04   9.55652E-05   8.52165E-05   2.25425E-12     1966.77  0
 8.28103E-03   8.84921E-04   9.15222E-05   8.55373E-05   2.10541E-12     1896.09  0
 8.30103E-03   8.82686E-04   8.74214E-05   8.57515E-05   1.96312E-12     1841.45  0
 8.32103E-03   8.75830E-04   8.27012E-05   8.58727E-05   1.82720E-12     1798.30  0
 8.34103E-03   8.71392E-04   7.80436E-05   8.59099E-05   1.69710E-12     1762.59  0
 8.36103E-03   8.65656E-04   7.34038E-05   8.58764E-05   1.57287E-12     1733.55  0
 8.38103E-03   8.59455E-04   6.90280E-05   8.57865E-05   1.45386E-12     1709.03  0
 8.40103E-03   8.51739E-04   6.47891E-05   8.32046E-05   1.26463E-12     1688.32  0
 8.42103E-03   8.44835E-04   6.15599E-05   8.49025E-05   1.13647E-12     1669.75  0
 8.44103E-03   8.33044E-04   5.80888E-05   8.55206E-05   1.01881E-12     1653.49  0
 8.46103E-03   8.20353E-04   5.43027E-05   8.60001E-05   9.09773E-13     1640.96  0
 8.48103E-03   8.03370E-04   5.14978E-05   8.62672E-05   8.09143E-13     1631.83  0
 8.50103E-03   7.80955E-04   4.84318E-05   8.63611E-05   7.16171E-13     1625.96  0
 8.52103E-03   7.52016E-04   4.53183E-05   8.62301E-05   6.30550E-13     1623.13  0
 8.54103E-03   7.19775E-04   4.30332E-05   8.59289E-05   5.52280E-13     1622.51  0
 8.56103E-03   6.84571E-04   3.99151E-05   8.53955E-05   4.80659E-13     1621.78  0
 8.58103E-03   6.43574E-04   3.79844E-05   8.47642E-05   4.15521E-13     1620.85  0
 8.60103E-03   6.01779E-04   3.49265E-05   8.14660E-05   3.34579E-13     1619.44  0
 8.62103E-03   5.61484E-04   3.32090E-05   8.19679E-05   2.77641E-13     1618.08  0
 8.64103E-03   5.23003E-04   3.06998E-05   7.78395E-05   2.27365E-13     1616.51  0
 8.66103E-03   4.85464E-04   2.87493E-05   7.50687E-05   1.83290E-13     1614.73  0
 8.68103E-03   4.46301E-04   2.75053E-05   7.36334E-05   2.42290E-13     1612.73  1
 8.70103E-03   4.72381E-05   1.05350E-04   4.43913E-05   3.73932E-13     1866.08  1
 8.72103E-03   8.06485E-05   1.08953E-04   5.69809E-05   5.03106E-13     2446.54  1
 8.74103E-03   1.11201E-04   1.09396E-04   6.12075E-05   6.28927E-13     2584.03  1
 8.76103E-03   1.41867E-04   1.09527E-04   6.25066E-05   7.53639E-13     2642.37  1
 8.78103E-03   1.72838E-04   1.09600E-04   6.37594E-05   8.80786E-13     2654.83  1
 8.80103E-03   2.01998E-04   1.09382E-04   6.44950E-05   9.92846E-13     2625.78  1
 8.82103E-03   2.32150E-04   1.09492E-04   6.88155E-05   1.12271E-12     2628.56  1
 8.84103E-03   2.62050E-04   1.09565E-04   7.07317E-05   1.24571E-12     2611.70  1
 8.86103E-03   2.92364E-04   1.09610E-04   7.19408E-05   1.36442E-12     2649.06  1
 8.88103E-03   3.22149E-04   1.09650E-04   7.28267E-05   1.48017E-12     2657.44  1
 8.90103E-03   3.51541E-04   1.09688E-04   7.35444E-05   1.60177E-12     2651.51  1
 8.92103E-03   3.81601E-04   1.09725E-04   7.57970E-05   1.71663E-12     2651.44  1
 8.94103E-03   4.11617E-04   1.09757E-04   7.74176E-05   1.82852E-12     2644.03  1
 8.96103E-03   4.41678E-04   1.09788E-04   7.79501E-05   1.93495E-12     2646.82  1
 8.98103E-03   4.71711E-04   1.09815E-04   7.82058E-05   2.03934E-12     2636.31  1
 9.00103E-03   4.99609E-04   1.09779E-04   7.84204E-05   2.13635E-12     2612.50  1
 9.02103E-03   5.32579E-04   1.09885E-04   7.86375E-05   2.22924E-12     2619.97  1
 9.04103E-03   5.62652E-04   1.09877E-04   7.88547E-05   2.31725E-12     2641.90  1
 9.06103E-03   5.90854E-04   1.09851E-04   7.90504E-05   2.39771E-12     2672.20  1
 9.08103E-03   6.15704E-04   1.09847E-04   7.92441E-05   2.47772E-12     2680.96  1
 9.10103E-03   6.43521E-04   1.09837E-04   7.94177E-05   2.55275E-12     2669.11  1
 9.12103E-03   6.71100E-04   1.09822E-04   7.95490E-05   2.62368E-12     2660.39  1
 9.14103E-03   6.95819E-04   1.09801E-04   7.95798E-05   2.69049E-12     2651.53  1
 9.16103E-03   7.22220E-04   1.09752E-04   7.96682E-05   2.58224E-12     2643.20  0
 9.18103E-03   7.21063E-04   1.07865E-04   7.97599E-05   2.46072E-12     2334.98  0
 9.20103E-03   7.16642E-04   1.03571E-04   7.95698E-05   2.28751E-12     2186.45  0
 9.22103E-03   7.14380E-04   9.96211E-05   8.30719E-05   2.16530E-12     2061.09  0
 9.24103E-03   7.08907E-04   9.55656E-05   8.45521E-05   2.03812E-12     1957.32  0
 9.26103E-03   7.06797E-04   9.17399E-05   8.54162E-05   1.91220E-12     1882.57  0
 9.28103E-03   7.00246E-04   8.75655E-05   8.56452E-05   1.78967E-12     1825.77  0
 9.30103E-03   6.96761E-04   8.28388E-05   8.57102E-05   1.67245E-12     1780.61  0
 9.32103E-03   6.90050E-04   7.82016E-05   8.55393E-05   1.56015E-12     1744.40  0
 9.34103E-03   6.85225E-04   7.35894E-05   8.52322E-05   1.45271E-12     1716.26  0
 9.36103E-03   6.79507E-04   6.92855E-05   8.48636E-05   1.34965E-12     1693.50  0
 9.38103E-03   6.73186E-04   6.51844E-05   8.44748E-05   1.25058E-12     1674.70  0
 9.40103E-03   6.62759E-04   6.08045E-05   8.16482E-05   1.07319E-12     1658.84  0
 9.42103E-03   6.61548E-04   5.77362E-05   8.73455E-05   9.63409E-13     1646.17  0
 9.44103E-03   6.53680E-04   5.37621E-05   8.86810E-05   8.63850E-13     1636.16  0
 9.46104E-03   6.46829E-04   5.04996E-05   8.96667E-05   7.71690E-13     1628.81  0
 9.48104E-03   6.36665E-04   4.78778E-05   9.02123E-05   6.86232E-13     1624.33  0
 9.50104E-03   6.26382E-04   4.43899E-05   9.03644E-05   6.06776E-13     1622.80  0
 9.52104E-03   6.15861E-04   4.24071E-05   9.03031E-05   5.32678E-13     1622.17  0
 9.54104E-03   6.01860E-04   3.91027E-05   9.00964E-05   4.63819E-13     1621.29  0
 9.56104E-03   5.88275E-04   3.72452E-05   8.96051E-05   4.00027E-13     1620.20  0
 9.58104E-03   5.72268E-04   3.42396E-05   8.89476E-05   3.41061E-13     1618.90  0
 9.60104E-03   5.52143E-04   3.25486E-05   8.59601E-05   2.58610E-13     1617.33  0
 9.62104E-03   5.30610E-04   2.97152E-05   8.33024E-05   2.01124E-13     1615.64  0
 9.64104E-03   5.01868E-04   2.82050E-05   7.77540E-05   1.54066E-13     1613.73  0
 9.66104E-03   4.51548E-04   2.59260E-05   7.03594E-05   2.10912E-13     1611.56  1
 9.68104E-03   4.41755E-05   1.04785E-04   5.05965E-05   3.46432E-13     1857.76  1
 9.70104E-03   7.89036E-05   1.08656E-04   5.64535E-05   4.74485E-13     2463.27  1
 9.72104E-03   1.09590E-04   1.09135E-04   6.12678E-05   5.97987E-13     2627.46  1
 9.74104E-03   1.39447E-04   1.09264E-04   6.26086E-05   7.22345E-13     2704.43  1
 9.76104E-03   1.69157E-04   1.09328E-04   6.38219E-05   8.46574E-13     2704.06  1
 9.78104E-03   1.98784E-04   1.09378E-04   6.46110E-05   9.70658E-13     2704.26  1
 9.80104E-03   2.27813E-04   1.09262E-04   6.51921E-05   1.11403E-12     2639.29  1
 9.82104E-03   2.63521E-04   1.09526E-04   6.94160E-05   1.25019E-12     2633.83  1
 9.84104E-03   2.93706E-04   1.09557E-04   7.14116E-05   1.37382E-12     2724.76  1
 9.86104E-03   3.23938E-04   1.09579E-04   7.22678E-05   1.49093E-12     2730.51  1
 9.88104E-03   3.54078E-04   1.09613E-04   7.28839E-05   1.60377E-12     2728.47  1
 9.90104E-03   3.84234E-04   1.09647E-04   7.35094E-05   1.71294E-12     2710.77  1
 9.92104E-03   4.14353E-04   1.09676E-04   7.40907E-05   1.81227E-12     2707.86  1
 9.94104E-03   4.44477E-04   1.09692E-04   7.45963E-05   1.91183E-12     2749.05  1
 9.96104E-03   4.74471E-04   1.09691E-04   7.50541E-05   1.83097E-12     2713.66  0
 9.98104E-03   4.74879E-04   1.07814E-04   7.55236E-05   1.74007E-12     2352.80  0
 1.00010E-02   4.74429E-04   1.03529E-04   7.59397E-05   1.64621E-12     2184.91  0
 1.00210E-02   4.75447E-04   9.95080E-05   7.63832E-05   1.55719E-12     2077.16  0
 1.00410E-02   4.76436E-04   9.54905E-05   7.66828E-05   1.47256E-12     1995.25  0
 1.00610E-02   4.76581E-04   9.16852E-05   7.68469E-05   1.39347E-12     1931.46  0
 1.00810E-02   4.72844E-04   8.76114E-05   7.68735E-05   1.31864E-12     1878.43  0
 1.01010E-02   4.71475E-04   8.29316E-05   7.67655E-05   1.24716E-12     1834.03  0
 1.01210E-02   4.70442E-04   7.84309E-05   7.65297E-05   1.17861E-12     1797.10  0
 1.01410E-02   4.68644E-04   7.40252E-05   7.62581E-05   1.11234E-12     1766.01  0
 1.01610E-02   4.63147E-04   7.00540E-05   7.58881E-05   1.04786E-12     1740.51  0
 1.01810E-02   4.60649E-04   6.66847E-05   7.54171E-05   9.84974E-13     1718.39  0
 1.02010E-02   4.56516E-04   6.30345E-05   7.48335E-05   9.23617E-13     1699.34  0
 1.02210E-02   4.50800E-04   5.92719E-05   7.41538E-05   8.63416E-13     1683.05  0
 1.02410E-02   4.43341E-04   5.64114E-05   7.34093E-05   8.04431E-13     1668.99  0
 1.02610E-02   4.39093E-04   5.34214E-05   7.26263E-05   7.46711E-13     1656.76  0
 1.02810E-02   4.32063E-04   5.03924E-05   7.18378E-05   6.89910E-13     1646.35  0
 1.03010E-02   4.27959E-04   4.81384E-05   7.11475E-05   6.35440E-13     1637.73  0
 1.03210E-02   4.20986E-04   4.52067E-05   7.06278E-05   5.82144E-13     1631.01  0
 1.03410E-02   4.16178E-04   4.32217E-05   7.02414E-05   5.31012E-13     1626.26  0
 1.03610E-02   4.08872E-04   4.06062E-05   6.99492E-05   4.82275E-13     1623.52  0
 1.03810E-02   4.02901E-04   3.86917E-05   6.96871E-05   4.35915E-13     1622.77  0
 1.04010E-02   3.91623E-04   3.68654E-05   6.71346E-05   3.67164E-13     1622.21  0
 1.04210E-02   3.78546E-04   3.44705E-05   7.26890E-05   3.19924E-13     1621.41  0
 1.04410E-02   3.68628E-04   3.31154E-05   7.30844E-05   2.76800E-13     1620.30  0
 1.04610E-02   3.55220E-04   3.08137E-05   7.33337E-05   3.32867E-13     1618.88  1
 1.04810E-02   4.10871E-05   1.05599E-04   4.13461E-05   4.54844E-13     1890.39  1
 1.05010E-02   7.46864E-05   1.08666E-04   5.72375E-05   5.72618E-13     2430.52  1
 1.05210E-02   1.06315E-04   1.09303E-04   6.10695E-05   6.87071E-13     2602.86  1
 1.05410E-02   1.37251E-04   1.09445E-04   6.27638E-05   7.99318E-13     2639.17  1
 1.05610E-02   1.67949E-04   1.09497E-04   6.38777E-05   9.09328E-13     2648.04  1
 1.05810E-02   1.98597E-04   1.09528E-04   6.46469E-05   1.01717E-12     2656.34  1
 1.06010E-02   2.27589E-04   1.08920E-04   6.48964E-05   1.13229E-12     2589.25  1
 1.06210E-02   2.61620E-04   1.09246E-04   6.86107E-05   1.07210E-12     2582.77  0
 1.06410E-02   2.62058E-04   1.07034E-04   7.03449E-05   1.00024E-12     2259.14  0
 1.06610E-02   2.63105E-04   1.02870E-04   7.10168E-05   9.30169E-13     2097.91  0
 1.06810E-02   2.63345E-04   9.84081E-05   7.13578E-05   8.65865E-13     1995.66  0
 1.07010E-02   2.63447E-04   9.37103E-05   7.14910E-05   8.08580E-13     1924.09  0
 1.07210E-02   2.63504E-04   8.90521E-05   7.14472E-05   7.56834E-13     1867.43  0
 1.07410E-02   2.63398E-04   8.43699E-05   7.12503E-05   7.09406E-13     1822.06  0
 1.07610E-02   2.63158E-04   7.97640E-05   7.09113E-05   6.65147E-13     1783.58  0
 1.07810E-02   2.62824E-04   7.52697E-05   7.04589E-05   6.23058E-13     1751.88  0
 1.08010E-02   2.62444E-04   7.09486E-05   6.99157E-05   5.82624E-13     1725.29  0
 1.08210E-02   2.62182E-04   6.72770E-05   6.93002E-05   5.43214E-13     1702.83  0
 1.08410E-02   2.61961E-04   6.29724E-05   6.86441E-05   5.04623E-13     1683.97  0
 1.08610E-02   2.61654E-04   5.88151E-05   6.79729E-05   4.66710E-13     1667.79  0
 1.08810E-02   2.61227E-04   5.53258E-05   6.73285E-05   4.29388E-13     1654.15  0
 1.09010E-02   2.54073E-04   5.27038E-05   6.67720E-05   3.93221E-13     1642.96  0
 1.09210E-02   2.50721E-04   4.89695E-05   6.64692E-05   3.58428E-13     1634.32  0
 1.09410E-02   2.44298E-04   4.63412E-05   6.64202E-05   3.24987E-13     1628.18  0
 1.09610E-02   2.41186E-04   4.35741E-05   6.64083E-05   2.93147E-13     1624.36  0
 1.09810E-02   2.34580E-04   4.10203E-05   6.64026E-05   2.63074E-13     1622.90  0
 1.10010E-02   2.31883E-04   3.86236E-05   6.63981E-05   2.34635E-13     1622.44  0
 1.10210E-02   2.29923E-04   3.66610E-05   6.63903E-05   2.07632E-13     1621.79  0
 1.10410E-02   2.22466E-04   3.42571E-05   6.63744E-05   1.82174E-13     1620.94  0
 1.10610E-02   2.16584E-04   3.28621E-05   6.63464E-05   1.58114E-13     1619.88  0
 1.10810E-02   2.12211E-04   3.02923E-05   6.62998E-05   1.35579E-13     1618.60  0
 1.11010E-02   2.06461E-04   2.87326E-05   6.62291E-05   1.14687E-13     1617.09  0
 1.11210E-02   1.92672E-04   2.73872E-05   6.61283E-05   9.55699E-14     1615.32  0
 1.11410E-02   1.77665E-04   2.48122E-05   6.59863E-05   7.80167E-14     1613.29  0
 1.11610E-02   1.64866E-04   2.34985E-05   6.57972E-05   6.23621E-14     1611.00  0
 1.11810E-02   1.51791E-04   2.18822E-05   6.55513E-05   4.82643E-14     1608.41  0
 1.12010E-02   1.42008E-04   1.96252E-05   6.52248E-05   3.57625E-14     1605.48  0
 1.12210E-02   1.27275E-04   1.83386E-05   6.48035E-05   2.50866E-14     1602.19  0
 1.12410E-02   1.20932E-04   1.64081E-05   6.42663E-05   1.62512E-14     1598.51  0
 1.12610E-02   1.03763E-04   1.43110E-05   6.34595E-05   9.34917E-15     1594.30  0
 1.12810E-02   8.62617E-05   1.29911E-05   5.47259E-05   4.51657E-15     1589.58  0
 1.13010E-02   6.89222E-05   1.02035E-05   4.46480E-05   1.38476E-15     1583.99  0
 1.13210E-02   4.78934E-05   8.15489E-06   3.38592E-05   4.72936E-17     1577.48  0
 1.13410E-02   1.72913E-05   3.43210E-06   1.66249E-05   0.00000E+00     1566.42  0
 1.13610E-02   0.00000E+00   0.00000E+00   0.00000E+00   0.00000E+00     1525.21  0
 1.13810E-02   0.00000E+00   0.00000E+00   0.00000E+00   0.00000E+00     1492.32  0
 1.14010E-02   0.00000E+00   0.00000E+00   0.00000E+00   0.00000E+00     1478.54  0
 1.14210E-02   0.00000E+00   0.00000E+00   0.00000E+00   0.00000E+00     1468.27  0
 1.14411E-02   0.00000E+00   0.00000E+00   0.00000E+00   0.00000E+00     1457.54  0
 1.14611E-02   0.00000E+00   0.00000E+00   0.00000E+00   0.00000E+00     1446.56  0
 1.14811E-02   0.00000E+00   0.00000E+00   0.00000E+00   0.00000E+00     1435.45  0
 1.15011E-02   0.00000E+00   0.00000E+00   0.00000E+00   0.00000E+00     1424.33  0
 1.15211E-02   0.00000E+00   0.00000E+00   0.00000E+00   0.00000E+00     1413.25  0
 1.15411E-02   0.00000E+00   0.00000E+00   0.00000E+00   0.00000E+00     1402.27  0
 1.15611E-02   0.00000E+00   0.00000E+00   0.00000E+00   0.00000E+00     1391.49  0
 1.15811E-02   0.00000E+00   0.00000E+00   0.00000E+00   0.00000E+00     1380.85  0
 1.16011E-02   0.00000E+00   0.00000E+00   0.00000E+00   0.00000E+00     1370.37  0
 1.16211E-02   0.00000E+00   0.00000E+00   0.00000E+00   0.00000E+00     1360.05  0
 1.16411E-02   0.00000E+00   0.00000E+00   0.00000E+00   0.00000E+00     1350.09  0
 1.16611E-02   0.00000E+00   0.00000E+00   0.00000E+00   0.00000E+00     1345.39  0
 1.16811E-02   0.00000E+00   0.00000E+00   0.00000E+00   0.00000E+00     1340.50  0
 1.17011E-02   0.00000E+00   0.00000E+00   0.00000E+00   0.00000E+00     1335.42  0
 1.17211E-02   0.00000E+00   0.00000E+00   0.00000E+00   0.00000E+00     1330.19  0
 1.17411E-02   0.00000E+00   0.00000E+00   0.00000E+00   0.00000E+00     1324.81  0
 1.17611E-02   0.00000E+00   0.00000E+00   0.00000E+00   0.00000E+00     1319.31  0
 1.17811E-02   0.00000E+00   0.00000E+00   0.00000E+00   0.00000E+00     1313.69  0
 1.18011E-02   0.00000E+00   0.00000E+00   0.00000E+00   0.00000E+00     1307.98  0
 1.18211E-02   0.00000E+00   0.00000E+00   0.00000E+00   0.00000E+00     1302.18  0
 1.18411E-02   0.00000E+00   0.00000E+00   0.00000E+00   0.00000E+00     1296.31  0
 1.18611E-02   0.00000E+00   0.00000E+00   0.00000E+00   0.00000E+00     1290.38  0
 1.18811E-02   0.00000E+00   0.00000E+00   0.00000E+00   0.00000E+00     1284.39  0
 1.19011E-02   0.00000E+00   0.00000E+00   0.00000E+00   0.00000E+00     1278.36  0
 1.19211E-02   0.00000E+00   0.00000E+00   0.00000E+00   0.00000E+00     1272.29  0
 1.19411E-02   0.00000E+00   0.00000E+00   0.00000E+00   0.00000E+00     1266.19  0
 1.19611E-02   0.00000E+00   0.00000E+00   0.00000E+00   0.00000E+00     1260.08  0
 1.19811E-02   0.00000E+00   0.00000E+00   0.00000E+00   0.00000E+00     1253.95  0
 1.20011E-02   0.00000E+00   0.00000E+00   0.00000E+00   0.00000E+00     1247.80  0
 1.20211E-02   0.00000E+00   0.00000E+00   0.00000E+00   0.00000E+00     1241.66  0
 1.20411E-02   0.00000E+00   0.00000E+00   0.00000E+00   0.00000E+00     1235.52  0
 1.20611E-02   0.00000E+00   0.00000E+00   0.00000E+00   0.00000E+00     1229.38  0
 1.20811E-02   0.00000E+00   0.00000E+00   0.00000E+00   0.00000E+00     1223.26  0
 1.21011E-02   0.00000E+00   0.00000E+00   0.00000E+00   0.00000E+00     1217.15  0
 1.21211E-02   0.00000E+00   0.00000E+00   0.00000E+00   0.00000E+00     1211.06  0
 1.21411E-02   0.00000E+00   0.00000E+00   0.00000E+00   0.00000E+00     1204.99  0
 1.21611E-02   0.00000E+00   0.00000E+00   0.00000E+00   0.00000E+00     1198.95  0
 1.21811E-02   0.00000E+00   0.00000E+00   0.00000E+00   0.00000E+00     1192.94  0
 1.22011E-02   0.00000E+00   0.00000E+00   0.00000E+00   0.00000E+00     1186.95  0
 1.22211E-02   0.00000E+00   0.00000E+00   0.00000E+00   0.00000E+00     1181.01  0
 1.22411E-02   0.00000E+00   0.00000E+00   0.00000E+00   0.00000E+00     1175.10  0
 1.22611E-02   0.00000E+00   0.00000E+00   0.00000E+00   0.00000E+00     1169.23  0
 1.22811E-02   0.00000E+00   0.00000E+00   0.00000E+00   0.00000E+00     1163.40  0
 1.23011E-02   0.00000E+00   0.00000E+00   0.00000E+00   0.00000E+00     1157.61  0
 1.23211E-02   0.00000E+00   0.00000E+00   0.00000E+00   0.00000E+00     1152.32  0
 1.23411E-02   0.00000E+00   0.00000E+00   0.00000E+00   0.00000E+00     1147.38  0
 1.23611E-02   0.00000E+00   0.00000E+00   0.00000E+00   0.00000E+00     1142.45  0
 1.23811E-02   0.00000E+00   0.00000E+00   0.00000E+00   0.00000E+00     1137.55  0
 1.24011E-02   0.00000E+00   0.00000E+00   0.00000E+00   0.00000E+00     1132.66  0
 1.24211E-02   0.00000E+00   0.00000E+00   0.00000E+00   0.00000E+00     1127.81  0
 1.24411E-02   0.00000E+00   0.00000E+00   0.00000E+00   0.00000E+00     1122.98  0
 1.24611E-02   0.00000E+00   0.00000E+00   0.00000E+00   0.00000E+00     1118.17  0
 1.24811E-02   0.00000E+00   0.00000E+00   0.00000E+00   0.00000E+00     1113.40  0
 1.25011E-02   0.00000E+00   0.00000E+00   0.00000E+00   0.00000E+00     1108.66  0
 1.25211E-02   0.00000E+00   0.00000E+00   0.00000E+00   0.00000E+00     1103.95  0
 1.25411E-02   0.00000E+00   0.00000E+00   0.00000E+00   0.00000E+00     1099.27  0
 1.25611E-02   0.00000E+00   0.00000E+00   0.00000E+00   0.00000E+00     1094.63  0
 1.25811E-02   0.00000E+00   0.00000E+00   0.00000E+00   0.00000E+00     1090.03  0
 1.26011E-02   0.00000E+00   0.00000E+00   0.00000E+00   0.00000E+00     1085.46  0
 1.26211E-02   0.00000E+00   0.00000E+00   0.00000E+00   0.00000E+00     1080.93  0
 1.26411E-02   0.00000E+00   0.00000E+00   0.00000E+00   0.00000E+00     1076.43  0
 1.26611E-02   0.00000E+00   0.00000E+00   0.00000E+00   0.00000E+00     1071.98  0
 1.26811E-02   0.00000E+00   0.00000E+00   0.00000E+00   0.00000E+00     1067.57  0
 1.27011E-02   0.00000E+00   0.00000E+00   0.00000E+00   0.00000E+00     1063.19  0
 1.27211E-02   0.00000E+00   0.00000E+00   0.00000E+00   0.00000E+00     1058.85  0
 1.27411E-02   0.00000E+00   0.00000E+00   0.00000E+00   0.00000E+00     1054.56  0
 1.27611E-02   0.00000E+00   0.00000E+00   0.00000E+00   0.00000E+00     1050.31  0
 1.27811E-02   0.00000E+00   0.00000E+00   0.00000E+00   0.00000E+00     1046.09  0
 1.28011E-02   0.00000E+00   0.00000E+00   0.00000E+00   0.00000E+00     1041.92  0
 1.28211E-02   0.00000E+00   0.00000E+00   0.00000E+00   0.00000E+00     1037.79  0
 1.28411E-02   0.00000E+00   0.00000E+00   0.00000E+00   0.00000E+00     1033.70  0
 1.28611E-02   0.00000E+00   0.00000E+00   0.00000E+00   0.00000E+00     1029.65  0
 1.28811E-02   0.00000E+00   0.00000E+00   0.00000E+00   0.00000E+00     1025.64  0
 1.29011E-02   0.00000E+00   0.00000E+00   0.00000E+00   0.00000E+00     1021.67  0
 1.29211E-02   0.00000E+00   0.00000E+00   0.00000E+00   0.00000E+00     1017.75  0
 1.29411E-02   0.00000E+00   0.00000E+00   0.00000E+00   0.00000E+00     1013.86  0
 1.29611E-02   0.00000E+00   0.00000E+00   0.00000E+00   0.00000E+00     1010.02  0
 1.29811E-02   0.00000E+00   0.00000E+00   0.00000E+00   0.00000E+00     1006.21  0
 1.30011E-02   0.00000E+00   0.00000E+00   0.00000E+00   0.00000E+00     1002.45  0
 1.30211E-02   0.00000E+00   0.00000E+00   0.00000E+00   0.00000E+00      998.72  0
 1.30411E-02   0.00000E+00   0.00000E+00   0.00000E+00   0.00000E+00      995.04  0
 1.30611E-02   0.00000E+00   0.00000E+00   0.00000E+00   0.00000E+00      991.39  0
 1.30811E-02   0.00000E+00   0.00000E+00   0.00000E+00   0.00000E+00      987.78  0
 1.31011E-02   0.00000E+00   0.00000E+00   0.00000E+00   0.00000E+00      984.22  0
 1.31211E-02   0.00000E+00   0.00000E+00   0.00000E+00   0.00000E+00      980.69  0
 1.31411E-02   0.00000E+00   0.00000E+00   0.00000E+00   0.00000E+00      977.20  0
 1.31611E-02   0.00000E+00   0.00000E+00   0.00000E+00   0.00000E+00      973.75  0
 1.31811E-02   0.00000E+00   0.00000E+00   0.00000E+00   0.00000E+00      970.33  0
 1.32011E-02   0.00000E+00   0.00000E+00   0.00000E+00   0.00000E+00      966.95  0
 1.32211E-02   0.00000E+00   0.00000E+00   0.00000E+00   0.00000E+00      963.61  0
 1.32411E-02   0.00000E+00   0.00000E+00   0.00000E+00   0.00000E+00      960.31  0
 1.32611E-02   0.00000E+00   0.00000E+00   0.00000E+00   0.00000E+00      957.04  0
 1.32811E-02   0.00000E+00   0.00000E+00   0.00000E+00   0.00000E+00      953.81  0
 1.33011E-02   0.00000E+00   0.00000E+00   0.00000E+00   0.00000E+00      950.62  0
 1.33211E-02   0.00000E+00   0.00000E+00   0.00000E+00   0.00000E+00      947.46  0
 1.33411E-02   0.00000E+00   0.00000E+00   0.00000E+00   0.00000E+00      944.33  0
 1.33611E-02   0.00000E+00   0.00000E+00   0.00000E+00   0.00000E+00      941.24  0
 1.33811E-02   0.00000E+00   0.00000E+00   0.00000E+00   0.00000E+00      938.18  0
 1.34011E-02   0.00000E+00   0.00000E+00   0.00000E+00   0.00000E+00      935.15  0
 1.34211E-02   0.00000E+00   0.00000E+00   0.00000E+00   0.00000E+00      932.16  0
 1.34411E-02   0.00000E+00   0.00000E+00   0.00000E+00   0.00000E+00      929.20  0
 1.34611E-02   0.00000E+00   0.00000E+00   0.00000E+00   0.00000E+00      926.27  0
 1.34811E-02   0.00000E+00   0.00000E+00   0.00000E+00   0.00000E+00      923.37  0
 1.35011E-02   0.00000E+00   0.00000E+00   0.00000E+00   0.00000E+00      920.51  0
 1.35211E-02   0.00000E+00   0.00000E+00   0.00000E+00   0.00000E+00      917.67  0
 1.35411E-02   0.00000E+00   0.00000E+00   0.00000E+00   0.00000E+00      914.87  0
 1.35611E-02   0.00000E+00   0.00000E+00   0.00000E+00   0.00000E+00      912.10  0
 1.35811E-02   0.00000E+00   0.00000E+00   0.00000E+00   0.00000E+00      909.35  0
 1.36011E-02   0.00000E+00   0.00000E+00   0.00000E+00   0.00000E+00      906.63  0
 1.36211E-02   0.00000E+00   0.00000E+00   0.00000E+00   0.00000E+00      903.95  0
 1.36411E-02   0.00000E+00   0.00000E+00   0.00000E+00   0.00000E+00      901.29  0
 1.36611E-02   0.00000E+00   0.00000E+00   0.00000E+00   0.00000E+00      898.66  0
 1.36811E-02   0.00000E+00   0.00000E+00   0.00000E+00   0.00000E+00      896.05  0
 1.37011E-02   0.00000E+00   0.00000E+00   0.00000E+00   0.00000E+00      894.43  0
 1.37211E-02   0.00000E+00   0.00000E+00   0.00000E+00   0.00000E+00      892.96  0
 1.37411E-02   0.00000E+00   0.00000E+00   0.00000E+00   0.00000E+00      891.49  0
 1.37611E-02   0.00000E+00   0.00000E+00   0.00000E+00   0.00000E+00      890.03  0
 1.37811E-02   0.00000E+00   0.00000E+00   0.00000E+00   0.00000E+00      888.57  0
 1.38011E-02   0.00000E+00   0.00000E+00   0.00000E+00   0.00000E+00      887.13  0
 1.38211E-02   0.00000E+00   0.00000E+00   0.00000E+00   0.00000E+00      885.68  0
 1.38411E-02   0.00000E+00   0.00000E+00   0.00000E+00   0.00000E+00      884.25  0
 1.38611E-02   0.00000E+00   0.00000E+00   0.00000E+00   0.00000E+00      882.82  0
 1.38811E-02   0.00000E+00   0.00000E+00   0.00000E+00   0.00000E+00      881.40  0
 1.39011E-02   0.00000E+00   0.00000E+00   0.00000E+00   0.00000E+00      879.99  0
 1.39211E-02   0.00000E+00   0.00000E+00   0.00000E+00   0.00000E+00      878.58  0
 1.39411E-02   0.00000E+00   0.00000E+00   0.00000E+00   0.00000E+00      877.18  0
 1.39611E-02   0.00000E+00   0.00000E+00   0.00000E+00   0.00000E+00      875.80  0
 1.39811E-02   0.00000E+00   0.00000E+00   0.00000E+00   0.00000E+00      874.43  0
 1.40011E-02   0.00000E+00   0.00000E+00   0.00000E+00   0.00000E+00      873.07  0
 1.40211E-02   0.00000E+00   0.00000E+00   0.00000E+00   0.00000E+00      871.71  0
 1.40411E-02   0.00000E+00   0.00000E+00   0.00000E+00   0.00000E+00      870.36  0
 1.40611E-02   0.00000E+00   0.00000E+00   0.00000E+00   0.00000E+00      869.04  0
 1.40811E-02   0.00000E+00   0.00000E+00   0.00000E+00   0.00000E+00      867.74  0
 1.41011E-02   0.00000E+00   0.00000E+00   0.00000E+00   0.00000E+00      866.47  0
 1.41211E-02   0.00000E+00   0.00000E+00   0.00000E+00   0.00000E+00      865.20  0
 1.41411E-02   0.00000E+00   0.00000E+00   0.00000E+00   0.00000E+00      863.94  0
 1.41611E-02   0.00000E+00   0.00000E+00   0.00000E+00   0.00000E+00      862.71  0
 1.41811E-02   0.00000E+00   0.00000E+00   0.00000E+00   0.00000E+00      861.49  0
 1.42011E-02   0.00000E+00   0.00000E+00   0.00000E+00   0.00000E+00      860.27  0
 1.42211E-02   0.00000E+00   0.00000E+00   0.00000E+00   0.00000E+00      859.05  0
 1.42411E-02   0.00000E+00   0.00000E+00   0.00000E+00   0.00000E+00      857.85  0
 1.42611E-02   0.00000E+00   0.00000E+00   0.00000E+00   0.00000E+00      856.67  0
 1.42811E-02   0.00000E+00   0.00000E+00   0.00000E+00   0.00000E+00      855.50  0
 1.43011E-02   0.00000E+00   0.00000E+00   0.00000E+00   0.00000E+00      854.33  0
 1.43211E-02   0.00000E+00   0.00000E+00   0.00000E+00   0.00000E+00      853.16  0
 1.43411E-02   0.00000E+00   0.00000E+00   0.00000E+00   0.00000E+00      852.00  0
 1.43611E-02   0.00000E+00   0.00000E+00   0.00000E+00   0.00000E+00      850.85  0
 1.43811E-02   0.00000E+00   0.00000E+00   0.00000E+00   0.00000E+00      849.72  0
 1.44011E-02   0.00000E+00   0.00000E+00   0.00000E+00   0.00000E+00      848.60  0
 1.44211E-02   0.00000E+00   0.00000E+00   0.00000E+00   0.00000E+00      847.48  0
 1.44411E-02   0.00000E+00   0.00000E+00   0.00000E+00   0.00000E+00      846.37  0
 1.44611E-02   0.00000E+00   0.00000E+00   0.00000E+00   0.00000E+00      845.26  0
 1.44811E-02   0.00000E+00   0.00000E+00   0.00000E+00   0.00000E+00      844.15  0
 1.45011E-02   0.00000E+00   0.00000E+00   0.00000E+00   0.00000E+00      843.06  0
 1.45211E-02   0.00000E+00   0.00000E+00   0.00000E+00   0.00000E+00      842.00  0
 1.45411E-02   0.00000E+00   0.00000E+00   0.00000E+00   0.00000E+00      840.94  0
 1.45611E-02   0.00000E+00   0.00000E+00   0.00000E+00   0.00000E+00      839.88  0
 1.45811E-02   0.00000E+00   0.00000E+00   0.00000E+00   0.00000E+00      838.83  0
 1.46011E-02   0.00000E+00   0.00000E+00   0.00000E+00   0.00000E+00      837.78  0
 1.46211E-02   0.00000E+00   0.00000E+00   0.00000E+00   0.00000E+00      836.74  0
 1.46411E-02   0.00000E+00   0.00000E+00   0.00000E+00   0.00000E+00      835.70  0
 1.46611E-02   0.00000E+00   0.00000E+00   0.00000E+00   0.00000E+00      834.66  0
 1.46811E-02   0.00000E+00   0.00000E+00   0.00000E+00   0.00000E+00      833.63  0
 1.47011E-02   0.00000E+00   0.00000E+00   0.00000E+00   0.00000E+00      832.61  0
 1.47211E-02   0.00000E+00   0.00000E+00   0.00000E+00   0.00000E+00      831.61  0
 1.47411E-02   0.00000E+00   0.00000E+00   0.00000E+00   0.00000E+00      830.61  0
 1.47611E-02   0.00000E+00   0.00000E+00   0.00000E+00   0.00000E+00      829.61  0
 1.47811E-02   0.00000E+00   0.00000E+00   0.00000E+00   0.00000E+00      828.62  0
 1.48011E-02   0.00000E+00   0.00000E+00   0.00000E+00   0.00000E+00      827.63  0
 1.48211E-02   0.00000E+00   0.00000E+00   0.00000E+00   0.00000E+00      826.65  0
 1.48411E-02   0.00000E+00   0.00000E+00   0.00000E+00   0.00000E+00      825.67  0
 1.48611E-02   0.00000E+00   0.00000E+00   0.00000E+00   0.00000E+00      824.69  0
 1.48811E-02   0.00000E+00   0.00000E+00   0.00000E+00   0.00000E+00      823.71  0
 1.49011E-02   0.00000E+00   0.00000E+00   0.00000E+00   0.00000E+00      822.74  0
 1.49211E-02   0.00000E+00   0.00000E+00   0.00000E+00   0.00000E+00      821.78  0
 1.49411E-02   0.00000E+00   0.00000E+00   0.00000E+00   0.00000E+00      820.81  0
 1.49611E-02   0.00000E+00   0.00000E+00   0.00000E+00   0.00000E+00      819.85  0
 1.49811E-02   0.00000E+00   0.00000E+00   0.00000E+00   0.00000E+00      818.89  0
 1.50011E-02   0.00000E+00   0.00000E+00   0.00000E+00   0.00000E+00      817.96  0
 1.50211E-02   0.00000E+00   0.00000E+00   0.00000E+00   0.00000E+00      817.03  0
 1.50411E-02   0.00000E+00   0.00000E+00   0.00000E+00   0.00000E+00      816.10  0
 1.50611E-02   0.00000E+00   0.00000E+00   0.00000E+00   0.00000E+00      815.18  0
 1.50811E-02   0.00000E+00   0.00000E+00   0.00000E+00   0.00000E+00      814.26  0
 1.51011E-02   0.00000E+00   0.00000E+00   0.00000E+00   0.00000E+00      813.35  0
 1.51211E-02   0.00000E+00   0.00000E+00   0.00000E+00   0.00000E+00      812.43  0
 1.51411E-02   0.00000E+00   0.00000E+00   0.00000E+00   0.00000E+00      811.52  0
 1.51611E-02   0.00000E+00   0.00000E+00   0.00000E+00   0.00000E+00      810.62  0
 1.51811E-02   0.00000E+00   0.00000E+00   0.00000E+00   0.00000E+00      809.71  0
 1.52011E-02   0.00000E+00   0.00000E+00   0.00000E+00   0.00000E+00      808.81  0
 1.52211E-02   0.00000E+00   0.00000E+00   0.00000E+00   0.00000E+00      807.92  0
 1.52411E-02   0.00000E+00   0.00000E+00   0.00000E+00   0.00000E+00      807.02  0
 1.52611E-02   0.00000E+00   0.00000E+00   0.00000E+00   0.00000E+00      806.13  0
 1.52811E-02   0.00000E+00   0.00000E+00   0.00000E+00   0.00000E+00      805.24  0
 1.53011E-02   0.00000E+00   0.00000E+00   0.00000E+00   0.00000E+00      804.36  0
 1.53211E-02   0.00000E+00   0.00000E+00   0.00000E+00   0.00000E+00      803.48  0
 1.53411E-02   0.00000E+00   0.00000E+00   0.00000E+00   0.00000E+00      802.60  0
 1.53611E-02   0.00000E+00   0.00000E+00   0.00000E+00   0.00000E+00      801.72  0
 1.53811E-02   0.00000E+00   0.00000E+00   0.00000E+00   0.00000E+00      800.85  0
 1.54011E-02   0.00000E+00   0.00000E+00   0.00000E+00   0.00000E+00      799.98  0
 1.54211E-02   0.00000E+00   0.00000E+00   0.00000E+00   0.00000E+00      799.12  0
 1.54411E-02   0.00000E+00   0.00000E+00   0.00000E+00   0.00000E+00      798.26  0
 1.54611E-02   0.00000E+00   0.00000E+00   0.00000E+00   0.00000E+00      797.41  0
 1.54811E-02   0.00000E+00   0.00000E+00   0.00000E+00   0.00000E+00      796.56  0
 1.55011E-02   0.00000E+00   0.00000E+00   0.00000E+00   0.00000E+00      795.71  0
 1.55211E-02   0.00000E+00   0.00000E+00   0.00000E+00   0.00000E+00      794.86  0
 1.55411E-02   0.00000E+00   0.00000E+00   0.00000E+00   0.00000E+00      794.02  0
 1.55611E-02   0.00000E+00   0.00000E+00   0.00000E+00   0.00000E+00      793.18  0
 1.55811E-02   0.00000E+00   0.00000E+00   0.00000E+00   0.00000E+00      792.35  0
 1.56011E-02   0.00000E+00   0.00000E+00   0.00000E+00   0.00000E+00      791.53  0
 1.56211E-02   0.00000E+00   0.00000E+00   0.00000E+00   0.00000E+00      790.72  0
 1.56411E-02   0.00000E+00   0.00000E+00   0.00000E+00   0.00000E+00      789.90  0
 1.56611E-02   0.00000E+00   0.00000E+00   0.00000E+00   0.00000E+00      789.09  0
 1.56811E-02   0.00000E+00   0.00000E+00   0.00000E+00   0.00000E+00      788.29  0
 1.57011E-02   0.00000E+00   0.00000E+00   0.00000E+00   0.00000E+00      787.48  0
 1.57211E-02   0.00000E+00   0.00000E+00   0.00000E+00   0.00000E+00      786.68  0
 1.57411E-02   0.00000E+00   0.00000E+00   0.00000E+00   0.00000E+00      785.88  0
 1.57611E-02   0.00000E+00   0.00000E+00   0.00000E+00   0.00000E+00      785.09  0
 1.57811E-02   0.00000E+00   0.00000E+00   0.00000E+00   0.00000E+00      784.29  0
 1.58011E-02   0.00000E+00   0.00000E+00   0.00000E+00   0.00000E+00      783.50  0
 1.58211E-02   0.00000E+00   0.00000E+00   0.00000E+00   0.00000E+00      782.71  0
 1.58411E-02   0.00000E+00   0.00000E+00   0.00000E+00   0.00000E+00      781.92  0
 1.58611E-02   0.00000E+00   0.00000E+00   0.00000E+00   0.00000E+00      781.14  0
 1.58811E-02   0.00000E+00   0.00000E+00   0.00000E+00   0.00000E+00      780.36  0
 1.59011E-02   0.00000E+00   0.00000E+00   0.00000E+00   0.00000E+00      779.58  0
 1.59211E-02   0.00000E+00   0.00000E+00   0.00000E+00   0.00000E+00      778.80  0
 1.59411E-02   0.00000E+00   0.00000E+00   0.00000E+00   0.00000E+00      778.03  0
 1.59611E-02   0.00000E+00   0.00000E+00   0.00000E+00   0.00000E+00      777.25  0
 1.59811E-02   0.00000E+00   0.00000E+00   0.00000E+00   0.00000E+00      776.49  0
 1.60011E-02   0.00000E+00   0.00000E+00   0.00000E+00   0.00000E+00      775.73  0
 1.60211E-02   0.00000E+00   0.00000E+00   0.00000E+00   0.00000E+00      774.98  0
 1.60411E-02   0.00000E+00   0.00000E+00   0.00000E+00   0.00000E+00      774.24  0
 1.60611E-02   0.00000E+00   0.00000E+00   0.00000E+00   0.00000E+00      773.49  0
 1.60811E-02   0.00000E+00   0.00000E+00   0.00000E+00   0.00000E+00      772.75  0
 1.61011E-02   0.00000E+00   0.00000E+00   0.00000E+00   0.00000E+00      772.01  0
 1.61211E-02   0.00000E+00   0.00000E+00   0.00000E+00   0.00000E+00      771.27  0
