# Melt Pool Geometry History
# time(s)  length(m)  depth(m)  width(m)  volume(m3)  Tpeak(K)  laser_on
 2.10000E-05   0.00000E+00   0.00000E+00   0.00000E+00   7.49968E-14      293.00  1
 4.10000E-05   4.80918E-05   1.02992E-04   4.06240E-05   2.26176E-13     1885.33  1
 6.10000E-05   7.81492E-05   1.07848E-04   5.33706E-05   3.59403E-13     2441.81  1
 8.10000E-05   1.05344E-04   1.07988E-04   5.78024E-05   4.94651E-13     2589.85  1
 1.01000E-04   1.37570E-04   1.08149E-04   5.89041E-05   6.15284E-13     2565.20  1
 1.21000E-04   1.70768E-04   1.08193E-04   5.94882E-05   5.79071E-13     2553.88  0
 1.41000E-04   1.70260E-04   1.03778E-04   5.92548E-05   5.36168E-13     2289.78  0
 1.61000E-04   1.69991E-04   9.88030E-05   5.87998E-05   4.92839E-13     2167.58  0
 1.81000E-04   1.69530E-04   9.33830E-05   5.80806E-05   4.52621E-13     2074.55  0
 2.01000E-04   1.64610E-04   8.37608E-05   5.71029E-05   3.72719E-13     1985.73  0
 2.21000E-04   1.69777E-04   7.86058E-05   6.00591E-05   3.47118E-13     1867.43  0
 2.41000E-04   1.68773E-04   7.25077E-05   6.03988E-05   3.22157E-13     1793.23  0
 2.61000E-04   1.67479E-04   6.46975E-05   5.99184E-05   2.98133E-13     1742.09  0
 2.81000E-04   1.66202E-04   5.85981E-05   5.91162E-05   2.74455E-13     1706.35  0
 3.01000E-04   1.65115E-04   5.30816E-05   5.81575E-05   2.50933E-13     1679.43  0
 3.21000E-04   1.64341E-04   4.79859E-05   5.71772E-05   2.27100E-13     1658.92  0
 3.41000E-04   1.63955E-04   4.33280E-05   5.62971E-05   2.03140E-13     1643.28  0
 3.61000E-04   1.63624E-04   3.92227E-05   5.57498E-05   1.79888E-13     1631.90  0
 3.81000E-04   1.63301E-04   3.58712E-05   5.55349E-05   1.57366E-13     1624.93  0
 4.01000E-04   1.62953E-04   3.30821E-05   5.53677E-05   1.36138E-13     1622.62  0
 4.21000E-04   1.62571E-04   2.96670E-05   5.51980E-05   1.15887E-13     1621.56  0
 4.41000E-04   1.62106E-04   2.77349E-05   5.50191E-05   9.66398E-14     1620.08  0
 4.61000E-04   1.59346E-04   2.44631E-05   5.48200E-05   7.86410E-14     1618.13  0
 4.81000E-04   1.54317E-04   2.28172E-05   5.45875E-05   6.18260E-14     1615.67  0
 5.01000E-04   1.50456E-04   1.98071E-05   5.43088E-05   4.64820E-14     1612.57  0
 5.21000E-04   1.42862E-04   1.81838E-05   5.39645E-05   3.28239E-14     1608.86  0
 5.41000E-04   1.40704E-04   1.55743E-05   5.35348E-05   2.08980E-14     1604.36  0
 5.61000E-04   1.24493E-04   1.35943E-05   5.29907E-05   1.13947E-14     1598.99  0
 5.81000E-04   1.03775E-04   1.13503E-05   5.22617E-05   4.30524E-15     1592.55  0
 6.01000E-04   7.33534E-05   8.50088E-06   4.31873E-05   3.75124E-16     1583.78  0
 6.21000E-04   3.34631E-05   4.44602E-06   3.01981E-05   8.04337E-14     1571.35  1
 6.41000E-04   4.10657E-05   1.03797E-04   4.29756E-05   2.38441E-13     1850.86  1
 6.61000E-04   7.64668E-05   1.08064E-04   5.61689E-05   3.88710E-13     2406.55  1
 6.81000E-04   1.08478E-04   1.08757E-04   6.06423E-05   5.34008E-13     2612.09  1
 7.01000E-04   1.39174E-04   1.09143E-04   6.34194E-05   6.75167E-13     2657.44  1
 7.21000E-04   1.69736E-04   1.09386E-04   6.53121E-05   8.12170E-13     2684.88  1
 7.41000E-04   2.00090E-04   1.09468E-04   6.65665E-05   9.41334E-13     2703.65  1
 7.61000E-04   2.30156E-04   1.09378E-04   6.76067E-05   1.06979E-12     2708.28  1
 7.81000E-04   2.60004E-04   1.09151E-04   7.26541E-05   1.18710E-12     2707.15  1
 8.01000E-04   2.89068E-04   1.08494E-04   7.44546E-05   1.30297E-12     2621.80  1
 8.21000E-04   3.21140E-04   1.08431E-04   7.81098E-05   1.41170E-12     2588.89  1
 8.41000E-04   3.53486E-04   1.08242E-04   7.97481E-05   1.34573E-12     2601.98  0
 8.61000E-04   3.53576E-04   1.04114E-04   8.12913E-05   1.26878E-12     2251.22  0
 8.81000E-04   3.53893E-04   9.92033E-05   8.19565E-05   1.19072E-12     2099.08  0
 9.01000E-04   3.53872E-04   9.41373E-05   8.21868E-05   1.11717E-12     2005.87  0
 9.21000E-04   3.53742E-04   8.88915E-05   8.21306E-05   1.05056E-12     1937.12  0
 9.41000E-04   3.53551E-04   8.34376E-05   8.19651E-05   9.89095E-13     1880.15  0
 9.61000E-04   3.53265E-04   7.81374E-05   8.15507E-05   9.31666E-13     1833.62  0
 9.81000E-04   3.52869E-04   7.29590E-05   8.09889E-05   8.77439E-13     1794.47  0
 1.00100E-03   3.47791E-04   6.67320E-05   7.98625E-05   7.97264E-13     1760.71  0
 1.02100E-03   3.51107E-04   6.31544E-05   8.13555E-05   7.44647E-13     1731.95  0
 1.04100E-03   3.45834E-04   5.91491E-05   8.05403E-05   6.92723E-13     1707.25  0
 1.06100E-03   3.42168E-04   5.59629E-05   7.96647E-05   6.42338E-13     1686.31  0
 1.08100E-03   3.36144E-04   5.30827E-05   7.87846E-05   5.93028E-13     1668.74  0
 1.10100E-03   3.32297E-04   4.96354E-05   7.79442E-05   5.44908E-13     1654.19  0
 1.12100E-03   3.26176E-04   4.75678E-05   7.71834E-05   4.98091E-13     1642.44  0
 1.14100E-03   3.21888E-04   4.41163E-05   7.65559E-05   4.53188E-13     1633.33  0
 1.16100E-03   3.15166E-04   4.21177E-05   7.61970E-05   4.09869E-13     1627.20  0
 1.18100E-03   3.11117E-04   3.91157E-05   7.59376E-05   3.68827E-13     1623.63  0
 1.20100E-03   2.99349E-04   3.75391E-05   7.57050E-05   3.29962E-13     1622.67  0
 1.22100E-03   2.91207E-04   3.44796E-05   7.54898E-05   2.93367E-13     1622.00  0
 1.24100E-03   2.77391E-04   3.29891E-05   7.52833E-05   2.58845E-13     1621.10  0
 1.26100E-03   2.68602E-04   3.12057E-05   7.50789E-05   2.26441E-13     1619.97  0
 1.28100E-03   2.59315E-04   2.87174E-05   7.48715E-05   1.96202E-13     1618.59  0
 1.30100E-03   2.44285E-04   2.72678E-05   7.46553E-05   1.67930E-13     1616.95  0
 1.32100E-03   2.30409E-04   2.47086E-05   7.44250E-05   1.41554E-13     1615.02  0
 1.34100E-03   2.21183E-04   2.38132E-05   7.41780E-05   2.00093E-13     1612.78  1
 1.36100E-03   4.56606E-05   1.03865E-04   4.28800E-05   3.31924E-13     1854.38  1
 1.38100E-03   7.78906E-05   1.08447E-04   5.61979E-05   4.61073E-13     2530.88  1
 1.40100E-03   1.06091E-04   1.08416E-04   6.12096E-05   5.84390E-13     2574.75  1
 1.42100E-03   1.41639E-04   1.09231E-04   6.75616E-05   7.21639E-13     2599.05  1
 1.44100E-03   1.71665E-04   1.09667E-04   7.14552E-05   8.65591E-13     2631.40  1
 1.46100E-03   2.01675E-04   1.09960E-04   7.37821E-05   1.01136E-12     2643.50  1
 1.48100E-03   2.31835E-04   1.10214E-04   7.50578E-05   1.15671E-12     2660.60  1
 1.50100E-03   2.61895E-04   1.10376E-04   7.61435E-05   1.30083E-12     2657.83  1
 1.52100E-03   2.91690E-04   1.10445E-04   7.70232E-05   1.44587E-12     2643.41  1
 1.54100E-03   3.21704E-04   1.10426E-04   8.28592E-05   1.58544E-12     2635.92  1
 1.56100E-03   3.51711E-04   1.10312E-04   8.66584E-05   1.71628E-12     2636.35  1
 1.58100E-03   3.81734E-04   1.10088E-04   8.85009E-05   1.83825E-12     2628.58  1
 1.60100E-03   4.09565E-04   1.09730E-04   9.11932E-05   1.94676E-12     2610.14  1
 1.62100E-03   4.42931E-04   1.09385E-04   9.24405E-05   2.04072E-12     2608.41  1
 1.64100E-03   4.71879E-04   1.08907E-04   9.32297E-05   2.11969E-12     2610.62  1
 1.66100E-03   5.00459E-04   1.08588E-04   9.36148E-05   2.02423E-12     2602.61  0
 1.68100E-03   4.95630E-04   1.05210E-04   9.37449E-05   1.91854E-12     2269.49  0
 1.70100E-03   4.93195E-04   1.01459E-04   9.37194E-05   1.80944E-12     2115.65  0
 1.72100E-03   4.91219E-04   9.70534E-05   9.35519E-05   1.70323E-12     2023.15  0
 1.74100E-03   4.88047E-04   9.25431E-05   9.32544E-05   1.60222E-12     1955.89  0
 1.76100E-03   4.82094E-04   8.76912E-05   9.28593E-05   1.50622E-12     1902.28  0
 1.78100E-03   4.79137E-04   8.28074E-05   9.23682E-05   1.41426E-12     1857.16  0
 1.80100E-03   4.72651E-04   7.75377E-05   9.03337E-05   1.27933E-12     1817.45  0
 1.82100E-03   4.71192E-04   7.31474E-05   9.22087E-05   1.18129E-12     1774.78  0
 1.84100E-03   4.64440E-04   6.88489E-05   8.92267E-05   1.08315E-12     1734.87  0
 1.86100E-03   4.61643E-04   6.50320E-05   8.81619E-05   9.87883E-13     1701.89  0
 1.88100E-03   4.54812E-04   6.22997E-05   8.73386E-05   8.95967E-13     1676.06  0
 1.90100E-03   4.51758E-04   5.84690E-05   8.64695E-05   8.09102E-13     1656.43  0
 1.92100E-03   4.44859E-04   5.50895E-05   8.56818E-05   7.26198E-13     1642.27  0
 1.94100E-03   4.41543E-04   5.27602E-05   8.50029E-05   6.49239E-13     1632.26  0
 1.96100E-03   4.34408E-04   4.92291E-05   8.41173E-05   5.76701E-13     1625.94  0
 1.98100E-03   4.29652E-04   4.71595E-05   8.28491E-05   5.09972E-13     1623.00  0
 2.00100E-03   4.14865E-04   4.37183E-05   7.72077E-05   4.23095E-13     1622.33  0
 2.02100E-03   4.03801E-04   4.12989E-05   8.17431E-05   3.64288E-13     1621.39  0
 2.04100E-03   3.88357E-04   3.86957E-05   7.90939E-05   3.10508E-13     1620.19  0
 2.06100E-03   3.78545E-04   3.62516E-05   7.62972E-05   2.61374E-13     1618.72  0
 2.08100E-03   3.63131E-04   3.37798E-05   7.49972E-05   2.16999E-13     1617.00  0
 2.10100E-03   3.49374E-04   3.16220E-05   7.39427E-05   1.76867E-13     1615.04  0
 2.12100E-03   3.33304E-04   2.90463E-05   7.27832E-05   1.41333E-13     1612.86  0
 2.14100E-03   3.16895E-04   2.74155E-05   7.12366E-05   1.10094E-13     1610.39  0
 2.16100E-03   3.01419E-04   2.44029E-05   6.64896E-05   1.58690E-13     1607.70  1
 2.18100E-03   4.74358E-05   1.03262E-04   4.24176E-05   2.88897E-13     1831.33  1
 2.20100E-03   7.75920E-05   1.07667E-04   5.56883E-05   4.16495E-13     2402.55  1
 2.22100E-03   1.13626E-04   1.08461E-04   6.32109E-05   5.43520E-13     2576.34  1
 2.24100E-03   1.44010E-04   1.08973E-04   6.69347E-05   6.75866E-13     2684.01  1
 2.26100E-03   1.74694E-04   1.09462E-04   7.06859E-05   8.18633E-13     2717.77  1
 2.28100E-03   2.04954E-04   1.09926E-04   7.79494E-05   9.66526E-13     2702.69  1
 2.30100E-03   2.35209E-04   1.10277E-04   8.17722E-05   1.11838E-12     2701.80  1
 2.32100E-03   2.65369E-04   1.10520E-04   8.60452E-05   1.27144E-12     2701.66  1
 2.34100E-03   2.95723E-04   1.10688E-04   8.91595E-05   1.42367E-12     2704.76  1
 2.36100E-03   3.25992E-04   1.10810E-04   9.10556E-05   1.57384E-12     2711.31  1
 2.38100E-03   3.56254E-04   1.10885E-04   9.24100E-05   1.71976E-12     2718.41  1
 2.40100E-03   3.83442E-04   1.10909E-04   9.54852E-05   1.86249E-12     2674.31  1
 2.42100E-03   4.16450E-04   1.10972E-04   9.69829E-05   1.99792E-12     2687.44  1
 2.44100E-03   4.46449E-04   1.10996E-04   9.84392E-05   2.12019E-12     2742.89  1
 2.46100E-03   4.75901E-04   1.10881E-04   9.91382E-05   2.23349E-12     2787.77  1
 2.48100E-03   5.04470E-04   1.10735E-04   9.97100E-05   2.33700E-12     2778.08  1
 2.50100E-03   5.29951E-04   1.10526E-04   9.99421E-05   2.42860E-12     2770.93  1
 2.52100E-03   5.57130E-04   1.10239E-04   1.00056E-04   2.50704E-12     2766.60  1
 2.54100E-03   5.84711E-04   1.09856E-04   1.00022E-04   2.57407E-12     2761.49  1
 2.56100E-03   6.08734E-04   1.09410E-04   9.98151E-05   2.62835E-12     2749.94  1
 2.58100E-03   6.35027E-04   1.09044E-04   9.95234E-05   2.67013E-12     2742.87  1
 2.60100E-03   6.59082E-04   1.08713E-04   9.93688E-05   2.70019E-12     2715.59  1
 2.62100E-03   6.84829E-04   1.08496E-04   9.92320E-05   2.55403E-12     2691.02  0
 2.64100E-03   6.79208E-04   1.04550E-04   9.90509E-05   2.39842E-12     2305.23  0
 2.66100E-03   6.75222E-04   1.00129E-04   9.90532E-05   2.24567E-12     2142.10  0
 2.68100E-03   6.68940E-04   9.53500E-05   9.87168E-05   2.09677E-12     2041.01  0
 2.70100E-03   6.64883E-04   9.03430E-05   9.85212E-05   1.95782E-12     1964.93  0
 2.72100E-03   6.58074E-04   8.50804E-05   9.78999E-05   1.82595E-12     1903.91  0
 2.74100E-03   6.54096E-04   7.99889E-05   9.72812E-05   1.70025E-12     1853.72  0
 2.76100E-03   6.46778E-04   7.50550E-05   9.67022E-05   1.58084E-12     1810.86  0
 2.78100E-03   6.42974E-04   7.05433E-05   9.62031E-05   1.46670E-12     1776.20  0
 2.80100E-03   6.35353E-04   6.58105E-05   9.14126E-05   1.29745E-12     1745.21  0
 2.82100E-03   6.31780E-04   6.26554E-05   9.83323E-05   1.18154E-12     1713.34  0
 2.84100E-03   6.23929E-04   5.85940E-05   9.57914E-05   1.06997E-12     1684.50  0
 2.86100E-03   6.17591E-04   5.51413E-05   9.47344E-05   9.63895E-13     1661.69  0
 2.88100E-03   6.12266E-04   5.26738E-05   9.39380E-05   8.64186E-13     1644.85  0
 2.90100E-03   6.03536E-04   4.89705E-05   9.30348E-05   7.70782E-13     1633.33  0
 2.92100E-03   5.94275E-04   4.63020E-05   9.20911E-05   6.83648E-13     1626.26  0
 2.94100E-03   5.83347E-04   4.34410E-05   9.02541E-05   6.02808E-13     1623.05  0
 2.96100E-03   5.71722E-04   4.05071E-05   8.65972E-05   5.27111E-13     1622.29  0
 2.98100E-03   5.59809E-04   3.81942E-05   8.52010E-05   4.57047E-13     1621.26  0
 3.00100E-03   5.39285E-04   3.45156E-05   7.88171E-05   3.68725E-13     1619.77  0
 3.02100E-03   5.17364E-04   3.28788E-05   8.55529E-05   3.06959E-13     1618.06  0
 3.04100E-03   4.96961E-04   2.99864E-05   8.33827E-05   2.51407E-13     1616.02  0
 3.06100E-03   4.74937E-04   2.82361E-05   8.00504E-05   2.01576E-13     1613.61  0
 3.08100E-03   4.53413E-04   2.57028E-05   7.72376E-05   1.57700E-13     1610.81  0
 3.10100E-03   4.30537E-04   2.36817E-05   7.15592E-05   1.18768E-13     1607.67  0
 3.12100E-03   4.09761E-04   2.17023E-05   6.76058E-05   1.80131E-13     1604.17  1
 3.14100E-03   4.32322E-05   1.04823E-04   4.23563E-05   3.08154E-13     1877.65  1
 3.16100E-03   7.37981E-05   1.08643E-04   5.88082E-05   4.47924E-13     2475.21  1
 3.18100E-03   1.05416E-04   1.09569E-04   6.73776E-05   5.98569E-13     2589.74  1
 3.20100E-03   1.35561E-04   1.09536E-04   7.25064E-05   7.43076E-13     2566.14  1
 3.22100E-03   1.65824E-04   1.10124E-04   8.00334E-05   9.02073E-13     2613.23  1
 3.24100E-03   1.96184E-04   1.10476E-04   8.65550E-05   1.06515E-12     2655.92  1
 3.26100E-03   2.26614E-04   1.10684E-04   9.04659E-05   1.22898E-12     2669.55  1
 3.28100E-03   2.57333E-04   1.10835E-04   9.28923E-05   1.39065E-12     2681.34  1
 3.30100E-03   2.88002E-04   1.10975E-04   9.69386E-05   1.54976E-12     2697.89  1
 3.32100E-03   3.18795E-04   1.11116E-04   9.87861E-05   1.70457E-12     2711.73  1
 3.34100E-03   3.49707E-04   1.11226E-04   9.99869E-05   1.85369E-12     2723.13  1
 3.36100E-03   3.80653E-04   1.11309E-04   1.00919E-04   1.99681E-12     2730.31  1
 3.38100E-03   4.11554E-04   1.11365E-04   1.01770E-04   2.13458E-12     2735.56  1
 3.40100E-03   4.37279E-04   1.11283E-04   1.02360E-04   2.25852E-12     2718.70  1
 3.42100E-03   4.71261E-04   1.11279E-04   1.02817E-04   2.37874E-12     2717.45  1
 3.44100E-03   5.01220E-04   1.11308E-04   1.03034E-04   2.49331E-12     2731.86  1
 3.46100E-03   5.31116E-04   1.11222E-04   1.03118E-04   2.60027E-12     2719.69  1
 3.48100E-03   5.60464E-04   1.11130E-04   1.03079E-04   2.69762E-12     2718.90  1
 3.50099E-03   5.84577E-04   1.11025E-04   1.02941E-04   2.78553E-12     2717.21  1
 3.52099E-03   6.11556E-04   1.10880E-04   1.02700E-04   2.86582E-12     2712.99  1
 3.54099E-03   6.34849E-04   1.10689E-04   1.02370E-04   2.93308E-12     2706.06  1
 3.56099E-03   6.61828E-04   1.10443E-04   1.02018E-04   2.98975E-12     2698.96  1
 3.58099E-03   6.85225E-04   1.10133E-04   1.01819E-04   3.03360E-12     2688.03  1
 3.60099E-03   7.11987E-04   1.09735E-04   1.01577E-04   3.07096E-12     2666.03  1
 3.62099E-03   7.37258E-04   1.09386E-04   1.01319E-04   3.09039E-12     2660.04  1
 3.64099E-03   7.63479E-04   1.08991E-04   1.01021E-04   3.10113E-12     2653.56  1
 3.66099E-03   7.89023E-04   1.08694E-04   1.00681E-04   2.93156E-12     2635.33  0
 3.68099E-03   7.85692E-04   1.05468E-04   1.00351E-04   2.75714E-12     2304.10  0
 3.70099E-03   7.83697E-04   1.01921E-04   1.00044E-04   2.58125E-12     2146.52  0
 3.72099E-03   7.76399E-04   9.75471E-05   9.96447E-05   2.41106E-12     2043.37  0
 3.74099E-03   7.73366E-04   9.26437E-05   9.92399E-05   2.24754E-12     1961.36  0
 3.76099E-03   7.65395E-04   8.77201E-05   9.86892E-05   2.09214E-12     1893.43  0
 3.78099E-03   7.58801E-04   8.27663E-05   9.80507E-05   1.94358E-12     1837.07  0
 3.80099E-03   7.51691E-04   7.70364E-05   9.52049E-05   1.70678E-12     1788.27  0
 3.82099E-03   7.44690E-04   7.26865E-05   1.01640E-04   1.56166E-12     1740.31  0
 3.84099E-03   7.36422E-04   6.79389E-05   1.00021E-04   1.42235E-12     1700.68  0
 3.86099E-03   7.31428E-04   6.33990E-05   9.69166E-05   1.28955E-12     1670.97  0
 3.88099E-03   7.22092E-04   5.90694E-05   9.58095E-05   1.16384E-12     1649.84  0
 3.90099E-03   7.13665E-04   5.51821E-05   9.49687E-05   1.04528E-12     1635.52  0
 3.92099E-03   7.08127E-04   5.22459E-05   9.42124E-05   9.34031E-13     1626.82  0
 3.94099E-03   6.98765E-04   4.83739E-05   9.33091E-05   8.30406E-13     1623.01  0
 3.96099E-03   6.89217E-04   4.48467E-05   9.21491E-05   7.33762E-13     1622.15  0
 3.98099E-03   6.75118E-04   4.25871E-05   8.98897E-05   6.43361E-13     1620.95  0
 4.00099E-03   6.59688E-04   3.85398E-05   8.24514E-05   5.26279E-13     1619.19  0
 4.02099E-03   6.41423E-04   3.57784E-05   9.04517E-05   4.44944E-13     1617.44  0
 4.04099E-03   6.25188E-04   3.33099E-05   8.63600E-05   3.71228E-13     1615.49  0
 4.06099E-03   6.03766E-04   3.04542E-05   8.45533E-05   3.04822E-13     1613.33  0
 4.08099E-03   5.83129E-04   2.84845E-05   8.32682E-05   2.45029E-13     1610.93  0
 4.10099E-03   5.65762E-04   2.61871E-05   8.19332E-05   1.91930E-13     1608.27  0
 4.12099E-03   5.40163E-04   2.39612E-05   7.98153E-05   1.45729E-13     1605.44  0
 4.14099E-03   5.16818E-04   2.24272E-05   7.11938E-05   1.05279E-13     1602.31  0
 4.16100E-03   4.88079E-04   1.95034E-05   6.68374E-05   1.58195E-13     1598.91  1
 4.18100E-03   4.50746E-05   1.04256E-04   4.27521E-05   2.82576E-13     1870.62  1
 4.20100E-03   7.69853E-05   1.07825E-04   5.56735E-05   4.14340E-13     2448.93  1
 4.22100E-03   1.08423E-04   1.08783E-04   6.10438E-05   5.49680E-13     2606.10  1
 4.24100E-03   1.38999E-04   1.09468E-04   6.50852E-05   6.96705E-13     2679.65  1
 4.26100E-03   1.69594E-04   1.09971E-04   7.18808E-05   8.59164E-13     2689.80  1
 4.28100E-03   2.00274E-04   1.10338E-04   7.57392E-05   1.01801E-12     2708.69  1
 4.30100E-03   2.30786E-04   1.10598E-04   8.11643E-05   1.17980E-12     2733.51  1
 4.32100E-03   2.61086E-04   1.10784E-04   8.52659E-05   1.33695E-12     2747.54  1
 4.34100E-03   2.91434E-04   1.10922E-04   8.72996E-05   1.49804E-12     2761.71  1
 4.36100E-03   3.21703E-04   1.11090E-04   9.10450E-05   1.65214E-12     2771.00  1
 4.38100E-03   3.52010E-04   1.11230E-04   9.32578E-05   1.80298E-12     2780.22  1
 4.40100E-03   3.79934E-04   1.11230E-04   9.49946E-05   1.94482E-12     2747.35  1
 4.42100E-03   4.15112E-04   1.11333E-04   9.61604E-05   2.08518E-12     2748.04  1
 4.44100E-03   4.45486E-04   1.11453E-04   9.70813E-05   2.21420E-12     2797.64  1
 4.46100E-03   4.75783E-04   1.11483E-04   9.77003E-05   2.33986E-12     2826.51  1
 4.48100E-03   5.05858E-04   1.11501E-04   9.81566E-05   2.46029E-12     2803.97  1
 4.50100E-03   5.35966E-04   1.11513E-04   9.87111E-05   2.57283E-12     2799.73  1
 4.52100E-03   5.65984E-04   1.11512E-04   9.88829E-05   2.67907E-12     2801.54  1
 4.54100E-03   5.95942E-04   1.11499E-04   9.92258E-05   2.77996E-12     2795.25  1
 4.56100E-03   6.25714E-04   1.11473E-04   9.93861E-05   2.87442E-12     2791.13  1
 4.58100E-03   6.49691E-04   1.11431E-04   9.95192E-05   2.96109E-12     2786.81  1
 4.60100E-03   6.75275E-04   1.11348E-04   9.95317E-05   3.04634E-12     2738.11  1
 4.62100E-03   6.97788E-04   1.11302E-04   9.95393E-05   3.11839E-12     2753.54  1
 4.64100E-03   7.23681E-04   1.11271E-04   9.95293E-05   3.17932E-12     2828.05  1
 4.66100E-03   7.47023E-04   1.11095E-04   9.94338E-05   3.23406E-12     2820.04  1
 4.68100E-03   7.72025E-04   1.10891E-04   9.95122E-05   3.28011E-12     2794.26  1
 4.70100E-03   7.96616E-04   1.10642E-04   9.94106E-05   3.31863E-12     2785.83  1
 4.72100E-03   8.21227E-04   1.10347E-04   9.87530E-05   3.34080E-12     2782.45  1
 4.74100E-03   8.46085E-04   1.09974E-04   9.78122E-05   3.35468E-12     2802.87  1
 4.76100E-03   8.70201E-04   1.09526E-04   9.76520E-05   3.35721E-12     2775.99  1
 4.78100E-03   8.95280E-04   1.09176E-04   9.74583E-05   3.34940E-12     2769.41  1
 4.80100E-03   9.19679E-04   1.08858E-04   9.72348E-05   3.33170E-12     2741.67  1
 4.82100E-03   9.45160E-04   1.08607E-04   9.69014E-05   3.14215E-12     2713.53  0
 4.84100E-03   9.39469E-04   1.04981E-04   9.65199E-05   2.94926E-12     2338.99  0
 4.86100E-03   9.32804E-04   1.00862E-04   9.60728E-05   2.75836E-12     2170.59  0
 4.88100E-03   9.24307E-04   9.63134E-05   9.55733E-05   2.57349E-12     2065.97  0
 4.90100E-03   9.18634E-04   9.14087E-05   9.50131E-05   2.39806E-12     1986.80  0
 4.92100E-03   9.08242E-04   8.62730E-05   9.44132E-05   2.23177E-12     1922.70  0
 4.94100E-03   8.98307E-04   8.12507E-05   9.37268E-05   2.07388E-12     1867.40  0
 4.96100E-03   8.89282E-04   7.63492E-05   9.29147E-05   1.92329E-12     1820.74  0
 4.98100E-03   8.81378E-04   7.17643E-05   9.19950E-05   1.77884E-12     1780.79  0
 5.00100E-03   8.69743E-04   6.73076E-05   8.97797E-05   1.60939E-12     1746.43  0
 5.02100E-03   8.58327E-04   6.29866E-05   8.89334E-05   1.46731E-12     1710.66  0
 5.04100E-03   8.47078E-04   5.87273E-05   8.75430E-05   1.33156E-12     1682.39  0
 5.06100E-03   8.35695E-04   5.49568E-05   8.64164E-05   1.20237E-12     1660.26  0
 5.08100E-03   8.24004E-04   5.21567E-05   8.51976E-05   1.08064E-12     1644.38  0
 5.10100E-03   8.12536E-04   4.84273E-05   8.41471E-05   9.65985E-13     1633.39  0
 5.12100E-03   8.00790E-04   4.50903E-05   8.27075E-05   8.58589E-13     1626.40  0
 5.14100E-03   7.88485E-04   4.27582E-05   7.87637E-05   7.57499E-13     1623.13  0
 5.16100E-03   7.75695E-04   3.93972E-05   7.71844E-05   6.63193E-13     1622.36  0
 5.18100E-03   7.62527E-04   3.75672E-05   7.60576E-05   5.75466E-13     1621.39  0
 5.20100E-03   7.43228E-04   3.39138E-05   7.22711E-05   4.68526E-13     1619.68  0
 5.22100E-03   7.25692E-04   3.21230E-05   7.49235E-05   3.91767E-13     1617.76  0
 5.24100E-03   6.97771E-04   2.92967E-05   7.32909E-05   3.21719E-13     1615.56  0
 5.26100E-03   6.67191E-04   2.77583E-05   7.18046E-05   2.59444E-13     1612.95  0
 5.28100E-03   6.38837E-04   2.49021E-05   6.78088E-05   2.02663E-13     1609.87  0
 5.30100E-03   6.08636E-04   2.32751E-05   6.50841E-05   1.52854E-13     1606.32  0
 5.32100E-03   5.76945E-04   2.08401E-05   6.33505E-05   1.86767E-13     1602.78  1
 5.34100E-03   4.58743E-05   1.03480E-04   4.40698E-05   3.18313E-13     1829.96  1
 5.36100E-03   7.77099E-05   1.08300E-04   5.67507E-05   4.35646E-13     2475.53  1
 5.38100E-03   1.07669E-04   1.09045E-04   6.09860E-05   5.65010E-13     2615.49  1
 5.40100E-03   1.36908E-04   1.09313E-04   6.50529E-05   6.93337E-13     2602.54  1
 5.42100E-03   1.66503E-04   1.09839E-04   7.51053E-05   8.48556E-13     2589.41  1
 5.44100E-03   1.96181E-04   1.10251E-04   8.00527E-05   1.00880E-12     2600.10  1
 5.46101E-03   2.25712E-04   1.10535E-04   8.41571E-05   1.17060E-12     2615.11  1
 5.48101E-03   2.55346E-04   1.10766E-04   8.82792E-05   1.33066E-12     2632.64  1
 5.50101E-03   2.84979E-04   1.10945E-04   9.16827E-05   1.48676E-12     2649.12  1
 5.52101E-03   3.14597E-04   1.11084E-04   9.34245E-05   1.64087E-12     2671.06  1
 5.54101E-03   3.44328E-04   1.11193E-04   9.64379E-05   1.79199E-12     2684.63  1
 5.56101E-03   3.74380E-04   1.11313E-04   9.79638E-05   1.93862E-12     2695.67  1
 5.58101E-03   4.04697E-04   1.11414E-04   9.88562E-05   2.07862E-12     2708.63  1
 5.60101E-03   4.32782E-04   1.11427E-04   9.97938E-05   2.20527E-12     2697.57  1
 5.62101E-03   4.70322E-04   1.11551E-04   1.00333E-04   2.33269E-12     2711.12  1
 5.64101E-03   4.98668E-04   1.11652E-04   1.00666E-04   2.45261E-12     2695.83  1
 5.66101E-03   5.26289E-04   1.11641E-04   1.00862E-04   2.56848E-12     2718.85  1
 5.68101E-03   5.54521E-04   1.11641E-04   1.00997E-04   2.67823E-12     2719.71  1
 5.70101E-03   5.82507E-04   1.11642E-04   1.01157E-04   2.78296E-12     2719.97  1
 5.72101E-03   6.07372E-04   1.11637E-04   1.01195E-04   2.88067E-12     2725.12  1
 5.74101E-03   6.33659E-04   1.11623E-04   1.01246E-04   2.97301E-12     2729.88  1
 5.76101E-03   6.59555E-04   1.11600E-04   1.01271E-04   3.05818E-12     2732.02  1
 5.78101E-03   6.84097E-04   1.11573E-04   1.01229E-04   3.13853E-12     2732.69  1
 5.80101E-03   7.09985E-04   1.11527E-04   1.01225E-04   3.21112E-12     2727.92  1
 5.82101E-03   7.34551E-04   1.11497E-04   1.01211E-04   3.27920E-12     2739.14  1
 5.84101E-03   7.61534E-04   1.11537E-04   1.01182E-04   3.34088E-12     2717.18  1
 5.86101E-03   7.84571E-04   1.11432E-04   1.01143E-04   3.39564E-12     2739.94  1
 5.88101E-03   8.11588E-04   1.11324E-04   1.01073E-04   3.44322E-12     2741.67  1
 5.90101E-03   8.34518E-04   1.11202E-04   1.00959E-04   3.48278E-12     2738.88  1
 5.92101E-03   8.61598E-04   1.11070E-04   1.00829E-04   3.51475E-12     2741.06  1
 5.94101E-03   8.85723E-04   1.10906E-04   1.00676E-04   3.53882E-12     2739.99  1
 5.96101E-03   9.11689E-04   1.10702E-04   1.00514E-04   3.55401E-12     2735.88  1
 5.98101E-03   9.34115E-04   1.10451E-04   1.00302E-04   3.56054E-12     2724.82  1
 6.00101E-03   9.56996E-04   1.10139E-04   1.00061E-04   3.55780E-12     2714.82  1
 6.02101E-03   9.81994E-04   1.09808E-04   9.98016E-05   3.54669E-12     2700.99  1
 6.04101E-03   1.00245E-03   1.09430E-04   9.94520E-05   3.52711E-12     2678.27  1
 6.06101E-03   1.02770E-03   1.09115E-04   9.90407E-05   3.50013E-12     2650.44  1
 6.08101E-03   1.04771E-03   1.08833E-04   9.86009E-05   3.46543E-12     2622.92  1
 6.10101E-03   1.07029E-03   1.08605E-04   9.80771E-05   3.25664E-12     2593.47  0
 6.12101E-03   1.06450E-03   1.04940E-04   9.74688E-05   3.04441E-12     2286.45  0
 6.14101E-03   1.05581E-03   1.00754E-04   9.68842E-05   2.83363E-12     2135.25  0
 6.16101E-03   1.04827E-03   9.60734E-05   9.60736E-05   2.63189E-12     2038.23  0
 6.18101E-03   1.04049E-03   9.10073E-05   9.52078E-05   2.44069E-12     1959.95  0
 6.20101E-03   1.02596E-03   8.52912E-05   9.36473E-05   2.24808E-12     1895.18  0
 6.22101E-03   1.01929E-03   8.01346E-05   9.06874E-05   2.07563E-12     1840.04  0
 6.24101E-03   1.00868E-03   7.49489E-05   8.86623E-05   1.91040E-12     1792.84  0
 6.26101E-03   9.97528E-04   7.01306E-05   8.74635E-05   1.75358E-12     1753.61  0
 6.28101E-03   9.84982E-04   6.56168E-05   8.64037E-05   1.60397E-12     1721.26  0
 6.30101E-03   9.71392E-04   6.15748E-05   8.54307E-05   1.46176E-12     1694.76  0
 6.32101E-03   9.57113E-04   5.77421E-05   8.43948E-05   1.32673E-12     1673.08  0
 6.34101E-03   9.42243E-04   5.34581E-05   8.35048E-05   1.19947E-12     1656.17  0
 6.36101E-03   9.27408E-04   4.96345E-05   8.21022E-05   1.07939E-12     1643.16  0
 6.38101E-03   9.09542E-04   4.68270E-05   7.82292E-05   9.65321E-13     1633.46  0
 6.40101E-03   8.87974E-04   4.32469E-05   7.40079E-05   8.00810E-13     1626.79  0
 6.42101E-03   8.65446E-04   4.00888E-05   7.94211E-05   6.93248E-13     1623.27  0
 6.44101E-03   8.38891E-04   3.79210E-05   7.79892E-05   5.94370E-13     1622.36  0
 6.46101E-03   8.13206E-04   3.47160E-05   7.74726E-05   5.04582E-13     1621.25  0
 6.48101E-03   7.80193E-04   3.28391E-05   7.67346E-05   4.22778E-13     1619.68  0
 6.50101E-03   7.51171E-04   2.97081E-05   7.56179E-05   3.48818E-13     1617.65  0
 6.52101E-03   7.18033E-04   2.78793E-05   7.40223E-05   2.82302E-13     1615.12  0
 6.54101E-03   6.85776E-04   2.47271E-05   7.15136E-05   2.22739E-13     1612.40  0
 6.56101E-03   6.48781E-04   2.31754E-05   6.54089E-05   1.70896E-13     1609.35  0
 6.58101E-03   6.08438E-04   2.06850E-05   6.26353E-05   1.25408E-13     1605.91  0
 6.60101E-03   5.65300E-04   1.87376E-05   5.77779E-05   1.72389E-13     1602.08  1
 6.62101E-03   4.28851E-05   1.03815E-04   5.03112E-05   3.09159E-13     1835.75  1
 6.64101E-03   7.74098E-05   1.08356E-04   5.65418E-05   4.39144E-13     2453.14  1
 6.66101E-03   1.08861E-04   1.09240E-04   6.26135E-05   5.76959E-13     2632.13  1
 6.68101E-03   1.39220E-04   1.09805E-04   6.54697E-05   7.29518E-13     2693.93  1
 6.70101E-03   1.69544E-04   1.10216E-04   7.65201E-05   8.95411E-13     2707.51  1
 6.72101E-03   1.99831E-04   1.10505E-04   8.43146E-05   1.06448E-12     2725.33  1
 6.74101E-03   2.30245E-04   1.10716E-04   8.83925E-05   1.23070E-12     2733.37  1
 6.76101E-03   2.60425E-04   1.10869E-04   9.23407E-05   1.39708E-12     2741.56  1
 6.78102E-03   2.90581E-04   1.11002E-04   9.45482E-05   1.55836E-12     2743.93  1
 6.80102E-03   3.20226E-04   1.11117E-04   9.59107E-05   1.71799E-12     2735.69  1
 6.82102E-03   3.50912E-04   1.11231E-04   9.71303E-05   1.87037E-12     2749.15  1
 6.84102E-03   3.81434E-04   1.11476E-04   9.77368E-05   2.01790E-12     2771.61  1
 6.86102E-03   4.11896E-04   1.11536E-04   9.84131E-05   2.16078E-12     2774.17  1
 6.88102E-03   4.42021E-04   1.11601E-04   9.88317E-05   2.30199E-12     2777.89  1
 6.90102E-03   4.75188E-04   1.11642E-04   9.89996E-05   2.43164E-12     2774.25  1
 6.92102E-03   5.04966E-04   1.11723E-04   1.00928E-04   2.55473E-12     2797.21  1
 6.94102E-03   5.35147E-04   1.11780E-04   1.01906E-04   2.67429E-12     2805.32  1
 6.96102E-03   5.65212E-04   1.11806E-04   1.02428E-04   2.78769E-12     2812.96  1
 6.98102E-03   5.95132E-04   1.11816E-04   1.02672E-04   2.89297E-12     2812.85  1
 7.00102E-03   6.23195E-04   1.11769E-04   1.02791E-04   2.98677E-12     2806.31  1
 7.02102E-03   6.55614E-04   1.11704E-04   1.02919E-04   3.08119E-12     2825.02  1
 7.04102E-03   6.85554E-04   1.11810E-04   1.03021E-04   3.16954E-12     2818.03  1
 7.06102E-03   7.15428E-04   1.11772E-04   1.03148E-04   3.24799E-12     2820.92  1
 7.08102E-03   7.42247E-04   1.11741E-04   1.03245E-04   3.32288E-12     2832.66  1
 7.10102E-03   7.67406E-04   1.11714E-04   1.03283E-04   3.39303E-12     2819.58  1
 7.12102E-03   7.94043E-04   1.11682E-04   1.03284E-04   3.45798E-12     2811.73  1
 7.14102E-03   8.17172E-04   1.11643E-04   1.03245E-04   3.51728E-12     2805.67  1
 7.16102E-03   8.40329E-04   1.11594E-04   1.03198E-04   3.57163E-12     2805.86  1
 7.18102E-03   8.66516E-04   1.11539E-04   1.03173E-04   3.61998E-12     2806.07  1
 7.20102E-03   8.89637E-04   1.11473E-04   1.03055E-04   3.66301E-12     2766.73  1
 7.22102E-03   9.17052E-04   1.11409E-04   1.02929E-04   3.69892E-12     2779.99  1
 7.24102E-03   9.39793E-04   1.11484E-04   1.02765E-04   3.72833E-12     2813.52  1
 7.26102E-03   9.68053E-04   1.11345E-04   1.02541E-04   3.75069E-12     2819.19  1
 7.28102E-03   9.96892E-04   1.11207E-04   1.02258E-04   3.76645E-12     2817.65  1
 7.30102E-03   1.02222E-03   1.11054E-04   1.01953E-04   3.77505E-12     2809.42  1
 7.32102E-03   1.04269E-03   1.10872E-04   1.01621E-04   3.77834E-12     2813.76  1
 7.34102E-03   1.06144E-03   1.10652E-04   1.00518E-04   3.77313E-12     2809.13  1
 7.36102E-03   1.08195E-03   1.10383E-04   9.96245E-05   3.75857E-12     2802.75  1
 7.38102E-03   1.10593E-03   1.10090E-04   9.71942E-05   3.73617E-12     2794.73  1
 7.40102E-03   1.12407E-03   1.09752E-04   9.62398E-05   3.70497E-12     2779.67  1
 7.42102E-03   1.14466E-03   1.09373E-04   9.56462E-05   3.66688E-12     2768.38  1
 7.44102E-03   1.16410E-03   1.09083E-04   9.53521E-05   3.61883E-12     2739.90  1
 7.46102E-03   1.18530E-03   1.08823E-04   9.49557E-05   3.56524E-12     2715.49  1
 7.48102E-03   1.20629E-03   1.08606E-04   9.44936E-05   3.34416E-12     2715.71  0
 7.50102E-03   1.19499E-03   1.05024E-04   9.39817E-05   3.12039E-12     2350.37  0
 7.52102E-03   1.18339E-03   1.00830E-04   9.33402E-05   2.90353E-12     2183.18  0
 7.54102E-03   1.17124E-03   9.62432E-05   9.26481E-05   2.69363E-12     2079.71  0
 7.56102E-03   1.15864E-03   9.12650E-05   9.19114E-05   2.49590E-12     1998.12  0
 7.58102E-03   1.14571E-03   8.60298E-05   9.09403E-05   2.30962E-12     1930.90  0
 7.60102E-03   1.12993E-03   8.05884E-05   8.77195E-05   2.08345E-12     1873.39  0
 7.62102E-03   1.11569E-03   7.57370E-05   8.65394E-05   1.90457E-12     1808.89  0
 7.64102E-03   1.10050E-03   7.11262E-05   8.56977E-05   1.73070E-12     1757.10  0
 7.66102E-03   1.08106E-03   6.69789E-05   8.42855E-05   1.56454E-12     1717.25  0
 7.68102E-03   1.06386E-03   6.27693E-05   8.10551E-05   1.40730E-12     1686.98  0
 7.70102E-03   1.04198E-03   5.84091E-05   7.86356E-05   1.25804E-12     1663.95  0
 7.72102E-03   1.01976E-03   5.43945E-05   7.72665E-05   1.11797E-12     1646.52  0
 7.74102E-03   9.96785E-04   5.10631E-05   7.62215E-05   9.86993E-13     1634.19  0
 7.76102E-03   9.72795E-04   4.78958E-05   7.53934E-05   8.65848E-13     1626.64  0
 7.78102E-03   9.47965E-04   4.40542E-05   7.44113E-05   7.53900E-13     1623.15  0
 7.80102E-03   9.22890E-04   4.10570E-05   7.31042E-05   6.50561E-13     1622.33  0
 7.82102E-03   8.97909E-04   3.81742E-05   6.97396E-05   5.55386E-13     1621.31  0
 7.84102E-03   8.68851E-04   3.47490E-05   6.85347E-05   4.66789E-13     1619.99  0
 7.86102E-03   8.41905E-04   3.26604E-05   6.73064E-05   3.86842E-13     1618.35  0
 7.88102E-03   8.05367E-04   2.91164E-05   6.56899E-05   3.14200E-13     1616.41  0
 7.90102E-03   7.66681E-04   2.75699E-05   6.32940E-05   2.50741E-13     1614.18  0
 7.92102E-03   7.24456E-04   2.44679E-05   5.89641E-05   1.93743E-13     1611.57  0
 7.94102E-03   6.78619E-04   2.28785E-05   5.58535E-05   1.44523E-13     1608.54  0
 7.96102E-03   6.32106E-04   2.00173E-05   5.39811E-05   1.02312E-13     1605.07  0
 7.98102E-03   5.74865E-04   1.83568E-05   5.19521E-05   1.84370E-13     1601.10  1
 8.00102E-03   4.79258E-05   1.06182E-04   5.20545E-05   3.33820E-13     1898.83  1
 8.02102E-03   7.99955E-05   1.09544E-04   6.28312E-05   4.89361E-13     2573.70  1
 8.04102E-03   1.09209E-04   1.10308E-04   7.39620E-05   6.49622E-13     2596.57  1
 8.06102E-03   1.38906E-04   1.10673E-04   7.60326E-05   8.19714E-13     2633.70  1
 8.08102E-03   2.26201E-04   1.10913E-04   1.06704E-04   9.99394E-13     2636.43  1
 8.10102E-03   2.00113E-04   1.11076E-04   9.37068E-05   1.17318E-12     2649.48  1
 8.12102E-03   2.28019E-04   1.11203E-04   9.38216E-05   1.34452E-12     2719.47  1
 8.14102E-03   2.57730E-04   1.11306E-04   9.48105E-05   1.51169E-12     2685.55  1
 8.16103E-03   2.87526E-04   1.11393E-04   9.56940E-05   1.67459E-12     2686.40  1
 8.18103E-03   3.17252E-04   1.11465E-04   9.61099E-05   1.83262E-12     2691.50  1
 8.20103E-03   3.47018E-04   1.11543E-04   9.67761E-05   1.98632E-12     2699.90  1
 8.22103E-03   3.76861E-04   1.11615E-04   9.72413E-05   2.13431E-12     2713.42  1
 8.24103E-03   4.06745E-04   1.11675E-04   9.75055E-05   2.27504E-12     2723.96  1
 8.26103E-03   4.36722E-04   1.11729E-04   9.77004E-05   2.41058E-12     2732.37  1
 8.28103E-03   4.66783E-04   1.11773E-04   9.78197E-05   2.53870E-12     2738.78  1
 8.30103E-03   4.97017E-04   1.11811E-04   9.78489E-05   2.66214E-12     2746.75  1
 8.32103E-03   5.27418E-04   1.11842E-04   9.78510E-05   2.77872E-12     2750.68  1
 8.34103E-03   5.57863E-04   1.11868E-04   9.78266E-05   2.89321E-12     2753.39  1
 8.36103E-03   5.88342E-04   1.11887E-04   9.77835E-05   2.99559E-12     2754.82  1
 8.38103E-03   6.18880E-04   1.11903E-04   9.77212E-05   3.09488E-12     2760.24  1
 8.40103E-03   6.46657E-04   1.11822E-04   9.76528E-05   3.18313E-12     2740.13  1
 8.42103E-03   6.81505E-04   1.11822E-04   9.75460E-05   3.26955E-12     2746.80  1
 8.44103E-03   7.11584E-04   1.11900E-04   9.74216E-05   3.34945E-12     2761.14  1
 8.46103E-03   7.41633E-04   1.11840E-04   9.72709E-05   3.42483E-12     2754.18  1
 8.48103E-03   7.71594E-04   1.11798E-04   9.71268E-05   3.49501E-12     2752.79  1
 8.50103E-03   8.01458E-04   1.11765E-04   9.71018E-05   3.55845E-12     2755.55  1
 8.52103E-03   8.27984E-04   1.11729E-04   9.70629E-05   3.61734E-12     2757.70  1
 8.54103E-03   8.54520E-04   1.11687E-04   9.70012E-05   3.66935E-12     2754.29  1
 8.56103E-03   8.82143E-04   1.11641E-04   9.68996E-05   3.71765E-12     2750.68  1
 8.58103E-03   9.03359E-04   1.11588E-04   9.69107E-05   3.76118E-12     2745.00  1
 8.60103E-03   9.25089E-04   1.11533E-04   9.68362E-05   3.79927E-12     2741.76  1
 8.62103E-03   9.50996E-04   1.11472E-04   9.67267E-05   3.83205E-12     2748.02  1
 8.64103E-03   9.71373E-04   1.11409E-04   9.66187E-05   3.85963E-12     2754.35  1
 8.66103E-03   9.98428E-04   1.11328E-04   9.65045E-05   3.88324E-12     2754.89  1
 8.68103E-03   1.01957E-03   1.11235E-04   9.63861E-05   3.89730E-12     2755.08  1
 8.70103E-03   1.04583E-03   1.11125E-04   9.62476E-05   3.90799E-12     2754.79  1
 8.72103E-03   1.06841E-03   1.10994E-04   9.60947E-05   3.91427E-12     2754.44  1
 8.74103E-03   1.09290E-03   1.10835E-04   9.59286E-05   3.91451E-12     2750.67  1
 8.76103E-03   1.11728E-03   1.10644E-04   9.57579E-05   3.90724E-12     2743.71  1
 8.78103E-03   1.13970E-03   1.10432E-04   9.55338E-05   3.89590E-12     2738.63  1
 8.80103E-03   1.16368E-03   1.10169E-04   9.52585E-05   3.88196E-12     2701.17  1
 8.82103E-03   1.18606E-03   1.09946E-04   9.58755E-05   3.86544E-12     2698.97  1
 8.84103E-03   1.21149E-03   1.09621E-04   9.64507E-05   3.84122E-12     2670.59  1
 8.86103E-03   1.23186E-03   1.09223E-04   9.66139E-05   3.63949E-12     2673.67  0
 8.88103E-03   1.22921E-03   1.07442E-04   9.63671E-05   3.42828E-12     2339.14  0
 8.90103E-03   1.22000E-03   1.03114E-04   9.59878E-05   3.22064E-12     2173.31  0
 8.92103E-03   1.21046E-03   9.87034E-05   9.55581E-05   3.01667E-12     2073.85  0
 8.94103E-03   1.20193E-03   9.43287E-05   9.48692E-05   2.82386E-12     2000.36  0
 8.96103E-03   1.19297E-03   8.97077E-05   9.41701E-05   2.63914E-12     1941.39  0
 8.98103E-03   1.18051E-03   8.53012E-05   9.29203E-05   2.46294E-12     1892.20  0
 9.00103E-03   1.16342E-03   7.98653E-05   8.75705E-05   2.19009E-12     1849.66  0
 9.02103E-03   1.14854E-03   7.58019E-05   9.36289E-05   1.99729E-12     1800.66  0
 9.04103E-03   1.12841E-03   7.20526E-05   9.33975E-05   1.81014E-12     1753.76  0
 9.06103E-03   1.10860E-03   6.79542E-05   9.29006E-05   1.63147E-12     1714.54  0
 9.08103E-03   1.08800E-03   6.38684E-05   9.22898E-05   1.46220E-12     1684.18  0
 9.10103E-03   1.06343E-03   6.04053E-05   9.11362E-05   1.30323E-12     1661.68  0
 9.12103E-03   1.03559E-03   5.77722E-05   8.77627E-05   1.15507E-12     1645.41  0
 9.14103E-03   1.00706E-03   5.39844E-05   8.62085E-05   1.01786E-12     1634.22  0
 9.16103E-03   9.79081E-04   5.12140E-05   8.52087E-05   8.91212E-13     1627.09  0
 9.18103E-03   9.45699E-04   4.83203E-05   8.43320E-05   7.75758E-13     1623.43  0
 9.20103E-03   9.04373E-04   4.49471E-05   7.82032E-05   6.32456E-13     1622.45  0
 9.22103E-03   8.69453E-04   4.28104E-05   8.39924E-05   5.34568E-13     1621.49  0
 9.24103E-03   8.25998E-04   3.93005E-05   8.24226E-05   4.46871E-13     1620.20  0
 9.26103E-03   7.83976E-04   3.71739E-05   8.09650E-05   3.68837E-13     1618.62  0
 9.28103E-03   7.37744E-04   3.37883E-05   7.70510E-05   2.99438E-13     1616.75  0
 9.30103E-03   6.91791E-04   3.12229E-05   7.43154E-05   2.38099E-13     1614.61  0
 9.32103E-03   6.43283E-04   2.86020E-05   7.27100E-05   1.84530E-13     1612.25  0
 9.34103E-03   5.95158E-04   2.63016E-05   6.89764E-05   1.38944E-13     1609.60  0
 9.36103E-03   5.47579E-04   2.38386E-05   6.40646E-05   2.35416E-13     1606.68  1
 9.38103E-03   4.22688E-05   1.08015E-04   5.22513E-05   3.99980E-13     2022.50  1
 9.40103E-03   4.31876E-04   1.09878E-04   1.28658E-04   5.71628E-13     2479.28  1
 9.42103E-03   3.70768E-04   1.10993E-04   1.29562E-04   7.48471E-13     2663.98  1
 9.44103E-03   3.05631E-04   1.11463E-04   1.27873E-04   9.32545E-13     2732.96  1
 9.46104E-03   2.54664E-04   1.11639E-04   1.22841E-04   1.12057E-12     2746.61  1
 9.48104E-03   2.04597E-04   1.11730E-04   1.21402E-04   1.30840E-12     2756.18  1
 9.50104E-03   2.36629E-04   1.11788E-04   1.21123E-04   1.49151E-12     2763.00  1
 9.52104E-03   2.67067E-04   1.11841E-04   1.20999E-04   1.66716E-12     2796.30  1
 9.54104E-03   2.97094E-04   1.11885E-04   1.21043E-04   1.83713E-12     2817.03  1
 9.56104E-03   3.26660E-04   1.11916E-04   1.19895E-04   1.99837E-12     2815.32  1
 9.58104E-03   3.56514E-04   1.11939E-04   1.19276E-04   2.15197E-12     2810.41  1
 9.60104E-03   3.85745E-04   1.11934E-04   1.17698E-04   2.30253E-12     2794.42  1
 9.62104E-03   4.16153E-04   1.11915E-04   1.16497E-04   2.44148E-12     2757.82  1
 9.64104E-03   4.46409E-04   1.11980E-04   1.16308E-04   2.57634E-12     2782.27  1
 9.66104E-03   4.76514E-04   1.11968E-04   1.16277E-04   2.70463E-12     2754.25  1
 9.68104E-03   5.06697E-04   1.11960E-04   1.16200E-04   2.82725E-12     2744.42  1
 9.70104E-03   5.36879E-04   1.11952E-04   1.16108E-04   2.94291E-12     2743.00  1
 9.72104E-03   5.67065E-04   1.11942E-04   1.15974E-04   3.05190E-12     2745.19  1
 9.74104E-03   5.96994E-04   1.11924E-04   1.15802E-04   3.15317E-12     2749.03  1
 9.76104E-03   6.27242E-04   1.11906E-04   1.15604E-04   3.24830E-12     2754.49  1
 9.78104E-03   6.57369E-04   1.11886E-04   1.15378E-04   3.33762E-12     2761.53  1
 9.80104E-03   6.86029E-04   1.11856E-04   1.15146E-04   3.41874E-12     2728.60  1
 9.82104E-03   7.19182E-04   1.11818E-04   1.14865E-04   3.49194E-12     2733.35  1
 9.84104E-03   7.48443E-04   1.11922E-04   1.14548E-04   3.55778E-12     2790.91  1
 9.86104E-03   7.76854E-04   1.11872E-04   1.14085E-04   3.61609E-12     2801.89  1
 9.88104E-03   8.02649E-04   1.11830E-04   1.13627E-04   3.67134E-12     2795.92  1
 9.90104E-03   8.27507E-04   1.11789E-04   1.13166E-04   3.72128E-12     2777.36  1
 9.92104E-03   8.54735E-04   1.11745E-04   1.12727E-04   3.76528E-12     2773.40  1
 9.94104E-03   8.77909E-04   1.11695E-04   1.12042E-04   3.80453E-12     2775.08  1
 9.96104E-03   9.05079E-04   1.11639E-04   1.11471E-04   3.83702E-12     2771.64  1
 9.98104E-03   9.28280E-04   1.11575E-04   1.10364E-04   3.86486E-12     2770.21  1
 1.00010E-02   9.53189E-04   1.11502E-04   1.08022E-04   3.88960E-12     2733.26  1
 1.00210E-02   9.81476E-04   1.11429E-04   1.05963E-04   3.90503E-12     2742.01  1
 1.00410E-02   1.00431E-03   1.11443E-04   1.05053E-04   3.91581E-12     2806.93  1
 1.00610E-02   1.03039E-03   1.11289E-04   1.04255E-04   3.91722E-12     2804.41  1
 1.00810E-02   1.05782E-03   1.11121E-04   1.03497E-04   3.90953E-12     2817.29  1
 1.01010E-02   1.07927E-03   1.10925E-04   1.02796E-04   3.89976E-12     2807.96  1
 1.01210E-02   1.10629E-03   1.10685E-04   1.01905E-04   3.70525E-12     2783.76  0
 1.01410E-02   1.10045E-03   1.08584E-04   1.01019E-04   3.49880E-12     2422.35  0
 1.01610E-02   1.09566E-03   1.05812E-04   9.97483E-05   3.29164E-12     2249.77  0
 1.01810E-02   1.09303E-03   1.02950E-04   9.61596E-05   3.08684E-12     2134.82  0
 1.02010E-02   1.08396E-03   9.85074E-05   9.37054E-05   2.84847E-12     2047.35  0
 1.02210E-02   1.07888E-03   9.46408E-05   9.55830E-05   2.65066E-12     1946.04  0
 1.02410E-02   1.07214E-03   9.11474E-05   9.47394E-05   2.45503E-12     1867.59  0
 1.02610E-02   1.06351E-03   8.77530E-05   9.13602E-05   2.26311E-12     1810.27  0
 1.02810E-02   1.05769E-03   8.34774E-05   9.01186E-05   2.07734E-12     1765.70  0
 1.03010E-02   1.04769E-03   7.94813E-05   8.91732E-05   1.89907E-12     1730.92  0
 1.03210E-02   1.04104E-03   7.58727E-05   8.81859E-05   1.72932E-12     1703.14  0
 1.03410E-02   1.03202E-03   7.27326E-05   8.71884E-05   1.56879E-12     1680.50  0
 1.03610E-02   1.02107E-03   6.85732E-05   8.60193E-05   1.41773E-12     1662.58  0
 1.03810E-02   1.00967E-03   6.47646E-05   8.48525E-05   1.27554E-12     1648.36  0
 1.04010E-02   9.92951E-04   6.10510E-05   8.12195E-05   1.09608E-12     1636.59  0
 1.04210E-02   9.79358E-04   5.80358E-05   8.30960E-05   9.68794E-13     1628.73  0
 1.04410E-02   9.63057E-04   5.42966E-05   8.21194E-05   8.51471E-13     1624.16  0
 1.04610E-02   9.41614E-04   5.14598E-05   7.97552E-05   7.42974E-13     1622.73  0
 1.04810E-02   9.16953E-04   4.83119E-05   7.72587E-05   6.43177E-13     1622.02  0
 1.05010E-02   8.88857E-04   4.49464E-05   7.61144E-05   5.51759E-13     1621.05  0
 1.05210E-02   8.50493E-04   4.27415E-05   7.51883E-05   4.69147E-13     1619.85  0
 1.05410E-02   8.02670E-04   3.92048E-05   7.43321E-05   3.94794E-13     1618.45  0
 1.05610E-02   7.50073E-04   3.72304E-05   7.33257E-05   3.28715E-13     1616.87  0
 1.05810E-02   6.99570E-04   3.39573E-05   7.19490E-05   2.70110E-13     1615.13  0
 1.06010E-02   6.35466E-04   3.17989E-05   6.47135E-05   2.04375E-13     1612.47  0
 1.06210E-02   5.83505E-04   2.90513E-05   7.06444E-05   2.98603E-13     1610.29  1
 1.06410E-02   5.08699E-05   1.07809E-04   5.15416E-05   4.58923E-13     1981.97  1
 1.06610E-02   4.76740E-04   1.10499E-04   1.39502E-04   6.28395E-13     2536.36  1
 1.06810E-02   4.27896E-04   1.11223E-04   1.40111E-04   8.02868E-13     2702.51  1
 1.07010E-02   3.83621E-04   1.11474E-04   1.39587E-04   9.80867E-13     2724.78  1
 1.07210E-02   3.42553E-04   1.11594E-04   1.37919E-04   1.16015E-12     2738.90  1
 1.07410E-02   3.00344E-04   1.11660E-04   1.34617E-04   1.34019E-12     2768.73  1
 1.07610E-02   2.57053E-04   1.11703E-04   1.34155E-04   1.51994E-12     2767.02  1
 1.07810E-02   2.66248E-04   1.11734E-04   1.33696E-04   1.69635E-12     2761.28  1
 1.08010E-02   2.93403E-04   1.11670E-04   1.32448E-04   1.88113E-12     2702.80  1
 1.08210E-02   3.24375E-04   1.11773E-04   1.33190E-04   2.04241E-12     2710.63  1
 1.08410E-02   3.55940E-04   1.11974E-04   1.32316E-04   2.19720E-12     2702.54  1
 1.08610E-02   3.87215E-04   1.11989E-04   1.31924E-04   2.34530E-12     2732.74  1
 1.08810E-02   4.18250E-04   1.11986E-04   1.31624E-04   2.48539E-12     2738.09  1
 1.09010E-02   4.48962E-04   1.11982E-04   1.31428E-04   2.61881E-12     2739.20  1
 1.09210E-02   4.79467E-04   1.11976E-04   1.31147E-04   2.74563E-12     2740.44  1
 1.09410E-02   5.09807E-04   1.11966E-04   1.30081E-04   2.86719E-12     2740.38  1
 1.09610E-02   5.39936E-04   1.11955E-04   1.28804E-04   2.98251E-12     2739.36  1
 1.09810E-02   5.69841E-04   1.11941E-04   1.26347E-04   3.09203E-12     2739.65  1
 1.10010E-02   5.99658E-04   1.11920E-04   1.25479E-04   3.19112E-12     2742.23  1
 1.10210E-02   6.30404E-04   1.11894E-04   1.24994E-04   3.28755E-12     2758.50  1
 1.10410E-02   6.57079E-04   1.12009E-04   1.24541E-04   3.37638E-12     2733.36  1
 1.10610E-02   6.85229E-04   1.11964E-04   1.24024E-04   3.46036E-12     2758.20  1
 1.10810E-02   7.13208E-04   1.11930E-04   1.23510E-04   3.53805E-12     2759.35  1
 1.11010E-02   7.38919E-04   1.11903E-04   1.23003E-04   3.60976E-12     2761.62  1
 1.11210E-02   7.65169E-04   1.11872E-04   1.22267E-04   3.67436E-12     2764.44  1
 1.11410E-02   7.92766E-04   1.11836E-04   1.21536E-04   3.73366E-12     2764.36  1
 1.11610E-02   8.17147E-04   1.11792E-04   1.20438E-04   3.78777E-12     2759.47  1
 1.11810E-02   8.44384E-04   1.11736E-04   1.18756E-04   3.83542E-12     2759.92  1
 1.12010E-02   8.71115E-04   1.11650E-04   1.16052E-04   3.87448E-12     2760.13  1
 1.12210E-02   8.95743E-04   1.11541E-04   1.14989E-04   3.90771E-12     2774.12  1
 1.12410E-02   9.23041E-04   1.11561E-04   1.14194E-04   3.93326E-12     2779.81  1
 1.12610E-02   9.50789E-04   1.11377E-04   1.13486E-04   3.95111E-12     2774.15  1
 1.12810E-02   9.73423E-04   1.11172E-04   1.12741E-04   3.77764E-12     2767.65  0
 1.13010E-02   9.72857E-04   1.09028E-04   1.11859E-04   3.59218E-12     2410.84  0
 1.13210E-02   9.70881E-04   1.07429E-04   1.10658E-04   3.40236E-12     2233.48  0
 1.13410E-02   9.63553E-04   1.03643E-04   1.08493E-04   3.21265E-12     2119.13  0
 1.13610E-02   9.60870E-04   1.00236E-04   1.05640E-04   3.02563E-12     2039.73  0
 1.13810E-02   9.58315E-04   9.76684E-05   1.04383E-04   2.84274E-12     1972.04  0
 1.14010E-02   9.49079E-04   9.34192E-05   1.02585E-04   2.65273E-12     1911.89  0
 1.14210E-02   9.45921E-04   8.97081E-05   1.01774E-04   2.47723E-12     1848.59  0
 1.14411E-02   9.41550E-04   8.66305E-05   1.00401E-04   2.30628E-12     1801.87  0
 1.14611E-02   9.35077E-04   8.31154E-05   9.90502E-05   2.14142E-12     1765.14  0
 1.14811E-02   9.32254E-04   7.92087E-05   9.72189E-05   1.98229E-12     1734.55  0
 1.15011E-02   9.23823E-04   7.60352E-05   9.29906E-05   1.82873E-12     1708.50  0
 1.15211E-02   9.20361E-04   7.29279E-05   9.07170E-05   1.68134E-12     1686.84  0
 1.15411E-02   9.11749E-04   6.90542E-05   8.94773E-05   1.53995E-12     1668.62  0
 1.15611E-02   9.07623E-04   6.59270E-05   8.83314E-05   1.40497E-12     1654.40  0
 1.15811E-02   8.98136E-04   6.29885E-05   8.72741E-05   1.27709E-12     1643.02  0
 1.16011E-02   8.86251E-04   5.83579E-05   8.48024E-05   1.11671E-12     1633.63  0
 1.16211E-02   8.83286E-04   5.51210E-05   8.55479E-05   9.98584E-13     1626.76  0
 1.16411E-02   8.72787E-04   5.28506E-05   8.45236E-05   8.88653E-13     1623.39  0
 1.16611E-02   8.57333E-04   4.92714E-05   8.36976E-05   7.86018E-13     1622.56  0
 1.16811E-02   8.40511E-04   4.71965E-05   8.25460E-05   6.91158E-13     1621.81  0
 1.17011E-02   8.19921E-04   4.38762E-05   7.99550E-05   6.03040E-13     1620.86  0
 1.17211E-02   8.00417E-04   4.16916E-05   7.76576E-05   5.21470E-13     1619.71  0
 1.17411E-02   7.73483E-04   3.88878E-05   7.65785E-05   4.46394E-13     1618.40  0
 1.17611E-02   7.44288E-04   3.70235E-05   7.56801E-05   3.78312E-13     1616.94  0
 1.17811E-02   7.08442E-04   3.42151E-05   7.48268E-05   4.54085E-13     1615.34  1
 1.18011E-02   4.38314E-05   1.07717E-04   4.75565E-05   5.84368E-13     1956.17  1
 1.18211E-02   6.17795E-04   1.10591E-04   1.54183E-04   7.31622E-13     2476.93  1
 1.18411E-02   5.69903E-04   1.11433E-04   1.52356E-04   8.90928E-13     2701.32  1
 1.18611E-02   5.15905E-04   1.11708E-04   1.51019E-04   1.05689E-12     2729.30  1
 1.18811E-02   4.67742E-04   1.11817E-04   1.50226E-04   1.23129E-12     2742.58  1
 1.19011E-02   4.21885E-04   1.11880E-04   1.49499E-04   1.40462E-12     2728.52  1
 1.19211E-02   3.76994E-04   1.11921E-04   1.48416E-04   1.57949E-12     2732.16  1
 1.19411E-02   3.35504E-04   1.11946E-04   1.45761E-04   1.75204E-12     2731.55  1
 1.19611E-02   2.95124E-04   1.11961E-04   1.44247E-04   1.92514E-12     2722.97  1
 1.19811E-02   3.25975E-04   1.11970E-04   1.43699E-04   2.09028E-12     2723.20  1
 1.20011E-02   3.56073E-04   1.11975E-04   1.43352E-04   2.24820E-12     2768.68  1
 1.20211E-02   3.86101E-04   1.11975E-04   1.43025E-04   2.40048E-12     2773.76  1
 1.20411E-02   4.15980E-04   1.11985E-04   1.42441E-04   2.54341E-12     2784.21  1
 1.20611E-02   4.46036E-04   1.11980E-04   1.41839E-04   2.68128E-12     2798.43  1
 1.20811E-02   4.76155E-04   1.11972E-04   1.41321E-04   2.81235E-12     2789.81  1
 1.21011E-02   5.06279E-04   1.11963E-04   1.40254E-04   2.93609E-12     2789.28  1
 1.21211E-02   5.36413E-04   1.11949E-04   1.39331E-04   3.05110E-12     2794.16  1
 1.21411E-02   5.66365E-04   1.11936E-04   1.36847E-04   3.16247E-12     2786.50  1
 1.21611E-02   5.96219E-04   1.11917E-04   1.35639E-04   3.26682E-12     2727.80  1
 1.21811E-02   6.26341E-04   1.11896E-04   1.34934E-04   3.36524E-12     2718.88  1
 1.22011E-02   6.55064E-04   1.11865E-04   1.34294E-04   3.45831E-12     2700.17  1
 1.22211E-02   6.88477E-04   1.11823E-04   1.33717E-04   3.53878E-12     2717.76  1
 1.22411E-02   7.18073E-04   1.11920E-04   1.33178E-04   3.61417E-12     2808.30  1
 1.22611E-02   7.46771E-04   1.11849E-04   1.32378E-04   3.68271E-12     2787.77  1
 1.22811E-02   7.74848E-04   1.11773E-04   1.31574E-04   3.74274E-12     2798.60  1
 1.23011E-02   7.99412E-04   1.11677E-04   1.30300E-04   3.79635E-12     2792.05  1
 1.23211E-02   8.26424E-04   1.11543E-04   1.28201E-04   3.84162E-12     2745.19  1
 1.23411E-02   8.52475E-04   1.11362E-04   1.25494E-04   3.69550E-12     2734.18  0
 1.23611E-02   8.48010E-04   1.09220E-04   1.24495E-04   3.53166E-12     2387.65  0
 1.23811E-02   8.45899E-04   1.07786E-04   1.23695E-04   3.36217E-12     2221.12  0
 1.24011E-02   8.39687E-04   1.03792E-04   1.21470E-04   3.18083E-12     2112.02  0
 1.24211E-02   8.37164E-04   1.00696E-04   1.21159E-04   3.01033E-12     2009.88  0
 1.24411E-02   8.31625E-04   9.78418E-05   1.19723E-04   2.83915E-12     1930.85  0
 1.24611E-02   8.29120E-04   9.39206E-05   1.18614E-04   2.67043E-12     1871.22  0
 1.24811E-02   8.22347E-04   9.04399E-05   1.17109E-04   2.50519E-12     1824.13  0
 1.25011E-02   8.18593E-04   8.76883E-05   1.13659E-04   2.34443E-12     1784.99  0
 1.25211E-02   8.15964E-04   8.36355E-05   1.11304E-04   2.18853E-12     1752.22  0
 1.25411E-02   8.08336E-04   8.00234E-05   1.09795E-04   2.03785E-12     1724.63  0
 1.25611E-02   8.05809E-04   7.75160E-05   1.08325E-04   1.89288E-12     1701.01  0
 1.25811E-02   7.99602E-04   7.34849E-05   1.06843E-04   1.75355E-12     1681.41  0
 1.26011E-02   7.93887E-04   6.96509E-05   1.03783E-04   1.57489E-12     1664.31  0
 1.26211E-02   7.89865E-04   6.74924E-05   1.03469E-04   1.44257E-12     1648.40  0
 1.26411E-02   7.86131E-04   6.37540E-05   1.02274E-04   1.31693E-12     1636.87  0
 1.26611E-02   7.78076E-04   6.08125E-05   9.92466E-05   1.19712E-12     1629.20  0
 1.26811E-02   7.74452E-04   5.81334E-05   9.69276E-05   1.08354E-12     1624.64  0
 1.27011E-02   7.66005E-04   5.48102E-05   9.56754E-05   9.76595E-13     1622.90  0
 1.27211E-02   7.58674E-04   5.26936E-05   9.45248E-05   8.75756E-13     1622.35  0
 1.27411E-02   7.53050E-04   4.92671E-05   9.34051E-05   7.80802E-13     1621.60  0
 1.27611E-02   7.43609E-04   4.71914E-05   9.18764E-05   6.92150E-13     1620.68  0
 1.27811E-02   7.34069E-04   4.40718E-05   8.75097E-05   6.08389E-13     1619.61  0
 1.28011E-02   7.14100E-04   4.10680E-05   8.25574E-05   5.10018E-13     1618.31  0
 1.28211E-02   6.94718E-04   3.87245E-05   8.72164E-05   4.36229E-13     1616.97  0
 1.28411E-02   6.74900E-04   3.66083E-05   8.45854E-05   5.11673E-13     1615.52  1
 1.28611E-02   5.12496E-05   1.08057E-04   5.40535E-05   6.49571E-13     2008.96  1
 1.28811E-02   6.33588E-04   1.10759E-04   1.59249E-04   7.98506E-13     2555.64  1
 1.29011E-02   6.07824E-04   1.11490E-04   1.59141E-04   9.55822E-13     2710.09  1
 1.29211E-02   5.77111E-04   1.11687E-04   1.55832E-04   1.11549E-12     2740.19  1
 1.29411E-02   5.42282E-04   1.11764E-04   1.54685E-04   1.29495E-12     2754.30  1
 1.29611E-02   4.98598E-04   1.11815E-04   1.56993E-04   1.47336E-12     2767.26  1
 1.29811E-02   4.53056E-04   1.11855E-04   1.57373E-04   1.65177E-12     2793.38  1
 1.30011E-02   3.89574E-04   1.11571E-04   1.56315E-04   1.82205E-12     2717.12  1
 1.30211E-02   3.47819E-04   1.11695E-04   1.58015E-04   1.99033E-12     2711.57  1
 1.30411E-02   3.33948E-04   1.11891E-04   1.57567E-04   2.14742E-12     2738.69  1
 1.30611E-02   3.56493E-04   1.11911E-04   1.57061E-04   2.30346E-12     2754.19  1
 1.30811E-02   3.86308E-04   1.11911E-04   1.56474E-04   2.45274E-12     2731.66  1
 1.31011E-02   4.16862E-04   1.11909E-04   1.55272E-04   2.59577E-12     2720.40  1
 1.31211E-02   4.46948E-04   1.11901E-04   1.53711E-04   2.73096E-12     2723.47  1
 1.31411E-02   4.76735E-04   1.11888E-04   1.50813E-04   2.85955E-12     2727.92  1
 1.31611E-02   5.06252E-04   1.11870E-04   1.49593E-04   2.98096E-12     2728.30  1
 1.31811E-02   5.35552E-04   1.11847E-04   1.48667E-04   3.09562E-12     2731.36  1
 1.32011E-02   5.64125E-04   1.11806E-04   1.47625E-04   3.20196E-12     2728.61  1
 1.32211E-02   5.94891E-04   1.11739E-04   1.46616E-04   3.30054E-12     2741.45  1
 1.32411E-02   6.23676E-04   1.11806E-04   1.45329E-04   3.39176E-12     2722.53  1
 1.32611E-02   6.51568E-04   1.11666E-04   1.43316E-04   3.47448E-12     2743.77  1
 1.32811E-02   6.76773E-04   1.11497E-04   1.40381E-04   3.35601E-12     2741.21  0
 1.33011E-02   6.77218E-04   1.09366E-04   1.39124E-04   3.21990E-12     2398.62  0
 1.33211E-02   6.76175E-04   1.07955E-04   1.38194E-04   3.07490E-12     2215.49  0
 1.33411E-02   6.71839E-04   1.04313E-04   1.37228E-04   2.92744E-12     2090.99  0
 1.33611E-02   6.68715E-04   1.01799E-04   1.36242E-04   2.77962E-12     1998.94  0
 1.33811E-02   6.66626E-04   9.83398E-05   1.34752E-04   2.63416E-12     1921.86  0
 1.34011E-02   6.60510E-04   9.41771E-05   1.30886E-04   2.45088E-12     1857.68  0
 1.34211E-02   6.61987E-04   9.11097E-05   1.31060E-04   2.30674E-12     1800.22  0
 1.34411E-02   6.58702E-04   8.79805E-05   1.27871E-04   2.16403E-12     1755.53  0
 1.34611E-02   6.53624E-04   8.39868E-05   1.26457E-04   2.02466E-12     1721.31  0
 1.34811E-02   6.51517E-04   8.06761E-05   1.25198E-04   1.88979E-12     1694.02  0
 1.35011E-02   6.46480E-04   7.77970E-05   1.23985E-04   1.75995E-12     1673.11  0
 1.35211E-02   6.41785E-04   7.37770E-05   1.22537E-04   1.63559E-12     1656.80  0
 1.35411E-02   6.38534E-04   7.07013E-05   1.19498E-04   1.51676E-12     1644.60  0
 1.35611E-02   6.31248E-04   6.80054E-05   1.17137E-04   1.40335E-12     1635.54  0
 1.35811E-02   6.27047E-04   6.44027E-05   1.15919E-04   1.29563E-12     1629.14  0
 1.36011E-02   6.20135E-04   6.13312E-05   1.11235E-04   1.15201E-12     1624.96  0
 1.36211E-02   6.10429E-04   5.83793E-05   1.15554E-04   1.05212E-12     1623.00  0
 1.36411E-02   6.03530E-04   5.52150E-05   1.13836E-04   9.58075E-13     1622.57  0
 1.36611E-02   5.92820E-04   5.28828E-05   1.12701E-04   8.69018E-13     1621.97  0
 1.36811E-02   5.84606E-04   4.95010E-05   1.11275E-04   7.85267E-13     1621.23  0
 1.37011E-02   5.76079E-04   4.75978E-05   1.07357E-04   7.06019E-13     1620.34  0
 1.37211E-02   5.65269E-04   4.43003E-05   1.05615E-04   6.30954E-13     1619.32  0
 1.37411E-02   5.55651E-04   4.25809E-05   1.04347E-04   5.60150E-13     1618.18  0
 1.37611E-02   5.46414E-04   3.95011E-05   1.03153E-04   4.93801E-13     1616.93  0
 1.37811E-02   5.34286E-04   3.78850E-05   1.01672E-04   5.65801E-13     1615.57  1
 1.38011E-02   5.19520E-04   1.07447E-04   1.58205E-04   7.04764E-13     1939.19  1
 1.38211E-02   5.11470E-04   1.10623E-04   1.66177E-04   8.53169E-13     2495.66  1
 1.38411E-02   4.95750E-04   1.11380E-04   1.67298E-04   1.01428E-12     2684.06  1
 1.38611E-02   4.83225E-04   1.11580E-04   1.66087E-04   1.17973E-12     2720.90  1
 1.38811E-02   4.66736E-04   1.11652E-04   1.62130E-04   1.34747E-12     2744.42  1
 1.39011E-02   4.52687E-04   1.11695E-04   1.61452E-04   1.51336E-12     2754.39  1
 1.39211E-02   4.34642E-04   1.11720E-04   1.60752E-04   1.67978E-12     2762.01  1
 1.39411E-02   4.15023E-04   1.11734E-04   1.60393E-04   1.84341E-12     2771.60  1
 1.39611E-02   3.91981E-04   1.11740E-04   1.59938E-04   2.00548E-12     2777.10  1
 1.39811E-02   3.66082E-04   1.11739E-04   1.58907E-04   2.16388E-12     2788.41  1
 1.40011E-02   3.60471E-04   1.11739E-04   1.57295E-04   2.31248E-12     2748.32  1
 1.40211E-02   3.92265E-04   1.11729E-04   1.55801E-04   2.45985E-12     2755.19  1
 1.40411E-02   4.22597E-04   1.11839E-04   1.55122E-04   2.60008E-12     2777.59  1
 1.40611E-02   4.52884E-04   1.11782E-04   1.54530E-04   2.73113E-12     2777.27  1
 1.40811E-02   4.83037E-04   1.11702E-04   1.53956E-04   2.85275E-12     2782.92  1
 1.41011E-02   5.12692E-04   1.11578E-04   1.53409E-04   2.77621E-12     2779.55  0
 1.41211E-02   5.12552E-04   1.09490E-04   1.52773E-04   2.68131E-12     2405.23  0
 1.41411E-02   5.11873E-04   1.08112E-04   1.51967E-04   2.57646E-12     2229.50  0
 1.41611E-02   5.10779E-04   1.04648E-04   1.51220E-04   2.46826E-12     2119.67  0
 1.41811E-02   5.09067E-04   1.02514E-04   1.49996E-04   2.35781E-12     2041.41  0
 1.42011E-02   5.05624E-04   9.81194E-05   1.47156E-04   2.22522E-12     1972.61  0
 1.42211E-02   5.04216E-04   9.47269E-05   1.46054E-04   2.11577E-12     1890.90  0
 1.42411E-02   5.01347E-04   9.24843E-05   1.46135E-04   1.99956E-12     1828.53  0
 1.42611E-02   4.98827E-04   8.86398E-05   1.45381E-04   1.88319E-12     1779.06  0
 1.42811E-02   4.92964E-04   8.54144E-05   1.44416E-04   1.76840E-12     1741.48  0
 1.43011E-02   4.90447E-04   8.28755E-05   1.42940E-04   1.65664E-12     1712.30  0
 1.43211E-02   4.87282E-04   7.92200E-05   1.39850E-04   1.54799E-12     1689.34  0
 1.43411E-02   4.80772E-04   7.65328E-05   1.37650E-04   1.44297E-12     1670.93  0
 1.43611E-02   4.77568E-04   7.34466E-05   1.36425E-04   1.34222E-12     1656.26  0
 1.43811E-02   4.73916E-04   7.02059E-05   1.35378E-04   1.24593E-12     1644.83  0
 1.44011E-02   4.66359E-04   6.78686E-05   1.34373E-04   1.15410E-12     1636.18  0
 1.44211E-02   4.61133E-04   6.43684E-05   1.33113E-04   1.06674E-12     1629.84  0
 1.44411E-02   4.53340E-04   6.23288E-05   1.31043E-04   9.83824E-13     1625.58  0
 1.44611E-02   4.46080E-04   5.89597E-05   1.27901E-04   9.05174E-13     1623.31  0
 1.44811E-02   4.41582E-04   5.70317E-05   1.26523E-04   8.30933E-13     1622.78  0
 1.45011E-02   4.30792E-04   5.40263E-05   1.25353E-04   7.60295E-13     1622.38  0
 1.45211E-02   4.24998E-04   5.22810E-05   1.24231E-04   6.93282E-13     1621.86  0
 1.45411E-02   4.20325E-04   4.92659E-05   1.22869E-04   6.29941E-13     1621.22  0
 1.45611E-02   4.07947E-04   4.76764E-05   1.20012E-04   5.69731E-13     1620.48  0
 1.45811E-02   4.03045E-04   4.47020E-05   1.17122E-04   5.13034E-13     1619.64  0
 1.46011E-02   3.93206E-04   4.24833E-05   1.12894E-04   5.79067E-13     1618.48  1
 1.46211E-02   5.10815E-05   1.07822E-04   5.09766E-05   7.29353E-13     1968.23  1
 1.46411E-02   3.75325E-04   1.10499E-04   1.89551E-04   8.78925E-13     2538.85  1
 1.46611E-02   3.69045E-04   1.11199E-04   1.89716E-04   1.03955E-12     2640.98  1
 1.46811E-02   3.55967E-04   1.11434E-04   1.88982E-04   1.20427E-12     2673.91  1
 1.47011E-02   3.47519E-04   1.11518E-04   1.88030E-04   1.37375E-12     2691.27  1
 1.47211E-02   3.37079E-04   1.11558E-04   1.86046E-04   1.54003E-12     2694.37  1
 1.47411E-02   3.26360E-04   1.11574E-04   1.82785E-04   1.70090E-12     2717.92  1
 1.47611E-02   3.19865E-04   1.11571E-04   1.81496E-04   1.85908E-12     2726.55  1
 1.47811E-02   3.12868E-04   1.11543E-04   1.80358E-04   2.01230E-12     2732.99  1
 1.48011E-02   3.23586E-04   1.11473E-04   1.79004E-04   2.15010E-12     2703.58  1
 1.48211E-02   3.54531E-04   1.11385E-04   1.76116E-04   2.09882E-12     2711.89  0
 1.48411E-02   3.57666E-04   1.09282E-04   1.73013E-04   2.02672E-12     2367.98  0
 1.48611E-02   3.59784E-04   1.07878E-04   1.71695E-04   1.94496E-12     2199.56  0
 1.48811E-02   3.60723E-04   1.04243E-04   1.70662E-04   1.86026E-12     2099.07  0
 1.49011E-02   3.61086E-04   1.01633E-04   1.69351E-04   1.77450E-12     2024.00  0
 1.49211E-02   3.61060E-04   9.83275E-05   1.66996E-04   1.68914E-12     1962.54  0
 1.49411E-02   3.60661E-04   9.47420E-05   1.64162E-04   1.60512E-12     1908.97  0
 1.49611E-02   3.60000E-04   9.22626E-05   1.62768E-04   1.52316E-12     1862.15  0
 1.49811E-02   3.59076E-04   8.84588E-05   1.61385E-04   1.44317E-12     1820.63  0
 1.50011E-02   3.57847E-04   8.49733E-05   1.59991E-04   1.36502E-12     1784.40  0
 1.50211E-02   3.56458E-04   8.26007E-05   1.58251E-04   1.28878E-12     1754.21  0
 1.50411E-02   3.54686E-04   7.86796E-05   1.55817E-04   1.21465E-12     1727.93  0
 1.50611E-02   3.53783E-04   7.56861E-05   1.52237E-04   1.14151E-12     1705.19  0
 1.50811E-02   3.52862E-04   7.32352E-05   1.50338E-04   1.07046E-12     1685.68  0
 1.51011E-02   3.47782E-04   7.01078E-05   1.48607E-04   1.00115E-12     1669.23  0
 1.51211E-02   3.43946E-04   6.80113E-05   1.46955E-04   9.34161E-13     1655.60  0
 1.51411E-02   3.38011E-04   6.48687E-05   1.45109E-04   8.69361E-13     1644.94  0
 1.51611E-02   3.34646E-04   6.28742E-05   1.42399E-04   8.06800E-13     1636.52  0
 1.51811E-02   3.30553E-04   5.96936E-05   1.39013E-04   7.46614E-13     1630.18  0
 1.52011E-02   3.24849E-04   5.65337E-05   1.35902E-04   6.70659E-13     1625.53  0
 1.52211E-02   3.22668E-04   5.38912E-05   1.39137E-04   6.13317E-13     1623.21  0
 1.52411E-02   3.16739E-04   5.19698E-05   1.35901E-04   5.59223E-13     1622.69  0
 1.52611E-02   3.13640E-04   4.91905E-05   1.34417E-04   5.07641E-13     1622.18  0
 1.52811E-02   3.09953E-04   4.76667E-05   1.33162E-04   4.59148E-13     1621.53  0
 1.53011E-02   3.04364E-04   4.47407E-05   1.31494E-04   4.13075E-13     1620.73  0
 1.53211E-02   3.01676E-04   4.31695E-05   1.27093E-04   4.93087E-13     1619.79  1
 1.53411E-02   4.16975E-05   1.07956E-04   5.07196E-05   6.48966E-13     2003.95  1
 1.53611E-02   7.78709E-05   1.10311E-04   6.74671E-05   7.92731E-13     2455.07  1
 1.53811E-02   1.10339E-04   1.11028E-04   7.40774E-05   9.46118E-13     2674.31  1
 1.54011E-02   2.54446E-04   1.11086E-04   2.04252E-04   1.10043E-12     2656.60  1
 1.54211E-02   2.46820E-04   1.11182E-04   2.04365E-04   1.26490E-12     2674.11  1
 1.54411E-02   2.38756E-04   1.11191E-04   2.04811E-04   1.23430E-12     2676.09  0
 1.54611E-02   2.26120E-04   1.09086E-04   2.04613E-04   1.18050E-12     2340.62  0
 1.54811E-02   2.21327E-04   1.07614E-04   2.02073E-04   1.11806E-12     2166.94  0
 1.55011E-02   2.16239E-04   1.03812E-04   1.98358E-04   1.05292E-12     2054.68  0
 1.55211E-02   2.12237E-04   1.00560E-04   1.96519E-04   9.88292E-13     1969.93  0
 1.55411E-02   2.06695E-04   9.78271E-05   1.94739E-04   9.24636E-13     1901.58  0
 1.55611E-02   2.05389E-04   9.38169E-05   1.90582E-04   8.63027E-13     1844.89  0
 1.55811E-02   2.05149E-04   9.01804E-05   1.86807E-04   8.03463E-13     1797.28  0
 1.56011E-02   2.04829E-04   8.75157E-05   1.84644E-04   7.46255E-13     1757.55  0
 1.56211E-02   2.04453E-04   8.33226E-05   1.81868E-04   6.91453E-13     1724.50  0
 1.56411E-02   2.04043E-04   7.93223E-05   1.76356E-04   6.38755E-13     1697.21  0
 1.56611E-02   2.03627E-04   7.59935E-05   1.74079E-04   5.88132E-13     1674.73  0
 1.56811E-02   2.03323E-04   7.30444E-05   1.71975E-04   5.39801E-13     1656.74  0
 1.57011E-02   2.03172E-04   6.92134E-05   1.66311E-04   4.93537E-13     1642.92  0
 1.57211E-02   2.02973E-04   6.60599E-05   1.64053E-04   4.49833E-13     1633.16  0
 1.57411E-02   2.02735E-04   6.29389E-05   1.61860E-04   4.08598E-13     1626.68  0
 1.57611E-02   2.02410E-04   5.89764E-05   1.56048E-04   3.69808E-13     1623.35  0
 1.57811E-02   1.99457E-04   5.54855E-05   1.53775E-04   3.33411E-13     1622.59  0
 1.58011E-02   1.94825E-04   5.26732E-05   1.51051E-04   2.99266E-13     1621.91  0
 1.58211E-02   1.93157E-04   4.87533E-05   1.45546E-04   2.67139E-13     1621.03  0
 1.58411E-02   1.88743E-04   4.54847E-05   1.43297E-04   2.36879E-13     1619.98  0
 1.58611E-02   1.83342E-04   4.30005E-05   1.39382E-04   2.08619E-13     1618.78  0
 1.58811E-02   1.76957E-04   3.96281E-05   1.34783E-04   1.81990E-13     1617.42  0
 1.59011E-02   1.73494E-04   3.77244E-05   1.32465E-04   1.57111E-13     1615.89  0
 1.59211E-02   1.68131E-04   3.45772E-05   1.27539E-04   1.33972E-13     1614.39  0
 1.59411E-02   1.64138E-04   3.29149E-05   1.23901E-04   1.12432E-13     1612.85  0
 1.59611E-02   1.61381E-04   3.01484E-05   1.21490E-04   9.25636E-14     1611.17  0
 1.59811E-02   1.54755E-04   2.85694E-05   1.15753E-04   7.45058E-14     1609.31  0
 1.60011E-02   1.51945E-04   2.68387E-05   1.11949E-04   5.84144E-14     1607.31  0
 1.60211E-02   1.45550E-04   2.45625E-05   1.03985E-04   4.43526E-14     1605.18  0
 1.60411E-02   1.26189E-04   2.32355E-05   9.58273E-05   3.24634E-14     1602.81  0
 1.60611E-02   1.10256E-04   2.10308E-05   9.26198E-05   2.23706E-14     1600.13  0
 1.60811E-02   9.67583E-05   1.90957E-05   8.67377E-05   1.43698E-14     1597.08  0
 1.61011E-02   8.51323E-05   1.76735E-05   7.46114E-05   8.19926E-15     1593.72  0
 1.61211E-02   7.27340E-05   1.47228E-05   6.13639E-05   3.81799E-15     1590.00  0
 1.61411E-02   5.64926E-05   1.29321E-05   4.86464E-05   1.15425E-15     1585.50  0
 1.61611E-02   3.95208E-05   9.24838E-06   3.51701E-05   4.41020E-17     1579.16  0
 1.61811E-02   1.35666E-05   3.83932E-06   7.60506E-06   0.00000E+00     1566.99  0
 1.62011E-02   0.00000E+00   0.00000E+00   0.00000E+00   0.00000E+00     1523.75  0
 1.62211E-02   0.00000E+00   0.00000E+00   0.00000E+00   0.00000E+00     1489.16  0
 1.62411E-02   0.00000E+00   0.00000E+00   0.00000E+00   0.00000E+00     1464.55  0
 1.62611E-02   0.00000E+00   0.00000E+00   0.00000E+00   0.00000E+00     1445.68  0
 1.62811E-02   0.00000E+00   0.00000E+00   0.00000E+00   0.00000E+00     1429.04  0
 1.63011E-02   0.00000E+00   0.00000E+00   0.00000E+00   0.00000E+00     1413.87  0
 1.63211E-02   0.00000E+00   0.00000E+00   0.00000E+00   0.00000E+00     1400.02  0
 1.63411E-02   0.00000E+00   0.00000E+00   0.00000E+00   0.00000E+00     1387.65  0
 1.63611E-02   0.00000E+00   0.00000E+00   0.00000E+00   0.00000E+00     1375.88  0
 1.63811E-02   0.00000E+00   0.00000E+00   0.00000E+00   0.00000E+00     1364.65  0
 1.64011E-02   0.00000E+00   0.00000E+00   0.00000E+00   0.00000E+00     1354.27  0
 1.64211E-02   0.00000E+00   0.00000E+00   0.00000E+00   0.00000E+00     1344.50  0
 1.64411E-02   0.00000E+00   0.00000E+00   0.00000E+00   0.00000E+00     1335.05  0
 1.64611E-02   0.00000E+00   0.00000E+00   0.00000E+00   0.00000E+00     1325.88  0
 1.64810E-02   0.00000E+00   0.00000E+00   0.00000E+00   0.00000E+00     1317.54  0
 1.65010E-02   0.00000E+00   0.00000E+00   0.00000E+00   0.00000E+00     1309.41  0
 1.65210E-02   0.00000E+00   0.00000E+00   0.00000E+00   0.00000E+00     1301.47  0
 1.65410E-02   0.00000E+00   0.00000E+00   0.00000E+00   0.00000E+00     1293.84  0
 1.65610E-02   0.00000E+00   0.00000E+00   0.00000E+00   0.00000E+00     1286.66  0
 1.65810E-02   0.00000E+00   0.00000E+00   0.00000E+00   0.00000E+00     1279.63  0
 1.66010E-02   0.00000E+00   0.00000E+00   0.00000E+00   0.00000E+00     1272.75  0
 1.66210E-02   0.00000E+00   0.00000E+00   0.00000E+00   0.00000E+00     1266.31  0
 1.66410E-02   0.00000E+00   0.00000E+00   0.00000E+00   0.00000E+00     1260.01  0
 1.66610E-02   0.00000E+00   0.00000E+00   0.00000E+00   0.00000E+00     1253.82  0
 1.66810E-02   0.00000E+00   0.00000E+00   0.00000E+00   0.00000E+00     1247.74  0
 1.67010E-02   0.00000E+00   0.00000E+00   0.00000E+00   0.00000E+00     1242.04  0
 1.67210E-02   0.00000E+00   0.00000E+00   0.00000E+00   0.00000E+00     1236.43  0
 1.67410E-02   0.00000E+00   0.00000E+00   0.00000E+00   0.00000E+00     1230.91  0
 1.67610E-02   0.00000E+00   0.00000E+00   0.00000E+00   0.00000E+00     1225.47  0
 1.67810E-02   0.00000E+00   0.00000E+00   0.00000E+00   0.00000E+00     1220.34  0
 1.68010E-02   0.00000E+00   0.00000E+00   0.00000E+00   0.00000E+00     1215.33  0
 1.68210E-02   0.00000E+00   0.00000E+00   0.00000E+00   0.00000E+00     1210.39  0
 1.68410E-02   0.00000E+00   0.00000E+00   0.00000E+00   0.00000E+00     1205.51  0
 1.68610E-02   0.00000E+00   0.00000E+00   0.00000E+00   0.00000E+00     1200.83  0
 1.68810E-02   0.00000E+00   0.00000E+00   0.00000E+00   0.00000E+00     1196.28  0
 1.69010E-02   0.00000E+00   0.00000E+00   0.00000E+00   0.00000E+00     1191.78  0
 1.69210E-02   0.00000E+00   0.00000E+00   0.00000E+00   0.00000E+00     1187.33  0
 1.69410E-02   0.00000E+00   0.00000E+00   0.00000E+00   0.00000E+00     1182.98  0
 1.69610E-02   0.00000E+00   0.00000E+00   0.00000E+00   0.00000E+00     1178.82  0
 1.69810E-02   0.00000E+00   0.00000E+00   0.00000E+00   0.00000E+00     1174.71  0
 1.70010E-02   0.00000E+00   0.00000E+00   0.00000E+00   0.00000E+00     1170.64  0
 1.70210E-02   0.00000E+00   0.00000E+00   0.00000E+00   0.00000E+00     1166.61  0
 1.70410E-02   0.00000E+00   0.00000E+00   0.00000E+00   0.00000E+00     1162.72  0
 1.70610E-02   0.00000E+00   0.00000E+00   0.00000E+00   0.00000E+00     1158.93  0
 1.70810E-02   0.00000E+00   0.00000E+00   0.00000E+00   0.00000E+00     1155.19  0
 1.71010E-02   0.00000E+00   0.00000E+00   0.00000E+00   0.00000E+00     1151.48  0
 1.71210E-02   0.00000E+00   0.00000E+00   0.00000E+00   0.00000E+00     1147.80  0
 1.71410E-02   0.00000E+00   0.00000E+00   0.00000E+00   0.00000E+00     1144.27  0
 1.71610E-02   0.00000E+00   0.00000E+00   0.00000E+00   0.00000E+00     1140.80  0
 1.71810E-02   0.00000E+00   0.00000E+00   0.00000E+00   0.00000E+00     1137.37  0
 1.72010E-02   0.00000E+00   0.00000E+00   0.00000E+00   0.00000E+00     1134.00  0
 1.72210E-02   0.00000E+00   0.00000E+00   0.00000E+00   0.00000E+00     1130.65  0
 1.72410E-02   0.00000E+00   0.00000E+00   0.00000E+00   0.00000E+00     1127.40  0
 1.72610E-02   0.00000E+00   0.00000E+00   0.00000E+00   0.00000E+00     1124.23  0
 1.72810E-02   0.00000E+00   0.00000E+00   0.00000E+00   0.00000E+00     1121.09  0
 1.73010E-02   0.00000E+00   0.00000E+00   0.00000E+00   0.00000E+00     1117.97  0
 1.73210E-02   0.00000E+00   0.00000E+00   0.00000E+00   0.00000E+00     1114.88  0
 1.73410E-02   0.00000E+00   0.00000E+00   0.00000E+00   0.00000E+00     1111.82  0
 1.73610E-02   0.00000E+00   0.00000E+00   0.00000E+00   0.00000E+00     1108.89  0
 1.73810E-02   0.00000E+00   0.00000E+00   0.00000E+00   0.00000E+00     1105.98  0
 1.74010E-02   0.00000E+00   0.00000E+00   0.00000E+00   0.00000E+00     1103.09  0
 1.74210E-02   0.00000E+00   0.00000E+00   0.00000E+00   0.00000E+00     1100.22  0
 1.74410E-02   0.00000E+00   0.00000E+00   0.00000E+00   0.00000E+00     1097.38  0
 1.74610E-02   0.00000E+00   0.00000E+00   0.00000E+00   0.00000E+00     1094.59  0
 1.74810E-02   0.00000E+00   0.00000E+00   0.00000E+00   0.00000E+00     1091.89  0
 1.75010E-02   0.00000E+00   0.00000E+00   0.00000E+00   0.00000E+00     1089.20  0
 1.75210E-02   0.00000E+00   0.00000E+00   0.00000E+00   0.00000E+00     1086.54  0
 1.75410E-02   0.00000E+00   0.00000E+00   0.00000E+00   0.00000E+00     1083.89  0
 1.75610E-02   0.00000E+00   0.00000E+00   0.00000E+00   0.00000E+00     1081.26  0
 1.75810E-02   0.00000E+00   0.00000E+00   0.00000E+00   0.00000E+00     1078.68  0
 1.76010E-02   0.00000E+00   0.00000E+00   0.00000E+00   0.00000E+00     1076.18  0
 1.76210E-02   0.00000E+00   0.00000E+00   0.00000E+00   0.00000E+00     1073.69  0
 1.76410E-02   0.00000E+00   0.00000E+00   0.00000E+00   0.00000E+00     1071.22  0
 1.76610E-02   0.00000E+00   0.00000E+00   0.00000E+00   0.00000E+00     1068.77  0
 1.76810E-02   0.00000E+00   0.00000E+00   0.00000E+00   0.00000E+00     1066.35  0
 1.77010E-02   0.00000E+00   0.00000E+00   0.00000E+00   0.00000E+00     1063.95  0
 1.77210E-02   0.00000E+00   0.00000E+00   0.00000E+00   0.00000E+00     1061.63  0
 1.77410E-02   0.00000E+00   0.00000E+00   0.00000E+00   0.00000E+00     1059.34  0
 1.77610E-02   0.00000E+00   0.00000E+00   0.00000E+00   0.00000E+00     1057.05  0
 1.77810E-02   0.00000E+00   0.00000E+00   0.00000E+00   0.00000E+00     1054.78  0
 1.78010E-02   0.00000E+00   0.00000E+00   0.00000E+00   0.00000E+00     1052.53  0
 1.78210E-02   0.00000E+00   0.00000E+00   0.00000E+00   0.00000E+00     1050.29  0
 1.78410E-02   0.00000E+00   0.00000E+00   0.00000E+00   0.00000E+00     1048.07  0
 1.78610E-02   0.00000E+00   0.00000E+00   0.00000E+00   0.00000E+00     1045.92  0
 1.78810E-02   0.00000E+00   0.00000E+00   0.00000E+00   0.00000E+00     1043.78  0
 1.79010E-02   0.00000E+00   0.00000E+00   0.00000E+00   0.00000E+00     1041.66  0
 1.79210E-02   0.00000E+00   0.00000E+00   0.00000E+00   0.00000E+00     1039.56  0
 1.79410E-02   0.00000E+00   0.00000E+00   0.00000E+00   0.00000E+00     1037.46  0
 1.79610E-02   0.00000E+00   0.00000E+00   0.00000E+00   0.00000E+00     1035.38  0
 1.79810E-02   0.00000E+00   0.00000E+00   0.00000E+00   0.00000E+00     1033.31  0
 1.80010E-02   0.00000E+00   0.00000E+00   0.00000E+00   0.00000E+00     1031.30  0
 1.80210E-02   0.00000E+00   0.00000E+00   0.00000E+00   0.00000E+00     1029.32  0
 1.80410E-02   0.00000E+00   0.00000E+00   0.00000E+00   0.00000E+00     1027.34  0
 1.80610E-02   0.00000E+00   0.00000E+00   0.00000E+00   0.00000E+00     1025.38  0
 1.80810E-02   0.00000E+00   0.00000E+00   0.00000E+00   0.00000E+00     1023.43  0
 1.81010E-02   0.00000E+00   0.00000E+00   0.00000E+00   0.00000E+00     1021.48  0
 1.81210E-02   0.00000E+00   0.00000E+00   0.00000E+00   0.00000E+00     1019.55  0
 1.81410E-02   0.00000E+00   0.00000E+00   0.00000E+00   0.00000E+00     1017.64  0
 1.81610E-02   0.00000E+00   0.00000E+00   0.00000E+00   0.00000E+00     1015.79  0
 1.81810E-02   0.00000E+00   0.00000E+00   0.00000E+00   0.00000E+00     1013.94  0
 1.82010E-02   0.00000E+00   0.00000E+00   0.00000E+00   0.00000E+00     1012.11  0
 1.82210E-02   0.00000E+00   0.00000E+00   0.00000E+00   0.00000E+00     1010.29  0
 1.82410E-02   0.00000E+00   0.00000E+00   0.00000E+00   0.00000E+00     1008.47  0
 1.82610E-02   0.00000E+00   0.00000E+00   0.00000E+00   0.00000E+00     1006.69  0
 1.82810E-02   0.00000E+00   0.00000E+00   0.00000E+00   0.00000E+00     1004.91  0
 1.83010E-02   0.00000E+00   0.00000E+00   0.00000E+00   0.00000E+00     1003.14  0
 1.83210E-02   0.00000E+00   0.00000E+00   0.00000E+00   0.00000E+00     1001.41  0
 1.83410E-02   0.00000E+00   0.00000E+00   0.00000E+00   0.00000E+00      999.70  0
 1.83610E-02   0.00000E+00   0.00000E+00   0.00000E+00   0.00000E+00      998.01  0
 1.83810E-02   0.00000E+00   0.00000E+00   0.00000E+00   0.00000E+00      996.32  0
 1.84010E-02   0.00000E+00   0.00000E+00   0.00000E+00   0.00000E+00      994.64  0
 1.84210E-02   0.00000E+00   0.00000E+00   0.00000E+00   0.00000E+00      992.97  0
 1.84410E-02   0.00000E+00   0.00000E+00   0.00000E+00   0.00000E+00      991.31  0
 1.84610E-02   0.00000E+00   0.00000E+00   0.00000E+00   0.00000E+00      989.65  0
 1.84810E-02   0.00000E+00   0.00000E+00   0.00000E+00   0.00000E+00      988.01  0
 1.85010E-02   0.00000E+00   0.00000E+00   0.00000E+00   0.00000E+00      986.38  0
 1.85210E-02   0.00000E+00   0.00000E+00   0.00000E+00   0.00000E+00      984.80  0
 1.85410E-02   0.00000E+00   0.00000E+00   0.00000E+00   0.00000E+00      983.22  0
 1.85610E-02   0.00000E+00   0.00000E+00   0.00000E+00   0.00000E+00      981.65  0
 1.85810E-02   0.00000E+00   0.00000E+00   0.00000E+00   0.00000E+00      980.09  0
 1.86010E-02   0.00000E+00   0.00000E+00   0.00000E+00   0.00000E+00      978.53  0
 1.86210E-02   0.00000E+00   0.00000E+00   0.00000E+00   0.00000E+00      976.99  0
 1.86410E-02   0.00000E+00   0.00000E+00   0.00000E+00   0.00000E+00      975.45  0
 1.86610E-02   0.00000E+00   0.00000E+00   0.00000E+00   0.00000E+00      973.92  0
 1.86810E-02   0.00000E+00   0.00000E+00   0.00000E+00   0.00000E+00      972.39  0
 1.87010E-02   0.00000E+00   0.00000E+00   0.00000E+00   0.00000E+00      970.88  0
 1.87210E-02   0.00000E+00   0.00000E+00   0.00000E+00   0.00000E+00      969.41  0
 1.87410E-02   0.00000E+00   0.00000E+00   0.00000E+00   0.00000E+00      967.94  0
 1.87610E-02   0.00000E+00   0.00000E+00   0.00000E+00   0.00000E+00      966.49  0
 1.87810E-02   0.00000E+00   0.00000E+00   0.00000E+00   0.00000E+00      965.04  0
 1.88010E-02   0.00000E+00   0.00000E+00   0.00000E+00   0.00000E+00      963.60  0
 1.88210E-02   0.00000E+00   0.00000E+00   0.00000E+00   0.00000E+00      962.16  0
 1.88410E-02   0.00000E+00   0.00000E+00   0.00000E+00   0.00000E+00      960.73  0
 1.88610E-02   0.00000E+00   0.00000E+00   0.00000E+00   0.00000E+00      959.31  0
 1.88810E-02   0.00000E+00   0.00000E+00   0.00000E+00   0.00000E+00      957.89  0
 1.89010E-02   0.00000E+00   0.00000E+00   0.00000E+00   0.00000E+00      956.48  0
 1.89210E-02   0.00000E+00   0.00000E+00   0.00000E+00   0.00000E+00      955.08  0
 1.89410E-02   0.00000E+00   0.00000E+00   0.00000E+00   0.00000E+00      953.71  0
 1.89610E-02   0.00000E+00   0.00000E+00   0.00000E+00   0.00000E+00      952.36  0
 1.89810E-02   0.00000E+00   0.00000E+00   0.00000E+00   0.00000E+00      951.02  0
 1.90010E-02   0.00000E+00   0.00000E+00   0.00000E+00   0.00000E+00      949.69  0
 1.90210E-02   0.00000E+00   0.00000E+00   0.00000E+00   0.00000E+00      948.37  0
 1.90409E-02   0.00000E+00   0.00000E+00   0.00000E+00   0.00000E+00      947.05  0
 1.90609E-02   0.00000E+00   0.00000E+00   0.00000E+00   0.00000E+00      945.73  0
 1.90809E-02   0.00000E+00   0.00000E+00   0.00000E+00   0.00000E+00      944.42  0
 1.91009E-02   0.00000E+00   0.00000E+00   0.00000E+00   0.00000E+00      943.11  0
 1.91209E-02   0.00000E+00   0.00000E+00   0.00000E+00   0.00000E+00      941.81  0
 1.91409E-02   0.00000E+00   0.00000E+00   0.00000E+00   0.00000E+00      940.52  0
 1.91609E-02   0.00000E+00   0.00000E+00   0.00000E+00   0.00000E+00      939.23  0
 1.91809E-02   0.00000E+00   0.00000E+00   0.00000E+00   0.00000E+00      937.95  0
 1.92009E-02   0.00000E+00   0.00000E+00   0.00000E+00   0.00000E+00      936.71  0
 1.92209E-02   0.00000E+00   0.00000E+00   0.00000E+00   0.00000E+00      935.47  0
 1.92409E-02   0.00000E+00   0.00000E+00   0.00000E+00   0.00000E+00      934.23  0
 1.92609E-02   0.00000E+00   0.00000E+00   0.00000E+00   0.00000E+00      933.00  0
 1.92809E-02   0.00000E+00   0.00000E+00   0.00000E+00   0.00000E+00      931.77  0
 1.93009E-02   0.00000E+00   0.00000E+00   0.00000E+00   0.00000E+00      930.55  0
 1.93209E-02   0.00000E+00   0.00000E+00   0.00000E+00   0.00000E+00      929.34  0
 1.93409E-02   0.00000E+00   0.00000E+00   0.00000E+00   0.00000E+00      928.12  0
 1.93609E-02   0.00000E+00   0.00000E+00   0.00000E+00   0.00000E+00      926.92  0
 1.93809E-02   0.00000E+00   0.00000E+00   0.00000E+00   0.00000E+00      925.72  0
 1.94009E-02   0.00000E+00   0.00000E+00   0.00000E+00   0.00000E+00      924.52  0
 1.94209E-02   0.00000E+00   0.00000E+00   0.00000E+00   0.00000E+00      923.32  0
 1.94409E-02   0.00000E+00   0.00000E+00   0.00000E+00   0.00000E+00      922.14  0
 1.94609E-02   0.00000E+00   0.00000E+00   0.00000E+00   0.00000E+00      920.97  0
 1.94809E-02   0.00000E+00   0.00000E+00   0.00000E+00   0.00000E+00      919.82  0
 1.95009E-02   0.00000E+00   0.00000E+00   0.00000E+00   0.00000E+00      918.68  0
 1.95209E-02   0.00000E+00   0.00000E+00   0.00000E+00   0.00000E+00      917.54  0
 1.95409E-02   0.00000E+00   0.00000E+00   0.00000E+00   0.00000E+00      916.40  0
 1.95609E-02   0.00000E+00   0.00000E+00   0.00000E+00   0.00000E+00      915.27  0
 1.95809E-02   0.00000E+00   0.00000E+00   0.00000E+00   0.00000E+00      914.14  0
 1.96009E-02   0.00000E+00   0.00000E+00   0.00000E+00   0.00000E+00      913.02  0
 1.96209E-02   0.00000E+00   0.00000E+00   0.00000E+00   0.00000E+00      911.90  0
 1.96409E-02   0.00000E+00   0.00000E+00   0.00000E+00   0.00000E+00      910.79  0
 1.96609E-02   0.00000E+00   0.00000E+00   0.00000E+00   0.00000E+00      909.68  0
 1.96809E-02   0.00000E+00   0.00000E+00   0.00000E+00   0.00000E+00      908.57  0
 1.97009E-02   0.00000E+00   0.00000E+00   0.00000E+00   0.00000E+00      907.47  0
 1.97209E-02   0.00000E+00   0.00000E+00   0.00000E+00   0.00000E+00      906.37  0
 1.97409E-02   0.00000E+00   0.00000E+00   0.00000E+00   0.00000E+00      905.27  0
 1.97609E-02   0.00000E+00   0.00000E+00   0.00000E+00   0.00000E+00      904.19  0
 1.97809E-02   0.00000E+00   0.00000E+00   0.00000E+00   0.00000E+00      903.13  0
 1.98009E-02   0.00000E+00   0.00000E+00   0.00000E+00   0.00000E+00      902.07  0
 1.98209E-02   0.00000E+00   0.00000E+00   0.00000E+00   0.00000E+00      901.03  0
 1.98409E-02   0.00000E+00   0.00000E+00   0.00000E+00   0.00000E+00      900.00  0
 1.98609E-02   0.00000E+00   0.00000E+00   0.00000E+00   0.00000E+00      898.96  0
 1.98809E-02   0.00000E+00   0.00000E+00   0.00000E+00   0.00000E+00      897.93  0
 1.99009E-02   0.00000E+00   0.00000E+00   0.00000E+00   0.00000E+00      896.90  0
 1.99209E-02   0.00000E+00   0.00000E+00   0.00000E+00   0.00000E+00      895.88  0
 1.99409E-02   0.00000E+00   0.00000E+00   0.00000E+00   0.00000E+00      894.85  0
 1.99609E-02   0.00000E+00   0.00000E+00   0.00000E+00   0.00000E+00      893.84  0
 1.99809E-02   0.00000E+00   0.00000E+00   0.00000E+00   0.00000E+00      892.82  0
 2.00009E-02   0.00000E+00   0.00000E+00   0.00000E+00   0.00000E+00      891.81  0
 2.00209E-02   0.00000E+00   0.00000E+00   0.00000E+00   0.00000E+00      890.80  0
 2.00409E-02   0.00000E+00   0.00000E+00   0.00000E+00   0.00000E+00      889.80  0
 2.00609E-02   0.00000E+00   0.00000E+00   0.00000E+00   0.00000E+00      888.79  0
 2.00809E-02   0.00000E+00   0.00000E+00   0.00000E+00   0.00000E+00      887.80  0
 2.01009E-02   0.00000E+00   0.00000E+00   0.00000E+00   0.00000E+00      886.80  0
 2.01209E-02   0.00000E+00   0.00000E+00   0.00000E+00   0.00000E+00      885.82  0
 2.01409E-02   0.00000E+00   0.00000E+00   0.00000E+00   0.00000E+00      884.86  0
 2.01609E-02   0.00000E+00   0.00000E+00   0.00000E+00   0.00000E+00      883.90  0
 2.01809E-02   0.00000E+00   0.00000E+00   0.00000E+00   0.00000E+00      882.94  0
 2.02009E-02   0.00000E+00   0.00000E+00   0.00000E+00   0.00000E+00      881.99  0
 2.02209E-02   0.00000E+00   0.00000E+00   0.00000E+00   0.00000E+00      881.03  0
 2.02409E-02   0.00000E+00   0.00000E+00   0.00000E+00   0.00000E+00      880.09  0
 2.02609E-02   0.00000E+00   0.00000E+00   0.00000E+00   0.00000E+00      879.14  0
 2.02809E-02   0.00000E+00   0.00000E+00   0.00000E+00   0.00000E+00      878.20  0
 2.03009E-02   0.00000E+00   0.00000E+00   0.00000E+00   0.00000E+00      877.26  0
 2.03209E-02   0.00000E+00   0.00000E+00   0.00000E+00   0.00000E+00      876.32  0
 2.03409E-02   0.00000E+00   0.00000E+00   0.00000E+00   0.00000E+00      875.39  0
 2.03609E-02   0.00000E+00   0.00000E+00   0.00000E+00   0.00000E+00      874.46  0
 2.03809E-02   0.00000E+00   0.00000E+00   0.00000E+00   0.00000E+00      873.53  0
 2.04009E-02   0.00000E+00   0.00000E+00   0.00000E+00   0.00000E+00      872.61  0
 2.04209E-02   0.00000E+00   0.00000E+00   0.00000E+00   0.00000E+00      871.69  0
 2.04409E-02   0.00000E+00   0.00000E+00   0.00000E+00   0.00000E+00      870.77  0
 2.04609E-02   0.00000E+00   0.00000E+00   0.00000E+00   0.00000E+00      869.85  0
 2.04809E-02   0.00000E+00   0.00000E+00   0.00000E+00   0.00000E+00      868.94  0
 2.05009E-02   0.00000E+00   0.00000E+00   0.00000E+00   0.00000E+00      868.03  0
 2.05209E-02   0.00000E+00   0.00000E+00   0.00000E+00   0.00000E+00      867.14  0
 2.05409E-02   0.00000E+00   0.00000E+00   0.00000E+00   0.00000E+00      866.26  0
 2.05609E-02   0.00000E+00   0.00000E+00   0.00000E+00   0.00000E+00      865.38  0
 2.05809E-02   0.00000E+00   0.00000E+00   0.00000E+00   0.00000E+00      864.50  0
 2.06009E-02   0.00000E+00   0.00000E+00   0.00000E+00   0.00000E+00      863.63  0
 2.06209E-02   0.00000E+00   0.00000E+00   0.00000E+00   0.00000E+00      862.76  0
 2.06409E-02   0.00000E+00   0.00000E+00   0.00000E+00   0.00000E+00      861.89  0
 2.06609E-02   0.00000E+00   0.00000E+00   0.00000E+00   0.00000E+00      861.02  0
 2.06809E-02   0.00000E+00   0.00000E+00   0.00000E+00   0.00000E+00      860.16  0
 2.07009E-02   0.00000E+00   0.00000E+00   0.00000E+00   0.00000E+00      859.30  0
 2.07209E-02   0.00000E+00   0.00000E+00   0.00000E+00   0.00000E+00      858.44  0
 2.07409E-02   0.00000E+00   0.00000E+00   0.00000E+00   0.00000E+00      857.58  0
 2.07609E-02   0.00000E+00   0.00000E+00   0.00000E+00   0.00000E+00      856.73  0
 2.07809E-02   0.00000E+00   0.00000E+00   0.00000E+00   0.00000E+00      855.88  0
 2.08009E-02   0.00000E+00   0.00000E+00   0.00000E+00   0.00000E+00      855.03  0
 2.08209E-02   0.00000E+00   0.00000E+00   0.00000E+00   0.00000E+00      854.19  0
 2.08409E-02   0.00000E+00   0.00000E+00   0.00000E+00   0.00000E+00      853.36  0
 2.08609E-02   0.00000E+00   0.00000E+00   0.00000E+00   0.00000E+00      852.52  0
 2.08809E-02   0.00000E+00   0.00000E+00   0.00000E+00   0.00000E+00      851.69  0
 2.09009E-02   0.00000E+00   0.00000E+00   0.00000E+00   0.00000E+00      850.87  0
 2.09209E-02   0.00000E+00   0.00000E+00   0.00000E+00   0.00000E+00      850.04  0
 2.09409E-02   0.00000E+00   0.00000E+00   0.00000E+00   0.00000E+00      849.22  0
