# Thermal History - 10 Monitoring Points
# Columns: time(s)  T1..T10 (K)
# Point physical coordinates:
#  P 1:  x= 4.000E-04m  y= 1.000E-03m  z= 6.950E-04m
#  P 2:  x= 1.000E-03m  y= 1.000E-03m  z= 6.950E-04m
#  P 3:  x= 1.600E-03m  y= 1.000E-03m  z= 6.950E-04m
#  P 4:  x= 1.000E-03m  y= 1.000E-03m  z= 6.600E-04m
#  P 5:  x= 1.000E-03m  y= 1.000E-03m  z= 6.000E-04m
#  P 6:  x= 1.000E-03m  y= 1.050E-03m  z= 6.950E-04m
#  P 7:  x= 1.000E-03m  y= 1.200E-03m  z= 6.950E-04m
#  P 8:  x= 1.000E-03m  y= 1.500E-03m  z= 6.950E-04m
#  P 9:  x= 1.000E-03m  y= 1.800E-03m  z= 6.950E-04m
#  P10:  x= 1.000E-03m  y= 1.000E-03m  z= 2.000E-04m
#  time(s)    T 1(K)       T 2(K)       T 3(K)       T 4(K)       T 5(K)       T 6(K)       T 7(K)       T 8(K)       T 9(K)       T10(K)       
 2.10000E-05     293.000     293.000     293.000     293.000     293.000     293.000     293.000     293.000     293.000     293.000
 4.10000E-05     293.000     293.000     293.000     293.000     293.000     293.000     293.000     293.000     293.000     293.000
 6.10000E-05     293.000     293.000     293.000     293.000     293.000     293.000     293.000     293.000     293.000     293.000
 8.10000E-05     293.000     293.000     293.000     293.000     293.000     293.000     293.000     293.000     293.000     293.000
 1.01000E-04     293.000     293.000     293.000     292.995     292.995     293.000     293.000     293.000     293.000     293.000
 1.21000E-04     293.000     292.998     293.000     292.981     292.981     292.998     292.998     292.998     292.998     293.000
 1.41000E-04     293.000     292.998     293.000     292.986     292.985     292.998     292.998     292.998     292.998     293.000
 1.61000E-04     293.000     292.998     293.000     292.989     292.989     292.998     292.998     292.998     292.998     293.000
 1.81000E-04     293.000     292.998     293.000     292.993     292.993     292.998     292.998     292.998     292.998     293.000
 2.01000E-04     293.000     292.998     293.000     292.991     292.991     292.998     292.998     292.998     292.998     293.000
 2.21000E-04     293.000     292.998     293.000     292.992     292.992     292.998     292.998     292.998     292.998     293.000
 2.41000E-04     293.000     292.998     293.000     292.990     292.991     292.997     292.998     292.997     292.998     293.000
 2.61000E-04     293.000     292.998     293.000     292.993     292.993     292.998     292.998     292.998     292.998     293.000
 2.81000E-04     293.000     292.998     293.000     292.993     292.994     292.997     292.997     292.997     292.998     293.000
 3.01000E-04     293.000     292.997     293.000     292.993     292.994     292.997     292.997     292.997     292.997     293.000
 3.21000E-04     293.000     292.997     293.000     292.993     292.994     292.997     292.997     292.997     292.997     293.000
 3.41000E-04     293.000     292.997     293.000     292.993     292.994     292.997     292.997     292.997     292.997     293.000
 3.61000E-04     293.000     292.997     293.000     292.993     292.993     292.997     292.997     292.997     292.997     293.000
 3.81000E-04     293.000     292.997     293.000     292.993     292.993     292.997     292.997     292.997     292.997     293.000
 4.01000E-04     293.000     292.997     293.000     292.992     292.993     292.997     292.997     292.997     292.997     293.000
 4.21000E-04     293.000     292.997     293.000     292.992     292.992     292.997     292.997     292.997     292.997     293.000
 4.41000E-04     293.000     292.996     293.000     292.991     292.992     292.997     292.996     292.996     292.996     293.000
 4.61000E-04     293.000     292.996     293.000     292.991     292.991     292.997     292.996     292.996     292.996     293.000
 4.81000E-04     293.000     292.996     293.000     292.990     292.991     292.996     292.996     292.996     292.996     293.000
 5.01000E-04     293.000     292.996     293.000     292.990     292.990     292.996     292.996     292.996     292.996     293.000
 5.21000E-04     293.000     292.996     293.000     292.990     292.989     292.996     292.996     292.996     292.996     293.000
 5.41000E-04     293.000     292.996     293.000     292.989     292.989     292.996     292.996     292.996     292.996     293.000
 5.61000E-04     293.000     292.996     293.000     292.989     292.989     292.996     292.996     292.996     292.996     293.000
 5.81000E-04     293.000     292.996     293.000     292.989     292.988     292.996     292.996     292.996     292.996     293.000
 6.01000E-04     293.000     292.996     293.000     292.989     292.988     292.996     292.996     292.996     292.996     293.000
 6.21000E-04     293.000     292.996     293.000     292.989     292.988     292.996     292.996     292.996     292.996     293.000
 6.41000E-04     293.000     292.995     293.000     292.989     292.988     292.996     292.996     292.996     292.996     293.000
 6.61000E-04     293.000     292.995     293.000     292.989     292.988     292.995     292.996     292.995     292.995     293.000
 6.81000E-04     293.000     292.995     293.000     292.988     292.988     292.995     292.995     292.995     292.995     293.000
 7.01000E-04     293.000     292.995     293.000     292.988     292.988     292.995     292.995     292.995     292.995     293.000
 7.21000E-04     293.000     292.995     293.000     292.988     292.987     292.995     292.995     292.995     292.995     293.000
 7.41000E-04     293.000     292.995     293.000     292.988     292.987     292.995     292.995     292.995     292.995     293.000
 7.61000E-04     293.000     292.995     293.000     292.988     292.987     292.995     292.995     292.995     292.995     293.000
 7.81000E-04     293.000     292.995     293.000     292.988     292.987     292.995     292.995     292.995     292.995     293.000
 8.01000E-04     293.000     292.995     293.000     292.988     292.987     292.995     292.995     292.995     292.995     293.000
 8.21000E-04     293.000     292.995     293.000     292.989     292.988     292.995     292.995     292.995     292.995     293.000
 8.41000E-04     293.000     292.995     293.000     292.989     292.988     292.995     292.995     292.995     292.995     293.000
 8.61000E-04     293.000     292.995     293.000     292.988     292.987     292.995     292.995     292.995     292.995     293.000
 8.81000E-04     293.000     292.994     293.000     292.988     292.987     292.995     292.995     292.995     292.995     293.000
 9.01000E-04     293.000     292.994     293.000     292.987     292.986     292.994     292.995     292.994     292.995     293.000
 9.21000E-04     293.000     292.994     293.000     292.986     292.985     292.994     292.994     292.994     292.994     293.000
 9.41000E-04     293.000     292.994     293.000     292.985     292.983     292.994     292.994     292.994     292.994     293.000
 9.61000E-04     293.000     292.994     293.000     292.984     292.982     292.994     292.994     292.994     292.994     293.000
 9.81000E-04     293.000     292.994     293.000     292.982     292.980     292.994     292.994     292.994     292.994     293.000
 1.00100E-03     293.000     292.993     293.000     292.981     292.980     292.994     292.994     292.994     292.994     292.999
 1.02100E-03     293.000     292.993     293.000     292.979     292.977     292.993     292.993     292.993     292.993     292.999
 1.04100E-03     293.000     292.993     293.000     292.983     292.982     292.993     292.993     292.994     292.994     292.999
 1.06100E-03     293.000     292.993     293.000     292.987     292.986     292.994     292.994     292.994     292.994     293.000
 1.08100E-03     293.000     292.993     293.000     292.987     292.987     292.993     292.994     292.994     292.994     293.000
 1.10100E-03     293.000     292.993     293.000     292.986     292.986     292.993     292.993     292.993     292.993     292.999
 1.12100E-03     293.000     292.993     293.000     292.984     292.984     292.993     292.993     292.993     292.993     292.999
 1.14100E-03     293.000     292.992     293.000     292.984     292.983     292.993     292.993     292.993     292.993     292.999
 1.16100E-03     293.000     292.992     293.000     292.984     292.983     292.993     292.993     292.993     292.993     292.999
 1.18100E-03     293.000     292.992     293.000     292.983     292.983     292.992     292.992     292.993     292.993     292.999
 1.20100E-03     293.000     292.992     293.000     292.983     292.983     292.992     292.992     292.992     292.992     292.999
 1.22100E-03     293.000     292.992     293.000     292.983     292.982     292.992     292.992     292.992     292.992     292.999
 1.24100E-03     293.000     292.992     293.000     292.983     292.982     292.992     292.992     292.992     292.992     292.999
 1.26100E-03     293.000     292.992     293.000     292.983     292.982     292.992     292.992     292.992     292.992     292.999
 1.28100E-03     293.000     292.991     293.000     292.982     292.982     292.992     292.992     292.992     292.992     292.999
 1.30100E-03     293.000     292.991     293.000     292.982     292.982     292.991     292.992     292.992     292.992     292.999
 1.32100E-03     293.000     292.991     293.000     292.982     292.981     292.991     292.991     292.992     292.992     292.999
 1.34100E-03     293.000     292.991     293.000     292.982     292.981     292.991     292.991     292.992     292.992     292.999
 1.36100E-03     293.000     292.991     293.000     292.982     292.981     292.991     292.991     292.991     292.991     292.999
 1.38100E-03     293.000     292.991     293.000     292.981     292.980     292.991     292.991     292.991     292.991     292.999
 1.40100E-03     293.000     292.991     293.000     292.982     292.981     292.991     292.991     292.991     292.991     292.999
 1.42100E-03     293.000     292.990     293.000     292.981     292.981     292.991     292.991     292.991     292.991     292.999
 1.44100E-03     293.000     292.990     293.000     292.981     292.980     292.990     292.991     292.991     292.991     292.999
 1.46100E-03     293.000     292.990     293.000     292.981     292.980     292.990     292.991     292.991     292.991     292.999
 1.48100E-03     293.000     292.990     293.000     292.981     292.979     292.990     292.991     292.991     292.991     292.999
 1.50100E-03     293.000     292.990     293.000     292.980     292.979     292.990     292.990     292.991     292.991     292.999
 1.52100E-03     293.000     292.990     293.000     292.980     292.979     292.990     292.990     292.990     292.990     292.999
 1.54100E-03     293.000     292.990     293.000     292.980     292.979     292.990     292.990     292.990     292.990     292.999
 1.56100E-03     293.000     292.989     293.000     292.980     292.979     292.990     292.990     292.990     292.990     292.999
 1.58100E-03     293.000     292.989     293.000     292.980     292.978     292.990     292.990     292.990     292.990     292.999
 1.60100E-03     293.000     292.989     293.000     292.979     292.978     292.989     292.990     292.990     292.990     292.999
 1.62100E-03     293.000     292.989     293.000     292.979     292.978     292.989     292.990     292.990     292.990     292.999
 1.64100E-03     293.000     292.989     293.000     292.979     292.978     292.989     292.990     292.990     292.990     292.999
 1.66100E-03     293.000     292.989     293.000     292.979     292.977     292.989     292.989     292.990     292.990     292.999
 1.68100E-03     293.000     292.989     293.000     292.979     292.977     292.989     292.989     292.990     292.990     292.999
 1.70100E-03     293.000     292.989     293.000     292.978     292.977     292.989     292.989     292.989     292.990     292.999
 1.72100E-03     293.000     292.988     293.000     292.978     292.977     292.989     292.989     292.989     292.989     292.999
 1.74100E-03     293.000     292.988     293.000     292.978     292.977     292.988     292.989     292.989     292.989     292.999
 1.76100E-03     293.000     292.988     293.000     292.978     292.976     292.988     292.989     292.989     292.989     292.999
 1.78100E-03     293.000     292.988     293.000     292.978     292.976     292.988     292.989     292.989     292.989     292.999
 1.80100E-03     293.000     292.988     293.000     292.978     292.976     292.988     292.989     292.989     292.989     292.999
 1.82100E-03     293.000     292.988     293.000     292.978     292.977     292.988     292.988     292.989     292.989     292.999
 1.84100E-03     293.000     292.988     293.000     292.977     292.976     292.988     292.988     292.989     292.989     292.999
 1.86100E-03     293.000     292.988     293.000     292.978     292.977     292.988     292.988     292.989     292.989     292.999
 1.88100E-03     293.000     292.987     293.000     292.978     292.976     292.987     292.988     292.988     292.988     292.999
 1.90100E-03     293.000     292.987     293.000     292.977     292.975     292.987     292.988     292.988     292.988     292.999
 1.92100E-03     293.000     292.987     293.000     292.977     292.975     292.987     292.988     292.988     292.988     292.998
 1.94100E-03     293.000     292.987     293.000     292.976     292.975     292.987     292.987     292.988     292.988     292.998
 1.96100E-03     293.000     292.986     293.000     292.974     292.972     292.987     292.987     292.988     292.988     292.998
 1.98100E-03     293.000     292.986     293.000     292.974     292.972     292.986     292.987     292.987     292.987     292.998
 2.00100E-03     293.000     292.986     293.000     292.972     292.970     292.986     292.987     292.987     292.987     292.998
 2.02100E-03     293.000     292.986     293.000     292.973     292.971     292.986     292.987     292.987     292.987     292.998
 2.04100E-03     293.000     292.985     293.000     292.971     292.969     292.986     292.986     292.987     292.987     292.998
 2.06100E-03     293.000     292.985     293.000     292.970     292.968     292.985     292.986     292.986     292.987     292.998
 2.08100E-03     293.000     292.985     293.000     292.972     292.970     292.985     292.986     292.986     292.986     292.998
 2.10100E-03     293.000     292.985     293.000     292.971     292.969     292.985     292.986     292.986     292.986     292.997
 2.12100E-03     293.000     292.984     293.000     292.971     292.968     292.984     292.985     292.986     292.986     292.997
 2.14100E-03     293.000     292.984     293.000     292.973     292.971     292.984     292.985     292.986     292.986     292.997
 2.16100E-03     293.000     292.984     293.000     292.974     292.972     292.984     292.985     292.985     292.985     292.997
 2.18100E-03     293.000     292.984     293.000     292.976     292.975     292.984     292.985     292.985     292.985     292.997
 2.20100E-03     293.000     292.982     293.000     292.971     292.970     292.982     292.983     292.984     292.984     292.996
 2.22100E-03     293.000     292.982     293.000     292.979     292.979     292.982     292.983     292.984     292.984     292.996
 2.24100E-03     293.000     292.983     293.000     292.988     292.990     292.982     292.983     292.984     292.984     292.997
 2.26100E-03     293.000     292.983     293.000     292.992     292.995     292.982     292.983     292.983     292.984     292.997
 2.28100E-03     293.001     292.983     293.000     292.996     292.999     292.981     292.983     292.983     292.983     292.996
 2.30100E-03     293.001     292.983     293.000     293.001     293.005     292.981     292.982     292.983     292.983     292.996
 2.32100E-03     293.001     292.983     293.000     293.006     293.011     292.981     292.982     292.983     292.983     292.996
 2.34100E-03     293.001     292.983     293.000     293.012     293.017     292.981     292.982     292.983     292.983     292.996
 2.36100E-03     293.001     292.983     293.000     293.019     293.025     292.980     292.982     292.982     292.982     292.996
 2.38100E-03     293.001     292.983     293.000     293.026     293.033     292.980     292.981     292.982     292.982     292.996
 2.40100E-03     293.002     292.983     293.000     293.034     293.042     292.980     292.981     292.982     292.982     292.997
 2.42100E-03     293.002     292.983     293.000     293.043     293.052     292.980     292.981     292.982     292.982     292.997
 2.44100E-03     293.002     292.984     293.000     293.054     293.064     292.980     292.981     292.982     292.981     292.997
 2.46100E-03     293.003     292.984     293.000     293.067     293.077     292.980     292.980     292.981     292.981     292.997
 2.48100E-03     293.003     292.985     293.000     293.082     293.094     292.979     292.980     292.981     292.981     292.996
 2.50100E-03     293.003     292.986     293.000     293.101     293.113     292.979     292.980     292.981     292.981     292.996
 2.52100E-03     293.004     292.987     293.000     293.124     293.136     292.979     292.980     292.981     292.981     292.996
 2.54100E-03     293.005     292.988     293.000     293.151     293.164     292.979     292.980     292.981     292.980     292.996
 2.56100E-03     293.006     292.989     293.001     293.183     293.197     292.979     292.980     292.980     292.980     292.996
 2.58100E-03     293.006     292.990     293.001     293.223     293.238     292.979     292.979     292.980     292.980     292.996
 2.60100E-03     293.007     292.992     293.001     293.271     293.286     292.979     292.979     292.980     292.980     292.996
 2.62100E-03     293.009     292.994     293.001     293.328     293.343     292.979     292.979     292.980     292.980     292.996
 2.64100E-03     293.010     292.996     293.001     293.396     293.410     292.979     292.979     292.980     292.980     292.996
 2.66100E-03     293.011     292.999     293.001     293.475     293.490     292.979     292.979     292.980     292.980     292.996
 2.68100E-03     293.013     293.002     293.001     293.568     293.582     292.979     292.979     292.980     292.980     292.996
 2.70100E-03     293.015     293.006     293.001     293.675     293.688     292.979     292.978     292.979     292.979     292.996
 2.72100E-03     293.017     293.011     293.001     293.798     293.811     292.980     292.978     292.979     292.979     292.996
 2.74100E-03     293.020     293.016     293.001     293.939     293.950     292.980     292.978     292.979     292.979     292.996
 2.76100E-03     293.022     293.023     293.001     294.098     294.108     292.980     292.978     292.979     292.979     292.996
 2.78100E-03     293.025     293.031     293.001     294.277     294.285     292.981     292.978     292.979     292.979     292.996
 2.80100E-03     293.030     293.041     293.001     294.517     294.520     292.982     292.978     292.979     292.979     292.996
 2.82100E-03     293.034     293.052     293.001     294.747     294.747     292.982     292.977     292.978     292.979     292.996
 2.84100E-03     293.038     293.065     293.001     294.999     294.996     292.983     292.977     292.978     292.979     292.996
 2.86100E-03     293.042     293.080     293.002     295.274     295.267     292.984     292.977     292.978     292.978     292.996
 2.88100E-03     293.048     293.097     293.002     295.573     295.562     292.985     292.977     292.978     292.978     292.996
 2.90100E-03     293.053     293.117     293.002     295.897     295.881     292.987     292.977     292.978     292.978     292.996
 2.92100E-03     293.060     293.140     293.002     296.246     296.225     292.988     292.977     292.978     292.978     292.996
 2.94100E-03     293.066     293.166     293.002     296.620     296.594     292.990     292.976     292.978     292.978     292.996
 2.96100E-03     293.074     293.195     293.002     297.020     296.988     292.992     292.976     292.978     292.978     292.996
 2.98100E-03     293.082     293.228     293.002     297.445     297.407     292.995     292.976     292.977     292.978     292.996
 3.00100E-03     293.092     293.275     293.002     298.008     297.956     292.998     292.976     292.977     292.978     292.996
 3.02100E-03     293.102     293.318     293.002     298.491     298.432     293.002     292.976     292.977     292.977     292.996
 3.04100E-03     293.112     293.367     293.002     298.999     298.933     293.006     292.976     292.977     292.977     292.996
 3.06100E-03     293.123     293.420     293.003     299.533     299.459     293.011     292.976     292.977     292.977     292.996
 3.08100E-03     293.135     293.480     293.003     300.090     300.008     293.016     292.976     292.977     292.977     292.996
 3.10100E-03     293.148     293.546     293.003     300.672     300.582     293.022     292.976     292.977     292.977     292.996
 3.12100E-03     293.161     293.618     293.003     301.277     301.179     293.029     292.975     292.977     292.977     292.996
 3.14100E-03     293.176     293.696     293.158     301.907     301.800     293.037     292.975     292.977     292.977     292.996
 3.16100E-03     293.191     293.782     293.623     302.558     302.442     293.046     292.975     292.976     292.977     292.996
 3.18100E-03     293.208     293.876     294.280     303.230     303.105     293.055     292.975     292.976     292.976     292.996
 3.20100E-03     293.227     293.983     295.245     303.968     303.829     293.067     292.975     292.976     292.976     292.996
 3.22100E-03     293.246     294.093     296.450     304.680     304.530     293.079     292.975     292.976     292.976     292.996
 3.24100E-03     293.266     294.212     297.962     305.415     305.255     293.093     292.974     292.976     292.976     292.996
 3.26100E-03     293.286     294.339     299.807     306.163     305.992     293.108     292.974     292.975     292.976     292.996
 3.28100E-03     293.308     294.475     302.005     306.930     306.749     293.125     292.974     292.975     292.975     292.996
 3.30100E-03     293.331     294.620     304.576     307.717     307.525     293.143     292.974     292.975     292.975     292.996
 3.32100E-03     293.355     294.775     307.545     308.516     308.312     293.163     292.973     292.975     292.975     292.996
 3.34100E-03     293.380     294.940     310.926     309.333     309.118     293.185     292.973     292.975     292.975     292.996
 3.36100E-03     293.407     295.114     314.733     310.164     309.938     293.209     292.973     292.974     292.974     292.996
 3.38100E-03     293.434     295.299     318.967     311.007     310.769     293.235     292.973     292.974     292.974     292.996
 3.40100E-03     293.470     295.494     323.623     311.861     311.610     293.264     292.973     292.974     292.974     292.996
 3.42100E-03     293.501     295.700     328.708     312.732     312.468     293.295     292.972     292.974     292.974     292.996
 3.44100E-03     293.533     295.917     334.198     313.614     313.339     293.328     292.972     292.973     292.974     292.996
 3.46100E-03     293.566     296.144     340.068     314.503     314.215     293.364     292.972     292.973     292.973     292.996
 3.48100E-03     293.600     296.382     346.284     315.405     315.103     293.402     292.971     292.973     292.973     292.997
 3.50099E-03     293.636     296.631     352.810     316.313     315.999     293.444     292.971     292.973     292.973     292.997
 3.52099E-03     293.673     296.891     359.606     317.230     316.901     293.488     292.971     292.972     292.973     292.997
 3.54099E-03     293.712     297.162     366.633     318.153     317.811     293.535     292.971     292.972     292.972     292.997
 3.56099E-03     293.751     297.444     373.852     319.085     318.729     293.585     292.970     292.971     292.972     292.997
 3.58099E-03     293.793     297.738     381.226     320.025     319.655     293.639     292.970     292.971     292.972     292.998
 3.60099E-03     293.836     298.043     388.453     320.993     320.604     293.696     292.970     292.971     292.971     292.998
 3.62099E-03     293.880     298.359     396.022     322.141     321.691     293.757     292.970     292.971     292.971     292.998
 3.64099E-03     293.925     298.707     403.654     324.387     323.588     293.821     292.970     292.970     292.971     292.999
 3.66099E-03     293.972     299.234     411.323     330.765     328.455     293.888     292.969     292.970     292.970     292.999
 3.68099E-03     294.020     300.068     419.004     345.010     338.780     293.960     292.969     292.970     292.970     293.000
 3.70099E-03     294.069     301.137     426.676     368.309     355.088     294.036     292.969     292.970     292.970     293.000
 3.72099E-03     294.120     302.507     434.319     399.514     376.471     294.115     292.969     292.969     292.969     293.001
 3.74099E-03     294.173     304.285     441.916     436.105     401.435     294.200     292.968     292.969     292.969     293.001
 3.76099E-03     294.226     306.573     449.450     475.185     428.335     294.290     292.968     292.968     292.969     293.002
 3.78099E-03     294.282     309.460     456.908     514.292     455.620     294.388     292.968     292.968     292.968     293.002
 3.80099E-03     294.338     313.013     464.273     552.059     482.382     294.494     292.968     292.968     292.968     293.003
 3.82099E-03     294.396     317.270     471.541     587.548     507.838     294.613     292.968     292.967     292.968     293.004
 3.84099E-03     294.456     322.246     478.698     620.287     531.542     294.747     292.968     292.967     292.968     293.005
 3.86099E-03     294.517     327.933     485.732     650.175     553.403     294.901     292.968     292.967     292.967     293.006
 3.88099E-03     294.579     334.306     492.633     677.203     573.363     295.082     292.968     292.967     292.967     293.007
 3.90099E-03     294.643     341.326     499.392     701.506     591.508     295.294     292.968     292.966     292.967     293.008
 3.92099E-03     294.708     348.942     506.001     723.243     607.935     295.546     292.969     292.966     292.967     293.009
 3.94099E-03     294.774     357.099     512.455     742.634     622.801     295.844     292.969     292.966     292.966     293.010
 3.96099E-03     294.842     365.738     518.744     759.916     636.292     296.197     292.969     292.965     292.966     293.011
 3.98099E-03     294.911     374.797     524.867     775.189     648.430     296.612     292.969     292.965     292.966     293.012
 4.00099E-03     294.993     384.254     529.723     788.661     659.406     297.100     292.970     292.965     292.966     293.014
 4.02099E-03     295.066     393.972     535.504     800.643     669.389     297.664     292.970     292.965     292.965     293.015
 4.04099E-03     295.139     403.934     541.109     811.245     678.434     298.311     292.971     292.964     292.965     293.016
 4.06099E-03     295.214     414.089     546.536     820.645     686.659     299.049     292.972     292.964     292.965     293.018
 4.08099E-03     295.290     424.387     551.784     828.929     694.070     299.883     292.972     292.964     292.965     293.020
 4.10099E-03     295.367     434.782     556.853     836.275     700.829     300.817     292.973     292.964     292.964     293.022
 4.12099E-03     295.446     445.235     561.744     842.794     707.023     301.856     292.974     292.963     292.964     293.023
 4.14099E-03     295.527     455.708     566.458     848.490     712.596     303.002     292.975     292.963     292.964     293.025
 4.16100E-03     295.633     466.167     570.995     853.510     717.702     304.256     292.976     292.963     292.964     293.027
 4.18100E-03     295.918     476.585     575.359     857.892     722.326     305.621     292.978     292.963     292.963     293.030
 4.20100E-03     296.503     486.944     579.177     861.720     726.531     307.097     292.979     292.962     292.963     293.032
 4.22100E-03     297.266     497.205     583.206     865.094     730.413     308.681     292.981     292.962     292.963     293.034
 4.24100E-03     298.298     507.358     587.069     868.021     733.946     310.374     292.983     292.962     292.963     293.037
 4.26100E-03     299.641     517.387     590.768     870.548     737.161     312.172     292.985     292.962     292.963     293.039
 4.28100E-03     301.345     527.279     594.306     872.719     740.088     314.075     292.987     292.962     292.962     293.042
 4.30100E-03     303.462     537.024     597.688     874.573     742.750     316.078     292.990     292.961     292.962     293.045
 4.32100E-03     306.035     546.613     600.914     876.141     745.170     318.179     292.993     292.961     292.962     293.048
 4.34100E-03     309.095     556.038     603.991     877.455     747.370     320.374     292.996     292.961     292.962     293.051
 4.36100E-03     312.654     565.295     606.920     878.540     749.369     322.659     293.000     292.961     292.962     293.055
 4.38100E-03     316.714     574.379     609.706     879.422     751.183     325.030     293.004     292.961     292.961     293.058
 4.40100E-03     326.153     591.539     614.631     881.593     752.943     328.156     293.011     292.960     292.961     293.062
 4.42100E-03     331.868     600.259     617.035     882.868     754.444     330.712     293.016     292.960     292.961     293.066
 4.44100E-03     338.140     608.881     619.331     884.193     755.830     333.338     293.022     292.960     292.961     293.070
 4.46100E-03     344.932     617.410     621.522     885.459     757.119     336.032     293.029     292.960     292.961     293.074
 4.48100E-03     352.193     625.844     623.611     886.603     758.325     338.789     293.036     292.960     292.961     293.078
 4.50100E-03     359.868     634.178     625.600     887.597     759.456     341.603     293.045     292.960     292.960     293.082
 4.52100E-03     367.899     642.406     627.491     888.429     760.516     344.470     293.054     292.959     292.960     293.087
 4.54100E-03     376.228     650.517     629.283     889.102     761.507     347.386     293.065     292.959     292.960     293.092
 4.56100E-03     384.798     658.503     630.979     889.621     762.432     350.347     293.077     292.959     292.960     293.097
 4.58100E-03     393.555     666.354     632.579     889.995     763.290     353.348     293.090     292.959     292.960     293.102
 4.60100E-03     408.289     680.380     636.499     891.393     764.194     357.090     293.105     292.959     292.960     293.108
 4.62100E-03     417.643     687.974     637.837     891.780     764.922     360.177     293.122     292.958     292.959     293.113
 4.64100E-03     427.077     695.432     639.084     892.096     765.594     363.294     293.139     292.958     292.959     293.119
 4.66100E-03     436.550     702.749     640.243     892.301     766.214     366.435     293.159     292.958     292.959     293.125
 4.68100E-03     446.021     709.915     641.316     892.374     766.783     369.598     293.180     292.958     292.959     293.132
 4.70100E-03     455.451     716.922     642.306     892.310     767.300     372.780     293.203     292.958     292.959     293.138
 4.72100E-03     464.883     723.761     643.216     892.105     767.770     375.978     293.229     292.957     292.959     293.145
 4.74100E-03     474.484     730.424     644.047     891.771     768.181     379.189     293.257     292.957     292.958     293.152
 4.76100E-03     484.153     736.904     644.801     891.316     768.537     382.409     293.287     292.957     292.958     293.159
 4.78100E-03     493.855     743.195     645.481     890.740     768.841     385.638     293.319     292.957     292.958     293.167
 4.80100E-03     514.234     755.868     647.264     890.537     769.059     389.857     293.363     292.957     292.958     293.175
 4.82100E-03     524.908     761.725     647.715     889.263     769.241     393.106     293.401     292.956     292.957     293.183
 4.84100E-03     535.975     767.469     648.099     887.882     769.360     396.354     293.443     292.956     292.957     293.191
 4.86100E-03     547.375     773.083     648.421     886.426     769.418     399.601     293.488     292.956     292.957     293.200
 4.88100E-03     559.054     778.548     648.682     884.958     769.407     402.845     293.536     292.955     292.957     293.209
 4.90100E-03     570.955     783.846     648.885     883.457     769.335     406.083     293.587     292.955     292.956     293.218
 4.92100E-03     583.027     788.964     649.031     881.922     769.202     409.313     293.642     292.955     292.956     293.228
 4.94100E-03     595.221     793.893     649.124     880.375     769.012     412.534     293.700     292.955     292.956     293.237
 4.96100E-03     607.490     798.625     649.163     878.795     768.767     415.745     293.763     292.954     292.956     293.248
 4.98100E-03     619.789     803.158     649.152     877.192     768.471     418.944     293.829     292.954     292.955     293.258
 5.00100E-03     632.078     807.513     648.138     875.583     768.128     422.128     293.899     292.954     292.955     293.269
 5.02100E-03     644.317     811.643     648.040     873.948     767.741     425.298     293.973     292.954     292.955     293.281
 5.04100E-03     656.473     815.575     647.897     872.299     767.312     428.451     294.052     292.953     292.954     293.292
 5.06100E-03     668.511     819.310     647.711     870.635     766.844     431.587     294.134     292.953     292.954     293.304
 5.08100E-03     680.403     822.853     647.484     868.956     766.339     434.703     294.221     292.952     292.954     293.317
 5.10100E-03     692.123     826.208     647.216     867.264     765.799     437.799     294.313     292.952     292.953     293.330
 5.12100E-03     703.648     829.379     646.910     865.555     765.223     440.874     294.410     292.952     292.953     293.343
 5.14100E-03     714.959     832.372     646.566     863.852     764.623     443.926     294.511     292.951     292.953     293.357
 5.16100E-03     726.038     835.192     646.186     862.143     763.996     446.955     294.617     292.951     292.952     293.371
 5.18100E-03     736.872     837.845     645.771     860.426     763.346     449.961     294.727     292.951     292.952     293.385
 5.20100E-03     747.242     840.377     645.185     858.832     762.764     453.215     294.843     292.950     292.952     293.400
 5.22100E-03     757.608     842.712     644.717     857.960     762.685     478.238     294.964     292.950     292.951     293.416
 5.24100E-03     767.719     844.950     644.215     859.880     764.583     844.883     295.090     292.950     292.951     293.432
 5.26100E-03     777.561     847.213     643.682     867.803     770.740    1734.945     295.223     292.950     292.951     293.449
 5.28100E-03     787.124     849.469     643.119     882.899     781.798    2119.981     295.360     292.950     292.951     293.466
 5.30100E-03     796.405     851.750     642.527     904.014     796.889    2194.577     295.502     292.949     292.951     293.484
 5.32100E-03     805.401     854.139     641.908     928.971     814.725    2237.766     295.651     292.949     292.950     293.501
 5.34100E-03     814.113     856.700     641.264     955.575     833.955    2251.731     295.809     292.948     292.950     293.520
 5.36100E-03     822.540     859.489     640.595     982.234     853.480    2234.218     295.977     292.948     292.949     293.538
 5.38100E-03     830.686     862.552     639.902    1007.868     872.399    2200.514     296.158     292.947     292.949     293.558
 5.40100E-03     837.620     865.924     639.068    1031.833     890.319    2160.049     296.357     292.947     292.949     293.578
 5.42100E-03     845.207     869.624     638.334    1053.798     906.934    2117.885     296.580     292.947     292.948     293.599
 5.44100E-03     852.521     873.662     637.579    1073.576     922.084    2076.325     296.834     292.946     292.948     293.620
 5.46101E-03     859.561     878.040     636.806    1091.179     935.852    2036.207     297.125     292.946     292.948     293.642
 5.48101E-03     866.330     882.748     636.015    1106.681     948.243    1997.577     297.464     292.946     292.947     293.664
 5.50101E-03     872.832     887.863     635.207    1120.229     959.340    1915.987     297.861     292.945     292.947     293.687
 5.52101E-03     879.066     893.430     634.383    1131.994     969.241    1857.143     298.324     292.945     292.946     293.710
 5.54101E-03     885.035     899.468     633.544    1142.141     978.052    1817.621     298.865     292.944     292.946     293.734
 5.56101E-03     890.741     905.964     632.691    1150.830     985.877    1790.187     299.493     292.944     292.946     293.759
 5.58101E-03     896.186     912.884     631.824    1158.256     992.784    1767.276     300.217     292.944     292.945     293.784
 5.60101E-03     899.236     920.160     630.864    1164.499     998.870    1747.984     301.048     292.943     292.945     293.810
 5.62101E-03     904.174     927.773     629.974    1169.732    1004.225    1730.384     301.990     292.943     292.945     293.837
 5.64101E-03     908.856     935.645     629.072    1174.084    1008.903    1714.625     303.052     292.943     292.945     293.864
 5.66101E-03     913.287     943.719     628.161    1177.628    1012.973    1700.649     304.238     292.943     292.944     293.892
 5.68101E-03     917.468     951.940     627.240    1180.491    1016.491    1688.196     305.552     292.942     292.944     293.920
 5.70101E-03     921.403     960.258     626.309    1182.750    1019.513    1676.939     306.998     292.942     292.944     293.949
 5.72101E-03     925.096     968.625     625.371    1184.485    1022.087    1666.312     308.576     292.942     292.943     293.979
 5.74101E-03     928.551     977.002     624.429    1185.766    1024.261    1656.557     310.288     292.941     292.943     294.009
 5.76101E-03     931.773     985.351     623.548    1186.616    1026.066    1647.750     312.132     292.941     292.943     294.041
 5.78101E-03     934.769     993.641     622.863    1187.146    1027.557    1640.240     314.107     292.941     292.943     294.073
 5.80101E-03     936.755    1001.833     622.253    1187.340    1028.747    1634.030     316.211     292.941     292.942     294.105
 5.82101E-03     939.337    1009.931     621.910    1187.193    1029.654    1629.324     318.439     292.940     292.942     294.138
 5.84101E-03     941.713    1017.905     621.839    1186.782    1030.327    1625.862     320.788     292.940     292.942     294.173
 5.86101E-03     943.887    1025.739     622.103    1186.131    1030.788    1623.676     323.254     292.940     292.942     294.207
 5.88101E-03     945.863    1033.422     622.753    1185.268    1031.060    1622.562     325.831     292.940     292.942     294.243
 5.90101E-03     947.647    1040.945     623.830    1184.216    1031.160    1621.859     328.514     292.940     292.941     294.279
 5.92101E-03     949.245    1048.300     625.357    1182.999    1031.105    1621.017     331.297     292.939     292.941     294.316
 5.94101E-03     950.661    1055.481     627.348    1181.642    1030.911    1620.012     334.176     292.939     292.941     294.354
 5.96101E-03     951.903    1062.484     629.801    1180.159    1030.593    1618.847     337.143     292.939     292.941     294.392
 5.98101E-03     952.976    1069.305     632.705    1178.567    1030.161    1617.528     340.194     292.939     292.941     294.431
 6.00101E-03     953.725    1080.255     638.532    1177.224    1029.650    1616.025     343.627     292.939     292.940     294.472
 6.02101E-03     954.429    1086.634     642.490    1175.354    1029.021    1614.436     346.837     292.939     292.940     294.513
 6.04101E-03     954.988    1092.824     646.794    1173.395    1028.306    1612.730     350.111     292.938     292.940     294.554
 6.06101E-03     955.409    1098.820     651.407    1171.377    1027.517    1610.918     353.444     292.938     292.940     294.596
 6.08101E-03     955.697    1104.619     656.291    1169.311    1026.658    1608.975     356.831     292.938     292.940     294.640
 6.10101E-03     955.856    1110.218     661.409    1167.209    1025.738    1606.896     360.265     292.938     292.939     294.684
 6.12101E-03     955.892    1115.618     666.727    1165.081    1024.765    1604.697     363.742     292.938     292.939     294.728
 6.14101E-03     955.809    1120.820     672.209    1162.930    1023.744    1602.396     367.257     292.938     292.939     294.774
 6.16101E-03     955.612    1125.826     677.824    1160.760    1022.680    1599.941     370.804     292.938     292.939     294.820
 6.18101E-03     955.305    1130.640     683.544    1158.574    1021.578    1597.300     374.379     292.938     292.939     294.867
 6.20101E-03     955.966    1141.013     694.867    1157.307    1020.430    1594.080     378.653     292.938     292.939     294.916
 6.22101E-03     955.380    1145.711     700.861    1155.761    1019.280    1590.485     382.286     292.937     292.938     294.965
 6.24101E-03     954.703    1150.372     706.961    1154.336    1018.128    1586.192     385.933     292.937     292.938     295.015
 6.26101E-03     953.937    1154.960     713.157    1152.930    1016.982    1581.501     389.591     292.937     292.938     295.065
 6.28101E-03     953.083    1159.442     719.435    1151.486    1015.844    1575.862     393.256     292.937     292.938     295.117
 6.30101E-03     952.143    1163.788     725.775    1149.974    1014.713    1568.698     396.925     292.937     292.938     295.169
 6.32101E-03     951.118    1167.973     732.157    1148.365    1013.577    1558.114     400.595     292.937     292.938     295.222
 6.34101E-03     950.012    1171.970     738.556    1146.701    1012.457    1537.510     404.261     292.937     292.937     295.276
 6.36101E-03     948.827    1175.759     744.951    1144.934    1011.327    1513.977     407.923     292.937     292.937     295.331
 6.38101E-03     947.566    1179.321     751.317    1143.076    1010.190    1494.333     411.577     292.937     292.937     295.386
 6.40101E-03     945.513    1185.755     761.176    1141.957    1008.991    1474.646     415.829     292.937     292.937     295.443
 6.42101E-03     944.037    1189.772     767.813    1140.720    1007.824    1457.012     419.468     292.937     292.936     295.501
 6.44101E-03     942.481    1193.513     774.471    1139.394    1006.659    1441.079     423.092     292.936     292.936     295.559
 6.46101E-03     940.850    1196.934     781.107    1137.882    1005.487    1426.442     426.699     292.936     292.936     295.618
 6.48101E-03     939.150    1200.014     787.680    1136.167    1004.306    1412.949     430.287     292.936     292.936     295.678
 6.50101E-03     937.385    1202.748     794.152    1134.280    1003.119    1400.651     433.855     292.936     292.935     295.739
 6.52101E-03     935.560    1205.136     800.489    1132.230    1001.916    1389.158     437.401     292.936     292.935     295.801
 6.54101E-03     933.679    1207.175     806.661    1129.995    1000.665    1377.791     440.923     292.936     292.935     295.864
 6.56101E-03     931.746    1208.881     812.644    1127.665     999.403    1367.365     444.421     292.936     292.935     295.928
 6.58101E-03     929.764    1210.257     818.418    1125.200     998.092    1357.087     447.893     292.936     292.934     295.993
 6.60101E-03     926.560    1211.300     823.352    1122.620     996.735    1347.138     451.338     292.936     292.934     296.059
 6.62101E-03     924.544    1212.056     828.644    1119.972     995.346    1337.479     454.755     292.936     292.934     296.125
 6.64101E-03     922.488    1212.530     833.692    1117.286     993.937    1328.418     458.149     292.936     292.933     296.193
 6.66101E-03     920.394    1212.733     838.491    1114.532     992.486    1319.484     462.322     292.936     292.933     296.261
 6.68101E-03     918.265    1212.681     843.040    1111.744     991.010    1310.885     502.098     292.937     292.933     296.331
 6.70101E-03     916.102    1212.388     847.338    1108.922     989.509    1302.532     821.550     292.936     292.932     296.401
 6.72101E-03     913.907    1211.872     851.385    1106.091     987.995    1294.478    1268.745     292.938     292.933     296.474
 6.74101E-03     911.683    1211.143     855.184    1103.214     986.432    1286.536    1536.980     292.938     292.933     296.546
 6.76101E-03     909.432    1210.214     858.739    1100.306     984.833    1278.726    1896.359     292.938     292.932     296.620
 6.78102E-03     907.156    1209.104     862.052    1097.425     983.237    1271.384    2082.424     292.939     292.932     296.694
 6.80102E-03     904.520    1207.799     864.960    1094.481     981.585    1263.885    2131.856     292.939     292.932     296.769
 6.82102E-03     902.197    1206.350     867.807    1091.530     979.914    1256.527    2131.073     292.940     292.931     296.846
 6.84102E-03     899.853    1204.753     870.430    1088.615     978.253    1249.627    2109.775     292.940     292.931     296.923
 6.86102E-03     897.490    1203.019     872.833    1085.693     976.571    1242.813    2079.911     292.941     292.931     297.001
 6.88102E-03     895.111    1201.156     875.022    1082.775     974.876    1236.151    2046.617     292.941     292.930     297.081
 6.90102E-03     892.718    1199.174     877.005    1079.867     973.171    1229.643    2012.160     292.942     292.930     297.161
 6.92102E-03     890.313    1197.083     878.786    1076.981     971.466    1223.347    1978.174     292.943     292.930     297.243
 6.94102E-03     887.898    1194.891     880.374    1074.110     969.755    1217.198    1945.454     292.944     292.930     297.325
 6.96102E-03     885.473    1192.606     881.775    1071.245     968.033    1211.139    1914.242     292.945     292.929     297.409
 6.98102E-03     883.042    1190.236     882.995    1068.419     966.323    1205.349    1784.128     292.946     292.929     297.493
 7.00102E-03     880.351    1187.761     883.676    1065.568     964.583    1199.462    1742.581     292.948     292.929     297.579
 7.02102E-03     877.905    1185.229     884.549    1062.745     962.849    1193.744    1728.867     292.949     292.928     297.665
 7.04102E-03     875.454    1182.629     885.264    1059.978     961.145    1188.369    1719.020     292.950     292.928     297.753
 7.06102E-03     873.000    1179.966     885.825    1057.223     959.436    1183.047    1708.198     292.952     292.928     297.841
 7.08102E-03     870.543    1177.246     886.241    1054.503     957.743    1177.920    1697.600     292.954     292.928     297.931
 7.10102E-03     868.085    1174.478     886.517    1051.823     956.070    1172.987    1687.844     292.956     292.927     298.022
 7.12102E-03     865.628    1171.666     886.659    1049.175     954.411    1168.194    1677.409     292.958     292.927     298.114
 7.14102E-03     863.173    1168.809     886.672    1046.507     952.726    1163.203    1667.686     292.960     292.927     298.207
 7.16102E-03     860.720    1165.914     886.563    1043.871     951.059    1158.381    1658.636     292.963     292.927     298.301
 7.18102E-03     858.270    1162.986     886.335    1041.271     949.411    1153.732    1650.454     292.966     292.926     298.396
 7.20102E-03     855.588    1159.708     885.840    1038.685     947.763    1149.220    1633.237     292.969     292.926     298.492
 7.22102E-03     853.141    1156.802     885.358    1036.059     946.151    1144.899    1626.758     292.972     292.926     298.589
 7.24102E-03     850.701    1153.856     884.806    1033.458     944.564    1140.735    1622.671     292.976     292.926     298.687
 7.26102E-03     848.271    1150.875     884.182    1030.905     943.005    1136.781    1620.082     292.980     292.925     298.787
 7.28102E-03     845.851    1147.860     883.484    1028.402     941.470    1132.961    1618.622     292.984     292.925     298.887
 7.30102E-03     843.444    1144.819     882.711    1025.953     939.960    1129.266    1617.215     292.989     292.925     298.988
 7.32102E-03     841.048    1141.753     881.864    1023.555     938.473    1125.682    1615.775     292.994     292.925     299.091
 7.34102E-03     838.665    1138.669     880.944    1021.209     937.011    1122.214    1614.310     293.000     292.924     299.194
 7.36102E-03     836.295    1135.570     879.952    1018.914     935.573    1118.849    1612.808     293.007     292.924     299.299
 7.38102E-03     833.938    1132.463     878.891    1016.665     934.158    1115.581    1611.261     293.014     292.924     299.404
 7.40102E-03     825.779    1117.085     877.767    1014.741     932.623    1112.414    1609.148     293.025     292.924     299.516
 7.42102E-03     823.599    1114.397     876.392    1012.449     931.268    1109.341    1606.845     293.034     292.924     299.623
 7.44102E-03     821.431    1111.656     874.960    1010.221     929.932    1106.363    1604.337     293.045     292.923     299.732
 7.46102E-03     819.266    1108.896     873.477    1008.057     928.613    1103.485    1601.687     293.056     292.923     299.842
 7.48102E-03     817.103    1106.137     871.946    1005.951     927.313    1100.690    1598.897     293.069     292.923     299.952
 7.50102E-03     814.942    1103.390     870.369    1003.898     926.032    1097.972    1595.988     293.083     292.923     300.064
 7.52102E-03     812.782    1100.662     868.747    1001.895     924.769    1095.326    1592.959     293.099     292.923     300.177
 7.54102E-03     810.625    1097.957     867.084     999.936     923.525    1092.749    1589.741     293.117     292.922     300.291
 7.56102E-03     808.472    1095.278     865.381     998.019     922.299    1090.238    1586.250     293.136     292.922     300.406
 7.58102E-03     806.324    1092.625     863.641     996.142     921.092    1087.789    1582.487     293.158     292.922     300.522
 7.60102E-03     801.782    1086.387     859.803     995.428     919.877    1085.607    1578.224     293.184     292.922     300.642
 7.62102E-03     799.167    1083.572     857.844     994.367     918.719    1082.974    1573.595     293.211     292.922     300.760
 7.64102E-03     796.576    1080.774     855.805     993.149     917.590    1080.261    1567.232     293.240     292.921     300.879
 7.66102E-03     794.027    1077.984     853.713     991.830     916.500    1077.667    1559.430     293.271     292.921     300.999
 7.68102E-03     791.524    1075.200     851.581     990.437     915.439    1075.120    1546.648     293.306     292.921     301.121
 7.70102E-03     789.069    1072.427     849.420     989.007     914.413    1072.706    1532.444     293.343     292.921     301.243
 7.72102E-03     786.659    1069.669     847.236     987.545     913.407    1070.346    1517.859     293.384     292.920     301.367
 7.74102E-03     784.292    1066.928     845.030     986.059     912.414    1067.998    1502.527     293.428     292.920     301.491
 7.76102E-03     781.966    1064.211     842.811     984.580     911.447    1065.812    1488.676     293.476     292.920     301.616
 7.78102E-03     779.681    1061.522     840.581     983.100     910.494    1063.687    1475.509     293.528     292.919     301.743
 7.80102E-03     776.777    1057.816     837.723     981.427     909.548    1061.901    1460.994     293.600     292.919     301.872
 7.82102E-03     775.155    1055.531     836.143     979.450     908.604    1060.121    1447.289     293.661     292.919     302.000
 7.84102E-03     773.492    1053.157     834.539     977.609     907.668    1058.394    1434.732     293.727     292.919     302.129
 7.86102E-03     771.798    1050.767     832.893     975.876     906.735    1056.692    1422.911     293.797     292.918     302.260
 7.88102E-03     770.079    1048.399     831.199     974.235     905.809    1055.024    1411.688     293.873     292.918     302.391
 7.90102E-03     768.343    1046.072     829.454     972.663     904.888    1053.384    1400.944     293.955     292.918     302.524
 7.92102E-03     766.593    1043.793     827.664     971.146     903.969    1051.785    1390.781     294.044     292.918     302.657
 7.94102E-03     764.833    1041.563     825.829     969.664     903.047    1050.191    1380.844     294.144     292.918     302.792
 7.96102E-03     763.065    1039.378     823.954     968.212     902.125    1048.591    1370.984     294.259     292.917     302.927
 7.98102E-03     761.294    1037.244     822.045     966.805     901.222    1047.069    1361.847     294.395     292.917     303.064
 8.00102E-03     759.479    1035.172     820.073     965.408     900.312    1045.509    1352.547     294.563     292.917     303.201
 8.02102E-03     757.727    1033.121     818.139     964.036     899.409    1043.962    1343.462     294.773     292.916     303.339
 8.04102E-03     755.976    1031.109     816.176     962.693     898.521    1042.469    1334.898     295.041     292.916     303.479
 8.06102E-03     754.228    1029.132     814.188     961.367     897.638    1040.981    1326.482     295.383     292.916     303.619
 8.08102E-03     752.483    1027.191     812.181     960.062     896.764    1039.516    1318.355     295.817     292.916     303.760
 8.10102E-03     750.743    1025.283     810.159     958.775     895.898    1038.064    1310.435     296.362     292.915     303.903
 8.12102E-03     749.010    1023.408     808.126     957.505     895.041    1036.634    1302.791     297.036     292.915     304.046
 8.14102E-03     747.284    1021.564     806.085     956.251     894.191    1035.215    1295.339     297.858     292.915     304.190
 8.16103E-03     745.566    1019.744     804.036     955.002     893.340    1033.767    1287.839     298.845     292.915     304.335
 8.18103E-03     743.855    1017.944     801.980     953.758     892.488    1032.288    1280.262     300.011     292.915     304.481
 8.20103E-03     736.669    1007.554     790.275     953.846     891.722    1031.153    1272.858     301.393     292.914     304.631
 8.22103E-03     734.717    1006.133     787.487     953.058     890.891    1029.490    1265.762     302.955     292.914     304.779
 8.24103E-03     732.779    1004.713     784.734     952.198     890.072    1027.816    1258.916     304.725     292.914     304.928
 8.26103E-03     730.867    1003.282     782.036     951.273     889.268    1026.170    1252.355     306.707     292.914     305.078
 8.28103E-03     728.984    1001.832     779.401     950.296     888.476    1024.554    1245.997     308.903     292.914     305.228
 8.30103E-03     727.133    1000.366     776.829     949.280     887.695    1022.972    1239.848     311.311     292.914     305.380
 8.32103E-03     725.314     998.888     774.322     948.236     886.922    1021.423    1233.900     313.929     292.913     305.532
 8.34103E-03     723.526     997.401     771.876     947.172     886.157    1019.900    1228.132     316.752     292.913     305.685
 8.36103E-03     721.770     995.910     769.489     946.094     885.398    1018.403    1222.556     319.773     292.913     305.840
 8.38103E-03     720.043     994.417     767.157     945.007     884.642    1016.925    1217.147     322.984     292.913     305.995
 8.40103E-03     715.493     987.024     764.344     945.560     883.949    1015.589    1211.987     327.563     292.913     306.151
 8.42103E-03     713.891     983.501     762.884     944.814     883.206    1013.909    1206.728     331.193     292.912     306.308
 8.44103E-03     712.319     980.397     761.379     943.895     882.473    1012.179    1201.523     334.981     292.912     306.466
 8.46103E-03     710.776     977.617     759.841     942.898     881.749    1010.427    1196.429     338.917     292.912     306.624
 8.48103E-03     709.263     975.094     758.282     941.860     881.033    1008.671    1191.484     342.989     292.912     306.783
 8.50103E-03     707.779     972.779     756.707     940.799     880.324    1006.929    1186.716     347.186     292.912     306.944
 8.52103E-03     706.325     970.629     755.120     939.724     879.618    1005.203    1182.107     351.497     292.912     307.105
 8.54103E-03     704.898     968.614     753.525     938.640     878.914    1003.495    1177.651     355.910     292.911     307.267
 8.56103E-03     703.497     966.709     751.924     937.550     878.210    1001.807    1173.342     360.416     292.911     307.430
 8.58103E-03     702.121     964.897     750.320     936.456     877.506    1000.141    1169.171     365.003     292.911     307.593
 8.60103E-03     697.222     961.657     739.974     937.911     876.868     998.326    1165.167     372.306     292.911     307.759
 8.62103E-03     696.494     960.042     738.274     936.986     876.161     996.440    1161.213     377.092     292.911     307.924
 8.64103E-03     695.748     958.459     736.659     935.986     875.456     994.552    1157.401     381.926     292.911     308.090
 8.66103E-03     694.953     956.941     735.076     934.953     874.751     992.678    1153.696     386.803     292.910     308.257
 8.68103E-03     694.102     955.458     733.496     933.896     874.044     990.805    1150.011     391.712     292.910     308.425
 8.70103E-03     693.215     954.068     731.939     932.836     873.341     989.035    1146.580     396.648     292.910     308.593
 8.72103E-03     692.297     952.718     730.391     931.770     872.638     987.317    1143.260     401.603     292.910     308.762
 8.74103E-03     691.352     951.390     728.850     930.700     871.934     985.630    1140.006     406.590     292.910     308.932
 8.76103E-03     690.394     950.109     727.325     929.638     871.236     984.014    1136.899     413.032     292.910     309.103
 8.78103E-03     689.423     948.852     725.810     928.580     870.539     982.436    1133.872     443.896     292.909     309.275
 8.80103E-03     688.061     947.579     723.564     926.933     869.839     980.798    1130.962     537.699     292.910     309.447
 8.82103E-03     686.958     946.361     721.917     925.722     869.138     979.288    1127.951     618.042     292.910     309.620
 8.84103E-03     685.844     945.150     720.298     924.589     868.429     977.808    1124.951     723.497     292.910     309.794
 8.86103E-03     684.742     943.961     718.718     923.496     867.718     976.378    1122.052     821.446     292.909     309.968
 8.88103E-03     683.648     942.774     717.168     922.426     867.006     974.967    1119.205     904.659     292.909     310.144
 8.90103E-03     682.565     941.596     715.644     921.372     866.294     973.581    1116.437     974.246     292.909     310.320
 8.92103E-03     681.500     940.444     714.149     920.335     865.585     972.237    1113.791    1032.464     292.909     310.497
 8.94103E-03     680.427     939.229     712.656     919.286     864.860     970.824    1111.032    1081.430     292.909     310.675
 8.96103E-03     679.365     938.028     711.182     918.244     864.134     969.433    1108.357    1122.696     292.909     310.853
 8.98103E-03     678.315     936.841     709.725     917.207     863.409     968.062    1105.761    1157.487     292.909     311.032
 9.00103E-03     677.272     935.667     708.288     916.175     862.684     966.707    1103.234    1186.798     292.909     311.212
 9.02103E-03     676.253     934.501     706.862     915.148     861.959     965.363    1100.764    1211.503     292.909     311.392
 9.04103E-03     675.247     933.346     705.454     914.126     861.235     964.033    1098.354    1232.312     292.909     311.574
 9.06103E-03     674.253     932.201     704.066     913.109     860.511     962.715    1095.998    1249.843     292.909     311.756
 9.08103E-03     673.270     931.064     702.697     912.096     859.788     961.405    1093.686    1264.611     292.909     311.938
 9.10103E-03     672.298     929.935     701.344     911.088     859.066     960.106    1091.421    1277.064     292.909     312.122
 9.12103E-03     671.337     928.813     700.009     910.084     858.344     958.814    1089.196    1287.581     292.909     312.306
 9.14103E-03     670.387     927.699     698.689     909.084     857.623     957.532    1087.012    1296.486     292.910     312.490
 9.16103E-03     669.446     926.591     697.385     908.089     856.903     956.257    1084.863    1304.047     292.910     312.676
 9.18103E-03     668.515     925.489     696.096     907.098     856.184     954.989    1082.747    1310.494     292.910     312.862
 9.20103E-03     667.594     924.395     694.822     906.111     855.466     953.731    1080.667    1316.030     292.911     313.048
 9.22103E-03     666.682     923.306     693.562     905.128     854.749     952.479    1078.617    1320.819     292.911     313.236
 9.24103E-03     665.779     922.222     692.315     904.149     854.033     951.234    1076.594    1325.006     292.912     313.424
 9.26103E-03     664.885     921.146     691.082     903.174     853.318     949.998    1074.603    1328.721     292.913     313.612
 9.28103E-03     663.999     920.075     689.862     902.203     852.604     948.769    1072.637    1332.078     292.914     313.802
 9.30103E-03     663.122     919.008     688.655     901.236     851.892     947.545    1070.695    1335.182     292.915     313.992
 9.32103E-03     662.252     917.949     687.460     900.273     851.181     946.332    1068.781    1338.146     292.917     314.182
 9.34103E-03     661.390     916.894     686.278     899.313     850.470     945.124    1066.889    1341.102     292.919     314.373
 9.36103E-03     660.536     915.843     685.106     898.357     849.762     943.922    1065.016    1344.200     292.922     314.565
 9.38103E-03     659.688     914.797     683.946     897.405     849.054     942.726    1063.162    1347.397     292.925     314.757
 9.40103E-03     658.847     913.755     682.797     896.456     848.347     941.536    1061.326    1350.652     292.928     314.950
 9.42103E-03     658.013     912.716     681.659     895.510     847.641     940.352    1059.507    1353.927     292.933     315.144
 9.44103E-03     657.186     911.682     680.530     894.568     846.936     939.174    1057.705    1357.190     292.938     315.338
 9.46104E-03     656.365     910.652     679.412     893.629     846.233     938.001    1055.919    1360.415     292.944     315.533
 9.48104E-03     655.550     909.627     678.304     892.693     845.530     936.834    1054.148    1363.575     292.952     315.728
 9.50104E-03     654.741     908.605     677.206     891.760     844.829     935.673    1052.391    1366.651     292.960     315.924
 9.52104E-03     653.938     907.587     676.117     890.831     844.129     934.518    1050.648    1369.620     292.970     316.120
 9.54104E-03     653.141     906.573     675.038     889.905     843.430     933.368    1048.919    1372.466     292.982     316.317
 9.56104E-03     652.349     905.563     673.967     888.982     842.733     932.225    1047.202    1375.172     292.995     316.515
 9.58104E-03     651.563     904.557     672.906     888.062     842.037     931.086    1045.497    1377.720     293.011     316.713
 9.60104E-03     650.783     903.555     671.853     887.145     841.342     929.954    1043.804    1380.091     293.028     316.911
 9.62104E-03     650.008     902.557     670.809     886.231     840.648     928.827    1042.122    1382.274     293.048     317.110
 9.64104E-03     649.238     901.563     669.773     885.321     839.956     927.705    1040.450    1384.254     293.070     317.310
 9.66104E-03     648.473     900.572     668.745     884.413     839.264     926.589    1038.789    1385.999     293.095     317.510
 9.68104E-03     647.714     899.585     667.726     883.509     838.575     925.479    1037.138    1387.496     293.124     317.711
 9.70104E-03     646.959     898.602     666.715     882.607     837.886     924.373    1035.496    1388.730     293.155     317.912
 9.72104E-03     646.209     897.622     665.711     881.708     837.199     923.273    1033.863    1389.620     293.189     318.113
 9.74104E-03     645.464     896.646     664.715     880.813     836.512     922.178    1032.239    1390.135     293.228     318.315
 9.76104E-03     644.724     895.674     663.727     879.920     835.828     921.088    1030.624    1390.016     293.270     318.518
 9.78104E-03     643.988     894.705     662.746     879.030     835.144     920.003    1029.016    1388.920     293.316     318.721
 9.80104E-03     643.257     893.739     661.773     878.143     834.461     918.923    1027.416    1386.724     293.366     318.924
 9.82104E-03     642.530     892.777     660.807     877.259     833.780     917.849    1025.824    1383.646     293.421     319.128
 9.84104E-03     641.807     891.819     659.848     876.377     833.100     916.779    1024.240    1379.883     293.480     319.333
 9.86104E-03     641.089     890.865     658.896     875.499     832.422     915.715    1022.664    1375.589     293.545     319.538
 9.88104E-03     640.376     889.917     657.952     874.625     831.746     914.660    1021.101    1370.884     293.614     319.743
 9.90104E-03     639.668     888.973     657.014     873.754     831.072     913.609    1019.545    1365.859     293.689     319.948
 9.92104E-03     638.963     888.032     656.083     872.886     830.399     912.563    1017.995    1360.582     293.769     320.155
 9.94104E-03     638.263     887.095     655.159     872.021     829.727     911.521    1016.452    1355.109     293.854     320.361
 9.96104E-03     637.566     886.161     654.242     871.158     829.057     910.485    1014.915    1349.485     293.946     320.568
 9.98104E-03     636.874     885.230     653.331     870.299     828.388     909.453    1013.385    1343.745     294.043     320.775
 1.00010E-02     636.185     884.303     652.426     869.444     827.721     908.425    1011.861    1337.916     294.147     320.983
 1.00210E-02     635.500     883.380     651.528     868.591     827.056     907.403    1010.343    1332.023     294.256     321.191
 1.00410E-02     634.819     882.460     650.636     867.740     826.392     906.385    1008.831    1326.084     294.372     321.400
 1.00610E-02     634.142     881.546     649.751     866.894     825.730     905.376    1007.332    1320.120     294.494     321.609
 1.00810E-02     633.470     880.636     648.871     866.051     825.070     904.370    1005.838    1314.142     294.623     321.818
 1.01010E-02     632.800     879.729     647.998     865.211     824.411     903.369    1004.350    1308.159     294.758     322.028
 1.01210E-02     632.135     878.825     647.131     864.373     823.754     902.373    1002.867    1302.181     294.901     322.238
 1.01410E-02     631.473     877.924     646.270     863.539     823.098     901.380    1001.389    1296.214     295.049     322.448
 1.01610E-02     630.814     877.027     645.414     862.707     822.444     900.392     999.917    1290.264     295.205     322.659
 1.01810E-02     630.159     876.133     644.564     861.879     821.791     899.408     998.451    1284.336     295.368     322.870
 1.02010E-02     629.507     875.242     643.720     861.053     821.140     898.428     996.990    1278.435     295.537     323.081
 1.02210E-02     628.859     874.354     642.881     860.230     820.491     897.453     995.534    1272.563     295.714     323.293
 1.02410E-02     628.214     873.470     642.048     859.410     819.843     896.481     994.084    1266.725     295.897     323.505
 1.02610E-02     627.572     872.589     641.220     858.593     819.196     895.514     992.639    1260.922     296.087     323.717
 1.02810E-02     626.933     871.711     640.398     857.778     818.551     894.551     991.199    1255.156     296.285     323.929
 1.03010E-02     626.298     870.836     639.581     856.966     817.908     893.592     989.765    1249.429     296.489     324.142
 1.03210E-02     625.667     869.968     638.769     856.158     817.266     892.641     988.342    1243.746     296.700     324.356
 1.03410E-02     625.039     869.102     637.963     855.353     816.627     891.693     986.925    1238.107     296.918     324.569
 1.03610E-02     624.413     868.240     637.163     854.550     815.988     890.750     985.512    1232.512     297.143     324.783
 1.03810E-02     623.791     867.380     636.367     853.750     815.351     889.809     984.104    1226.963     297.375     324.997
 1.04010E-02     623.172     866.523     635.576     852.953     814.716     888.873     982.700    1221.458     297.613     325.211
 1.04210E-02     622.556     865.669     634.790     852.158     814.082     887.940     981.302    1215.998     297.859     325.426
 1.04410E-02     621.943     864.819     634.009     851.366     813.450     887.011     979.908    1210.584     298.111     325.641
 1.04610E-02     621.333     863.971     633.233     850.577     812.819     886.085     978.519    1205.216     298.369     325.856
 1.04810E-02     620.726     863.126     632.462     849.790     812.190     885.163     977.135    1199.894     298.634     326.071
 1.05010E-02     620.121     862.284     631.695     849.007     811.562     884.245     975.756    1194.618     298.906     326.286
 1.05210E-02     619.520     861.445     630.934     848.225     810.936     883.331     974.382    1189.388     299.184     326.502
 1.05410E-02     618.921     860.609     630.176     847.446     810.310     882.419     973.013    1184.203     299.468     326.718
 1.05610E-02     618.325     859.776     629.424     846.670     809.687     881.512     971.648    1179.064     299.758     326.934
 1.05810E-02     617.731     858.945     628.676     845.896     809.065     880.607     970.289    1173.971     300.054     327.151
 1.06010E-02     617.140     858.118     627.932     845.125     808.444     879.707     968.934    1168.924     300.356     327.367
 1.06210E-02     616.553     857.293     627.193     844.356     807.825     878.809     967.584    1163.922     300.664     327.584
 1.06410E-02     615.968     856.475     626.459     843.590     807.208     877.920     966.246    1158.967     300.978     327.801
 1.06610E-02     615.386     855.659     625.729     842.827     806.592     877.033     964.913    1154.058     301.297     328.018
 1.06810E-02     614.808     854.846     625.004     842.067     805.978     876.149     963.583    1149.196     301.622     328.236
 1.07010E-02     614.231     854.035     624.282     841.309     805.365     875.269     962.258    1144.379     301.952     328.453
 1.07210E-02     613.657     853.227     623.566     840.553     804.754     874.391     960.937    1139.606     302.288     328.671
 1.07410E-02     613.086     852.421     622.853     839.800     804.144     873.516     959.621    1134.877     302.628     328.889
 1.07610E-02     612.517     851.618     622.145     839.049     803.535     872.645     958.309    1130.192     302.974     329.107
 1.07810E-02     611.951     850.818     621.440     838.301     802.928     871.776     957.002    1125.550     303.324     329.325
 1.08010E-02     611.387     850.020     620.740     837.554     802.322     870.911     955.699    1120.952     303.679     329.544
 1.08210E-02     610.826     849.225     620.044     836.811     801.717     870.048     954.400    1116.395     304.039     329.762
 1.08410E-02     610.267     848.433     619.351     836.069     801.114     869.189     953.107    1111.881     304.403     329.981
 1.08610E-02     609.710     847.642     618.663     835.330     800.512     868.332     951.817    1107.408     304.771     330.199
 1.08810E-02     609.156     846.855     617.978     834.593     799.912     867.479     950.532    1102.977     305.143     330.418
 1.09010E-02     608.604     846.070     617.297     833.858     799.313     866.628     949.252    1098.586     305.520     330.637
 1.09210E-02     608.055     845.288     616.621     833.125     798.715     865.781     947.976    1094.236     305.900     330.856
 1.09410E-02     607.507     844.508     615.948     832.395     798.118     864.936     946.704    1089.925     306.285     331.076
 1.09610E-02     606.963     843.730     615.278     831.667     797.523     864.094     945.437    1085.655     306.672     331.295
 1.09810E-02     606.420     842.955     614.613     830.941     796.929     863.255     944.174    1081.423     307.064     331.514
 1.10010E-02     605.879     842.182     613.951     830.217     796.336     862.418     942.916    1077.231     307.458     331.734
 1.10210E-02     605.341     841.412     613.292     829.495     795.745     861.585     941.662    1073.077     307.856     331.953
 1.10410E-02     604.805     840.644     612.638     828.775     795.155     860.754     940.413    1068.961     308.257     332.173
 1.10610E-02     604.273     839.883     611.987     828.058     794.567     859.930     939.175    1064.884     308.661     332.393
 1.10810E-02     603.743     839.124     611.340     827.344     793.980     859.109     937.942    1060.846     309.068     332.612
 1.11010E-02     603.215     838.366     610.697     826.632     793.395     858.290     936.712    1056.846     309.477     332.832
 1.11210E-02     602.689     837.611     610.057     825.922     792.811     857.474     935.485    1052.884     309.889     333.052
 1.11410E-02     602.165     836.858     609.421     825.214     792.228     856.660     934.263    1048.958     310.304     333.272
 1.11610E-02     601.643     836.107     608.788     824.508     791.646     855.848     933.045    1045.068     310.721     333.492
 1.11810E-02     601.124     835.359     608.159     823.804     791.065     855.039     931.831    1041.214     311.140     333.712
 1.12010E-02     600.607     834.612     607.533     823.102     790.486     854.233     930.621    1037.396     311.561     333.932
 1.12210E-02     600.091     833.868     606.911     822.402     789.908     853.428     929.415    1033.612     311.984     334.152
 1.12410E-02     599.578     833.126     606.291     821.704     789.331     852.626     928.213    1029.863     312.408     334.372
 1.12610E-02     599.067     832.386     605.675     821.008     788.755     851.827     927.015    1026.148     312.835     334.592
 1.12810E-02     598.558     831.648     605.062     820.314     788.181     851.030     925.821    1022.466     313.263     334.813
 1.13010E-02     598.051     830.912     604.453     819.622     787.608     850.236     924.631    1018.819     313.693     335.033
 1.13210E-02     597.546     830.179     603.846     818.932     787.036     849.444     923.445    1015.204     314.123     335.253
 1.13410E-02     597.043     829.448     603.243     818.244     786.465     848.654     922.263    1011.621     314.556     335.473
 1.13610E-02     596.542     828.718     602.643     817.557     785.895     847.866     921.085    1008.071     314.989     335.693
 1.13810E-02     596.042     827.991     602.046     816.873     785.326     847.081     919.912    1004.553     315.423     335.914
 1.14010E-02     595.545     827.266     601.452     816.190     784.759     846.299     918.742    1001.067     315.858     336.134
 1.14210E-02     595.050     826.543     600.861     815.509     784.192     845.518     917.576     997.612     316.295     336.354
 1.14411E-02     594.556     825.822     600.274     814.830     783.627     844.740     916.414     994.187     316.731     336.574
 1.14611E-02     594.065     825.103     599.689     814.153     783.063     843.964     915.256     990.794     317.169     336.794
 1.14811E-02     593.576     824.386     599.107     813.477     782.500     843.191     914.102     987.430     317.607     337.014
 1.15011E-02     593.088     823.672     598.528     812.804     781.938     842.419     912.952     984.097     318.045     337.234
 1.15211E-02     592.602     822.959     597.952     812.132     781.378     841.650     911.805     980.793     318.484     337.454
 1.15411E-02     592.118     822.248     597.379     811.462     780.818     840.883     910.663     977.518     318.923     337.674
 1.15611E-02     591.636     821.539     596.809     810.793     780.260     840.118     909.524     974.273     319.362     337.894
 1.15811E-02     591.157     820.836     596.242     810.128     779.703     839.361     908.398     971.058     319.801     338.113
 1.16011E-02     590.680     820.135     595.678     809.464     779.148     838.605     907.274     967.872     320.241     338.333
 1.16211E-02     590.205     819.436     595.117     808.803     778.594     837.850     906.154     964.715     320.680     338.553
 1.16411E-02     589.731     818.738     594.559     808.143     778.041     837.098     905.037     961.587     321.119     338.772
 1.16611E-02     589.260     818.042     594.004     807.485     777.489     836.348     903.923     958.486     321.557     338.992
 1.16811E-02     588.790     817.348     593.452     806.828     776.938     835.599     902.813     955.413     321.996     339.211
 1.17011E-02     588.322     816.656     592.902     806.173     776.388     834.853     901.706     952.368     322.434     339.431
 1.17211E-02     587.855     815.965     592.355     805.520     775.839     834.108     900.603     949.349     322.871     339.650
 1.17411E-02     587.391     815.276     591.811     804.869     775.291     833.365     899.503     946.357     323.308     339.869
 1.17611E-02     586.928     814.589     591.269     804.219     774.745     832.625     898.407     943.391     323.744     340.088
 1.17811E-02     586.467     813.904     590.730     803.571     774.199     831.886     897.315     940.451     324.180     340.307
 1.18011E-02     586.008     813.220     590.194     802.924     773.654     831.149     896.226     937.537     324.614     340.526
 1.18211E-02     585.550     812.539     589.660     802.279     773.111     830.415     895.140     934.648     325.049     340.745
 1.18411E-02     585.094     811.859     589.129     801.636     772.568     829.682     894.058     931.785     325.482     340.963
 1.18611E-02     584.640     811.181     588.600     800.995     772.026     828.951     892.980     928.946     325.914     341.182
 1.18811E-02     584.187     810.505     588.074     800.354     771.486     828.222     891.905     926.132     326.345     341.400
 1.19011E-02     583.736     809.830     587.551     799.716     770.946     827.495     890.834     923.342     326.775     341.618
 1.19211E-02     583.287     809.157     587.030     799.079     770.408     826.770     889.766     920.576     327.204     341.836
 1.19411E-02     582.839     808.486     586.511     798.443     769.870     826.046     888.701     917.835     327.632     342.054
 1.19611E-02     582.393     807.816     585.995     797.810     769.334     825.325     887.640     915.116     328.058     342.272
 1.19811E-02     581.949     807.149     585.481     797.177     768.798     824.605     886.583     912.421     328.484     342.490
 1.20011E-02     581.506     806.483     584.970     796.546     768.264     823.888     885.529     909.750     328.908     342.707
 1.20211E-02     581.065     805.818     584.461     795.917     767.730     823.172     884.478     907.100     329.330     342.925
 1.20411E-02     580.625     805.155     583.954     795.289     767.197     822.458     883.430     904.474     329.752     343.142
 1.20611E-02     580.187     804.495     583.450     794.663     766.666     821.746     882.386     901.870     330.171     343.359
 1.20811E-02     579.751     803.835     582.948     794.038     766.135     821.035     881.345     899.288     330.590     343.576
 1.21011E-02     579.316     803.177     582.449     793.414     765.605     820.327     880.308     896.728     331.006     343.793
 1.21211E-02     578.883     802.521     581.952     792.792     765.077     819.620     879.274     894.190     331.422     344.009
 1.21411E-02     578.451     801.867     581.457     792.172     764.549     818.915     878.243     891.673     331.835     344.226
 1.21611E-02     578.021     801.214     580.964     791.553     764.022     818.212     877.216     889.178     332.247     344.442
 1.21811E-02     577.592     800.563     580.474     790.935     763.496     817.511     876.192     886.703     332.657     344.658
 1.22011E-02     577.165     799.914     579.986     790.319     762.971     816.811     875.171     884.250     333.066     344.874
 1.22211E-02     576.739     799.266     579.500     789.704     762.447     816.113     874.154     881.817     333.472     345.090
 1.22411E-02     576.316     798.624     579.017     789.092     761.925     815.422     873.147     879.405     333.877     345.305
 1.22611E-02     575.895     797.983     578.536     788.482     761.404     814.732     872.144     877.015     334.281     345.520
 1.22811E-02     575.475     797.343     578.057     787.873     760.885     814.044     871.143     874.645     334.682     345.735
 1.23011E-02     575.057     796.705     577.581     787.265     760.365     813.357     870.144     872.296     335.081     345.950
 1.23211E-02     574.640     796.069     577.107     786.659     759.847     812.671     869.149     869.966     335.479     346.165
 1.23411E-02     574.225     795.433     576.635     786.055     759.330     811.987     868.157     867.656     335.874     346.379
 1.23611E-02     573.811     794.799     576.165     785.452     758.814     811.305     867.167     865.366     336.268     346.594
 1.23811E-02     573.399     794.167     575.698     784.850     758.298     810.624     866.180     863.095     336.659     346.808
 1.24011E-02     572.988     793.536     575.232     784.249     757.784     809.945     865.197     860.842     337.049     347.022
 1.24211E-02     572.578     792.906     574.769     783.650     757.270     809.267     864.216     858.609     337.436     347.235
 1.24411E-02     572.170     792.278     574.307     783.053     756.758     808.591     863.238     856.394     337.822     347.449
 1.24611E-02     571.764     791.651     573.848     782.456     756.246     807.917     862.264     854.197     338.206     347.662
 1.24811E-02     571.358     791.026     573.391     781.862     755.735     807.244     861.292     852.018     338.587     347.875
 1.25011E-02     570.954     790.403     572.935     781.268     755.225     806.572     860.323     849.858     338.966     348.087
 1.25211E-02     570.552     789.780     572.482     780.676     754.716     805.902     859.357     847.715     339.343     348.300
 1.25411E-02     570.151     789.159     572.031     780.085     754.208     805.234     858.395     845.589     339.718     348.512
 1.25611E-02     569.751     788.540     571.581     779.495     753.700     804.567     857.435     843.481     340.091     348.724
 1.25811E-02     569.353     787.922     571.134     778.906     753.194     803.902     856.478     841.390     340.462     348.936
 1.26011E-02     568.956     787.305     570.688     778.319     752.688     803.239     855.524     839.317     340.831     349.147
 1.26211E-02     568.560     786.690     570.245     777.734     752.184     802.577     854.573     837.260     341.197     349.358
 1.26411E-02     568.166     786.076     569.803     777.149     751.680     801.916     853.624     835.219     341.561     349.569
 1.26611E-02     567.773     785.464     569.363     776.566     751.177     801.257     852.679     833.195     341.923     349.780
 1.26811E-02     567.381     784.853     568.926     775.984     750.675     800.600     851.737     831.188     342.283     349.990
 1.27011E-02     566.991     784.243     568.490     775.403     750.173     799.944     850.797     829.196     342.641     350.200
 1.27211E-02     566.602     783.635     568.056     774.823     749.673     799.290     849.861     827.221     342.996     350.410
 1.27411E-02     566.215     783.028     567.623     774.245     749.173     798.637     848.927     825.261     343.349     350.620
 1.27611E-02     565.828     782.423     567.193     773.668     748.675     797.985     847.996     823.317     343.700     350.829
 1.27811E-02     565.443     781.818     566.764     773.092     748.177     797.335     847.068     821.389     344.049     351.038
 1.28011E-02     565.059     781.216     566.337     772.518     747.680     796.687     846.143     819.475     344.395     351.247
 1.28211E-02     564.677     780.614     565.912     771.944     747.184     796.040     845.220     817.577     344.739     351.456
 1.28411E-02     564.296     780.014     565.489     771.372     746.688     795.395     844.300     815.694     345.081     351.664
 1.28611E-02     563.916     779.416     565.067     770.801     746.194     794.751     843.383     813.826     345.420     351.872
 1.28811E-02     563.537     778.818     564.647     770.231     745.700     794.108     842.469     811.973     345.758     352.079
 1.29011E-02     563.160     778.222     564.229     769.663     745.207     793.467     841.558     810.134     346.092     352.287
 1.29211E-02     562.784     777.628     563.813     769.095     744.715     792.828     840.649     808.310     346.425     352.494
 1.29411E-02     562.409     777.034     563.398     768.529     744.224     792.189     839.743     806.500     346.756     352.701
 1.29611E-02     562.035     776.442     562.986     767.964     743.733     791.553     838.840     804.704     347.084     352.907
 1.29811E-02     561.663     775.851     562.574     767.400     743.244     790.917     837.940     802.922     347.409     353.113
 1.30011E-02     561.292     775.262     562.165     766.838     742.755     790.284     837.042     801.154     347.733     353.319
 1.30211E-02     560.923     774.678     561.758     766.278     742.269     789.656     836.155     799.400     348.054     353.525
 1.30411E-02     560.556     774.096     561.352     765.719     741.783     789.030     835.270     797.661     348.373     353.730
 1.30611E-02     560.189     773.514     560.948     765.161     741.298     788.405     834.387     795.936     348.690     353.935
 1.30811E-02     559.824     772.933     560.546     764.605     740.814     787.781     833.506     794.224     349.004     354.139
 1.31011E-02     559.461     772.354     560.146     764.050     740.331     787.158     832.628     792.526     349.316     354.343
 1.31211E-02     559.098     771.775     559.747     763.497     739.848     786.536     831.752     790.841     349.626     354.548
 1.31411E-02     558.737     771.198     559.350     762.944     739.367     785.916     830.879     789.169     349.934     354.751
 1.31611E-02     558.377     770.622     558.955     762.393     738.886     785.297     830.008     787.511     350.239     354.954
 1.31811E-02     558.018     770.047     558.561     761.843     738.406     784.679     829.139     785.865     350.542     355.158
 1.32011E-02     557.660     769.473     558.169     761.293     737.926     784.062     828.273     784.231     350.842     355.360
 1.32211E-02     557.303     768.901     557.779     760.745     737.448     783.447     827.409     782.610     351.141     355.562
 1.32411E-02     556.948     768.329     557.390     760.199     736.970     782.833     826.548     781.001     351.437     355.765
 1.32611E-02     556.594     767.759     557.002     759.653     736.493     782.220     825.690     779.405     351.731     355.966
 1.32811E-02     556.240     767.190     556.616     759.108     736.017     781.609     824.833     777.820     352.023     356.168
 1.33011E-02     555.888     766.622     556.232     758.565     735.542     780.999     823.979     776.248     352.312     356.369
 1.33211E-02     555.538     766.056     555.849     758.023     735.067     780.390     823.128     774.687     352.600     356.569
 1.33411E-02     555.188     765.490     555.468     757.481     734.593     779.783     822.279     773.138     352.885     356.770
 1.33611E-02     554.839     764.926     555.088     756.941     734.120     779.177     821.433     771.601     353.167     356.970
 1.33811E-02     554.491     764.363     554.709     756.402     733.648     778.572     820.589     770.075     353.448     357.169
 1.34011E-02     554.145     763.801     554.332     755.864     733.176     777.968     819.747     768.560     353.726     357.369
 1.34211E-02     553.799     763.240     553.957     755.327     732.706     777.366     818.908     767.057     354.003     357.568
 1.34411E-02     553.455     762.681     553.583     754.791     732.236     776.765     818.071     765.564     354.276     357.766
 1.34611E-02     553.112     762.122     553.210     754.256     731.767     776.165     817.237     764.083     354.548     357.964
 1.34811E-02     552.770     761.565     552.839     753.722     731.298     775.566     816.405     762.612     354.818     358.162
 1.35011E-02     552.429     761.009     552.470     753.190     730.831     774.969     815.576     761.152     355.085     358.360
 1.35211E-02     552.089     760.454     552.101     752.658     730.364     774.373     814.748     759.703     355.350     358.557
 1.35411E-02     551.750     759.900     551.735     752.128     729.897     773.778     813.924     758.265     355.613     358.754
 1.35611E-02     551.412     759.347     551.369     751.598     729.432     773.185     813.101     756.837     355.874     358.950
 1.35811E-02     551.075     758.796     551.005     751.069     728.967     772.593     812.281     755.419     356.133     359.147
 1.36011E-02     550.740     758.245     550.642     750.542     728.503     772.002     811.464     754.011     356.390     359.342
 1.36211E-02     550.405     757.696     550.281     750.015     728.040     771.412     810.648     752.614     356.644     359.538
 1.36411E-02     550.071     757.148     549.921     749.490     727.578     770.823     809.835     751.226     356.897     359.733
 1.36611E-02     549.739     756.601     549.562     748.965     727.116     770.236     809.025     749.849     357.147     359.927
 1.36811E-02     549.407     756.055     549.205     748.442     726.655     769.650     808.216     748.481     357.395     360.122
 1.37011E-02     549.077     755.510     548.849     747.919     726.195     769.065     807.410     747.123     357.642     360.316
 1.37211E-02     548.747     754.966     548.495     747.398     725.736     768.482     806.606     745.775     357.885     360.509
 1.37411E-02     548.419     754.423     548.141     746.878     725.277     767.899     805.805     744.436     358.128     360.702
 1.37611E-02     548.091     753.882     547.789     746.358     724.819     767.318     805.005     743.106     358.367     360.895
 1.37811E-02     547.765     753.341     547.439     745.840     724.362     766.738     804.209     741.786     358.605     361.087
 1.38011E-02     547.439     752.802     547.089     745.322     723.905     766.160     803.414     740.476     358.841     361.279
 1.38211E-02     547.115     752.264     546.741     744.806     723.449     765.582     802.622     739.174     359.075     361.471
 1.38411E-02     546.791     751.727     546.394     744.291     722.994     765.006     801.831     737.881     359.307     361.662
 1.38611E-02     546.469     751.191     546.049     743.776     722.540     764.431     801.044     736.598     359.537     361.853
 1.38811E-02     546.148     750.656     545.705     743.263     722.086     763.857     800.258     735.323     359.765     362.044
 1.39011E-02     545.827     750.122     545.362     742.750     721.633     763.284     799.474     734.057     359.991     362.234
 1.39211E-02     545.508     749.589     545.020     742.239     721.181     762.713     798.693     732.800     360.214     362.424
 1.39411E-02     545.190     749.062     544.680     741.730     720.731     762.148     797.922     731.552     360.436     362.613
 1.39611E-02     544.874     748.536     544.341     741.222     720.282     761.583     797.152     730.313     360.656     362.802
 1.39811E-02     544.559     748.010     544.004     740.716     719.834     761.020     796.385     729.083     360.874     362.991
 1.40011E-02     544.245     747.485     543.668     740.210     719.386     760.457     795.618     727.862     361.090     363.179
 1.40211E-02     543.931     746.961     543.333     739.706     718.939     759.896     794.854     726.650     361.305     363.367
 1.40411E-02     543.619     746.438     543.000     739.202     718.493     759.335     794.092     725.445     361.517     363.554
 1.40611E-02     543.307     745.916     542.668     738.700     718.048     758.776     793.331     724.249     361.727     363.741
 1.40811E-02     542.997     745.395     542.337     738.198     717.603     758.217     792.573     723.062     361.936     363.928
 1.41011E-02     542.688     744.875     542.007     737.698     717.159     757.660     791.816     721.882     362.143     364.114
 1.41211E-02     542.379     744.356     541.678     737.198     716.715     757.103     791.062     720.710     362.347     364.300
 1.41411E-02     542.071     743.838     541.351     736.700     716.273     756.548     790.309     719.546     362.550     364.485
 1.41611E-02     541.765     743.321     541.025     736.202     715.831     755.994     789.559     718.390     362.752     364.670
 1.41811E-02     541.459     742.805     540.700     735.705     715.389     755.441     788.811     717.242     362.951     364.855
 1.42011E-02     541.154     742.289     540.376     735.210     714.949     754.888     788.064     716.101     363.148     365.039
 1.42211E-02     540.850     741.775     540.053     734.715     714.509     754.337     787.320     714.968     363.344     365.223
 1.42411E-02     540.547     741.262     539.732     734.221     714.069     753.788     786.577     713.843     363.538     365.406
 1.42611E-02     540.245     740.750     539.411     733.728     713.631     753.239     785.837     712.724     363.730     365.589
 1.42811E-02     539.944     740.238     539.092     733.236     713.193     752.691     785.099     711.613     363.920     365.772
 1.43011E-02     539.643     739.728     538.774     732.744     712.756     752.144     784.362     710.510     364.109     365.954
 1.43211E-02     539.344     739.219     538.457     732.254     712.319     751.599     783.628     709.413     364.296     366.136
 1.43411E-02     539.045     738.710     538.141     731.765     711.884     751.054     782.895     708.324     364.481     366.317
 1.43611E-02     538.747     738.203     537.826     731.277     711.448     750.510     782.165     707.241     364.664     366.499
 1.43811E-02     538.450     737.696     537.512     730.789     711.014     749.968     781.437     706.166     364.846     366.679
 1.44011E-02     538.154     737.191     537.199     730.303     710.581     749.427     780.710     705.097     365.026     366.859
 1.44211E-02     537.859     736.686     536.888     729.817     710.147     748.886     779.986     704.036     365.204     367.039
 1.44411E-02     537.565     736.183     536.577     729.332     709.715     748.347     779.263     702.981     365.381     367.219
