# Melt Pool Geometry History
# time(s)  length(m)  depth(m)  width(m)  volume(m3)  Tpeak(K)  laser_on
 2.10000E-05   0.00000E+00   0.00000E+00   0.00000E+00   8.32021E-14      293.00  1
 4.10000E-05   4.31999E-05   1.00354E-04   3.40070E-05   2.26098E-13     1803.64  1
 6.10000E-05   6.94287E-05   1.08649E-04   6.21779E-05   3.45421E-13     2691.21  1
 8.10000E-05   9.11399E-05   1.10623E-04   7.21223E-05   4.71178E-13     3075.39  1
 1.01000E-04   1.12412E-04   1.11647E-04   7.66374E-05   5.98156E-13     3240.11  1
 1.21000E-04   1.33310E-04   1.12349E-04   7.83855E-05   7.28238E-13     3269.81  1
 1.41000E-04   1.53493E-04   1.12503E-04   7.96092E-05   8.49621E-13     3283.64  1
 1.61000E-04   1.70369E-04   1.12632E-04   8.04272E-05   9.79830E-13     3310.95  1
 1.81000E-04   1.90495E-04   1.12653E-04   8.10694E-05   1.10689E-12     3323.92  1
 2.01000E-04   2.10709E-04   1.12445E-04   8.14483E-05   1.21690E-12     3244.50  1
 2.21000E-04   2.31753E-04   1.12302E-04   8.65976E-05   1.32894E-12     3277.02  1
 2.41000E-04   2.51103E-04   1.12605E-04   8.76961E-05   1.43806E-12     3331.33  1
 2.61000E-04   2.70389E-04   1.12724E-04   8.85327E-05   1.55108E-12     3343.53  1
 2.81000E-04   2.89599E-04   1.12759E-04   9.16565E-05   1.51526E-12     3353.12  0
 3.01000E-04   2.91390E-04   1.11201E-04   9.34124E-05   1.47044E-12     2869.48  0
 3.21000E-04   2.91568E-04   1.08517E-04   9.44186E-05   1.42552E-12     2600.10  0
 3.41000E-04   2.91422E-04   1.05424E-04   9.71284E-05   1.37491E-12     2427.71  0
 3.61000E-04   2.91162E-04   1.02823E-04   9.86875E-05   1.32612E-12     2303.18  0
 3.81000E-04   2.90776E-04   9.86889E-05   9.93592E-05   1.27640E-12     2203.92  0
 4.01000E-04   2.89333E-04   9.48473E-05   9.86731E-05   1.20929E-12     2116.03  0
 4.21000E-04   2.92174E-04   9.19226E-05   1.02763E-04   1.16205E-12     2030.70  0
 4.41000E-04   2.92567E-04   8.81400E-05   1.04212E-04   1.10699E-12     1953.61  0
 4.61000E-04   2.92797E-04   8.40953E-05   1.04723E-04   1.04998E-12     1890.27  0
 4.81000E-04   2.92802E-04   8.04596E-05   1.04781E-04   9.92801E-13     1838.88  0
 5.01000E-04   2.92717E-04   7.76057E-05   1.04717E-04   9.36368E-13     1796.11  0
 5.21000E-04   2.92643E-04   7.34928E-05   1.04542E-04   8.79895E-13     1760.65  0
 5.41000E-04   2.92517E-04   6.97635E-05   1.04268E-04   8.23742E-13     1731.16  0
 5.61000E-04   2.92331E-04   6.67050E-05   1.03931E-04   7.67574E-13     1706.97  0
 5.81000E-04   2.92112E-04   6.32670E-05   1.03619E-04   7.11698E-13     1686.72  0
 6.01000E-04   2.88855E-04   5.92514E-05   1.02398E-04   6.38317E-13     1669.42  0
 6.21000E-04   2.91350E-04   5.63180E-05   1.03836E-04   5.84611E-13     1655.36  0
 6.41000E-04   2.90851E-04   5.32418E-05   1.03786E-04   5.32808E-13     1643.92  0
 6.61000E-04   2.83889E-04   4.98708E-05   1.03726E-04   4.83071E-13     1635.13  0
 6.81000E-04   2.76521E-04   4.77144E-05   1.03663E-04   4.35669E-13     1628.65  0
 7.01000E-04   2.70823E-04   4.42306E-05   1.03597E-04   3.90738E-13     1624.49  0
 7.21000E-04   2.62715E-04   4.21319E-05   1.03527E-04   3.48186E-13     1622.87  0
 7.41000E-04   2.56180E-04   3.89924E-05   1.03452E-04   3.08007E-13     1622.34  0
 7.61000E-04   2.51056E-04   3.69365E-05   1.03369E-04   2.70023E-13     1621.59  0
 7.81000E-04   2.43083E-04   3.40797E-05   1.03277E-04   3.12297E-13     1620.63  1
 8.01000E-04   4.19476E-05   1.03493E-04   4.40023E-05   4.40672E-13     1899.32  1
 8.21000E-04   6.99247E-05   1.09224E-04   6.11873E-05   5.35119E-13     2704.87  1
 8.41000E-04   9.20374E-05   1.11379E-04   6.67134E-05   6.37652E-13     3158.17  1
 8.61000E-04   1.12713E-04   1.12391E-04   7.26415E-05   7.40269E-13     3317.36  1
 8.81000E-04   1.32926E-04   1.12816E-04   7.49020E-05   8.41342E-13     3392.72  1
 9.01000E-04   1.53011E-04   1.13004E-04   7.63045E-05   9.49497E-13     3427.72  1
 9.21000E-04   1.72965E-04   1.13132E-04   8.15533E-05   1.06461E-12     3456.07  1
 9.41000E-04   1.92820E-04   1.13246E-04   8.32118E-05   1.18529E-12     3470.20  1
 9.61000E-04   2.12536E-04   1.13406E-04   8.44761E-05   1.30630E-12     3476.18  1
 9.81000E-04   2.32269E-04   1.13585E-04   8.54688E-05   1.42549E-12     3479.97  1
 1.00100E-03   2.51575E-04   1.13571E-04   8.62936E-05   1.55947E-12     3439.73  1
 1.02100E-03   2.72270E-04   1.13734E-04   9.16217E-05   1.68819E-12     3431.88  1
 1.04100E-03   2.91774E-04   1.14000E-04   9.38214E-05   1.81332E-12     3434.62  1
 1.06100E-03   3.10934E-04   1.14274E-04   9.52046E-05   1.94005E-12     3439.78  1
 1.08100E-03   3.30208E-04   1.14342E-04   9.62680E-05   2.06440E-12     3439.66  1
 1.10100E-03   3.49243E-04   1.14306E-04   9.72206E-05   2.18498E-12     3445.22  1
 1.12100E-03   3.68861E-04   1.14204E-04   9.81142E-05   2.30770E-12     3440.02  1
 1.14100E-03   3.88267E-04   1.14058E-04   1.00838E-04   2.42717E-12     3432.10  1
 1.16100E-03   4.06383E-04   1.13870E-04   1.02567E-04   2.54788E-12     3433.01  1
 1.18100E-03   4.23921E-04   1.13684E-04   1.08206E-04   2.66155E-12     3445.93  1
 1.20100E-03   4.42708E-04   1.13520E-04   1.10709E-04   2.76900E-12     3408.86  1
 1.22100E-03   4.64048E-04   1.13286E-04   1.11993E-04   2.87677E-12     3394.78  1
 1.24100E-03   4.83646E-04   1.13150E-04   1.12843E-04   2.97726E-12     3379.59  1
 1.26100E-03   5.03417E-04   1.13116E-04   1.13477E-04   3.07362E-12     3376.12  1
 1.28100E-03   5.23418E-04   1.13004E-04   1.13968E-04   3.16346E-12     3375.60  1
 1.30100E-03   5.43295E-04   1.12905E-04   1.14382E-04   3.09248E-12     3383.03  0
 1.32100E-03   5.45380E-04   1.11760E-04   1.14712E-04   3.01234E-12     2884.98  0
 1.34100E-03   5.46152E-04   1.08879E-04   1.14929E-04   2.92456E-12     2613.86  0
 1.36100E-03   5.46459E-04   1.06608E-04   1.15071E-04   2.83426E-12     2442.58  0
 1.38100E-03   5.46545E-04   1.03383E-04   1.15378E-04   2.74274E-12     2320.32  0
 1.40100E-03   5.45390E-04   9.96489E-05   1.15376E-04   2.63788E-12     2220.21  0
 1.42100E-03   5.46335E-04   9.72058E-05   1.17762E-04   2.54661E-12     2127.23  0
 1.44100E-03   5.45981E-04   9.33113E-05   1.17848E-04   2.45088E-12     2046.55  0
 1.46100E-03   5.45536E-04   8.96609E-05   1.17853E-04   2.35767E-12     1978.41  0
 1.48100E-03   5.44900E-04   8.70117E-05   1.17765E-04   2.26428E-12     1921.22  0
 1.50100E-03   5.38913E-04   8.33238E-05   1.17516E-04   2.17341E-12     1874.02  0
 1.52100E-03   5.31935E-04   7.98123E-05   1.17337E-04   2.08273E-12     1833.90  0
 1.54100E-03   5.24470E-04   7.75735E-05   1.17118E-04   1.99356E-12     1800.40  0
 1.56100E-03   5.16083E-04   7.38474E-05   1.16850E-04   1.90532E-12     1771.72  0
 1.58100E-03   5.09705E-04   7.11670E-05   1.16539E-04   1.81791E-12     1747.10  0
 1.60100E-03   5.03511E-04   6.84049E-05   1.14757E-04   1.70684E-12     1725.48  0
 1.62100E-03   4.96250E-04   6.55398E-05   1.13706E-04   1.61795E-12     1706.56  0
 1.64100E-03   4.92320E-04   6.33149E-05   1.13845E-04   1.52863E-12     1689.66  0
 1.66100E-03   4.84939E-04   6.05120E-05   1.14098E-04   1.44003E-12     1674.87  0
 1.68100E-03   4.81350E-04   5.84163E-05   1.14257E-04   1.35254E-12     1662.21  0
 1.70100E-03   4.74419E-04   5.58798E-05   1.14343E-04   1.26598E-12     1651.54  0
 1.72100E-03   4.70294E-04   5.37450E-05   1.14383E-04   1.18163E-12     1642.69  0
 1.74100E-03   4.64063E-04   5.17231E-05   1.14391E-04   1.09958E-12     1635.56  0
 1.76100E-03   4.59291E-04   4.92446E-05   1.14373E-04   1.01954E-12     1630.03  0
 1.78100E-03   4.53597E-04   4.77629E-05   1.14336E-04   9.42140E-13     1626.00  0
 1.80100E-03   4.47915E-04   4.49225E-05   1.13111E-04   9.02515E-13     1623.52  1
 1.82100E-03   4.09604E-05   1.03062E-04   4.85652E-05   9.85682E-13     1830.31  1
 1.84100E-03   6.93431E-05   1.08950E-04   6.06189E-05   1.03304E-12     2660.48  1
 1.86100E-03   9.16424E-05   1.11210E-04   6.63127E-05   1.08404E-12     3100.03  1
 1.88100E-03   1.12557E-04   1.12195E-04   6.87113E-05   1.13486E-12     3305.67  1
 1.90100E-03   1.32908E-04   1.12668E-04   6.98905E-05   1.20781E-12     3410.45  1
 1.92100E-03   1.53099E-04   1.12867E-04   7.90661E-05   1.28610E-12     3462.15  1
 1.94100E-03   1.73118E-04   1.13016E-04   8.17901E-05   1.36877E-12     3469.90  1
 1.96100E-03   1.93188E-04   1.13156E-04   8.32601E-05   1.45044E-12     3476.25  1
 1.98100E-03   2.12961E-04   1.13318E-04   8.44130E-05   1.53678E-12     3469.14  1
 2.00100E-03   2.32816E-04   1.13531E-04   8.53206E-05   1.62764E-12     3469.07  1
 2.02100E-03   2.55128E-04   1.13712E-04   8.62391E-05   1.71727E-12     3474.66  1
 2.04100E-03   2.75658E-04   1.14036E-04   8.71590E-05   1.80521E-12     3471.71  1
 2.06100E-03   2.95840E-04   1.14395E-04   8.80057E-05   1.89470E-12     3472.85  1
 2.08100E-03   3.15564E-04   1.14599E-04   8.88130E-05   1.99956E-12     3473.15  1
 2.10100E-03   3.35484E-04   1.14764E-04   9.41137E-05   2.10659E-12     3462.38  1
 2.12100E-03   3.54961E-04   1.14907E-04   9.59882E-05   2.22066E-12     3466.13  1
 2.14100E-03   3.74785E-04   1.15023E-04   9.71885E-05   2.34067E-12     3486.79  1
 2.16100E-03   3.94658E-04   1.15125E-04   1.00114E-04   2.46139E-12     3492.38  1
 2.18100E-03   4.14422E-04   1.15209E-04   1.01947E-04   2.58354E-12     3490.40  1
 2.20100E-03   4.30909E-04   1.15189E-04   1.03206E-04   2.70574E-12     3476.02  1
 2.22100E-03   4.55455E-04   1.15161E-04   1.08676E-04   2.83227E-12     3473.34  1
 2.24100E-03   4.75304E-04   1.15275E-04   1.11107E-04   2.95835E-12     3486.05  1
 2.26100E-03   4.95149E-04   1.15419E-04   1.12399E-04   3.08252E-12     3495.23  1
 2.28100E-03   5.14860E-04   1.15429E-04   1.13330E-04   3.20161E-12     3486.43  1
 2.30100E-03   5.34499E-04   1.15386E-04   1.14065E-04   3.31756E-12     3477.24  1
 2.32100E-03   5.54083E-04   1.15327E-04   1.14777E-04   3.42900E-12     3468.96  1
 2.34100E-03   5.73372E-04   1.15249E-04   1.18437E-04   3.54056E-12     3459.46  1
 2.36100E-03   5.92970E-04   1.15151E-04   1.20823E-04   3.64647E-12     3461.31  1
 2.38100E-03   6.12954E-04   1.15038E-04   1.22486E-04   3.74756E-12     3460.53  1
 2.40100E-03   6.27716E-04   1.14824E-04   1.23833E-04   3.84285E-12     3436.11  1
 2.42100E-03   6.48715E-04   1.14523E-04   1.24902E-04   3.92962E-12     3428.56  1
 2.44100E-03   6.66430E-04   1.14394E-04   1.26093E-04   4.01074E-12     3441.56  1
 2.46100E-03   6.82025E-04   1.14270E-04   1.26508E-04   4.08732E-12     3437.03  1
 2.48100E-03   6.95689E-04   1.13967E-04   1.28649E-04   4.15992E-12     3402.74  1
 2.50100E-03   7.11184E-04   1.13700E-04   1.29884E-04   4.22739E-12     3371.64  1
 2.52100E-03   7.23908E-04   1.13507E-04   1.30866E-04   4.28723E-12     3380.90  1
 2.54100E-03   7.38070E-04   1.13335E-04   1.31472E-04   4.33871E-12     3380.86  1
 2.56100E-03   7.51960E-04   1.13182E-04   1.31884E-04   4.38347E-12     3377.39  1
 2.58100E-03   7.64767E-04   1.13052E-04   1.32178E-04   4.26809E-12     3394.95  0
 2.60100E-03   7.60753E-04   1.12063E-04   1.32561E-04   4.13742E-12     2879.08  0
 2.62100E-03   7.54132E-04   1.09149E-04   1.35423E-04   4.00010E-12     2586.67  0
 2.64100E-03   7.50476E-04   1.07303E-04   1.36868E-04   3.84955E-12     2395.39  0
 2.66100E-03   7.42830E-04   1.03729E-04   1.37515E-04   3.69226E-12     2255.89  0
 2.68100E-03   7.39304E-04   1.00569E-04   1.37791E-04   3.53896E-12     2152.88  0
 2.70100E-03   7.31596E-04   9.78558E-05   1.37747E-04   3.38355E-12     2070.89  0
 2.72100E-03   7.28301E-04   9.40462E-05   1.37542E-04   3.23084E-12     2005.37  0
 2.74100E-03   7.21002E-04   9.09057E-05   1.37166E-04   3.07982E-12     1950.18  0
 2.76100E-03   7.17569E-04   8.80171E-05   1.36484E-04   2.93357E-12     1902.65  0
 2.78100E-03   7.10608E-04   8.43081E-05   1.35751E-04   2.78965E-12     1862.62  0
 2.80100E-03   7.02945E-04   8.08382E-05   1.33876E-04   2.61361E-12     1826.59  0
 2.82100E-03   7.03294E-04   7.80776E-05   1.33151E-04   2.46992E-12     1794.16  0
 2.84100E-03   6.95907E-04   7.45987E-05   1.32243E-04   2.32808E-12     1765.56  0
 2.86100E-03   6.92339E-04   7.25799E-05   1.29445E-04   2.18965E-12     1740.41  0
 2.88100E-03   6.85117E-04   6.89555E-05   1.28071E-04   2.05430E-12     1718.58  0
 2.90100E-03   6.81132E-04   6.67484E-05   1.27159E-04   1.92220E-12     1699.39  0
 2.92100E-03   6.73792E-04   6.37803E-05   1.26427E-04   1.79306E-12     1682.79  0
 2.94100E-03   6.69714E-04   6.16208E-05   1.25717E-04   1.66818E-12     1668.63  0
 2.96100E-03   6.62279E-04   5.88942E-05   1.25021E-04   1.54739E-12     1656.80  0
 2.98100E-03   6.58333E-04   5.70404E-05   1.24134E-04   1.43101E-12     1646.89  0
 3.00100E-03   6.44112E-04   5.41001E-05   1.22632E-04   1.28483E-12     1638.65  0
 3.02100E-03   6.40798E-04   5.25804E-05   1.23235E-04   1.17056E-12     1632.24  0
 3.04100E-03   6.30582E-04   4.95926E-05   1.23032E-04   1.06323E-12     1627.45  0
 3.06100E-03   6.19018E-04   4.80461E-05   1.23024E-04   9.62842E-13     1624.32  0
 3.08100E-03   6.04030E-04   4.54684E-05   1.22908E-04   9.44336E-13     1622.97  1
 3.10100E-03   4.30896E-05   1.02892E-04   4.69053E-05   1.01541E-12     1819.75  1
 3.12100E-03   7.09991E-05   1.09093E-04   6.04347E-05   1.05562E-12     2668.23  1
 3.14100E-03   9.27454E-05   1.11198E-04   6.62622E-05   1.10387E-12     3109.71  1
 3.16100E-03   1.13170E-04   1.12096E-04   6.86305E-05   1.15298E-12     3331.54  1
 3.18100E-03   1.33373E-04   1.12641E-04   7.34338E-05   1.21998E-12     3451.55  1
 3.20100E-03   1.53080E-04   1.12727E-04   7.98666E-05   1.28837E-12     3461.07  1
 3.22100E-03   1.75265E-04   1.12909E-04   8.21444E-05   1.36713E-12     3468.87  1
 3.24100E-03   1.96639E-04   1.13093E-04   8.34230E-05   1.44312E-12     3464.68  1
 3.26100E-03   2.17199E-04   1.13231E-04   8.44651E-05   1.52322E-12     3470.40  1
 3.28100E-03   2.37402E-04   1.13429E-04   8.54272E-05   1.60376E-12     3477.67  1
 3.30100E-03   2.57333E-04   1.13659E-04   8.62940E-05   1.68821E-12     3479.45  1
 3.32100E-03   2.77164E-04   1.13920E-04   8.70638E-05   1.77301E-12     3482.59  1
 3.34100E-03   2.97024E-04   1.14227E-04   8.78034E-05   1.86311E-12     3488.65  1
 3.36100E-03   3.16847E-04   1.14468E-04   8.86267E-05   1.95852E-12     3489.31  1
 3.38100E-03   3.36672E-04   1.14702E-04   9.19853E-05   2.06729E-12     3487.95  1
 3.40100E-03   3.56284E-04   1.14878E-04   9.44530E-05   2.18667E-12     3482.82  1
 3.42100E-03   3.76103E-04   1.15025E-04   9.79814E-05   2.31386E-12     3482.68  1
 3.44100E-03   3.95890E-04   1.15182E-04   9.98610E-05   2.44121E-12     3489.33  1
 3.46100E-03   4.15531E-04   1.15334E-04   1.01185E-04   2.56755E-12     3494.45  1
 3.48100E-03   4.35178E-04   1.15446E-04   1.02218E-04   2.69345E-12     3500.16  1
 3.50099E-03   4.54553E-04   1.15539E-04   1.03130E-04   2.81768E-12     3499.91  1
 3.52099E-03   4.73964E-04   1.15620E-04   1.03981E-04   2.94096E-12     3497.72  1
 3.54099E-03   4.93623E-04   1.15692E-04   1.11085E-04   3.07736E-12     3503.32  1
 3.56099E-03   5.13638E-04   1.15758E-04   1.13114E-04   3.20706E-12     3507.96  1
 3.58099E-03   5.33510E-04   1.15811E-04   1.14230E-04   3.33233E-12     3510.54  1
 3.60099E-03   5.49330E-04   1.15806E-04   1.15075E-04   3.45559E-12     3492.11  1
 3.62099E-03   5.75126E-04   1.15760E-04   1.19965E-04   3.57325E-12     3492.68  1
 3.64099E-03   5.94787E-04   1.15870E-04   1.23666E-04   3.68734E-12     3509.30  1
 3.66099E-03   6.14496E-04   1.16019E-04   1.25467E-04   3.79877E-12     3518.90  1
 3.68099E-03   6.34083E-04   1.16044E-04   1.26697E-04   3.90797E-12     3513.40  1
 3.70099E-03   6.53458E-04   1.16035E-04   1.29571E-04   4.01356E-12     3508.17  1
 3.72099E-03   6.72724E-04   1.16021E-04   1.31353E-04   4.11452E-12     3498.14  1
 3.74099E-03   6.87397E-04   1.15998E-04   1.32387E-04   4.21304E-12     3493.93  1
 3.76099E-03   7.02982E-04   1.15970E-04   1.33482E-04   4.30701E-12     3493.46  1
 3.78099E-03   7.15811E-04   1.15935E-04   1.34062E-04   4.39688E-12     3490.08  1
 3.80099E-03   7.28991E-04   1.15861E-04   1.34398E-04   4.48481E-12     3470.80  1
 3.82099E-03   7.41296E-04   1.15715E-04   1.34590E-04   4.56517E-12     3479.41  1
 3.84099E-03   7.55085E-04   1.15717E-04   1.34713E-04   4.63800E-12     3500.70  1
 3.86099E-03   7.66817E-04   1.15753E-04   1.34744E-04   4.70730E-12     3513.67  1
 3.88099E-03   7.80209E-04   1.15654E-04   1.34710E-04   4.77100E-12     3508.58  1
 3.90099E-03   7.94218E-04   1.15507E-04   1.34750E-04   4.82786E-12     3496.50  1
 3.92099E-03   8.06781E-04   1.15346E-04   1.34726E-04   4.88089E-12     3482.74  1
 3.94099E-03   8.22569E-04   1.15169E-04   1.34668E-04   4.92862E-12     3480.47  1
 3.96099E-03   8.34769E-04   1.14978E-04   1.34586E-04   4.96924E-12     3471.84  1
 3.98099E-03   8.50934E-04   1.14783E-04   1.34478E-04   5.00345E-12     3462.54  1
 4.00099E-03   8.60053E-04   1.14487E-04   1.34344E-04   5.03023E-12     3457.15  1
 4.02099E-03   8.77447E-04   1.14104E-04   1.34152E-04   5.05283E-12     3451.98  1
 4.04099E-03   8.92074E-04   1.13909E-04   1.33913E-04   5.07140E-12     3426.73  1
 4.06099E-03   9.06024E-04   1.13756E-04   1.33681E-04   5.08355E-12     3431.32  1
 4.08099E-03   9.22575E-04   1.13581E-04   1.33465E-04   5.08865E-12     3426.22  1
 4.10099E-03   9.32640E-04   1.13400E-04   1.33224E-04   5.08835E-12     3437.53  1
 4.12099E-03   9.48758E-04   1.13242E-04   1.32977E-04   5.08454E-12     3422.28  1
 4.14099E-03   9.62860E-04   1.13095E-04   1.32716E-04   4.92330E-12     3402.89  0
 4.16100E-03   9.58047E-04   1.12329E-04   1.32368E-04   4.75178E-12     2898.58  0
 4.18100E-03   9.55643E-04   1.09201E-04   1.31970E-04   4.57191E-12     2613.80  0
 4.20100E-03   9.47552E-04   1.07489E-04   1.31259E-04   4.34410E-12     2435.29  0
 4.22100E-03   9.44974E-04   1.03746E-04   1.34387E-04   4.15892E-12     2295.83  0
 4.24100E-03   9.36411E-04   1.00692E-04   1.34650E-04   3.96346E-12     2177.29  0
 4.26100E-03   9.32744E-04   9.79085E-05   1.34862E-04   3.77225E-12     2083.01  0
 4.28100E-03   9.24129E-04   9.40776E-05   1.34617E-04   3.58050E-12     2007.74  0
 4.30100E-03   9.19997E-04   9.09717E-05   1.34241E-04   3.39367E-12     1947.10  0
 4.32100E-03   9.11536E-04   8.80016E-05   1.33226E-04   3.21164E-12     1896.02  0
 4.34100E-03   9.06956E-04   8.42189E-05   1.30876E-04   3.03409E-12     1852.38  0
 4.36100E-03   8.98171E-04   8.12919E-05   1.28932E-04   2.86150E-12     1815.23  0
 4.38100E-03   8.93275E-04   7.82069E-05   1.27965E-04   2.69492E-12     1783.66  0
 4.40100E-03   8.82631E-04   7.46014E-05   1.26725E-04   2.48225E-12     1755.89  0
 4.42100E-03   8.76479E-04   7.25525E-05   1.27227E-04   2.30785E-12     1730.95  0
 4.44100E-03   8.66526E-04   6.89409E-05   1.26003E-04   2.14061E-12     1709.13  0
 4.46100E-03   8.55159E-04   6.64581E-05   1.25198E-04   1.98013E-12     1689.76  0
 4.48100E-03   8.43343E-04   6.36132E-05   1.24468E-04   1.82637E-12     1673.52  0
 4.50100E-03   8.31091E-04   6.09737E-05   1.23583E-04   1.67948E-12     1659.75  0
 4.52100E-03   8.18442E-04   5.85187E-05   1.22932E-04   1.53907E-12     1648.35  0
 4.54100E-03   8.05005E-04   5.59553E-05   1.22977E-04   1.40493E-12     1639.23  0
 4.56100E-03   7.88008E-04   5.36524E-05   1.22996E-04   1.27793E-12     1632.11  0
 4.58100E-03   7.72646E-04   5.13877E-05   1.22987E-04   1.15707E-12     1627.00  0
 4.60100E-03   7.55643E-04   4.88148E-05   1.21763E-04   1.02508E-12     1623.88  0
 4.62100E-03   7.38520E-04   4.69746E-05   1.22168E-04   9.16766E-13     1622.84  0
 4.64100E-03   7.22956E-04   4.43497E-05   1.19819E-04   8.95324E-13     1622.42  1
 4.66100E-03   4.41137E-05   1.03368E-04   4.34769E-05   9.58796E-13     1869.46  1
 4.68100E-03   7.20847E-05   1.09429E-04   6.13516E-05   1.00429E-12     2758.87  1
 4.70100E-03   9.33480E-05   1.11476E-04   7.01959E-05   1.05146E-12     3152.38  1
 4.72100E-03   1.13784E-04   1.12374E-04   7.32757E-05   1.10305E-12     3353.21  1
 4.74100E-03   1.33885E-04   1.12879E-04   7.48519E-05   1.15934E-12     3445.82  1
 4.76100E-03   1.53902E-04   1.13118E-04   7.60621E-05   1.22175E-12     3491.20  1
 4.78100E-03   1.73792E-04   1.13283E-04   7.72062E-05   1.29472E-12     3517.10  1
 4.80100E-03   1.92945E-04   1.13056E-04   8.16922E-05   1.39449E-12     3467.30  1
 4.82100E-03   2.12518E-04   1.13365E-04   8.78368E-05   1.48104E-12     3457.92  1
 4.84100E-03   2.32103E-04   1.13585E-04   9.04305E-05   1.56700E-12     3449.17  1
 4.86100E-03   2.51651E-04   1.13905E-04   9.19300E-05   1.65888E-12     3450.86  1
 4.88100E-03   2.71274E-04   1.14226E-04   9.31515E-05   1.75635E-12     3452.23  1
 4.90100E-03   2.91073E-04   1.14494E-04   9.41256E-05   1.86403E-12     3456.81  1
 4.92100E-03   3.10624E-04   1.14719E-04   9.94291E-05   1.97952E-12     3452.47  1
 4.94100E-03   3.30175E-04   1.14901E-04   1.01170E-04   2.10653E-12     3456.86  1
 4.96100E-03   3.49674E-04   1.15053E-04   1.02357E-04   2.23860E-12     3462.40  1
 4.98100E-03   3.69167E-04   1.15214E-04   1.03646E-04   2.36911E-12     3465.52  1
 5.00100E-03   3.88672E-04   1.15356E-04   1.04813E-04   2.50050E-12     3465.16  1
 5.02100E-03   4.08153E-04   1.15482E-04   1.05780E-04   2.63205E-12     3466.15  1
 5.04100E-03   4.27686E-04   1.15597E-04   1.13250E-04   2.76449E-12     3470.22  1
 5.06100E-03   4.47173E-04   1.15705E-04   1.16490E-04   2.90211E-12     3473.84  1
 5.08100E-03   4.66669E-04   1.15802E-04   1.21063E-04   3.03539E-12     3472.31  1
 5.10100E-03   4.86012E-04   1.15885E-04   1.24758E-04   3.16535E-12     3465.12  1
 5.12100E-03   5.05494E-04   1.15955E-04   1.26909E-04   3.29401E-12     3463.51  1
 5.14100E-03   5.25158E-04   1.16012E-04   1.30433E-04   3.41835E-12     3457.41  1
 5.16100E-03   5.44909E-04   1.16060E-04   1.32559E-04   3.53981E-12     3453.95  1
 5.18100E-03   5.64378E-04   1.16100E-04   1.33934E-04   3.65792E-12     3464.99  1
 5.20100E-03   5.80296E-04   1.16108E-04   1.34981E-04   3.77178E-12     3456.35  1
 5.22100E-03   6.05644E-04   1.16062E-04   1.35782E-04   3.88145E-12     3468.66  1
 5.24100E-03   6.25149E-04   1.16169E-04   1.36334E-04   3.98738E-12     3483.40  1
 5.26100E-03   6.42752E-04   1.16306E-04   1.36729E-04   4.08832E-12     3500.89  1
 5.28100E-03   6.58185E-04   1.16330E-04   1.36966E-04   4.18627E-12     3498.84  1
 5.30100E-03   6.74828E-04   1.16328E-04   1.37104E-04   4.27901E-12     3489.62  1
 5.32100E-03   6.87501E-04   1.16328E-04   1.37120E-04   4.36593E-12     3477.89  1
 5.34100E-03   7.03818E-04   1.16328E-04   1.37068E-04   4.44913E-12     3475.72  1
 5.36100E-03   7.16595E-04   1.16326E-04   1.36974E-04   4.52882E-12     3464.02  1
 5.38100E-03   7.32858E-04   1.16322E-04   1.36848E-04   4.60425E-12     3454.33  1
 5.40100E-03   7.44320E-04   1.16306E-04   1.36681E-04   4.68014E-12     3449.67  1
 5.42100E-03   7.59806E-04   1.16218E-04   1.36532E-04   4.74845E-12     3466.33  1
 5.44100E-03   7.75784E-04   1.16282E-04   1.36397E-04   4.81385E-12     3482.93  1
 5.46101E-03   7.88681E-04   1.16376E-04   1.36229E-04   4.87496E-12     3500.97  1
 5.48101E-03   8.05427E-04   1.16360E-04   1.36041E-04   4.93294E-12     3497.98  1
 5.50101E-03   8.18767E-04   1.16317E-04   1.35950E-04   4.98631E-12     3488.90  1
 5.52101E-03   8.35132E-04   1.16273E-04   1.35851E-04   5.03389E-12     3480.67  1
 5.54101E-03   8.48887E-04   1.16226E-04   1.35729E-04   5.07798E-12     3473.36  1
 5.56101E-03   8.64886E-04   1.16173E-04   1.35612E-04   5.11882E-12     3468.27  1
 5.58101E-03   8.79537E-04   1.16114E-04   1.35495E-04   5.15660E-12     3453.92  1
 5.60101E-03   8.94403E-04   1.16022E-04   1.35380E-04   5.19295E-12     3433.84  1
 5.62101E-03   9.07303E-04   1.15880E-04   1.35278E-04   5.22223E-12     3455.66  1
 5.64101E-03   9.21690E-04   1.15844E-04   1.35193E-04   5.24900E-12     3488.54  1
 5.66101E-03   9.39003E-04   1.15854E-04   1.35079E-04   5.27177E-12     3500.69  1
 5.68101E-03   9.50965E-04   1.15752E-04   1.34943E-04   5.29106E-12     3476.51  1
 5.70101E-03   9.67119E-04   1.15602E-04   1.34804E-04   5.30732E-12     3467.77  1
 5.72101E-03   9.83861E-04   1.15443E-04   1.34659E-04   5.31761E-12     3459.52  1
 5.74101E-03   9.95106E-04   1.15281E-04   1.34518E-04   5.32532E-12     3456.68  1
 5.76101E-03   1.01192E-03   1.15105E-04   1.34371E-04   5.32825E-12     3454.93  1
 5.78101E-03   1.02371E-03   1.14916E-04   1.34212E-04   5.32932E-12     3448.43  1
 5.80101E-03   1.03748E-03   1.14659E-04   1.34027E-04   5.32830E-12     3427.25  1
 5.82101E-03   1.05390E-03   1.14384E-04   1.33764E-04   5.32429E-12     3416.29  1
 5.84101E-03   1.06635E-03   1.14187E-04   1.33465E-04   5.31556E-12     3422.56  1
 5.86101E-03   1.08128E-03   1.14000E-04   1.33152E-04   5.30199E-12     3412.42  1
 5.88101E-03   1.09490E-03   1.13753E-04   1.32895E-04   5.28472E-12     3404.18  1
 5.90101E-03   1.10790E-03   1.13581E-04   1.32626E-04   5.26401E-12     3423.75  1
 5.92101E-03   1.11984E-03   1.13418E-04   1.32195E-04   5.23883E-12     3408.72  1
 5.94101E-03   1.13126E-03   1.13263E-04   1.31721E-04   5.21370E-12     3403.40  1
 5.96101E-03   1.14238E-03   1.13124E-04   1.31243E-04   5.03156E-12     3395.81  0
 5.98101E-03   1.13708E-03   1.12418E-04   1.30494E-04   4.83966E-12     2885.59  0
 6.00101E-03   1.12350E-03   1.09189E-04   1.27904E-04   4.61987E-12     2596.64  0
 6.02101E-03   1.11165E-03   1.07552E-04   1.28538E-04   4.41435E-12     2393.44  0
 6.04101E-03   1.09839E-03   1.03918E-04   1.28032E-04   4.19926E-12     2248.45  0
 6.06101E-03   1.08469E-03   1.00860E-04   1.27728E-04   3.98682E-12     2134.57  0
 6.08101E-03   1.07024E-03   9.80030E-05   1.27132E-04   3.77922E-12     2047.68  0
 6.10101E-03   1.05504E-03   9.42427E-05   1.26432E-04   3.57585E-12     1976.28  0
 6.12101E-03   1.04105E-03   9.10551E-05   1.25224E-04   3.37809E-12     1918.16  0
 6.14101E-03   1.02736E-03   8.80166E-05   1.22415E-04   3.18553E-12     1870.71  0
 6.16101E-03   1.01374E-03   8.42400E-05   1.20301E-04   2.99949E-12     1830.52  0
 6.18101E-03   1.00010E-03   8.10840E-05   1.19151E-04   2.81885E-12     1795.96  0
 6.20101E-03   9.85191E-04   7.76848E-05   1.17467E-04   2.59928E-12     1766.72  0
 6.22101E-03   9.71466E-04   7.41293E-05   1.17502E-04   2.41483E-12     1741.00  0
 6.24101E-03   9.54250E-04   7.11835E-05   1.18786E-04   2.23873E-12     1718.37  0
 6.26101E-03   9.38795E-04   6.82807E-05   1.20211E-04   2.06981E-12     1698.44  0
 6.28101E-03   9.24567E-04   6.49798E-05   1.21312E-04   1.90889E-12     1681.22  0
 6.30101E-03   9.06047E-04   6.27867E-05   1.22084E-04   1.75485E-12     1666.60  0
 6.32101E-03   8.89949E-04   5.94081E-05   1.22126E-04   1.60761E-12     1654.21  0
 6.34101E-03   8.70594E-04   5.75756E-05   1.22236E-04   1.46700E-12     1643.87  0
 6.36101E-03   8.54082E-04   5.42787E-05   1.22325E-04   1.33301E-12     1635.72  0
 6.38101E-03   8.32927E-04   5.26101E-05   1.22368E-04   1.20661E-12     1629.49  0
 6.40101E-03   8.11941E-04   4.90793E-05   1.21093E-04   1.06938E-12     1625.20  0
 6.42101E-03   7.91733E-04   4.75853E-05   1.21231E-04   9.55909E-13     1623.09  0
 6.44101E-03   7.71646E-04   4.45646E-05   1.17772E-04   8.49678E-13     1622.64  0
 6.46101E-03   7.50561E-04   4.29791E-05   1.16178E-04   8.35702E-13     1622.12  1
 6.48101E-03   4.58055E-05   1.03861E-04   4.54766E-05   9.11305E-13     1836.98  1
 6.50101E-03   7.23330E-05   1.09915E-04   6.12106E-05   9.61766E-13     2755.74  1
 6.52101E-03   9.41765E-05   1.12122E-04   6.72125E-05   1.01442E-12     3163.93  1
 6.54101E-03   1.14643E-04   1.12883E-04   7.36702E-05   1.08417E-12     3398.04  1
 6.56101E-03   1.34656E-04   1.13393E-04   8.03696E-05   1.17140E-12     3494.21  1
 6.58101E-03   1.54281E-04   1.13774E-04   8.30806E-05   1.25887E-12     3529.31  1
 6.60101E-03   1.74116E-04   1.14122E-04   8.46212E-05   1.36603E-12     3491.12  1
 6.62101E-03   1.96088E-04   1.14369E-04   9.19497E-05   1.47001E-12     3487.93  1
 6.64101E-03   2.16619E-04   1.14760E-04   9.44650E-05   1.57506E-12     3473.24  1
 6.66101E-03   2.36452E-04   1.15115E-04   9.59572E-05   1.68185E-12     3482.04  1
 6.68101E-03   2.56232E-04   1.15304E-04   9.72592E-05   1.79074E-12     3476.27  1
 6.70101E-03   2.76017E-04   1.15430E-04   9.85079E-05   1.91485E-12     3481.59  1
 6.72101E-03   2.95844E-04   1.15540E-04   1.06374E-04   2.04430E-12     3483.48  1
 6.74101E-03   3.15652E-04   1.15643E-04   1.08577E-04   2.17506E-12     3489.68  1
 6.76101E-03   3.35423E-04   1.15735E-04   1.17635E-04   2.32422E-12     3492.37  1
 6.78102E-03   3.55241E-04   1.15820E-04   1.28280E-04   2.47399E-12     3496.00  1
 6.80102E-03   3.73480E-04   1.15831E-04   1.33054E-04   2.62133E-12     3478.76  1
 6.82102E-03   3.91362E-04   1.15865E-04   1.39194E-04   2.76909E-12     3503.03  1
 6.84102E-03   4.11838E-04   1.16003E-04   1.41194E-04   2.91548E-12     3504.04  1
 6.86102E-03   4.32731E-04   1.16088E-04   1.41834E-04   3.05961E-12     3497.95  1
 6.88102E-03   4.53560E-04   1.16145E-04   1.42686E-04   3.19917E-12     3496.71  1
 6.90102E-03   4.73940E-04   1.16203E-04   1.43334E-04   3.33324E-12     3497.82  1
 6.92102E-03   4.93943E-04   1.16253E-04   1.43711E-04   3.46361E-12     3499.62  1
 6.94102E-03   5.13536E-04   1.16298E-04   1.44067E-04   3.59055E-12     3496.19  1
 6.96102E-03   5.32891E-04   1.16338E-04   1.44438E-04   3.71337E-12     3496.15  1
 6.98102E-03   5.51922E-04   1.16373E-04   1.44502E-04   3.83088E-12     3503.99  1
 7.00102E-03   5.70414E-04   1.16402E-04   1.44567E-04   3.94531E-12     3507.01  1
 7.02102E-03   5.89311E-04   1.16423E-04   1.44497E-04   4.05603E-12     3505.79  1
 7.04102E-03   6.07970E-04   1.16446E-04   1.44442E-04   4.16194E-12     3508.88  1
 7.06102E-03   6.26536E-04   1.16470E-04   1.44248E-04   4.26422E-12     3512.17  1
 7.08102E-03   6.44668E-04   1.16487E-04   1.44262E-04   4.36295E-12     3510.73  1
 7.10102E-03   6.63756E-04   1.16500E-04   1.44110E-04   4.45508E-12     3504.07  1
 7.12102E-03   6.80738E-04   1.16510E-04   1.44019E-04   4.54212E-12     3504.31  1
 7.14102E-03   6.96587E-04   1.16513E-04   1.43819E-04   4.62485E-12     3503.55  1
 7.16102E-03   7.13848E-04   1.16509E-04   1.43635E-04   4.70411E-12     3504.05  1
 7.18102E-03   7.32676E-04   1.16501E-04   1.43531E-04   4.78031E-12     3514.55  1
 7.20102E-03   7.46991E-04   1.16496E-04   1.43397E-04   4.85277E-12     3495.76  1
 7.22102E-03   7.65353E-04   1.16411E-04   1.43260E-04   4.91914E-12     3499.18  1
 7.24102E-03   7.81216E-04   1.16474E-04   1.43091E-04   4.98356E-12     3520.65  1
 7.26102E-03   7.97091E-04   1.16567E-04   1.42918E-04   5.04396E-12     3530.84  1
 7.28102E-03   8.12209E-04   1.16561E-04   1.42726E-04   5.10168E-12     3528.09  1
 7.30102E-03   8.26558E-04   1.16529E-04   1.42527E-04   5.15450E-12     3523.16  1
 7.32102E-03   8.43426E-04   1.16502E-04   1.42306E-04   5.20277E-12     3514.91  1
 7.34102E-03   8.56700E-04   1.16475E-04   1.42043E-04   5.24716E-12     3513.73  1
 7.36102E-03   8.75338E-04   1.16445E-04   1.41646E-04   5.28748E-12     3515.77  1
 7.38102E-03   8.94058E-04   1.16413E-04   1.41225E-04   5.32591E-12     3517.68  1
 7.40102E-03   9.07762E-04   1.16382E-04   1.40968E-04   5.36304E-12     3487.35  1
 7.42102E-03   9.22805E-04   1.16274E-04   1.40693E-04   5.39288E-12     3496.43  1
 7.44102E-03   9.31743E-04   1.16290E-04   1.40105E-04   5.42210E-12     3526.26  1
 7.46102E-03   9.43276E-04   1.16354E-04   1.39517E-04   5.44693E-12     3546.45  1
 7.48102E-03   9.58754E-04   1.16316E-04   1.38799E-04   5.46970E-12     3540.76  1
 7.50102E-03   9.75493E-04   1.16243E-04   1.37618E-04   5.48983E-12     3527.11  1
 7.52102E-03   9.86586E-04   1.16170E-04   1.35089E-04   5.50577E-12     3518.94  1
 7.54102E-03   1.00358E-03   1.16090E-04   1.33745E-04   5.51927E-12     3515.85  1
 7.56102E-03   1.01686E-03   1.16007E-04   1.33310E-04   5.52894E-12     3511.63  1
 7.58102E-03   1.03150E-03   1.15917E-04   1.33135E-04   5.53480E-12     3508.86  1
 7.60102E-03   1.04644E-03   1.15818E-04   1.32903E-04   5.53689E-12     3502.39  1
 7.62102E-03   1.06007E-03   1.15702E-04   1.32662E-04   5.53543E-12     3489.53  1
 7.64102E-03   1.07655E-03   1.15569E-04   1.32458E-04   5.53341E-12     3484.01  1
 7.66102E-03   1.08743E-03   1.15423E-04   1.32329E-04   5.52967E-12     3478.37  1
 7.68102E-03   1.10344E-03   1.15265E-04   1.32177E-04   5.52244E-12     3477.71  1
 7.70102E-03   1.11544E-03   1.15104E-04   1.31975E-04   5.51177E-12     3473.78  1
 7.72102E-03   1.13049E-03   1.14935E-04   1.31616E-04   5.49642E-12     3472.06  1
 7.74102E-03   1.14078E-03   1.14710E-04   1.31234E-04   5.47881E-12     3479.11  1
 7.76102E-03   1.15428E-03   1.14445E-04   1.30948E-04   5.30387E-12     3471.10  0
 7.78102E-03   1.14694E-03   1.13641E-04   1.30681E-04   5.11856E-12     2953.56  0
 7.80102E-03   1.13917E-03   1.12560E-04   1.29552E-04   4.91790E-12     2665.16  0
 7.82102E-03   1.13453E-03   1.09277E-04   1.29084E-04   4.72411E-12     2483.09  0
 7.84102E-03   1.12464E-03   1.07626E-04   1.28576E-04   4.52926E-12     2350.53  0
 7.86102E-03   1.11571E-03   1.04151E-04   1.27538E-04   4.33348E-12     2241.46  0
 7.88102E-03   1.10906E-03   1.02021E-04   1.25863E-04   4.14126E-12     2151.63  0
 7.90102E-03   1.09782E-03   9.87216E-05   1.23638E-04   3.95098E-12     2075.79  0
 7.92102E-03   1.08624E-03   9.58268E-05   1.22760E-04   3.76406E-12     2009.72  0
 7.94102E-03   1.07421E-03   9.32607E-05   1.22129E-04   3.58247E-12     1953.39  0
 7.96102E-03   1.06161E-03   9.00210E-05   1.21537E-04   3.40572E-12     1905.73  0
 7.98102E-03   1.04847E-03   8.77947E-05   1.20900E-04   3.23338E-12     1865.03  0
 8.00102E-03   1.03108E-03   8.42292E-05   1.19270E-04   3.02291E-12     1829.70  0
 8.02102E-03   1.01603E-03   8.21116E-05   1.18872E-04   2.83500E-12     1798.52  0
 8.04102E-03   1.00079E-03   7.88952E-05   1.17857E-04   2.65143E-12     1770.44  0
 8.06102E-03   9.83922E-04   7.64987E-05   1.17001E-04   2.47420E-12     1744.89  0
 8.08102E-03   9.65384E-04   7.37703E-05   1.15955E-04   2.30356E-12     1722.25  0
 8.10102E-03   9.49539E-04   7.12845E-05   1.14585E-04   2.13912E-12     1702.33  0
 8.12102E-03   9.28992E-04   6.87808E-05   1.12052E-04   1.98110E-12     1685.34  0
 8.14102E-03   9.10614E-04   6.65028E-05   1.08990E-04   1.82847E-12     1670.71  0
 8.16103E-03   8.91639E-04   6.39451E-05   1.07949E-04   1.68283E-12     1658.18  0
 8.18103E-03   8.70160E-04   6.20611E-05   1.07208E-04   1.54295E-12     1647.68  0
 8.20103E-03   8.46806E-04   5.89709E-05   1.05944E-04   1.39096E-12     1638.77  0
 8.22103E-03   8.25993E-04   5.73887E-05   1.06536E-04   1.26372E-12     1631.98  0
 8.24103E-03   8.03660E-04   5.44211E-05   1.05501E-04   1.14358E-12     1626.99  0
 8.26103E-03   7.81207E-04   5.28684E-05   1.04749E-04   1.13509E-12     1623.96  1
 8.28103E-03   4.32995E-05   1.06654E-04   4.28561E-05   1.20719E-12     1914.61  1
 8.30103E-03   7.16918E-05   1.10703E-04   6.50872E-05   1.25563E-12     2732.56  1
 8.32103E-03   9.36084E-05   1.12907E-04   7.20114E-05   1.30448E-12     3159.67  1
 8.34103E-03   1.14081E-04   1.13767E-04   7.44555E-05   1.35669E-12     3375.42  1
 8.36103E-03   1.34350E-04   1.14674E-04   7.62285E-05   1.41817E-12     3478.34  1
 8.38103E-03   1.54418E-04   1.15188E-04   7.76324E-05   1.49565E-12     3533.02  1
 8.40103E-03   1.73582E-04   1.14933E-04   8.41366E-05   1.59944E-12     3481.26  1
 8.42103E-03   1.93415E-04   1.15183E-04   9.09620E-05   1.68137E-12     3482.55  1
 8.44103E-03   2.13008E-04   1.15526E-04   9.35870E-05   1.77232E-12     3478.35  1
 8.46103E-03   2.32618E-04   1.15736E-04   9.51879E-05   1.87510E-12     3479.80  1
 8.48103E-03   2.52238E-04   1.15847E-04   9.65332E-05   1.97733E-12     3481.96  1
 8.50103E-03   2.72096E-04   1.15919E-04   9.78350E-05   2.08120E-12     3485.24  1
 8.52103E-03   2.91798E-04   1.15998E-04   9.91058E-05   2.19724E-12     3477.53  1
 8.54103E-03   3.11531E-04   1.16069E-04   1.06110E-04   2.31697E-12     3477.83  1
 8.56103E-03   3.31182E-04   1.16128E-04   1.08502E-04   2.45212E-12     3478.51  1
 8.58103E-03   3.50836E-04   1.16180E-04   1.12459E-04   2.59817E-12     3476.23  1
 8.60103E-03   3.86222E-04   1.16224E-04   2.04128E-04   2.75375E-12     3468.25  1
 8.62103E-03   3.96327E-04   1.16259E-04   1.98089E-04   2.90397E-12     3467.25  1
 8.64103E-03   4.09255E-04   1.16302E-04   1.96170E-04   3.05162E-12     3472.28  1
 8.66103E-03   4.28733E-04   1.16346E-04   1.91205E-04   3.19518E-12     3477.15  1
 8.68103E-03   4.48289E-04   1.16382E-04   1.87892E-04   3.33747E-12     3470.16  1
 8.70103E-03   4.67777E-04   1.16410E-04   1.84555E-04   3.47457E-12     3462.53  1
 8.72103E-03   4.86919E-04   1.16434E-04   1.78747E-04   3.60929E-12     3455.86  1
 8.74103E-03   5.06331E-04   1.16455E-04   1.76351E-04   3.73711E-12     3459.40  1
 8.76103E-03   5.25800E-04   1.16472E-04   1.70556E-04   3.86083E-12     3454.77  1
 8.78103E-03   5.45189E-04   1.16484E-04   1.68750E-04   3.98034E-12     3456.44  1
 8.80103E-03   5.62131E-04   1.16494E-04   1.67060E-04   4.09380E-12     3452.87  1
 8.82103E-03   5.86397E-04   1.16427E-04   1.64219E-04   4.20303E-12     3468.67  1
 8.84103E-03   6.06205E-04   1.16505E-04   1.62584E-04   4.30944E-12     3495.42  1
 8.86103E-03   6.26036E-04   1.16610E-04   1.61856E-04   4.41108E-12     3514.04  1
 8.88103E-03   6.45745E-04   1.16616E-04   1.61266E-04   4.50791E-12     3514.24  1
 8.90103E-03   6.65443E-04   1.16598E-04   1.60531E-04   4.60013E-12     3507.17  1
 8.92103E-03   6.85033E-04   1.16587E-04   1.59792E-04   4.68744E-12     3499.82  1
 8.94103E-03   7.04559E-04   1.16579E-04   1.59154E-04   4.76982E-12     3488.09  1
 8.96103E-03   7.23912E-04   1.16570E-04   1.58001E-04   4.84765E-12     3480.49  1
 8.98103E-03   7.43410E-04   1.16567E-04   1.56800E-04   4.92162E-12     3476.11  1
 9.00103E-03   7.57612E-04   1.16551E-04   1.54192E-04   4.99340E-12     3457.75  1
 9.02103E-03   7.76305E-04   1.16463E-04   1.53271E-04   5.05847E-12     3474.48  1
 9.04103E-03   7.94789E-04   1.16521E-04   1.52557E-04   5.12024E-12     3505.61  1
 9.06103E-03   8.09440E-04   1.16607E-04   1.51940E-04   5.17789E-12     3521.72  1
 9.08103E-03   8.26982E-04   1.16596E-04   1.51352E-04   5.23132E-12     3515.99  1
 9.10103E-03   8.45580E-04   1.16559E-04   1.50795E-04   5.28090E-12     3509.05  1
 9.12103E-03   8.64540E-04   1.16525E-04   1.50040E-04   5.32555E-12     3498.43  1
 9.14103E-03   8.78543E-04   1.16489E-04   1.49288E-04   5.36769E-12     3487.75  1
 9.16103E-03   8.94391E-04   1.16449E-04   1.48129E-04   5.40668E-12     3476.53  1
 9.18103E-03   9.06242E-04   1.16410E-04   1.46276E-04   5.44371E-12     3464.58  1
 9.20103E-03   9.18242E-04   1.16364E-04   1.43914E-04   5.47591E-12     3433.02  1
 9.22103E-03   9.35154E-04   1.16258E-04   1.43003E-04   5.50386E-12     3461.73  1
 9.24103E-03   9.46643E-04   1.16229E-04   1.42242E-04   5.52761E-12     3512.44  1
 9.26103E-03   9.60060E-04   1.16225E-04   1.41540E-04   5.54933E-12     3519.59  1
 9.28103E-03   9.73251E-04   1.16155E-04   1.40855E-04   5.56857E-12     3521.65  1
 9.30103E-03   9.88535E-04   1.16048E-04   1.39999E-04   5.58324E-12     3517.80  1
 9.32103E-03   1.00571E-03   1.15926E-04   1.39135E-04   5.43785E-12     3491.15  0
 9.34103E-03   9.99294E-04   1.14918E-04   1.37837E-04   5.27832E-12     2979.13  0
 9.36103E-03   9.96478E-04   1.13786E-04   1.34730E-04   5.10871E-12     2708.80  0
 9.38103E-03   9.94240E-04   1.12557E-04   1.33156E-04   4.93592E-12     2535.36  0
 9.40103E-03   9.85539E-04   1.09308E-04   1.31587E-04   4.74233E-12     2392.90  0
 9.42103E-03   9.83300E-04   1.07745E-04   1.34695E-04   4.55449E-12     2279.21  0
 9.44103E-03   9.80502E-04   1.04566E-04   1.32073E-04   4.36280E-12     2179.55  0
 9.46104E-03   9.72252E-04   1.02754E-04   1.31153E-04   4.16882E-12     2094.44  0
 9.48104E-03   9.69379E-04   9.94941E-05   1.30676E-04   3.97630E-12     2023.66  0
 9.50104E-03   9.61698E-04   9.76943E-05   1.30272E-04   3.78791E-12     1963.35  0
 9.52104E-03   9.57427E-04   9.43603E-05   1.29933E-04   3.60114E-12     1911.70  0
 9.54104E-03   9.50427E-04   9.25632E-05   1.29441E-04   3.41714E-12     1867.24  0
 9.56104E-03   9.44640E-04   8.92342E-05   1.28880E-04   3.23752E-12     1830.13  0
 9.58104E-03   9.37165E-04   8.74610E-05   1.28277E-04   3.06180E-12     1798.45  0
 9.60104E-03   9.27847E-04   8.37148E-05   1.26492E-04   2.85337E-12     1770.29  0
 9.62104E-03   9.25963E-04   8.15167E-05   1.25538E-04   2.67650E-12     1745.36  0
 9.64104E-03   9.16662E-04   7.87608E-05   1.24843E-04   2.50384E-12     1722.93  0
 9.66104E-03   9.09034E-04   7.66665E-05   1.23628E-04   2.33683E-12     1703.25  0
 9.68104E-03   9.02032E-04   7.39255E-05   1.21350E-04   2.17487E-12     1686.13  0
 9.70104E-03   8.91494E-04   7.20947E-05   1.19038E-04   2.01874E-12     1671.36  0
 9.72104E-03   8.80784E-04   6.91900E-05   1.17986E-04   1.86808E-12     1658.83  0
 9.74104E-03   8.69584E-04   6.76158E-05   1.17320E-04   1.72372E-12     1648.54  0
 9.76104E-03   8.57608E-04   6.45182E-05   1.16735E-04   1.58570E-12     1640.13  0
 9.78104E-03   8.44812E-04   6.28986E-05   1.16100E-04   1.45429E-12     1633.44  0
 9.80104E-03   8.25780E-04   5.99122E-05   1.14826E-04   1.31071E-12     1628.35  0
 9.82104E-03   8.11657E-04   5.82046E-05   1.15193E-04   1.30330E-12     1624.95  1
 9.84104E-03   4.83840E-05   1.06126E-04   4.52030E-05   1.36197E-12     1883.84  1
 9.86104E-03   7.40315E-05   1.10904E-04   6.29819E-05   1.40638E-12     2809.26  1
 9.88104E-03   9.65740E-05   1.12902E-04   7.18737E-05   1.44778E-12     3159.57  1
 9.90104E-03   1.17900E-04   1.13684E-04   7.50046E-05   1.50043E-12     3364.73  1
 9.92104E-03   1.38336E-04   1.14534E-04   7.66382E-05   1.57584E-12     3476.89  1
 9.94104E-03   1.58402E-04   1.15127E-04   8.30138E-05   1.64959E-12     3528.81  1
 9.96104E-03   1.78307E-04   1.15447E-04   8.50637E-05   1.72656E-12     3551.95  1
 9.98104E-03   1.97951E-04   1.15616E-04   8.64737E-05   1.80519E-12     3553.52  1
 1.00010E-02   2.16616E-04   1.15506E-04   8.94889E-05   1.92584E-12     3482.24  1
 1.00210E-02   2.36815E-04   1.15481E-04   9.40323E-05   2.02126E-12     3486.65  1
 1.00410E-02   2.56895E-04   1.15720E-04   9.60557E-05   2.11618E-12     3495.02  1
 1.00610E-02   2.76804E-04   1.15985E-04   9.74856E-05   2.21386E-12     3503.28  1
 1.00810E-02   2.96564E-04   1.16092E-04   9.88155E-05   2.33251E-12     3494.73  1
 1.01010E-02   3.16179E-04   1.16143E-04   1.06809E-04   2.44942E-12     3487.78  1
 1.01210E-02   3.35979E-04   1.16178E-04   1.08987E-04   2.59897E-12     3485.88  1
 1.01410E-02   4.04883E-04   1.16211E-04   2.18461E-04   2.75239E-12     3498.27  1
 1.01610E-02   4.18344E-04   1.16239E-04   2.16958E-04   2.90040E-12     3491.86  1
 1.01810E-02   4.32365E-04   1.16252E-04   2.15884E-04   3.04542E-12     3487.54  1
 1.02010E-02   4.43280E-04   1.16058E-04   2.12517E-04   3.21629E-12     3459.19  1
 1.02210E-02   4.57838E-04   1.15888E-04   2.13145E-04   3.35431E-12     3488.00  1
 1.02410E-02   4.70607E-04   1.16145E-04   2.08677E-04   3.48713E-12     3510.16  1
 1.02610E-02   4.84222E-04   1.16419E-04   2.06409E-04   3.61455E-12     3527.00  1
 1.02810E-02   4.94876E-04   1.16511E-04   2.04632E-04   3.73924E-12     3529.88  1
 1.03010E-02   5.14837E-04   1.16541E-04   1.98490E-04   3.86093E-12     3531.69  1
 1.03210E-02   5.34580E-04   1.16563E-04   1.96128E-04   3.97834E-12     3538.58  1
 1.03410E-02   5.54054E-04   1.16579E-04   1.92656E-04   4.09152E-12     3545.48  1
 1.03610E-02   5.73738E-04   1.16589E-04   1.89241E-04   4.19981E-12     3543.43  1
 1.03810E-02   5.93572E-04   1.16592E-04   1.87803E-04   4.30463E-12     3543.23  1
 1.04010E-02   6.08561E-04   1.16139E-04   1.84893E-04   4.38280E-12     3442.68  1
 1.04210E-02   6.33362E-04   1.16089E-04   1.85717E-04   4.47866E-12     3467.38  1
 1.04410E-02   6.49778E-04   1.16267E-04   1.85145E-04   4.56462E-12     3499.48  1
 1.04610E-02   6.67788E-04   1.16464E-04   1.84441E-04   4.64432E-12     3515.41  1
 1.04810E-02   6.85837E-04   1.16506E-04   1.83165E-04   4.72065E-12     3511.36  1
 1.05010E-02   7.01778E-04   1.16493E-04   1.79834E-04   4.79086E-12     3506.56  1
 1.05210E-02   7.16890E-04   1.16468E-04   1.78421E-04   4.85534E-12     3503.33  1
 1.05410E-02   7.34101E-04   1.16434E-04   1.77386E-04   4.91686E-12     3498.72  1
 1.05610E-02   7.47593E-04   1.16387E-04   1.76323E-04   4.97321E-12     3495.63  1
 1.05810E-02   7.63664E-04   1.16328E-04   1.75303E-04   5.02712E-12     3502.58  1
 1.06010E-02   7.77517E-04   1.16248E-04   1.73869E-04   4.91985E-12     3500.59  0
 1.06210E-02   7.77515E-04   1.15404E-04   1.70993E-04   4.78856E-12     2962.36  0
 1.06410E-02   7.77222E-04   1.14122E-04   1.69155E-04   4.64461E-12     2653.92  0
 1.06610E-02   7.72085E-04   1.12944E-04   1.68147E-04   4.49198E-12     2457.04  0
 1.06810E-02   7.70236E-04   1.10186E-04   1.67166E-04   4.33394E-12     2317.06  0
 1.07010E-02   7.64670E-04   1.08378E-04   1.66198E-04   4.17195E-12     2208.98  0
 1.07210E-02   7.61489E-04   1.05706E-04   1.64861E-04   4.01028E-12     2121.11  0
 1.07410E-02   7.59439E-04   1.03543E-04   1.62191E-04   3.84747E-12     2049.82  0
 1.07610E-02   7.52641E-04   1.00888E-04   1.59572E-04   3.68502E-12     1989.04  0
 1.07810E-02   7.49920E-04   9.85159E-05   1.58250E-04   3.52582E-12     1937.13  0
 1.08010E-02   7.45525E-04   9.53876E-05   1.56549E-04   3.34653E-12     1892.83  0
 1.08210E-02   7.42696E-04   9.32814E-05   1.55607E-04   3.18660E-12     1853.08  0
 1.08410E-02   7.36733E-04   9.03514E-05   1.54489E-04   3.02747E-12     1817.21  0
 1.08610E-02   7.33681E-04   8.81947E-05   1.53132E-04   2.87100E-12     1785.85  0
 1.08810E-02   7.30098E-04   8.51797E-05   1.50251E-04   2.71699E-12     1758.24  0
 1.09010E-02   7.24635E-04   8.31552E-05   1.47567E-04   2.56592E-12     1734.24  0
 1.09210E-02   7.22158E-04   8.02324E-05   1.46171E-04   2.41851E-12     1713.43  0
 1.09410E-02   7.15736E-04   7.81675E-05   1.45023E-04   2.27439E-12     1695.66  0
 1.09610E-02   7.12789E-04   7.52559E-05   1.43934E-04   2.13375E-12     1680.30  0
 1.09810E-02   7.06844E-04   7.32145E-05   1.42553E-04   1.99772E-12     1667.13  0
 1.10010E-02   7.02928E-04   7.05129E-05   1.38864E-04   1.84606E-12     1655.64  0
 1.10210E-02   6.97078E-04   6.84824E-05   1.38505E-04   1.71692E-12     1646.45  0
 1.10410E-02   6.92873E-04   6.60855E-05   1.36249E-04   1.59222E-12     1638.87  0
 1.10610E-02   6.86604E-04   6.37891E-05   1.35104E-04   1.47235E-12     1632.82  0
 1.10810E-02   6.82340E-04   6.18657E-05   1.34296E-04   1.35796E-12     1628.24  0
 1.11010E-02   6.75184E-04   5.92362E-05   1.33489E-04   1.35507E-12     1625.05  1
 1.11210E-02   4.14978E-05   1.06903E-04   4.36096E-05   1.41776E-12     1921.23  1
 1.11410E-02   7.04791E-05   1.10908E-04   6.55238E-05   1.46636E-12     2767.97  1
 1.11610E-02   9.26355E-05   1.12831E-04   7.24857E-05   1.51380E-12     3170.86  1
 1.11810E-02   1.13288E-04   1.13840E-04   7.48378E-05   1.56681E-12     3343.10  1
 1.12010E-02   1.32979E-04   1.14097E-04   7.90871E-05   1.62659E-12     3353.77  1
 1.12210E-02   1.55391E-04   1.14518E-04   8.34939E-05   1.69079E-12     3405.13  1
 1.12410E-02   1.76281E-04   1.15044E-04   8.55967E-05   1.75858E-12     3425.35  1
 1.12610E-02   1.96432E-04   1.15404E-04   8.71200E-05   1.84430E-12     3440.98  1
 1.12810E-02   2.16488E-04   1.15585E-04   9.50918E-05   1.93549E-12     3448.55  1
 1.13010E-02   2.36136E-04   1.15685E-04   9.72829E-05   2.04228E-12     3454.25  1
 1.13210E-02   5.29141E-04   1.15754E-04   2.32630E-04   2.16524E-12     3448.39  1
 1.13410E-02   5.08738E-04   1.15809E-04   2.31763E-04   2.29711E-12     3455.41  1
 1.13610E-02   4.85203E-04   1.15863E-04   2.30885E-04   2.43088E-12     3458.17  1
 1.13810E-02   4.59311E-04   1.15903E-04   2.29530E-04   2.56732E-12     3458.27  1
 1.14010E-02   4.31387E-04   1.15868E-04   2.28312E-04   2.70251E-12     3439.66  1
 1.14210E-02   4.05340E-04   1.15800E-04   2.28367E-04   2.83779E-12     3445.90  1
 1.14411E-02   4.09855E-04   1.15940E-04   2.27760E-04   2.97306E-12     3470.10  1
 1.14611E-02   4.25605E-04   1.16119E-04   2.26949E-04   3.10550E-12     3492.06  1
 1.14811E-02   4.38427E-04   1.16177E-04   2.25865E-04   3.23909E-12     3489.43  1
 1.15011E-02   4.54448E-04   1.16199E-04   2.23382E-04   3.36889E-12     3482.53  1
 1.15211E-02   4.66318E-04   1.16213E-04   2.19998E-04   3.49595E-12     3476.75  1
 1.15411E-02   4.80419E-04   1.16221E-04   2.18406E-04   3.61951E-12     3473.42  1
 1.15611E-02   4.94329E-04   1.16218E-04   2.17069E-04   3.73781E-12     3466.48  1
 1.15811E-02   5.13856E-04   1.16205E-04   2.15417E-04   3.85202E-12     3457.40  1
 1.16011E-02   5.29118E-04   1.15942E-04   2.09884E-04   3.98226E-12     3433.99  1
 1.16211E-02   5.55449E-04   1.15735E-04   2.10719E-04   4.08617E-12     3452.64  1
 1.16411E-02   5.75058E-04   1.15895E-04   2.07276E-04   4.02138E-12     3480.04  0
 1.16611E-02   5.76113E-04   1.15104E-04   2.05972E-04   3.94028E-12     2941.64  0
 1.16811E-02   5.75082E-04   1.13974E-04   2.04573E-04   3.84655E-12     2652.88  0
 1.17011E-02   5.72359E-04   1.12746E-04   2.00629E-04   3.74618E-12     2471.36  0
 1.17211E-02   5.70571E-04   1.09677E-04   1.98739E-04   3.63821E-12     2337.83  0
 1.17411E-02   5.68477E-04   1.07983E-04   1.97427E-04   3.52736E-12     2236.67  0
 1.17611E-02   5.63647E-04   1.05025E-04   1.95975E-04   3.41308E-12     2151.64  0
 1.17811E-02   5.60259E-04   1.03061E-04   1.93413E-04   3.29710E-12     2082.19  0
 1.18011E-02   5.57671E-04   9.98294E-05   1.90029E-04   3.17509E-12     2021.72  0
 1.18211E-02   5.52505E-04   9.80251E-05   1.88567E-04   3.05666E-12     1967.11  0
 1.18411E-02   5.49554E-04   9.50634E-05   1.87078E-04   2.93773E-12     1918.73  0
 1.18611E-02   5.48360E-04   9.31502E-05   1.85550E-04   2.81889E-12     1877.44  0
 1.18811E-02   5.46895E-04   9.03606E-05   1.83422E-04   2.70057E-12     1841.04  0
 1.19011E-02   5.39048E-04   8.83552E-05   1.79466E-04   2.58274E-12     1808.39  0
 1.19211E-02   5.33679E-04   8.56958E-05   1.77731E-04   2.46575E-12     1779.29  0
 1.19411E-02   5.27644E-04   8.35859E-05   1.76234E-04   2.35001E-12     1753.61  0
 1.19611E-02   5.24535E-04   8.12617E-05   1.74760E-04   2.23546E-12     1731.01  0
 1.19811E-02   5.18031E-04   7.89147E-05   1.73011E-04   2.12247E-12     1711.52  0
 1.20011E-02   5.14251E-04   7.65852E-05   1.68332E-04   1.98327E-12     1694.46  0
 1.20211E-02   5.12836E-04   7.40652E-05   1.67802E-04   1.86806E-12     1679.26  0
 1.20411E-02   5.10362E-04   7.24439E-05   1.65994E-04   1.75648E-12     1665.83  0
 1.20611E-02   5.07259E-04   6.94691E-05   1.64696E-04   1.64842E-12     1654.54  0
 1.20811E-02   5.01782E-04   6.78989E-05   1.63497E-04   1.54413E-12     1645.30  0
 1.21011E-02   4.98787E-04   6.50925E-05   1.61808E-04   1.44370E-12     1637.99  0
 1.21211E-02   4.91994E-04   6.33153E-05   1.57742E-04   1.34668E-12     1632.21  0
 1.21411E-02   4.87671E-04   6.08808E-05   1.56237E-04   1.35940E-12     1627.90  1
 1.21611E-02   4.35953E-05   1.06124E-04   4.46991E-05   1.43907E-12     1895.42  1
 1.21811E-02   7.05970E-05   1.10488E-04   6.21394E-05   1.49618E-12     2713.91  1
 1.22011E-02   9.23927E-05   1.12363E-04   7.16388E-05   1.55214E-12     3079.17  1
 1.22211E-02   1.15673E-04   1.13312E-04   7.95459E-05   1.62312E-12     3257.19  1
 1.22411E-02   1.36516E-04   1.14024E-04   8.24990E-05   1.69442E-12     3359.19  1
 1.22611E-02   1.56596E-04   1.14732E-04   8.42452E-05   1.76677E-12     3415.23  1
 1.22811E-02   1.76508E-04   1.15104E-04   8.56428E-05   1.83931E-12     3447.54  1
 1.23011E-02   1.96674E-04   1.15262E-04   8.68572E-05   1.92185E-12     3473.02  1
 1.23211E-02   2.16855E-04   1.15354E-04   9.28007E-05   2.01083E-12     3479.40  1
 1.23411E-02   2.36587E-04   1.15413E-04   9.51333E-05   2.10485E-12     3476.58  1
 1.23611E-02   2.56483E-04   1.15455E-04   9.65196E-05   2.20032E-12     3483.78  1
 1.23811E-02   2.75570E-04   1.15480E-04   9.77463E-05   2.29373E-12     3485.02  1
 1.24011E-02   2.94280E-04   1.15404E-04   9.89002E-05   2.24742E-12     3470.21  0
 1.24211E-02   3.01625E-04   1.14415E-04   1.06739E-04   2.18937E-12     2984.16  0
 1.24411E-02   3.03503E-04   1.13473E-04   1.11302E-04   2.13977E-12     2716.53  0
 1.24611E-02   3.75664E-04   1.11444E-04   2.54899E-04   2.09408E-12     2532.81  0
 1.24811E-02   3.71021E-04   1.09051E-04   2.52621E-04   2.04763E-12     2397.57  0
 1.25011E-02   3.65313E-04   1.07164E-04   2.49185E-04   1.99680E-12     2288.46  0
 1.25211E-02   3.59348E-04   1.04085E-04   2.47872E-04   1.93994E-12     2193.18  0
 1.25411E-02   3.54987E-04   1.02198E-04   2.46715E-04   1.87519E-12     2109.43  0
 1.25611E-02   3.48373E-04   9.90015E-05   2.45130E-04   1.80730E-12     2038.15  0
 1.25811E-02   3.44227E-04   9.69425E-05   2.40488E-04   1.73676E-12     1977.56  0
 1.26011E-02   3.36492E-04   9.39409E-05   2.38040E-04   1.66178E-12     1926.93  0
 1.26211E-02   3.31739E-04   9.18230E-05   2.36788E-04   1.59368E-12     1883.57  0
 1.26411E-02   3.24339E-04   8.89315E-05   2.33215E-04   1.52791E-12     1844.93  0
 1.26611E-02   3.16162E-04   8.69363E-05   2.28662E-04   1.46289E-12     1810.50  0
 1.26811E-02   3.08605E-04   8.40357E-05   2.26421E-04   1.39889E-12     1779.81  0
 1.27011E-02   3.03743E-04   8.22116E-05   2.22094E-04   1.33524E-12     1753.06  0
 1.27211E-02   3.03389E-04   7.91135E-05   2.17052E-04   1.27185E-12     1730.24  0
 1.27411E-02   3.03121E-04   7.75777E-05   2.14227E-04   1.20930E-12     1710.58  0
 1.27611E-02   3.02968E-04   7.45686E-05   2.06681E-04   1.14727E-12     1693.67  0
 1.27811E-02   3.02777E-04   7.29699E-05   2.02857E-04   1.08638E-12     1679.09  0
 1.28011E-02   3.02423E-04   6.96995E-05   1.92000E-04   9.88146E-13     1666.10  0
 1.28211E-02   3.02058E-04   6.80601E-05   1.91746E-04   9.17255E-13     1655.23  0
 1.28411E-02   3.01623E-04   6.53741E-05   1.84123E-04   8.50773E-13     1645.87  0
 1.28611E-02   2.97350E-04   6.35022E-05   1.80570E-04   7.87706E-13     1638.12  0
 1.28811E-02   2.93785E-04   6.12142E-05   1.74385E-04   7.27303E-13     1631.97  0
 1.29011E-02   2.92243E-04   5.89771E-05   1.72066E-04   6.69923E-13     1627.45  0
 1.29211E-02   2.91732E-04   5.73328E-05   1.68030E-04   6.15150E-13     1624.47  0
 1.29411E-02   2.91436E-04   5.44704E-05   1.64817E-04   5.62973E-13     1623.05  0
 1.29611E-02   2.90996E-04   5.29506E-05   1.63068E-04   5.13511E-13     1622.74  0
 1.29811E-02   2.81859E-04   5.02337E-05   1.61106E-04   4.66359E-13     1622.35  0
 1.30011E-02   2.74517E-04   4.85392E-05   1.56512E-04   4.21586E-13     1621.85  0
 1.30211E-02   2.72080E-04   4.64155E-05   1.54348E-04   3.79200E-13     1621.23  0
 1.30411E-02   2.64836E-04   4.42144E-05   1.52774E-04   3.39270E-13     1620.49  0
 1.30611E-02   2.60535E-04   4.28507E-05   1.50941E-04   3.01853E-13     1619.66  0
 1.30811E-02   2.48287E-04   4.03107E-05   1.46488E-04   2.66468E-13     1618.73  0
 1.31011E-02   2.41664E-04   3.87573E-05   1.44115E-04   2.33816E-13     1617.69  0
 1.31211E-02   2.34050E-04   3.73658E-05   1.39524E-04   2.03209E-13     1616.54  0
 1.31411E-02   2.26890E-04   3.48501E-05   1.34555E-04   1.75115E-13     1615.26  0
 1.31611E-02   2.15263E-04   3.35250E-05   1.28200E-04   1.49395E-13     1613.85  0
 1.31811E-02   2.06658E-04   3.20977E-05   1.20713E-04   1.26110E-13     1612.30  0
 1.32011E-02   1.87709E-04   2.98957E-05   1.15957E-04   1.04847E-13     1610.64  0
 1.32211E-02   1.76301E-04   2.86778E-05   1.11948E-04   8.61493E-14     1608.87  0
 1.32411E-02   1.65034E-04   2.75424E-05   1.03023E-04   6.92312E-14     1606.96  0
 1.32611E-02   1.53972E-04   2.51834E-05   9.67786E-05   5.43785E-14     1604.86  0
 1.32811E-02   1.41783E-04   2.38917E-05   9.18123E-05   4.14655E-14     1602.58  0
 1.33011E-02   1.32695E-04   2.27339E-05   8.46728E-05   3.04500E-14     1600.11  0
 1.33211E-02   1.18595E-04   2.03416E-05   7.78631E-05   2.12241E-14     1597.62  0
 1.33411E-02   1.10653E-04   1.88549E-05   6.86435E-05   1.36872E-14     1594.87  0
 1.33611E-02   9.47008E-05   1.75128E-05   6.31447E-05   7.99103E-15     1591.81  0
 1.33811E-02   7.97909E-05   1.46371E-05   5.20729E-05   3.77057E-15     1588.24  0
 1.34011E-02   6.72321E-05   1.29507E-05   4.37526E-05   1.20248E-15     1584.02  0
 1.34211E-02   4.96885E-05   9.39600E-06   2.99750E-05   7.37471E-17     1578.22  0
 1.34411E-02   1.84618E-05   4.32588E-06   1.05102E-05   0.00000E+00     1567.73  0
 1.34611E-02   0.00000E+00   0.00000E+00   0.00000E+00   0.00000E+00     1530.73  0
 1.34811E-02   0.00000E+00   0.00000E+00   0.00000E+00   0.00000E+00     1498.67  0
 1.35011E-02   0.00000E+00   0.00000E+00   0.00000E+00   0.00000E+00     1477.02  0
 1.35211E-02   0.00000E+00   0.00000E+00   0.00000E+00   0.00000E+00     1460.02  0
 1.35411E-02   0.00000E+00   0.00000E+00   0.00000E+00   0.00000E+00     1444.99  0
 1.35611E-02   0.00000E+00   0.00000E+00   0.00000E+00   0.00000E+00     1431.36  0
 1.35811E-02   0.00000E+00   0.00000E+00   0.00000E+00   0.00000E+00     1418.76  0
 1.36011E-02   0.00000E+00   0.00000E+00   0.00000E+00   0.00000E+00     1407.62  0
 1.36211E-02   0.00000E+00   0.00000E+00   0.00000E+00   0.00000E+00     1397.08  0
 1.36411E-02   0.00000E+00   0.00000E+00   0.00000E+00   0.00000E+00     1387.03  0
 1.36611E-02   0.00000E+00   0.00000E+00   0.00000E+00   0.00000E+00     1377.41  0
 1.36811E-02   0.00000E+00   0.00000E+00   0.00000E+00   0.00000E+00     1368.38  0
 1.37011E-02   0.00000E+00   0.00000E+00   0.00000E+00   0.00000E+00     1359.97  0
 1.37211E-02   0.00000E+00   0.00000E+00   0.00000E+00   0.00000E+00     1351.86  0
 1.37411E-02   0.00000E+00   0.00000E+00   0.00000E+00   0.00000E+00     1343.99  0
 1.37611E-02   0.00000E+00   0.00000E+00   0.00000E+00   0.00000E+00     1336.33  0
 1.37811E-02   0.00000E+00   0.00000E+00   0.00000E+00   0.00000E+00     1329.21  0
 1.38011E-02   0.00000E+00   0.00000E+00   0.00000E+00   0.00000E+00     1322.29  0
 1.38211E-02   0.00000E+00   0.00000E+00   0.00000E+00   0.00000E+00     1315.53  0
 1.38411E-02   0.00000E+00   0.00000E+00   0.00000E+00   0.00000E+00     1308.91  0
 1.38611E-02   0.00000E+00   0.00000E+00   0.00000E+00   0.00000E+00     1302.42  0
 1.38811E-02   0.00000E+00   0.00000E+00   0.00000E+00   0.00000E+00     1296.08  0
 1.39011E-02   0.00000E+00   0.00000E+00   0.00000E+00   0.00000E+00     1290.15  0
 1.39211E-02   0.00000E+00   0.00000E+00   0.00000E+00   0.00000E+00     1284.32  0
 1.39411E-02   0.00000E+00   0.00000E+00   0.00000E+00   0.00000E+00     1278.59  0
 1.39611E-02   0.00000E+00   0.00000E+00   0.00000E+00   0.00000E+00     1272.96  0
 1.39811E-02   0.00000E+00   0.00000E+00   0.00000E+00   0.00000E+00     1267.46  0
 1.40011E-02   0.00000E+00   0.00000E+00   0.00000E+00   0.00000E+00     1262.21  0
 1.40211E-02   0.00000E+00   0.00000E+00   0.00000E+00   0.00000E+00     1257.11  0
 1.40411E-02   0.00000E+00   0.00000E+00   0.00000E+00   0.00000E+00     1252.09  0
 1.40611E-02   0.00000E+00   0.00000E+00   0.00000E+00   0.00000E+00     1247.13  0
 1.40811E-02   0.00000E+00   0.00000E+00   0.00000E+00   0.00000E+00     1242.24  0
 1.41011E-02   0.00000E+00   0.00000E+00   0.00000E+00   0.00000E+00     1237.59  0
 1.41211E-02   0.00000E+00   0.00000E+00   0.00000E+00   0.00000E+00     1233.03  0
 1.41411E-02   0.00000E+00   0.00000E+00   0.00000E+00   0.00000E+00     1228.54  0
 1.41611E-02   0.00000E+00   0.00000E+00   0.00000E+00   0.00000E+00     1224.09  0
 1.41811E-02   0.00000E+00   0.00000E+00   0.00000E+00   0.00000E+00     1219.73  0
 1.42011E-02   0.00000E+00   0.00000E+00   0.00000E+00   0.00000E+00     1215.57  0
 1.42211E-02   0.00000E+00   0.00000E+00   0.00000E+00   0.00000E+00     1211.46  0
 1.42411E-02   0.00000E+00   0.00000E+00   0.00000E+00   0.00000E+00     1207.39  0
 1.42611E-02   0.00000E+00   0.00000E+00   0.00000E+00   0.00000E+00     1203.36  0
 1.42811E-02   0.00000E+00   0.00000E+00   0.00000E+00   0.00000E+00     1199.45  0
 1.43011E-02   0.00000E+00   0.00000E+00   0.00000E+00   0.00000E+00     1195.67  0
 1.43211E-02   0.00000E+00   0.00000E+00   0.00000E+00   0.00000E+00     1191.92  0
 1.43411E-02   0.00000E+00   0.00000E+00   0.00000E+00   0.00000E+00     1188.21  0
 1.43611E-02   0.00000E+00   0.00000E+00   0.00000E+00   0.00000E+00     1184.56  0
 1.43811E-02   0.00000E+00   0.00000E+00   0.00000E+00   0.00000E+00     1181.06  0
 1.44011E-02   0.00000E+00   0.00000E+00   0.00000E+00   0.00000E+00     1177.61  0
 1.44211E-02   0.00000E+00   0.00000E+00   0.00000E+00   0.00000E+00     1174.18  0
 1.44411E-02   0.00000E+00   0.00000E+00   0.00000E+00   0.00000E+00     1170.79  0
 1.44611E-02   0.00000E+00   0.00000E+00   0.00000E+00   0.00000E+00     1167.42  0
 1.44811E-02   0.00000E+00   0.00000E+00   0.00000E+00   0.00000E+00     1164.18  0
 1.45011E-02   0.00000E+00   0.00000E+00   0.00000E+00   0.00000E+00     1160.99  0
 1.45211E-02   0.00000E+00   0.00000E+00   0.00000E+00   0.00000E+00     1157.82  0
 1.45411E-02   0.00000E+00   0.00000E+00   0.00000E+00   0.00000E+00     1154.69  0
 1.45611E-02   0.00000E+00   0.00000E+00   0.00000E+00   0.00000E+00     1151.57  0
 1.45811E-02   0.00000E+00   0.00000E+00   0.00000E+00   0.00000E+00     1148.51  0
 1.46011E-02   0.00000E+00   0.00000E+00   0.00000E+00   0.00000E+00     1145.55  0
 1.46211E-02   0.00000E+00   0.00000E+00   0.00000E+00   0.00000E+00     1142.61  0
 1.46411E-02   0.00000E+00   0.00000E+00   0.00000E+00   0.00000E+00     1139.70  0
 1.46611E-02   0.00000E+00   0.00000E+00   0.00000E+00   0.00000E+00     1136.80  0
 1.46811E-02   0.00000E+00   0.00000E+00   0.00000E+00   0.00000E+00     1133.93  0
 1.47011E-02   0.00000E+00   0.00000E+00   0.00000E+00   0.00000E+00     1131.11  0
 1.47211E-02   0.00000E+00   0.00000E+00   0.00000E+00   0.00000E+00     1128.38  0
 1.47411E-02   0.00000E+00   0.00000E+00   0.00000E+00   0.00000E+00     1125.66  0
 1.47611E-02   0.00000E+00   0.00000E+00   0.00000E+00   0.00000E+00     1122.96  0
 1.47811E-02   0.00000E+00   0.00000E+00   0.00000E+00   0.00000E+00     1120.28  0
 1.48011E-02   0.00000E+00   0.00000E+00   0.00000E+00   0.00000E+00     1117.65  0
 1.48211E-02   0.00000E+00   0.00000E+00   0.00000E+00   0.00000E+00     1115.03  0
 1.48411E-02   0.00000E+00   0.00000E+00   0.00000E+00   0.00000E+00     1112.50  0
 1.48611E-02   0.00000E+00   0.00000E+00   0.00000E+00   0.00000E+00     1109.99  0
 1.48811E-02   0.00000E+00   0.00000E+00   0.00000E+00   0.00000E+00     1107.50  0
 1.49011E-02   0.00000E+00   0.00000E+00   0.00000E+00   0.00000E+00     1105.02  0
 1.49211E-02   0.00000E+00   0.00000E+00   0.00000E+00   0.00000E+00     1102.56  0
 1.49411E-02   0.00000E+00   0.00000E+00   0.00000E+00   0.00000E+00     1100.12  0
 1.49611E-02   0.00000E+00   0.00000E+00   0.00000E+00   0.00000E+00     1097.71  0
 1.49811E-02   0.00000E+00   0.00000E+00   0.00000E+00   0.00000E+00     1095.37  0
 1.50011E-02   0.00000E+00   0.00000E+00   0.00000E+00   0.00000E+00     1093.04  0
 1.50211E-02   0.00000E+00   0.00000E+00   0.00000E+00   0.00000E+00     1090.72  0
 1.50411E-02   0.00000E+00   0.00000E+00   0.00000E+00   0.00000E+00     1088.42  0
 1.50611E-02   0.00000E+00   0.00000E+00   0.00000E+00   0.00000E+00     1086.14  0
 1.50811E-02   0.00000E+00   0.00000E+00   0.00000E+00   0.00000E+00     1083.87  0
 1.51011E-02   0.00000E+00   0.00000E+00   0.00000E+00   0.00000E+00     1081.62  0
 1.51211E-02   0.00000E+00   0.00000E+00   0.00000E+00   0.00000E+00     1079.44  0
 1.51411E-02   0.00000E+00   0.00000E+00   0.00000E+00   0.00000E+00     1077.28  0
 1.51611E-02   0.00000E+00   0.00000E+00   0.00000E+00   0.00000E+00     1075.12  0
 1.51811E-02   0.00000E+00   0.00000E+00   0.00000E+00   0.00000E+00     1072.98  0
 1.52011E-02   0.00000E+00   0.00000E+00   0.00000E+00   0.00000E+00     1070.85  0
 1.52211E-02   0.00000E+00   0.00000E+00   0.00000E+00   0.00000E+00     1068.73  0
 1.52411E-02   0.00000E+00   0.00000E+00   0.00000E+00   0.00000E+00     1066.62  0
 1.52611E-02   0.00000E+00   0.00000E+00   0.00000E+00   0.00000E+00     1064.57  0
 1.52811E-02   0.00000E+00   0.00000E+00   0.00000E+00   0.00000E+00     1062.55  0
 1.53011E-02   0.00000E+00   0.00000E+00   0.00000E+00   0.00000E+00     1060.53  0
 1.53211E-02   0.00000E+00   0.00000E+00   0.00000E+00   0.00000E+00     1058.53  0
 1.53411E-02   0.00000E+00   0.00000E+00   0.00000E+00   0.00000E+00     1056.54  0
 1.53611E-02   0.00000E+00   0.00000E+00   0.00000E+00   0.00000E+00     1054.58  0
 1.53811E-02   0.00000E+00   0.00000E+00   0.00000E+00   0.00000E+00     1052.62  0
 1.54011E-02   0.00000E+00   0.00000E+00   0.00000E+00   0.00000E+00     1050.68  0
 1.54211E-02   0.00000E+00   0.00000E+00   0.00000E+00   0.00000E+00     1048.78  0
 1.54411E-02   0.00000E+00   0.00000E+00   0.00000E+00   0.00000E+00     1046.90  0
 1.54611E-02   0.00000E+00   0.00000E+00   0.00000E+00   0.00000E+00     1045.03  0
 1.54811E-02   0.00000E+00   0.00000E+00   0.00000E+00   0.00000E+00     1043.18  0
 1.55011E-02   0.00000E+00   0.00000E+00   0.00000E+00   0.00000E+00     1041.33  0
 1.55211E-02   0.00000E+00   0.00000E+00   0.00000E+00   0.00000E+00     1039.49  0
 1.55411E-02   0.00000E+00   0.00000E+00   0.00000E+00   0.00000E+00     1037.66  0
 1.55611E-02   0.00000E+00   0.00000E+00   0.00000E+00   0.00000E+00     1035.84  0
 1.55811E-02   0.00000E+00   0.00000E+00   0.00000E+00   0.00000E+00     1034.04  0
 1.56011E-02   0.00000E+00   0.00000E+00   0.00000E+00   0.00000E+00     1032.28  0
 1.56211E-02   0.00000E+00   0.00000E+00   0.00000E+00   0.00000E+00     1030.54  0
 1.56411E-02   0.00000E+00   0.00000E+00   0.00000E+00   0.00000E+00     1028.80  0
 1.56611E-02   0.00000E+00   0.00000E+00   0.00000E+00   0.00000E+00     1027.07  0
 1.56811E-02   0.00000E+00   0.00000E+00   0.00000E+00   0.00000E+00     1025.35  0
 1.57011E-02   0.00000E+00   0.00000E+00   0.00000E+00   0.00000E+00     1023.63  0
 1.57211E-02   0.00000E+00   0.00000E+00   0.00000E+00   0.00000E+00     1021.93  0
 1.57411E-02   0.00000E+00   0.00000E+00   0.00000E+00   0.00000E+00     1020.23  0
 1.57611E-02   0.00000E+00   0.00000E+00   0.00000E+00   0.00000E+00     1018.55  0
 1.57811E-02   0.00000E+00   0.00000E+00   0.00000E+00   0.00000E+00     1016.90  0
 1.58011E-02   0.00000E+00   0.00000E+00   0.00000E+00   0.00000E+00     1015.27  0
 1.58211E-02   0.00000E+00   0.00000E+00   0.00000E+00   0.00000E+00     1013.65  0
 1.58411E-02   0.00000E+00   0.00000E+00   0.00000E+00   0.00000E+00     1012.04  0
 1.58611E-02   0.00000E+00   0.00000E+00   0.00000E+00   0.00000E+00     1010.43  0
 1.58811E-02   0.00000E+00   0.00000E+00   0.00000E+00   0.00000E+00     1008.83  0
 1.59011E-02   0.00000E+00   0.00000E+00   0.00000E+00   0.00000E+00     1007.24  0
 1.59211E-02   0.00000E+00   0.00000E+00   0.00000E+00   0.00000E+00     1005.65  0
 1.59411E-02   0.00000E+00   0.00000E+00   0.00000E+00   0.00000E+00     1004.08  0
 1.59611E-02   0.00000E+00   0.00000E+00   0.00000E+00   0.00000E+00     1002.51  0
 1.59811E-02   0.00000E+00   0.00000E+00   0.00000E+00   0.00000E+00     1000.97  0
 1.60011E-02   0.00000E+00   0.00000E+00   0.00000E+00   0.00000E+00      999.46  0
 1.60211E-02   0.00000E+00   0.00000E+00   0.00000E+00   0.00000E+00      997.96  0
 1.60411E-02   0.00000E+00   0.00000E+00   0.00000E+00   0.00000E+00      996.47  0
 1.60611E-02   0.00000E+00   0.00000E+00   0.00000E+00   0.00000E+00      994.98  0
 1.60811E-02   0.00000E+00   0.00000E+00   0.00000E+00   0.00000E+00      993.50  0
 1.61011E-02   0.00000E+00   0.00000E+00   0.00000E+00   0.00000E+00      992.03  0
 1.61211E-02   0.00000E+00   0.00000E+00   0.00000E+00   0.00000E+00      990.56  0
 1.61411E-02   0.00000E+00   0.00000E+00   0.00000E+00   0.00000E+00      989.10  0
 1.61611E-02   0.00000E+00   0.00000E+00   0.00000E+00   0.00000E+00      987.65  0
 1.61811E-02   0.00000E+00   0.00000E+00   0.00000E+00   0.00000E+00      986.20  0
 1.62011E-02   0.00000E+00   0.00000E+00   0.00000E+00   0.00000E+00      984.77  0
 1.62211E-02   0.00000E+00   0.00000E+00   0.00000E+00   0.00000E+00      983.36  0
 1.62411E-02   0.00000E+00   0.00000E+00   0.00000E+00   0.00000E+00      981.97  0
 1.62611E-02   0.00000E+00   0.00000E+00   0.00000E+00   0.00000E+00      980.58  0
 1.62811E-02   0.00000E+00   0.00000E+00   0.00000E+00   0.00000E+00      979.19  0
 1.63011E-02   0.00000E+00   0.00000E+00   0.00000E+00   0.00000E+00      977.81  0
 1.63211E-02   0.00000E+00   0.00000E+00   0.00000E+00   0.00000E+00      976.44  0
 1.63411E-02   0.00000E+00   0.00000E+00   0.00000E+00   0.00000E+00      975.07  0
 1.63611E-02   0.00000E+00   0.00000E+00   0.00000E+00   0.00000E+00      973.71  0
 1.63811E-02   0.00000E+00   0.00000E+00   0.00000E+00   0.00000E+00      972.35  0
 1.64011E-02   0.00000E+00   0.00000E+00   0.00000E+00   0.00000E+00      971.00  0
 1.64211E-02   0.00000E+00   0.00000E+00   0.00000E+00   0.00000E+00      969.65  0
 1.64411E-02   0.00000E+00   0.00000E+00   0.00000E+00   0.00000E+00      968.31  0
 1.64611E-02   0.00000E+00   0.00000E+00   0.00000E+00   0.00000E+00      967.01  0
 1.64810E-02   0.00000E+00   0.00000E+00   0.00000E+00   0.00000E+00      965.71  0
 1.65010E-02   0.00000E+00   0.00000E+00   0.00000E+00   0.00000E+00      964.42  0
 1.65210E-02   0.00000E+00   0.00000E+00   0.00000E+00   0.00000E+00      963.13  0
 1.65410E-02   0.00000E+00   0.00000E+00   0.00000E+00   0.00000E+00      961.85  0
 1.65610E-02   0.00000E+00   0.00000E+00   0.00000E+00   0.00000E+00      960.57  0
 1.65810E-02   0.00000E+00   0.00000E+00   0.00000E+00   0.00000E+00      959.30  0
 1.66010E-02   0.00000E+00   0.00000E+00   0.00000E+00   0.00000E+00      958.03  0
 1.66210E-02   0.00000E+00   0.00000E+00   0.00000E+00   0.00000E+00      956.77  0
 1.66410E-02   0.00000E+00   0.00000E+00   0.00000E+00   0.00000E+00      955.51  0
 1.66610E-02   0.00000E+00   0.00000E+00   0.00000E+00   0.00000E+00      954.26  0
 1.66810E-02   0.00000E+00   0.00000E+00   0.00000E+00   0.00000E+00      953.01  0
 1.67010E-02   0.00000E+00   0.00000E+00   0.00000E+00   0.00000E+00      951.77  0
 1.67210E-02   0.00000E+00   0.00000E+00   0.00000E+00   0.00000E+00      950.53  0
 1.67410E-02   0.00000E+00   0.00000E+00   0.00000E+00   0.00000E+00      949.33  0
 1.67610E-02   0.00000E+00   0.00000E+00   0.00000E+00   0.00000E+00      948.13  0
 1.67810E-02   0.00000E+00   0.00000E+00   0.00000E+00   0.00000E+00      946.94  0
 1.68010E-02   0.00000E+00   0.00000E+00   0.00000E+00   0.00000E+00      945.76  0
 1.68210E-02   0.00000E+00   0.00000E+00   0.00000E+00   0.00000E+00      944.59  0
 1.68410E-02   0.00000E+00   0.00000E+00   0.00000E+00   0.00000E+00      943.41  0
 1.68610E-02   0.00000E+00   0.00000E+00   0.00000E+00   0.00000E+00      942.24  0
 1.68810E-02   0.00000E+00   0.00000E+00   0.00000E+00   0.00000E+00      941.08  0
 1.69010E-02   0.00000E+00   0.00000E+00   0.00000E+00   0.00000E+00      939.92  0
 1.69210E-02   0.00000E+00   0.00000E+00   0.00000E+00   0.00000E+00      938.76  0
 1.69410E-02   0.00000E+00   0.00000E+00   0.00000E+00   0.00000E+00      937.60  0
 1.69610E-02   0.00000E+00   0.00000E+00   0.00000E+00   0.00000E+00      936.46  0
 1.69810E-02   0.00000E+00   0.00000E+00   0.00000E+00   0.00000E+00      935.31  0
 1.70010E-02   0.00000E+00   0.00000E+00   0.00000E+00   0.00000E+00      934.17  0
 1.70210E-02   0.00000E+00   0.00000E+00   0.00000E+00   0.00000E+00      933.03  0
 1.70410E-02   0.00000E+00   0.00000E+00   0.00000E+00   0.00000E+00      931.92  0
 1.70610E-02   0.00000E+00   0.00000E+00   0.00000E+00   0.00000E+00      930.81  0
 1.70810E-02   0.00000E+00   0.00000E+00   0.00000E+00   0.00000E+00      929.71  0
 1.71010E-02   0.00000E+00   0.00000E+00   0.00000E+00   0.00000E+00      928.62  0
 1.71210E-02   0.00000E+00   0.00000E+00   0.00000E+00   0.00000E+00      927.52  0
 1.71410E-02   0.00000E+00   0.00000E+00   0.00000E+00   0.00000E+00      926.44  0
 1.71610E-02   0.00000E+00   0.00000E+00   0.00000E+00   0.00000E+00      925.35  0
 1.71810E-02   0.00000E+00   0.00000E+00   0.00000E+00   0.00000E+00      924.27  0
 1.72010E-02   0.00000E+00   0.00000E+00   0.00000E+00   0.00000E+00      923.19  0
 1.72210E-02   0.00000E+00   0.00000E+00   0.00000E+00   0.00000E+00      922.12  0
 1.72410E-02   0.00000E+00   0.00000E+00   0.00000E+00   0.00000E+00      921.05  0
 1.72610E-02   0.00000E+00   0.00000E+00   0.00000E+00   0.00000E+00      919.99  0
 1.72810E-02   0.00000E+00   0.00000E+00   0.00000E+00   0.00000E+00      918.92  0
 1.73010E-02   0.00000E+00   0.00000E+00   0.00000E+00   0.00000E+00      917.86  0
 1.73210E-02   0.00000E+00   0.00000E+00   0.00000E+00   0.00000E+00      916.81  0
 1.73410E-02   0.00000E+00   0.00000E+00   0.00000E+00   0.00000E+00      915.76  0
 1.73610E-02   0.00000E+00   0.00000E+00   0.00000E+00   0.00000E+00      914.71  0
 1.73810E-02   0.00000E+00   0.00000E+00   0.00000E+00   0.00000E+00      913.67  0
 1.74010E-02   0.00000E+00   0.00000E+00   0.00000E+00   0.00000E+00      912.66  0
 1.74210E-02   0.00000E+00   0.00000E+00   0.00000E+00   0.00000E+00      911.64  0
 1.74410E-02   0.00000E+00   0.00000E+00   0.00000E+00   0.00000E+00      910.63  0
 1.74610E-02   0.00000E+00   0.00000E+00   0.00000E+00   0.00000E+00      909.62  0
 1.74810E-02   0.00000E+00   0.00000E+00   0.00000E+00   0.00000E+00      908.62  0
 1.75010E-02   0.00000E+00   0.00000E+00   0.00000E+00   0.00000E+00      907.62  0
 1.75210E-02   0.00000E+00   0.00000E+00   0.00000E+00   0.00000E+00      906.62  0
 1.75410E-02   0.00000E+00   0.00000E+00   0.00000E+00   0.00000E+00      905.63  0
 1.75610E-02   0.00000E+00   0.00000E+00   0.00000E+00   0.00000E+00      904.63  0
 1.75810E-02   0.00000E+00   0.00000E+00   0.00000E+00   0.00000E+00      903.65  0
 1.76010E-02   0.00000E+00   0.00000E+00   0.00000E+00   0.00000E+00      902.66  0
 1.76210E-02   0.00000E+00   0.00000E+00   0.00000E+00   0.00000E+00      901.68  0
 1.76410E-02   0.00000E+00   0.00000E+00   0.00000E+00   0.00000E+00      900.70  0
 1.76610E-02   0.00000E+00   0.00000E+00   0.00000E+00   0.00000E+00      899.73  0
 1.76810E-02   0.00000E+00   0.00000E+00   0.00000E+00   0.00000E+00      898.75  0
 1.77010E-02   0.00000E+00   0.00000E+00   0.00000E+00   0.00000E+00      897.80  0
 1.77210E-02   0.00000E+00   0.00000E+00   0.00000E+00   0.00000E+00      896.84  0
 1.77410E-02   0.00000E+00   0.00000E+00   0.00000E+00   0.00000E+00      895.89  0
 1.77610E-02   0.00000E+00   0.00000E+00   0.00000E+00   0.00000E+00      894.93  0
 1.77810E-02   0.00000E+00   0.00000E+00   0.00000E+00   0.00000E+00      894.00  0
 1.78010E-02   0.00000E+00   0.00000E+00   0.00000E+00   0.00000E+00      893.08  0
 1.78210E-02   0.00000E+00   0.00000E+00   0.00000E+00   0.00000E+00      892.15  0
 1.78410E-02   0.00000E+00   0.00000E+00   0.00000E+00   0.00000E+00      891.23  0
 1.78610E-02   0.00000E+00   0.00000E+00   0.00000E+00   0.00000E+00      890.31  0
 1.78810E-02   0.00000E+00   0.00000E+00   0.00000E+00   0.00000E+00      889.40  0
 1.79010E-02   0.00000E+00   0.00000E+00   0.00000E+00   0.00000E+00      888.48  0
