# Melt Pool Geometry History
# time(s)  length(m)  depth(m)  width(m)  volume(m3)  Tpeak(K)  laser_on
 2.10000E-05   0.00000E+00   0.00000E+00   0.00000E+00   7.73821E-14      293.00  1
 4.10000E-05   3.98380E-05   1.02983E-04   4.16609E-05   2.36533E-13     1875.18  1
 6.10000E-05   6.92062E-05   1.09583E-04   5.82004E-05   3.59119E-13     2806.68  1
 8.10000E-05   9.14807E-05   1.11755E-04   6.50451E-05   4.80769E-13     3188.94  1
 1.01000E-04   1.13015E-04   1.12606E-04   6.76825E-05   5.97334E-13     3381.87  1
 1.21000E-04   1.34125E-04   1.12925E-04   6.91313E-05   7.12827E-13     3456.83  1
 1.41000E-04   1.55085E-04   1.13037E-04   6.99869E-05   8.15374E-13     3535.11  1
 1.61000E-04   1.72262E-04   1.13127E-04   7.06748E-05   9.21665E-13     3595.73  1
 1.81000E-04   1.92770E-04   1.13217E-04   7.11773E-05   1.02327E-12     3659.53  1
 2.01000E-04   2.13140E-04   1.12876E-04   7.18344E-05   1.18692E-12     3605.44  1
 2.21000E-04   2.32133E-04   1.12584E-04   8.09167E-05   1.31676E-12     3466.58  1
 2.41000E-04   2.51240E-04   1.12668E-04   8.34189E-05   1.43827E-12     3439.94  1
 2.61000E-04   2.70239E-04   1.12749E-04   8.47612E-05   1.55037E-12     3405.54  1
 2.81000E-04   2.89752E-04   1.12768E-04   8.57960E-05   1.65634E-12     3369.22  1
 3.01000E-04   3.08945E-04   1.12768E-04   8.67066E-05   1.61458E-12     3374.96  0
 3.21000E-04   3.10902E-04   1.11243E-04   8.75426E-05   1.56217E-12     2897.69  0
 3.41000E-04   3.11292E-04   1.08532E-04   8.82990E-05   1.50395E-12     2631.54  0
 3.61000E-04   3.11289E-04   1.05557E-04   8.89747E-05   1.45185E-12     2460.58  0
 3.81000E-04   3.10537E-04   1.02889E-04   9.14396E-05   1.39807E-12     2337.23  0
 4.01000E-04   3.08837E-04   9.87930E-05   9.17176E-05   1.35402E-12     2237.12  0
 4.21000E-04   3.09245E-04   9.52883E-05   9.29160E-05   1.30517E-12     2144.49  0
 4.41000E-04   3.09045E-04   9.25894E-05   9.32600E-05   1.25186E-12     2065.02  0
 4.61000E-04   3.08536E-04   8.83997E-05   9.33801E-05   1.19639E-12     1996.06  0
 4.81000E-04   3.07986E-04   8.46073E-05   9.33414E-05   1.14189E-12     1938.35  0
 5.01000E-04   3.07516E-04   8.16814E-05   9.31635E-05   1.08848E-12     1889.01  0
 5.21000E-04   3.06996E-04   7.81654E-05   9.28509E-05   1.03591E-12     1846.59  0
 5.41000E-04   3.06419E-04   7.43509E-05   9.24096E-05   9.83812E-13     1810.41  0
 5.61000E-04   3.05803E-04   7.15461E-05   9.18414E-05   9.32167E-13     1779.06  0
 5.81000E-04   3.05170E-04   6.82775E-05   9.11650E-05   8.80239E-13     1751.70  0
 6.01000E-04   2.99685E-04   6.42186E-05   9.01500E-05   7.88958E-13     1727.25  0
 6.21000E-04   3.10709E-04   6.17289E-05   9.21163E-05   7.35505E-13     1704.69  0
 6.41000E-04   3.10610E-04   5.85357E-05   9.25518E-05   6.81193E-13     1683.68  0
 6.61000E-04   3.08649E-04   5.55535E-05   9.28132E-05   6.27030E-13     1665.73  0
 6.81000E-04   3.03594E-04   5.31278E-05   9.29849E-05   5.74273E-13     1651.23  0
 7.01000E-04   2.99053E-04   4.98547E-05   9.31048E-05   5.23182E-13     1639.87  0
 7.21000E-04   2.92209E-04   4.77883E-05   9.31883E-05   4.74309E-13     1631.50  0
 7.41000E-04   2.90283E-04   4.44006E-05   9.32452E-05   4.27382E-13     1625.86  0
 7.61000E-04   2.84140E-04   4.25731E-05   9.32812E-05   3.82887E-13     1623.05  0
 7.81000E-04   2.81480E-04   3.92689E-05   9.32984E-05   3.40421E-13     1622.45  0
 8.01000E-04   2.65674E-04   3.70604E-05   8.77751E-05   3.48647E-13     1621.64  1
 8.21000E-04   4.37628E-05   1.02668E-04   4.81042E-05   4.67168E-13     1810.36  1
 8.41000E-04   7.08753E-05   1.09179E-04   6.04450E-05   5.52864E-13     2722.25  1
 8.61000E-04   9.22891E-05   1.11212E-04   6.65165E-05   6.42201E-13     3126.32  1
 8.81000E-04   1.12883E-04   1.12191E-04   6.85292E-05   7.30315E-13     3339.98  1
 9.01000E-04   1.33227E-04   1.12564E-04   6.97631E-05   8.43798E-13     3455.82  1
 9.21000E-04   1.55756E-04   1.12782E-04   7.90893E-05   9.56754E-13     3506.23  1
 9.41000E-04   1.76500E-04   1.12902E-04   8.18064E-05   1.06903E-12     3516.89  1
 9.61000E-04   1.96530E-04   1.13004E-04   8.32769E-05   1.18086E-12     3522.35  1
 9.81000E-04   2.15971E-04   1.13105E-04   8.43934E-05   1.29110E-12     3525.46  1
 1.00100E-03   2.35111E-04   1.13212E-04   8.53246E-05   1.40789E-12     3511.59  1
 1.02100E-03   2.55457E-04   1.13281E-04   8.61557E-05   1.51818E-12     3493.27  1
 1.04100E-03   2.75601E-04   1.13441E-04   8.69810E-05   1.63006E-12     3488.36  1
 1.06100E-03   2.95517E-04   1.13643E-04   8.77468E-05   1.74192E-12     3490.56  1
 1.08100E-03   3.15240E-04   1.13744E-04   8.84547E-05   1.85476E-12     3483.76  1
 1.10100E-03   3.35063E-04   1.13799E-04   8.91071E-05   1.96508E-12     3476.08  1
 1.12100E-03   3.54659E-04   1.13847E-04   8.97540E-05   2.09258E-12     3478.16  1
 1.14100E-03   3.74404E-04   1.13865E-04   9.53221E-05   2.21567E-12     3473.25  1
 1.16100E-03   3.93411E-04   1.13841E-04   9.78852E-05   2.33645E-12     3466.63  1
 1.18100E-03   4.10902E-04   1.13772E-04   9.92331E-05   2.45303E-12     3477.42  1
 1.20100E-03   4.28171E-04   1.13680E-04   1.00130E-04   2.56278E-12     3454.44  1
 1.22100E-03   4.53843E-04   1.13526E-04   1.00920E-04   2.66666E-12     3444.49  1
 1.24100E-03   4.73546E-04   1.13458E-04   1.01585E-04   2.76495E-12     3441.03  1
 1.26100E-03   4.93307E-04   1.13427E-04   1.02207E-04   2.85921E-12     3438.62  1
 1.28100E-03   5.12729E-04   1.13302E-04   1.02784E-04   2.95048E-12     3428.56  1
 1.30100E-03   5.32505E-04   1.13165E-04   1.03294E-04   3.03409E-12     3408.77  1
 1.32100E-03   5.52257E-04   1.13046E-04   1.03744E-04   3.11151E-12     3399.53  1
 1.34100E-03   5.70919E-04   1.12944E-04   1.04169E-04   3.18584E-12     3399.39  1
 1.36100E-03   5.89146E-04   1.12878E-04   1.04562E-04   3.25596E-12     3410.85  1
 1.38100E-03   6.08507E-04   1.12827E-04   1.04926E-04   3.17435E-12     3402.09  0
 1.40100E-03   6.08614E-04   1.11403E-04   1.04886E-04   3.08557E-12     2896.33  0
 1.42100E-03   6.08728E-04   1.08723E-04   1.05551E-04   2.98937E-12     2622.45  0
 1.44100E-03   6.08585E-04   1.06048E-04   1.05792E-04   2.89317E-12     2452.11  0
 1.46100E-03   6.01965E-04   1.03103E-04   1.07158E-04   2.79652E-12     2328.88  0
 1.48100E-03   5.98682E-04   9.93999E-05   1.07669E-04   2.69997E-12     2228.72  0
 1.50100E-03   5.90196E-04   9.64873E-05   1.08300E-04   2.60085E-12     2143.53  0
 1.52100E-03   5.82760E-04   9.31211E-05   1.08668E-04   2.50335E-12     2068.06  0
 1.54100E-03   5.78829E-04   8.92922E-05   1.08869E-04   2.40685E-12     2000.83  0
 1.56100E-03   5.72333E-04   8.62116E-05   1.08956E-04   2.31209E-12     1941.45  0
 1.58100E-03   5.66055E-04   8.31436E-05   1.08966E-04   2.21786E-12     1890.29  0
 1.60100E-03   5.58976E-04   7.93956E-05   1.08316E-04   2.07363E-12     1846.12  0
 1.62100E-03   5.52003E-04   7.68451E-05   1.12737E-04   1.97342E-12     1806.65  0
 1.64100E-03   5.46556E-04   7.35376E-05   1.13367E-04   1.87012E-12     1771.43  0
 1.66100E-03   5.38575E-04   7.03676E-05   1.13784E-04   1.76586E-12     1740.60  0
 1.68100E-03   5.34140E-04   6.79423E-05   1.14095E-04   1.66229E-12     1714.46  0
 1.70100E-03   5.26169E-04   6.45368E-05   1.14345E-04   1.56003E-12     1692.73  0
 1.72100E-03   5.22233E-04   6.25672E-05   1.14551E-04   1.45938E-12     1675.10  0
 1.74100E-03   5.15178E-04   5.91212E-05   1.14722E-04   1.36100E-12     1660.90  0
 1.76100E-03   5.10168E-04   5.71066E-05   1.14865E-04   1.26526E-12     1649.47  0
 1.78100E-03   5.04440E-04   5.40077E-05   1.14982E-04   1.17224E-12     1640.30  0
 1.80100E-03   4.98456E-04   5.19269E-05   1.12578E-04   1.03166E-12     1632.75  0
 1.82100E-03   4.93575E-04   4.91609E-05   1.18987E-04   9.35838E-13     1627.44  0
 1.84100E-03   4.86799E-04   4.75807E-05   1.19914E-04   8.48179E-13     1624.12  0
 1.86100E-03   4.82356E-04   4.46076E-05   1.20369E-04   7.66201E-13     1622.87  0
 1.88100E-03   4.74508E-04   4.30407E-05   1.20397E-04   7.63499E-13     1622.42  1
 1.90100E-03   4.33091E-05   1.02946E-04   4.54434E-05   8.53575E-13     1825.50  1
 1.92100E-03   7.21376E-05   1.09261E-04   6.06928E-05   9.11609E-13     2710.93  1
 1.94100E-03   9.35620E-05   1.11303E-04   6.64798E-05   9.72861E-13     3133.35  1
 1.96100E-03   1.13979E-04   1.12179E-04   7.23920E-05   1.04384E-12     3368.69  1
 1.98100E-03   1.33979E-04   1.12693E-04   7.46488E-05   1.11455E-12     3454.34  1
 2.00100E-03   1.53415E-04   1.12640E-04   7.66299E-05   1.20691E-12     3458.68  1
 2.02100E-03   1.73122E-04   1.12858E-04   8.12809E-05   1.28826E-12     3460.51  1
 2.04100E-03   1.92808E-04   1.12983E-04   8.32854E-05   1.37039E-12     3457.74  1
 2.06100E-03   2.12504E-04   1.13099E-04   8.45268E-05   1.45486E-12     3458.19  1
 2.08100E-03   2.32189E-04   1.13220E-04   8.55215E-05   1.54041E-12     3457.38  1
 2.10100E-03   2.51832E-04   1.13369E-04   8.64103E-05   1.63053E-12     3455.31  1
 2.12100E-03   2.71461E-04   1.13504E-04   8.72125E-05   1.71980E-12     3451.73  1
 2.14100E-03   2.91357E-04   1.13629E-04   8.79947E-05   1.81095E-12     3450.71  1
 2.16100E-03   3.11034E-04   1.13770E-04   8.87105E-05   1.90543E-12     3438.34  1
 2.18100E-03   3.30664E-04   1.13919E-04   8.93871E-05   2.01234E-12     3438.72  1
 2.20100E-03   3.49990E-04   1.14064E-04   9.32948E-05   2.12545E-12     3432.01  1
 2.22100E-03   3.71025E-04   1.14128E-04   9.70027E-05   2.24460E-12     3433.44  1
 2.24100E-03   3.90143E-04   1.14343E-04   9.89570E-05   2.36813E-12     3431.47  1
 2.26100E-03   4.09161E-04   1.14517E-04   1.00181E-04   2.49079E-12     3424.82  1
 2.28100E-03   4.28176E-04   1.14610E-04   1.01092E-04   2.60968E-12     3416.50  1
 2.30100E-03   4.47325E-04   1.14676E-04   1.01876E-04   2.72627E-12     3407.45  1
 2.32100E-03   4.66383E-04   1.14735E-04   1.02573E-04   2.83811E-12     3417.71  1
 2.34100E-03   4.86078E-04   1.14794E-04   1.03236E-04   2.94693E-12     3428.83  1
 2.36100E-03   5.05522E-04   1.14848E-04   1.03928E-04   3.05263E-12     3432.95  1
 2.38100E-03   5.25040E-04   1.14890E-04   1.04551E-04   3.15289E-12     3427.80  1
 2.40100E-03   5.41791E-04   1.14814E-04   1.05166E-04   3.25702E-12     3410.81  1
 2.42100E-03   5.65307E-04   1.14728E-04   1.07492E-04   3.35781E-12     3433.34  1
 2.44100E-03   5.85211E-04   1.14795E-04   1.09416E-04   3.45547E-12     3446.22  1
 2.46100E-03   6.04904E-04   1.14885E-04   1.10380E-04   3.54884E-12     3454.96  1
 2.48100E-03   6.24316E-04   1.14841E-04   1.11097E-04   3.63979E-12     3440.56  1
 2.50100E-03   6.43796E-04   1.14740E-04   1.11732E-04   3.72787E-12     3420.67  1
 2.52100E-03   6.63182E-04   1.14628E-04   1.12340E-04   3.81247E-12     3406.41  1
 2.54100E-03   6.82898E-04   1.14502E-04   1.12898E-04   3.89234E-12     3423.18  1
 2.56100E-03   7.02377E-04   1.14326E-04   1.13445E-04   3.96691E-12     3419.66  1
 2.58100E-03   7.21131E-04   1.14124E-04   1.13963E-04   4.03490E-12     3409.27  1
 2.60100E-03   7.31717E-04   1.13906E-04   1.14402E-04   4.10365E-12     3392.43  1
 2.62100E-03   7.43366E-04   1.13680E-04   1.14803E-04   4.16638E-12     3417.63  1
 2.64100E-03   7.55086E-04   1.13547E-04   1.15166E-04   4.22221E-12     3399.39  1
 2.66100E-03   7.68513E-04   1.13454E-04   1.15507E-04   4.27503E-12     3390.42  1
 2.68100E-03   7.79049E-04   1.13311E-04   1.15805E-04   4.32580E-12     3404.56  1
 2.70100E-03   7.91030E-04   1.13157E-04   1.17203E-04   4.37004E-12     3397.37  1
 2.72100E-03   8.07083E-04   1.13007E-04   1.17814E-04   4.41601E-12     3383.08  1
 2.74100E-03   8.18981E-04   1.12911E-04   1.18232E-04   4.30357E-12     3383.97  0
 2.76100E-03   8.14673E-04   1.11807E-04   1.18509E-04   4.17742E-12     2886.10  0
 2.78100E-03   8.09654E-04   1.08961E-04   1.18726E-04   4.04457E-12     2615.49  0
 2.80100E-03   8.03488E-04   1.06573E-04   1.18553E-04   3.89012E-12     2445.66  0
 2.82100E-03   7.99262E-04   1.03445E-04   1.20741E-04   3.75380E-12     2314.54  0
 2.84100E-03   7.95063E-04   9.99742E-05   1.20712E-04   3.61365E-12     2206.03  0
 2.86100E-03   7.88103E-04   9.75489E-05   1.20595E-04   3.47422E-12     2117.37  0
 2.88100E-03   7.85219E-04   9.35564E-05   1.20441E-04   3.33532E-12     2041.31  0
 2.90100E-03   7.76774E-04   9.00218E-05   1.20251E-04   3.19811E-12     1976.65  0
 2.92100E-03   7.73445E-04   8.75922E-05   1.20016E-04   3.06400E-12     1922.48  0
 2.94100E-03   7.65154E-04   8.36321E-05   1.19745E-04   2.93139E-12     1877.08  0
 2.96100E-03   7.61223E-04   8.02579E-05   1.19432E-04   2.80131E-12     1838.61  0
 2.98100E-03   7.52805E-04   7.78174E-05   1.19093E-04   2.67394E-12     1805.93  0
 3.00100E-03   7.46728E-04   7.40235E-05   1.17599E-04   2.46760E-12     1777.28  0
 3.02100E-03   7.39696E-04   7.15979E-05   1.22126E-04   2.32265E-12     1750.92  0
 3.04100E-03   7.35070E-04   6.85831E-05   1.22365E-04   2.17943E-12     1726.25  0
 3.06100E-03   7.26704E-04   6.58247E-05   1.22483E-04   2.03892E-12     1703.84  0
 3.08100E-03   7.22446E-04   6.33752E-05   1.22487E-04   1.90227E-12     1684.34  0
 3.10100E-03   7.13207E-04   6.06259E-05   1.22407E-04   1.76880E-12     1668.01  0
 3.12100E-03   7.06338E-04   5.83938E-05   1.22308E-04   1.63931E-12     1654.77  0
 3.14100E-03   7.00136E-04   5.58245E-05   1.22111E-04   1.51406E-12     1644.22  0
 3.16100E-03   6.91455E-04   5.35796E-05   1.21617E-04   1.39373E-12     1635.93  0
 3.18100E-03   6.86838E-04   5.13410E-05   1.18825E-04   1.27891E-12     1629.77  0
 3.20100E-03   6.70243E-04   4.88134E-05   1.14262E-04   1.12303E-12     1625.40  0
 3.22100E-03   6.63699E-04   4.71059E-05   1.17473E-04   1.01007E-12     1623.19  0
 3.24100E-03   6.46986E-04   4.43900E-05   1.17876E-04   9.84194E-13     1622.68  1
 3.26100E-03   4.36774E-05   1.02714E-04   4.76082E-05   1.04559E-12     1813.82  1
 3.28100E-03   7.10946E-05   1.09205E-04   6.06644E-05   1.07789E-12     2731.97  1
 3.30100E-03   9.23075E-05   1.11229E-04   6.65212E-05   1.11689E-12     3127.13  1
 3.32100E-03   1.12881E-04   1.12194E-04   6.85189E-05   1.15734E-12     3336.71  1
 3.34100E-03   1.33191E-04   1.12567E-04   6.97331E-05   1.22435E-12     3454.23  1
 3.36100E-03   1.54806E-04   1.12776E-04   7.90744E-05   1.29290E-12     3504.72  1
 3.38100E-03   1.76221E-04   1.12893E-04   8.17794E-05   1.36496E-12     3520.71  1
 3.40100E-03   1.94489E-04   1.12885E-04   8.32085E-05   1.44051E-12     3477.16  1
 3.42100E-03   2.22566E-04   1.12985E-04   8.44133E-05   1.51602E-12     3481.90  1
 3.44100E-03   2.37164E-04   1.13164E-04   8.53265E-05   1.59231E-12     3503.32  1
 3.46100E-03   2.56951E-04   1.13313E-04   8.61256E-05   1.67105E-12     3515.67  1
 3.48100E-03   2.76976E-04   1.13463E-04   8.68806E-05   1.75431E-12     3500.04  1
 3.50099E-03   2.96895E-04   1.13618E-04   8.75541E-05   1.83824E-12     3491.37  1
 3.52099E-03   3.16735E-04   1.13766E-04   8.81896E-05   1.92483E-12     3485.56  1
 3.54099E-03   3.36483E-04   1.13946E-04   8.88008E-05   2.01382E-12     3483.83  1
 3.56099E-03   3.56272E-04   1.14151E-04   8.93974E-05   2.11736E-12     3483.10  1
 3.58099E-03   3.76011E-04   1.14301E-04   9.33937E-05   2.23285E-12     3483.60  1
 3.60099E-03   3.95578E-04   1.14427E-04   9.70689E-05   2.35157E-12     3482.34  1
 3.62099E-03   4.15255E-04   1.14541E-04   9.89935E-05   2.47253E-12     3482.00  1
 3.64099E-03   4.34943E-04   1.14668E-04   1.00192E-04   2.59237E-12     3484.36  1
 3.66099E-03   4.54512E-04   1.14799E-04   1.01105E-04   2.70830E-12     3481.40  1
 3.68099E-03   4.74169E-04   1.14899E-04   1.01909E-04   2.82340E-12     3479.60  1
 3.70099E-03   4.93709E-04   1.14978E-04   1.02691E-04   2.93400E-12     3480.92  1
 3.72099E-03   5.13636E-04   1.15050E-04   1.03395E-04   3.04207E-12     3481.05  1
 3.74099E-03   5.33143E-04   1.15114E-04   1.04031E-04   3.14798E-12     3487.76  1
 3.76099E-03   5.52917E-04   1.15173E-04   1.04632E-04   3.25312E-12     3486.39  1
 3.78099E-03   5.71863E-04   1.15224E-04   1.07227E-04   3.35764E-12     3482.96  1
 3.80099E-03   5.87453E-04   1.15187E-04   1.08977E-04   3.45925E-12     3473.29  1
 3.82099E-03   6.11617E-04   1.15146E-04   1.10005E-04   3.55979E-12     3476.14  1
 3.84099E-03   6.28322E-04   1.15257E-04   1.10743E-04   3.65760E-12     3480.85  1
 3.86099E-03   6.46351E-04   1.15412E-04   1.11403E-04   3.75049E-12     3485.89  1
 3.88099E-03   6.62691E-04   1.15446E-04   1.11984E-04   3.84549E-12     3478.45  1
 3.90099E-03   6.75238E-04   1.15444E-04   1.12538E-04   3.93282E-12     3473.86  1
 3.92099E-03   6.88802E-04   1.15438E-04   1.13038E-04   4.02037E-12     3467.50  1
 3.94099E-03   7.02866E-04   1.15434E-04   1.13491E-04   4.10560E-12     3477.25  1
 3.96099E-03   7.18249E-04   1.15428E-04   1.13997E-04   4.18796E-12     3466.51  1
 3.98099E-03   7.32209E-04   1.15419E-04   1.14558E-04   4.26689E-12     3463.72  1
 4.00099E-03   7.44330E-04   1.15338E-04   1.15027E-04   4.34530E-12     3451.89  1
 4.02099E-03   7.59187E-04   1.15231E-04   1.15489E-04   4.41731E-12     3466.91  1
 4.04099E-03   7.74918E-04   1.15275E-04   1.15918E-04   4.48819E-12     3486.27  1
 4.06099E-03   7.87778E-04   1.15357E-04   1.17572E-04   4.55807E-12     3495.30  1
 4.08099E-03   8.03999E-04   1.15315E-04   1.18361E-04   4.62337E-12     3489.03  1
 4.10099E-03   8.16489E-04   1.15224E-04   1.18871E-04   4.68639E-12     3475.68  1
 4.12099E-03   8.32852E-04   1.15122E-04   1.19343E-04   4.74587E-12     3469.23  1
 4.14099E-03   8.45090E-04   1.15008E-04   1.19693E-04   4.80240E-12     3472.06  1
 4.16100E-03   8.61838E-04   1.14896E-04   1.19901E-04   4.85247E-12     3469.48  1
 4.18100E-03   8.74653E-04   1.14774E-04   1.20076E-04   4.90017E-12     3462.09  1
 4.20100E-03   8.88061E-04   1.14558E-04   1.20196E-04   4.94225E-12     3451.27  1
 4.22100E-03   9.02903E-04   1.14266E-04   1.20291E-04   4.98087E-12     3453.07  1
 4.24100E-03   9.19695E-04   1.14134E-04   1.20334E-04   5.01721E-12     3437.38  1
 4.26100E-03   9.31223E-04   1.14011E-04   1.20339E-04   5.04719E-12     3435.70  1
 4.28100E-03   9.47386E-04   1.13793E-04   1.20315E-04   5.07268E-12     3431.41  1
 4.30100E-03   9.58122E-04   1.13621E-04   1.20261E-04   5.09444E-12     3447.01  1
 4.32100E-03   9.73011E-04   1.13463E-04   1.20246E-04   5.11112E-12     3437.04  1
 4.34100E-03   9.88898E-04   1.13315E-04   1.20230E-04   5.12501E-12     3416.51  1
 4.36100E-03   1.00042E-03   1.13163E-04   1.20210E-04   5.13565E-12     3403.04  1
 4.38100E-03   1.01713E-03   1.13038E-04   1.20185E-04   5.14330E-12     3400.75  1
 4.40100E-03   1.02778E-03   1.12935E-04   1.18688E-04   4.94664E-12     3389.44  0
 4.42100E-03   1.02552E-03   1.11817E-04   1.20833E-04   4.77447E-12     2855.73  0
 4.44100E-03   1.01668E-03   1.09050E-04   1.20027E-04   4.58389E-12     2554.83  0
 4.46100E-03   1.01322E-03   1.06946E-04   1.19923E-04   4.38413E-12     2368.55  0
 4.48100E-03   1.00386E-03   1.03604E-04   1.20069E-04   4.18381E-12     2244.34  0
 4.50100E-03   9.98553E-04   1.00257E-04   1.20163E-04   3.98759E-12     2150.67  0
 4.52100E-03   9.90414E-04   9.76595E-05   1.20145E-04   3.79454E-12     2072.96  0
 4.54100E-03   9.82390E-04   9.37117E-05   1.20021E-04   3.60461E-12     2008.85  0
 4.56100E-03   9.76882E-04   9.02379E-05   1.19809E-04   3.42096E-12     1953.41  0
 4.58100E-03   9.67512E-04   8.76544E-05   1.19521E-04   3.24302E-12     1904.76  0
 4.60100E-03   9.61236E-04   8.30602E-05   1.18258E-04   2.99510E-12     1860.95  0
 4.62100E-03   9.51370E-04   7.93347E-05   1.22642E-04   2.81553E-12     1819.55  0
 4.64100E-03   9.41547E-04   7.67237E-05   1.22861E-04   2.63762E-12     1781.65  0
 4.66100E-03   9.33481E-04   7.33880E-05   1.23158E-04   2.46581E-12     1749.63  0
 4.68100E-03   9.23695E-04   7.00063E-05   1.23342E-04   2.29872E-12     1723.01  0
 4.70100E-03   9.11857E-04   6.77986E-05   1.23456E-04   2.13751E-12     1700.53  0
 4.72100E-03   8.99594E-04   6.42566E-05   1.23518E-04   1.98195E-12     1681.82  0
 4.74100E-03   8.84777E-04   6.23509E-05   1.23545E-04   1.83215E-12     1666.43  0
 4.76100E-03   8.66683E-04   5.89605E-05   1.23609E-04   1.68826E-12     1653.58  0
 4.78100E-03   8.47443E-04   5.69007E-05   1.23651E-04   1.55119E-12     1643.14  0
 4.80100E-03   8.25317E-04   5.36772E-05   1.18864E-04   1.36671E-12     1634.56  0
 4.82100E-03   8.05920E-04   5.14119E-05   1.27277E-04   1.23626E-12     1628.45  0
 4.84100E-03   7.88502E-04   4.88198E-05   1.28022E-04   1.11575E-12     1624.48  0
 4.86100E-03   7.69904E-04   4.68323E-05   1.28404E-04   1.00389E-12     1622.91  0
 4.88100E-03   7.51134E-04   4.41045E-05   1.28431E-04   8.98998E-13     1622.46  0
 4.90100E-03   7.33521E-04   4.26006E-05   1.28087E-04   8.79681E-13     1621.87  1
 4.92100E-03   4.53288E-05   1.03321E-04   4.05757E-05   9.44957E-13     1842.76  1
 4.94100E-03   7.16941E-05   1.09551E-04   6.27202E-05   1.00332E-12     2798.21  1
 4.96100E-03   9.56497E-05   1.11550E-04   7.00185E-05   1.04850E-12     3141.88  1
 4.98100E-03   1.17006E-04   1.12438E-04   7.30521E-05   1.09811E-12     3286.92  1
 5.00100E-03   1.34837E-04   1.12157E-04   7.58983E-05   1.16094E-12     3318.44  1
 5.02100E-03   1.55087E-04   1.12597E-04   8.07595E-05   1.22167E-12     3353.47  1
 5.04100E-03   1.75401E-04   1.12819E-04   8.27906E-05   1.28734E-12     3372.78  1
 5.06100E-03   1.95342E-04   1.12982E-04   8.40097E-05   1.35818E-12     3398.86  1
 5.08100E-03   2.15190E-04   1.13109E-04   8.49896E-05   1.43376E-12     3406.16  1
 5.10100E-03   2.35102E-04   1.13248E-04   8.59072E-05   1.51427E-12     3408.94  1
 5.12100E-03   2.54664E-04   1.13423E-04   8.67258E-05   1.60038E-12     3408.27  1
 5.14100E-03   2.74218E-04   1.13587E-04   8.74447E-05   1.68959E-12     3436.56  1
 5.16100E-03   2.91431E-04   1.13737E-04   8.81071E-05   1.78263E-12     3446.69  1
 5.18100E-03   3.10978E-04   1.13933E-04   8.87448E-05   1.87777E-12     3455.92  1
 5.20100E-03   3.30665E-04   1.14112E-04   8.93445E-05   1.98472E-12     3450.26  1
 5.22100E-03   3.50327E-04   1.14277E-04   9.28808E-05   2.10441E-12     3452.39  1
 5.24100E-03   3.69926E-04   1.14416E-04   9.63529E-05   2.22687E-12     3452.01  1
 5.26100E-03   3.89509E-04   1.14537E-04   9.86114E-05   2.35579E-12     3449.62  1
 5.28100E-03   4.09262E-04   1.14641E-04   9.97830E-05   2.48144E-12     3452.48  1
 5.30100E-03   4.28819E-04   1.14733E-04   1.00711E-04   2.60449E-12     3442.09  1
 5.32100E-03   4.48347E-04   1.14814E-04   1.01776E-04   2.72377E-12     3444.62  1
 5.34100E-03   4.67899E-04   1.14921E-04   1.02696E-04   2.83821E-12     3445.57  1
 5.36100E-03   4.87488E-04   1.15019E-04   1.03568E-04   2.94766E-12     3447.16  1
 5.38100E-03   5.07082E-04   1.15108E-04   1.04403E-04   3.05870E-12     3448.39  1
 5.40100E-03   5.26676E-04   1.15192E-04   1.08617E-04   3.17055E-12     3448.85  1
 5.42100E-03   5.46460E-04   1.15272E-04   1.10718E-04   3.27902E-12     3445.50  1
 5.44100E-03   5.66175E-04   1.15347E-04   1.11891E-04   3.38651E-12     3446.14  1
 5.46101E-03   5.85825E-04   1.15417E-04   1.12648E-04   3.49311E-12     3447.60  1
 5.48101E-03   6.05410E-04   1.15473E-04   1.13219E-04   3.59488E-12     3440.16  1
 5.50101E-03   6.24770E-04   1.15517E-04   1.13706E-04   3.69555E-12     3438.24  1
 5.52101E-03   6.44370E-04   1.15554E-04   1.14166E-04   3.79123E-12     3427.90  1
 5.54101E-03   6.63887E-04   1.15588E-04   1.14529E-04   3.88427E-12     3419.71  1
 5.56101E-03   6.83384E-04   1.15616E-04   1.14848E-04   3.97488E-12     3439.70  1
 5.58101E-03   7.03298E-04   1.15641E-04   1.15194E-04   4.06285E-12     3445.14  1
 5.60101E-03   7.18164E-04   1.15609E-04   1.15440E-04   4.14836E-12     3431.90  1
 5.62101E-03   7.36497E-04   1.15543E-04   1.15627E-04   4.22890E-12     3441.41  1
 5.64101E-03   7.46018E-04   1.15640E-04   1.15780E-04   4.30804E-12     3459.90  1
 5.66101E-03   7.55569E-04   1.15781E-04   1.15888E-04   4.38443E-12     3473.10  1
 5.68101E-03   7.66240E-04   1.15801E-04   1.15941E-04   4.45758E-12     3466.12  1
 5.70101E-03   7.78345E-04   1.15791E-04   1.15960E-04   4.52878E-12     3456.77  1
 5.72101E-03   7.93402E-04   1.15781E-04   1.15964E-04   4.59758E-12     3446.94  1
 5.74101E-03   8.04883E-04   1.15774E-04   1.15959E-04   4.66473E-12     3438.56  1
 5.76101E-03   8.17942E-04   1.15768E-04   1.15966E-04   4.72855E-12     3426.15  1
 5.78101E-03   8.33023E-04   1.15761E-04   1.15985E-04   4.79033E-12     3441.49  1
 5.80101E-03   8.45052E-04   1.15708E-04   1.15955E-04   4.85218E-12     3433.67  1
 5.82101E-03   8.59160E-04   1.15614E-04   1.15924E-04   4.90955E-12     3443.65  1
 5.84101E-03   8.74847E-04   1.15679E-04   1.15876E-04   4.96207E-12     3462.87  1
 5.86101E-03   8.92275E-04   1.15784E-04   1.15843E-04   5.01311E-12     3484.90  1
 5.88101E-03   9.04182E-04   1.15767E-04   1.15776E-04   5.06004E-12     3482.00  1
 5.90101E-03   9.20335E-04   1.15720E-04   1.15688E-04   5.10438E-12     3474.36  1
 5.92101E-03   9.32749E-04   1.15667E-04   1.15660E-04   5.14553E-12     3465.07  1
 5.94101E-03   9.48726E-04   1.15613E-04   1.15976E-04   5.18667E-12     3452.39  1
 5.96101E-03   9.63619E-04   1.15558E-04   1.16389E-04   5.22598E-12     3435.68  1
 5.98101E-03   9.76474E-04   1.15499E-04   1.17992E-04   5.26410E-12     3435.16  1
 6.00101E-03   9.92124E-04   1.15334E-04   1.18673E-04   5.30014E-12     3418.56  1
 6.02101E-03   1.00114E-03   1.15207E-04   1.19479E-04   5.33338E-12     3436.29  1
 6.04101E-03   1.01679E-03   1.15271E-04   1.19963E-04   5.36268E-12     3478.53  1
 6.06101E-03   1.02967E-03   1.15206E-04   1.20272E-04   5.38916E-12     3488.22  1
 6.08101E-03   1.04365E-03   1.15077E-04   1.20459E-04   5.41366E-12     3476.44  1
 6.10101E-03   1.05839E-03   1.14919E-04   1.20548E-04   5.43277E-12     3468.22  1
 6.12101E-03   1.06993E-03   1.14760E-04   1.20586E-04   5.44854E-12     3461.63  1
 6.14101E-03   1.08606E-03   1.14606E-04   1.20593E-04   5.46144E-12     3453.01  1
 6.16101E-03   1.09629E-03   1.14454E-04   1.20566E-04   5.46947E-12     3440.03  1
 6.18101E-03   1.11290E-03   1.14295E-04   1.20524E-04   5.47560E-12     3430.10  1
 6.20101E-03   1.12256E-03   1.14043E-04   1.20462E-04   5.47762E-12     3408.53  1
 6.22101E-03   1.13842E-03   1.13793E-04   1.20403E-04   5.47864E-12     3399.93  1
 6.24101E-03   1.14995E-03   1.13681E-04   1.20326E-04   5.47240E-12     3397.28  1
 6.26101E-03   1.16540E-03   1.13594E-04   1.20237E-04   5.46346E-12     3396.09  1
 6.28101E-03   1.17644E-03   1.13456E-04   1.20175E-04   5.45089E-12     3395.46  1
 6.30101E-03   1.19143E-03   1.13323E-04   1.20131E-04   5.43540E-12     3405.94  1
 6.32101E-03   1.19937E-03   1.13196E-04   1.20067E-04   5.41748E-12     3400.13  1
 6.34101E-03   1.21434E-03   1.13065E-04   1.19986E-04   5.24157E-12     3395.28  0
 6.36101E-03   1.20436E-03   1.12277E-04   1.19891E-04   5.05710E-12     2892.26  0
 6.38101E-03   1.19425E-03   1.09179E-04   1.19779E-04   4.86664E-12     2612.34  0
 6.40101E-03   1.18246E-03   1.07336E-04   1.19334E-04   4.62951E-12     2435.87  0
 6.42101E-03   1.17108E-03   1.03671E-04   1.22829E-04   4.43595E-12     2291.21  0
 6.44101E-03   1.15771E-03   1.00502E-04   1.24009E-04   4.23260E-12     2172.81  0
 6.46101E-03   1.14405E-03   9.78637E-05   1.24527E-04   4.03079E-12     2077.33  0
 6.48101E-03   1.13067E-03   9.39047E-05   1.24830E-04   3.83116E-12     2000.65  0
 6.50101E-03   1.11752E-03   9.07278E-05   1.25032E-04   3.63439E-12     1938.60  0
 6.52101E-03   1.10444E-03   8.78893E-05   1.25139E-04   3.44307E-12     1888.69  0
 6.54101E-03   1.09137E-03   8.39530E-05   1.25158E-04   3.25636E-12     1846.07  0
 6.56101E-03   1.07749E-03   8.08919E-05   1.25112E-04   3.07445E-12     1810.09  0
 6.58101E-03   1.06138E-03   7.80235E-05   1.24979E-04   2.89718E-12     1779.45  0
 6.60101E-03   1.04213E-03   7.40584E-05   1.20693E-04   2.58851E-12     1751.73  0
 6.62101E-03   1.03154E-03   7.14384E-05   1.30617E-04   2.39159E-12     1726.84  0
 6.64101E-03   1.01463E-03   6.84676E-05   1.26140E-04   2.20400E-12     1704.99  0
 6.66101E-03   9.99268E-04   6.53712E-05   1.24132E-04   2.02591E-12     1686.17  0
 6.68101E-03   9.78765E-04   6.30321E-05   1.23327E-04   1.85695E-12     1669.98  0
 6.70101E-03   9.61649E-04   5.98400E-05   1.22856E-04   1.69777E-12     1656.37  0
 6.72101E-03   9.39055E-04   5.78209E-05   1.22960E-04   1.54854E-12     1645.45  0
 6.74101E-03   9.14846E-04   5.45952E-05   1.23028E-04   1.40772E-12     1636.73  0
 6.76101E-03   8.93694E-04   5.27811E-05   1.23068E-04   1.27445E-12     1630.17  0
 6.78102E-03   8.69590E-04   4.96701E-05   1.23072E-04   1.14976E-12     1625.68  0
 6.80102E-03   8.37013E-04   4.75582E-05   1.18006E-04   9.94025E-13     1623.20  0
 6.82102E-03   8.08396E-04   4.46709E-05   1.23078E-04   8.78555E-13     1622.66  0
 6.84102E-03   7.64289E-04   4.30184E-05   1.22686E-04   8.58526E-13     1622.11  1
 6.86102E-03   4.66546E-05   1.04039E-04   4.91532E-05   9.33867E-13     1835.46  1
 6.88102E-03   7.51130E-05   1.10010E-04   6.11870E-05   9.80061E-13     2756.04  1
 6.90102E-03   9.56975E-05   1.12224E-04   6.71392E-05   1.02544E-12     3146.35  1
 6.92102E-03   1.16753E-04   1.12943E-04   6.94004E-05   1.09959E-12     3406.68  1
 6.94102E-03   1.37130E-04   1.13440E-04   7.96018E-05   1.18648E-12     3491.20  1
 6.96102E-03   1.56958E-04   1.13837E-04   8.25152E-05   1.26884E-12     3511.07  1
 6.98102E-03   1.76976E-04   1.14219E-04   8.41384E-05   1.35480E-12     3513.68  1
 7.00102E-03   1.95184E-04   1.14398E-04   8.55086E-05   1.44582E-12     3501.57  1
 7.02102E-03   2.15527E-04   1.14527E-04   8.71090E-05   1.54307E-12     3519.12  1
 7.04102E-03   2.35696E-04   1.14772E-04   9.23777E-05   1.64728E-12     3521.53  1
 7.06102E-03   2.55199E-04   1.14970E-04   9.43890E-05   1.75879E-12     3528.85  1
 7.08102E-03   2.75166E-04   1.15083E-04   9.57710E-05   1.87368E-12     3536.58  1
 7.10102E-03   2.92597E-04   1.15161E-04   9.69458E-05   1.99134E-12     3535.22  1
 7.12102E-03   3.12091E-04   1.15227E-04   9.80339E-05   2.10817E-12     3537.30  1
 7.14102E-03   3.31665E-04   1.15290E-04   9.90800E-05   2.23302E-12     3527.56  1
 7.16102E-03   3.51261E-04   1.15350E-04   1.02484E-04   2.36918E-12     3521.30  1
 7.18102E-03   3.70824E-04   1.15406E-04   1.08104E-04   2.50666E-12     3515.19  1
 7.20102E-03   3.89639E-04   1.15385E-04   1.10819E-04   2.64243E-12     3507.27  1
 7.22102E-03   4.14092E-04   1.15365E-04   1.12236E-04   2.77854E-12     3506.85  1
 7.24102E-03   4.33909E-04   1.15476E-04   1.13279E-04   2.91168E-12     3504.82  1
 7.26102E-03   4.54253E-04   1.15600E-04   1.14173E-04   3.04120E-12     3505.82  1
 7.28102E-03   4.73902E-04   1.15647E-04   1.14930E-04   3.16439E-12     3502.16  1
 7.30102E-03   4.93634E-04   1.15670E-04   1.15582E-04   3.28690E-12     3493.56  1
 7.32102E-03   5.13310E-04   1.15692E-04   1.18772E-04   3.40943E-12     3487.65  1
 7.34102E-03   5.32979E-04   1.15711E-04   1.20620E-04   3.52690E-12     3485.77  1
 7.36102E-03   5.52541E-04   1.15732E-04   1.21868E-04   3.64015E-12     3490.03  1
 7.38102E-03   5.72350E-04   1.15750E-04   1.22846E-04   3.75048E-12     3495.04  1
 7.40102E-03   5.87619E-04   1.15718E-04   1.23462E-04   3.85618E-12     3484.01  1
 7.42102E-03   6.08884E-04   1.15652E-04   1.23947E-04   3.95698E-12     3493.77  1
 7.44102E-03   6.27181E-04   1.15749E-04   1.24344E-04   4.05435E-12     3498.25  1
 7.46102E-03   6.46073E-04   1.15893E-04   1.24614E-04   4.14732E-12     3506.77  1
 7.48102E-03   6.64214E-04   1.15918E-04   1.24821E-04   4.23718E-12     3503.17  1
 7.50102E-03   6.83281E-04   1.15912E-04   1.24976E-04   4.32090E-12     3497.53  1
 7.52102E-03   6.99051E-04   1.15905E-04   1.25042E-04   4.40255E-12     3491.55  1
 7.54102E-03   7.15330E-04   1.15901E-04   1.25078E-04   4.48121E-12     3487.31  1
 7.56102E-03   7.32808E-04   1.15898E-04   1.25069E-04   4.55690E-12     3489.14  1
 7.58102E-03   7.52037E-04   1.15899E-04   1.25050E-04   4.62880E-12     3481.42  1
 7.60102E-03   7.66546E-04   1.15861E-04   1.24986E-04   4.70058E-12     3459.84  1
 7.62102E-03   7.85335E-04   1.15774E-04   1.24883E-04   4.76454E-12     3470.83  1
 7.64102E-03   8.04481E-04   1.15849E-04   1.24741E-04   4.82562E-12     3494.55  1
 7.66102E-03   8.18528E-04   1.15969E-04   1.24582E-04   4.88301E-12     3512.23  1
 7.68102E-03   8.35214E-04   1.15971E-04   1.24412E-04   4.93669E-12     3505.18  1
 7.70102E-03   8.49176E-04   1.15941E-04   1.24234E-04   4.98751E-12     3497.54  1
 7.72102E-03   8.65485E-04   1.15913E-04   1.24054E-04   5.03432E-12     3492.22  1
 7.74102E-03   8.84486E-04   1.15886E-04   1.23876E-04   5.08021E-12     3484.27  1
 7.76102E-03   9.03328E-04   1.15859E-04   1.23690E-04   5.12399E-12     3482.73  1
 7.78102E-03   9.21688E-04   1.15829E-04   1.23502E-04   5.16469E-12     3481.28  1
 7.80102E-03   9.33069E-04   1.15755E-04   1.23346E-04   5.20091E-12     3472.50  1
 7.82102E-03   9.48514E-04   1.15699E-04   1.23154E-04   5.23446E-12     3484.66  1
 7.84102E-03   9.57476E-04   1.15719E-04   1.22957E-04   5.26550E-12     3514.67  1
 7.86102E-03   9.74053E-04   1.15701E-04   1.22787E-04   5.29442E-12     3505.48  1
 7.88102E-03   9.86308E-04   1.15650E-04   1.22600E-04   5.32053E-12     3493.41  1
 7.90102E-03   1.00086E-03   1.15593E-04   1.22404E-04   5.34445E-12     3488.38  1
 7.92102E-03   1.01442E-03   1.15520E-04   1.22195E-04   5.36706E-12     3488.87  1
 7.94102E-03   1.02755E-03   1.15434E-04   1.21990E-04   5.38684E-12     3489.40  1
 7.96102E-03   1.04269E-03   1.15348E-04   1.21793E-04   5.40581E-12     3490.98  1
 7.98102E-03   1.05475E-03   1.15250E-04   1.21630E-04   5.42111E-12     3489.58  1
 8.00102E-03   1.06974E-03   1.15105E-04   1.20686E-04   5.25824E-12     3482.11  0
 8.02102E-03   1.06411E-03   1.14075E-04   1.21492E-04   5.09386E-12     2944.25  0
 8.04102E-03   1.06149E-03   1.13121E-04   1.21000E-04   4.90613E-12     2650.96  0
 8.06102E-03   1.05287E-03   1.10363E-04   1.20912E-04   4.71184E-12     2466.99  0
 8.08102E-03   1.04960E-03   1.08398E-04   1.21044E-04   4.51691E-12     2339.54  0
 8.10102E-03   1.04055E-03   1.05499E-04   1.21191E-04   4.32369E-12     2235.68  0
 8.12102E-03   1.03679E-03   1.03258E-04   1.21388E-04   4.13203E-12     2147.98  0
 8.14102E-03   1.02704E-03   1.00071E-04   1.21459E-04   3.94429E-12     2072.89  0
 8.16103E-03   1.01864E-03   9.79419E-05   1.21429E-04   3.75904E-12     2007.94  0
 8.18103E-03   1.01242E-03   9.46266E-05   1.21309E-04   3.57988E-12     1951.89  0
 8.20103E-03   1.00011E-03   9.13415E-05   1.20924E-04   3.34831E-12     1904.34  0
 8.22103E-03   9.89076E-04   8.86574E-05   1.23220E-04   3.17358E-12     1861.99  0
 8.24103E-03   9.77449E-04   8.60399E-05   1.23810E-04   2.99838E-12     1824.62  0
 8.26103E-03   9.65154E-04   8.34499E-05   1.24265E-04   2.82660E-12     1791.62  0
 8.28103E-03   9.51994E-04   8.06453E-05   1.24433E-04   2.65911E-12     1762.56  0
 8.30103E-03   9.38215E-04   7.83717E-05   1.24453E-04   2.49641E-12     1737.45  0
 8.32103E-03   9.24189E-04   7.55775E-05   1.24407E-04   2.33865E-12     1716.02  0
 8.34103E-03   9.06883E-04   7.33593E-05   1.24395E-04   2.18646E-12     1697.52  0
 8.36103E-03   8.89876E-04   7.06717E-05   1.24446E-04   2.03920E-12     1681.64  0
 8.38103E-03   8.71883E-04   6.85049E-05   1.24470E-04   1.89750E-12     1668.35  0
 8.40103E-03   8.52315E-04   6.50288E-05   1.20739E-04   1.68258E-12     1656.81  0
 8.42103E-03   8.32062E-04   6.31951E-05   1.29342E-04   1.53156E-12     1647.00  0
 8.44103E-03   8.11740E-04   6.06042E-05   1.28801E-04   1.39249E-12     1638.98  0
 8.46103E-03   7.91280E-04   5.85592E-05   1.24173E-04   1.26166E-12     1632.56  0
 8.48103E-03   7.70507E-04   5.63614E-05   1.22931E-04   1.13925E-12     1627.76  0
 8.50103E-03   7.49295E-04   5.40306E-05   1.21948E-04   1.12316E-12     1624.57  1
 8.52103E-03   4.77837E-05   1.05321E-04   4.36764E-05   1.18501E-12     1866.38  1
 8.54103E-03   7.22421E-05   1.10571E-04   6.24484E-05   1.22908E-12     2808.34  1
 8.56103E-03   9.67191E-05   1.12637E-04   7.10887E-05   1.27572E-12     3158.69  1
 8.58103E-03   1.17669E-04   1.13412E-04   7.42244E-05   1.33281E-12     3320.52  1
 8.60103E-03   1.37283E-04   1.13603E-04   7.73241E-05   1.40435E-12     3358.11  1
 8.62103E-03   1.56862E-04   1.13923E-04   8.20359E-05   1.47023E-12     3395.55  1
 8.64103E-03   1.76328E-04   1.14486E-04   8.41563E-05   1.54165E-12     3416.15  1
 8.66103E-03   1.96168E-04   1.14768E-04   8.55201E-05   1.61730E-12     3446.06  1
 8.68103E-03   2.16135E-04   1.14937E-04   8.67246E-05   1.69781E-12     3449.19  1
 8.70103E-03   2.36173E-04   1.15053E-04   8.78387E-05   1.79112E-12     3446.94  1
 8.72103E-03   2.56097E-04   1.15144E-04   9.29456E-05   1.89073E-12     3446.71  1
 8.74103E-03   2.75287E-04   1.15217E-04   9.50540E-05   1.99276E-12     3442.32  1
 8.76103E-03   2.92422E-04   1.15280E-04   9.63398E-05   2.09718E-12     3474.66  1
 8.78103E-03   3.11920E-04   1.15335E-04   9.74492E-05   2.20772E-12     3473.07  1
 8.80103E-03   3.31131E-04   1.15305E-04   1.00642E-04   2.32000E-12     3459.04  1
 8.82103E-03   3.55293E-04   1.15273E-04   1.02627E-04   2.43366E-12     3457.29  1
 8.84103E-03   3.75370E-04   1.15395E-04   1.03978E-04   2.55448E-12     3439.61  1
 8.86103E-03   3.95288E-04   1.15541E-04   1.08671E-04   2.67901E-12     3440.06  1
 8.88103E-03   4.14880E-04   1.15588E-04   1.11197E-04   2.80580E-12     3429.89  1
 8.90103E-03   4.34470E-04   1.15608E-04   1.12486E-04   2.93291E-12     3415.43  1
 8.92103E-03   4.54108E-04   1.15630E-04   1.13459E-04   3.05967E-12     3404.76  1
 8.94103E-03   4.73698E-04   1.15652E-04   1.14254E-04   3.18744E-12     3419.29  1
 8.96103E-03   4.93823E-04   1.15673E-04   1.14935E-04   3.30858E-12     3432.62  1
 8.98103E-03   5.13706E-04   1.15693E-04   1.15540E-04   3.43127E-12     3432.14  1
 9.00103E-03   5.29489E-04   1.15660E-04   1.18713E-04   3.54701E-12     3423.57  1
 9.02103E-03   5.55528E-04   1.15590E-04   1.20676E-04   3.66090E-12     3432.70  1
 9.04103E-03   5.75342E-04   1.15684E-04   1.21848E-04   3.77241E-12     3460.26  1
 9.06103E-03   5.95153E-04   1.15828E-04   1.22757E-04   3.87902E-12     3474.73  1
 9.08103E-03   6.14744E-04   1.15853E-04   1.23544E-04   3.98037E-12     3468.70  1
 9.10103E-03   6.34311E-04   1.15845E-04   1.24255E-04   4.07776E-12     3459.50  1
 9.12103E-03   6.53722E-04   1.15838E-04   1.24821E-04   4.17160E-12     3456.68  1
 9.14103E-03   6.72919E-04   1.15835E-04   1.25277E-04   4.26103E-12     3443.84  1
 9.16103E-03   6.87220E-04   1.15835E-04   1.25553E-04   4.34828E-12     3431.88  1
 9.18103E-03   7.04422E-04   1.15835E-04   1.25777E-04   4.43116E-12     3448.41  1
 9.20103E-03   7.22485E-04   1.15805E-04   1.25903E-04   4.51083E-12     3438.39  1
 9.22103E-03   7.42125E-04   1.15784E-04   1.25929E-04   4.58626E-12     3450.36  1
 9.24103E-03   7.55363E-04   1.15817E-04   1.25881E-04   4.65743E-12     3476.23  1
 9.26103E-03   7.69411E-04   1.15822E-04   1.25785E-04   4.72599E-12     3476.83  1
 9.28103E-03   7.88193E-04   1.15803E-04   1.25646E-04   4.79035E-12     3476.80  1
 9.30103E-03   8.04463E-04   1.15775E-04   1.25476E-04   4.85211E-12     3472.57  1
 9.32103E-03   8.19094E-04   1.15740E-04   1.25278E-04   4.91116E-12     3476.90  1
 9.34103E-03   8.35227E-04   1.15705E-04   1.25059E-04   4.96508E-12     3475.31  1
 9.36103E-03   8.51686E-04   1.15655E-04   1.24824E-04   5.01728E-12     3462.43  1
 9.38103E-03   8.70500E-04   1.15584E-04   1.24581E-04   4.91423E-12     3457.80  0
 9.40103E-03   8.68407E-04   1.14509E-04   1.24136E-04   4.78149E-12     2957.76  0
 9.42103E-03   8.71411E-04   1.13469E-04   1.24597E-04   4.64643E-12     2687.38  0
 9.44103E-03   8.68308E-04   1.11438E-04   1.23937E-04   4.50311E-12     2511.19  0
 9.46104E-03   8.67348E-04   1.09047E-04   1.23605E-04   4.35244E-12     2381.15  0
 9.48104E-03   8.66849E-04   1.07160E-04   1.23376E-04   4.20018E-12     2273.72  0
 9.50104E-03   8.64954E-04   1.04038E-04   1.23191E-04   4.04646E-12     2179.84  0
 9.52104E-03   8.57638E-04   1.02054E-04   1.23015E-04   3.89075E-12     2100.58  0
 9.54104E-03   8.54323E-04   9.89413E-05   1.22832E-04   3.73666E-12     2034.86  0
 9.56104E-03   8.46067E-04   9.67010E-05   1.22597E-04   3.58402E-12     1977.03  0
 9.58104E-03   8.42820E-04   9.38560E-05   1.22300E-04   3.43259E-12     1927.26  0
 9.60104E-03   8.32313E-04   9.04830E-05   1.21884E-04   3.19881E-12     1882.98  0
 9.62104E-03   8.29273E-04   8.83202E-05   1.24243E-04   3.03047E-12     1845.25  0
 9.64104E-03   8.23988E-04   8.55650E-05   1.24769E-04   2.86346E-12     1811.35  0
 9.66104E-03   8.15193E-04   8.34106E-05   1.25123E-04   2.70006E-12     1780.92  0
 9.68104E-03   8.08070E-04   8.07207E-05   1.25125E-04   2.54024E-12     1754.13  0
 9.70104E-03   8.02953E-04   7.85087E-05   1.24841E-04   2.38466E-12     1730.80  0
 9.72104E-03   7.94810E-04   7.60313E-05   1.24443E-04   2.23332E-12     1710.56  0
 9.74104E-03   7.88671E-04   7.37489E-05   1.23803E-04   2.08649E-12     1693.21  0
 9.76104E-03   7.82079E-04   7.15190E-05   1.23172E-04   1.94465E-12     1678.27  0
 9.78104E-03   7.73369E-04   6.90361E-05   1.22049E-04   1.80788E-12     1665.44  0
 9.80104E-03   7.60938E-04   6.62234E-05   1.16253E-04   1.61959E-12     1654.38  0
 9.82104E-03   7.48218E-04   6.39759E-05   1.22307E-04   1.48202E-12     1645.16  0
 9.84104E-03   7.36161E-04   6.24353E-05   1.22236E-04   1.35385E-12     1637.53  0
 9.86104E-03   7.24801E-04   5.95141E-05   1.21884E-04   1.23336E-12     1631.51  0
 9.88104E-03   7.10416E-04   5.79933E-05   1.21271E-04   1.21950E-12     1627.10  1
 9.90104E-03   4.07398E-05   1.05979E-04   4.31212E-05   1.28291E-12     1890.13  1
 9.92104E-03   6.95338E-05   1.10425E-04   6.19214E-05   1.31930E-12     2712.74  1
 9.94104E-03   9.19246E-05   1.12431E-04   7.06979E-05   1.36492E-12     3145.19  1
 9.96104E-03   1.12692E-04   1.13378E-04   7.38939E-05   1.41774E-12     3334.26  1
 9.98104E-03   1.32952E-04   1.13951E-04   7.57064E-05   1.47082E-12     3422.45  1
 1.00010E-02   1.52841E-04   1.14060E-04   7.80586E-05   1.55153E-12     3423.13  1
 1.00210E-02   1.75335E-04   1.14119E-04   8.25836E-05   1.62062E-12     3439.75  1
 1.00410E-02   1.96073E-04   1.14514E-04   8.45678E-05   1.68912E-12     3451.81  1
 1.00610E-02   2.16070E-04   1.14821E-04   8.59461E-05   1.76197E-12     3462.56  1
 1.00810E-02   2.36004E-04   1.14956E-04   8.71314E-05   1.83944E-12     3469.21  1
 1.01010E-02   2.55861E-04   1.15030E-04   8.82463E-05   1.93676E-12     3471.23  1
 1.01210E-02   2.75487E-04   1.15091E-04   9.32204E-05   2.03575E-12     3472.39  1
 1.01410E-02   2.95315E-04   1.15148E-04   9.52659E-05   2.13305E-12     3477.67  1
 1.01610E-02   3.14979E-04   1.15201E-04   9.65367E-05   2.23242E-12     3483.91  1
 1.01810E-02   3.34448E-04   1.15246E-04   9.76567E-05   2.34011E-12     3501.56  1
 1.02010E-02   3.52918E-04   1.15211E-04   1.01033E-04   2.44722E-12     3480.56  1
 1.02210E-02   3.74945E-04   1.15169E-04   1.02885E-04   2.55560E-12     3475.85  1
 1.02410E-02   3.94838E-04   1.15281E-04   1.04249E-04   2.67386E-12     3474.07  1
 1.02610E-02   4.14688E-04   1.15448E-04   1.08759E-04   2.79146E-12     3476.12  1
 1.02810E-02   4.34463E-04   1.15492E-04   1.11259E-04   2.91382E-12     3469.43  1
 1.03010E-02   4.54102E-04   1.15500E-04   1.12514E-04   3.03693E-12     3465.87  1
 1.03210E-02   4.73583E-04   1.15509E-04   1.13465E-04   3.15865E-12     3463.72  1
 1.03410E-02   4.93088E-04   1.15517E-04   1.14247E-04   3.27931E-12     3465.04  1
 1.03610E-02   5.12990E-04   1.15528E-04   1.14921E-04   3.39641E-12     3459.32  1
 1.03810E-02   5.33142E-04   1.15533E-04   1.15483E-04   3.50993E-12     3461.12  1
 1.04010E-02   5.48685E-04   1.15471E-04   1.17056E-04   3.62039E-12     3446.33  1
 1.04210E-02   5.74408E-04   1.15372E-04   1.18842E-04   3.72823E-12     3465.68  1
 1.04410E-02   5.92866E-04   1.15426E-04   1.20462E-04   3.83197E-12     3483.97  1
 1.04610E-02   6.08822E-04   1.15514E-04   1.21629E-04   3.78314E-12     3491.20  0
 1.04810E-02   6.10127E-04   1.14450E-04   1.22606E-04   3.71554E-12     2987.14  0
 1.05010E-02   6.09692E-04   1.13483E-04   1.23358E-04   3.63846E-12     2718.58  0
 1.05210E-02   6.08871E-04   1.11411E-04   1.23986E-04   3.55560E-12     2536.54  0
 1.05410E-02   6.07495E-04   1.08959E-04   1.24521E-04   3.46501E-12     2406.58  0
 1.05610E-02   6.07144E-04   1.07073E-04   1.24894E-04   3.37009E-12     2296.54  0
 1.05810E-02   6.05122E-04   1.04010E-04   1.25164E-04   3.27173E-12     2200.88  0
 1.06010E-02   6.00891E-04   1.01893E-04   1.25318E-04   3.17008E-12     2119.44  0
 1.06210E-02   5.98610E-04   9.89542E-05   1.25327E-04   3.06712E-12     2050.82  0
 1.06410E-02   5.97631E-04   9.67162E-05   1.25214E-04   2.96487E-12     1990.48  0
 1.06610E-02   5.96686E-04   9.38445E-05   1.25012E-04   2.86187E-12     1938.76  0
 1.06810E-02   5.90680E-04   9.14540E-05   1.24725E-04   2.75793E-12     1894.45  0
 1.07010E-02   5.87064E-04   8.88151E-05   1.24352E-04   2.65421E-12     1855.77  0
 1.07210E-02   5.81402E-04   8.64542E-05   1.23914E-04   2.55008E-12     1822.35  0
 1.07410E-02   5.79488E-04   8.37892E-05   1.23423E-04   2.44618E-12     1793.79  0
 1.07610E-02   5.78199E-04   8.15713E-05   1.22883E-04   2.34236E-12     1768.90  0
 1.07810E-02   5.76765E-04   7.89255E-05   1.22307E-04   2.23904E-12     1747.39  0
 1.08010E-02   5.73362E-04   7.63225E-05   1.21146E-04   2.08998E-12     1728.16  0
 1.08210E-02   5.68298E-04   7.37987E-05   1.22498E-04   1.97121E-12     1711.05  0
 1.08410E-02   5.66413E-04   7.20114E-05   1.20927E-04   1.85611E-12     1695.46  0
 1.08610E-02   5.60110E-04   6.93167E-05   1.20024E-04   1.74378E-12     1681.17  0
 1.08810E-02   5.57574E-04   6.78170E-05   1.19480E-04   1.63473E-12     1668.40  0
 1.09010E-02   5.50415E-04   6.51187E-05   1.19081E-04   1.52814E-12     1657.41  0
 1.09210E-02   5.46868E-04   6.34470E-05   1.18693E-04   1.42521E-12     1648.03  0
 1.09410E-02   5.38877E-04   6.13427E-05   1.18303E-04   1.32513E-12     1640.18  0
 1.09610E-02   5.34634E-04   5.91687E-05   1.17898E-04   1.31990E-12     1633.83  1
 1.09810E-02   4.33855E-05   1.04729E-04   4.80147E-05   1.39779E-12     1841.37  1
 1.10010E-02   7.07445E-05   1.10066E-04   6.05556E-05   1.44309E-12     2683.17  1
 1.10210E-02   9.58674E-05   1.12227E-04   6.68246E-05   1.48437E-12     3126.49  1
 1.10410E-02   1.17735E-04   1.13106E-04   6.89612E-05   1.54420E-12     3329.50  1
 1.10610E-02   1.38456E-04   1.13535E-04   7.47851E-05   1.61669E-12     3450.76  1
 1.10810E-02   1.58492E-04   1.13986E-04   8.10688E-05   1.69092E-12     3484.42  1
 1.11010E-02   1.78157E-04   1.14311E-04   8.33176E-05   1.76553E-12     3489.17  1
 1.11210E-02   1.97574E-04   1.14489E-04   8.47171E-05   1.83665E-12     3490.59  1
 1.11410E-02   2.16930E-04   1.14603E-04   8.58920E-05   1.91110E-12     3498.85  1
 1.11610E-02   2.36886E-04   1.14692E-04   8.69809E-05   1.98387E-12     3512.27  1
 1.11810E-02   2.56702E-04   1.14763E-04   8.79822E-05   2.06661E-12     3502.86  1
 1.12010E-02   2.75571E-04   1.14707E-04   9.23879E-05   2.15596E-12     3484.02  1
 1.12210E-02   2.95866E-04   1.14646E-04   9.42169E-05   2.24417E-12     3474.31  1
 1.12410E-02   3.16281E-04   1.14738E-04   9.53951E-05   2.18852E-12     3462.38  0
 1.12610E-02   3.18300E-04   1.13841E-04   9.63893E-05   2.12158E-12     2977.27  0
 1.12810E-02   3.19025E-04   1.12891E-04   9.94378E-05   2.04983E-12     2714.87  0
 1.13010E-02   3.19439E-04   1.09943E-04   1.01174E-04   1.97606E-12     2540.00  0
 1.13210E-02   3.19672E-04   1.08168E-04   1.02312E-04   1.90102E-12     2409.53  0
 1.13410E-02   3.19784E-04   1.05083E-04   1.03172E-04   1.82814E-12     2303.01  0
 1.13610E-02   3.19645E-04   1.03087E-04   1.03887E-04   1.75614E-12     2211.52  0
 1.13810E-02   3.19428E-04   9.98754E-05   1.04515E-04   1.69202E-12     2131.38  0
 1.14010E-02   3.19132E-04   9.78794E-05   1.06405E-04   1.63108E-12     2059.70  0
 1.14210E-02   3.18784E-04   9.46476E-05   1.08165E-04   1.57213E-12     1999.08  0
 1.14411E-02   3.18426E-04   9.27420E-05   1.08948E-04   1.51707E-12     1948.08  0
 1.14611E-02   3.18097E-04   8.93938E-05   1.09392E-04   1.46496E-12     1903.23  0
 1.14811E-02   3.17753E-04   8.76396E-05   1.09663E-04   1.41465E-12     1863.43  0
 1.15011E-02   3.17337E-04   8.43822E-05   1.09818E-04   1.36466E-12     1827.80  0
 1.15211E-02   3.16871E-04   8.26248E-05   1.09886E-04   1.31379E-12     1796.06  0
 1.15411E-02   3.16372E-04   7.93556E-05   1.09886E-04   1.26195E-12     1768.10  0
 1.15611E-02   3.15844E-04   7.76967E-05   1.09819E-04   1.20933E-12     1743.45  0
 1.15811E-02   3.15311E-04   7.45509E-05   1.09704E-04   1.15597E-12     1722.28  0
 1.16011E-02   3.14811E-04   7.28360E-05   1.09550E-04   1.10240E-12     1703.90  0
 1.16211E-02   3.14402E-04   6.99121E-05   1.09370E-04   1.04840E-12     1687.91  0
 1.16411E-02   3.14166E-04   6.82009E-05   1.09182E-04   9.94284E-13     1674.11  0
 1.16611E-02   3.13950E-04   6.56940E-05   1.09014E-04   9.40532E-13     1662.52  0
 1.16811E-02   3.13713E-04   6.36948E-05   1.08921E-04   8.86943E-13     1652.60  0
 1.17011E-02   3.13429E-04   6.17073E-05   1.08988E-04   8.34169E-13     1644.26  0
 1.17211E-02   3.13103E-04   5.92153E-05   1.09089E-04   7.82430E-13     1637.35  0
 1.17411E-02   3.12681E-04   5.76833E-05   1.09266E-04   7.32043E-13     1631.96  0
 1.17611E-02   3.10692E-04   5.47991E-05   1.09449E-04   6.83253E-13     1627.89  0
 1.17811E-02   3.04510E-04   5.32079E-05   1.09634E-04   6.36168E-13     1624.99  0
 1.18011E-02   3.02487E-04   5.07627E-05   1.09810E-04   5.90555E-13     1623.30  0
 1.18211E-02   2.97649E-04   4.88930E-05   1.09974E-04   5.46921E-13     1622.86  0
 1.18411E-02   2.92813E-04   4.74407E-05   1.10124E-04   5.04982E-13     1622.56  0
 1.18611E-02   2.91772E-04   4.47185E-05   1.10257E-04   4.64410E-13     1622.16  0
 1.18811E-02   2.84354E-04   4.33372E-05   1.10371E-04   4.25759E-13     1621.67  0
 1.19011E-02   2.78127E-04   4.12937E-05   1.10461E-04   3.88504E-13     1621.07  0
 1.19211E-02   2.73881E-04   3.93444E-05   1.10526E-04   3.52831E-13     1620.37  0
 1.19411E-02   2.72583E-04   3.80783E-05   1.10561E-04   3.18873E-13     1619.57  0
 1.19611E-02   2.70707E-04   3.59585E-05   1.10565E-04   2.86543E-13     1618.65  0
 1.19811E-02   2.56058E-04   3.43039E-05   1.10534E-04   2.55977E-13     1617.61  0
 1.20011E-02   2.45882E-04   3.31340E-05   1.10464E-04   2.27190E-13     1616.45  0
 1.20211E-02   2.33643E-04   3.27461E-05   1.10353E-04   1.99999E-13     1615.14  0
 1.20411E-02   2.19796E-04   3.25117E-05   1.10196E-04   1.74455E-13     1613.70  0
 1.20611E-02   2.12722E-04   2.96911E-05   1.09985E-04   1.50561E-13     1612.18  0
 1.20811E-02   2.07051E-04   2.80340E-05   1.09714E-04   1.28376E-13     1610.52  0
 1.21011E-02   1.97559E-04   2.57050E-05   1.09387E-04   1.07816E-13     1608.71  0
 1.21211E-02   1.88332E-04   2.41671E-05   1.08985E-04   8.91067E-14     1606.73  0
 1.21411E-02   1.82677E-04   2.31579E-05   1.08494E-04   7.21609E-14     1604.61  0
 1.21611E-02   1.73557E-04   2.15204E-05   1.07879E-04   5.70015E-14     1602.31  0
 1.21811E-02   1.62635E-04   1.97843E-05   1.05953E-04   4.38138E-14     1599.82  0
 1.22011E-02   1.50659E-04   1.86501E-05   9.59953E-05   3.25227E-14     1597.12  0
 1.22211E-02   1.44155E-04   1.75848E-05   8.68372E-05   2.30017E-14     1594.24  0
 1.22411E-02   1.34307E-04   1.51768E-05   7.75649E-05   1.49915E-14     1591.03  0
 1.22611E-02   1.21410E-04   1.38042E-05   6.89523E-05   8.78967E-15     1587.48  0
 1.22811E-02   1.03413E-04   1.26202E-05   6.11842E-05   4.25279E-15     1583.63  0
 1.23011E-02   8.38836E-05   9.71160E-06   5.36094E-05   1.27849E-15     1579.15  0
 1.23211E-02   5.77803E-05   7.92026E-06   4.24763E-05   3.49895E-17     1573.89  0
 1.23411E-02   1.64034E-05   3.10142E-06   1.99996E-05   0.00000E+00     1564.77  0
 1.23611E-02   0.00000E+00   0.00000E+00   0.00000E+00   0.00000E+00     1534.34  0
 1.23811E-02   0.00000E+00   0.00000E+00   0.00000E+00   0.00000E+00     1519.86  0
 1.24011E-02   0.00000E+00   0.00000E+00   0.00000E+00   0.00000E+00     1511.55  0
 1.24211E-02   0.00000E+00   0.00000E+00   0.00000E+00   0.00000E+00     1502.67  0
 1.24411E-02   0.00000E+00   0.00000E+00   0.00000E+00   0.00000E+00     1493.46  0
 1.24611E-02   0.00000E+00   0.00000E+00   0.00000E+00   0.00000E+00     1484.04  0
 1.24811E-02   0.00000E+00   0.00000E+00   0.00000E+00   0.00000E+00     1474.53  0
 1.25011E-02   0.00000E+00   0.00000E+00   0.00000E+00   0.00000E+00     1465.00  0
 1.25211E-02   0.00000E+00   0.00000E+00   0.00000E+00   0.00000E+00     1455.49  0
 1.25411E-02   0.00000E+00   0.00000E+00   0.00000E+00   0.00000E+00     1446.04  0
 1.25611E-02   0.00000E+00   0.00000E+00   0.00000E+00   0.00000E+00     1436.68  0
 1.25811E-02   0.00000E+00   0.00000E+00   0.00000E+00   0.00000E+00     1427.42  0
 1.26011E-02   0.00000E+00   0.00000E+00   0.00000E+00   0.00000E+00     1418.28  0
 1.26211E-02   0.00000E+00   0.00000E+00   0.00000E+00   0.00000E+00     1409.28  0
 1.26411E-02   0.00000E+00   0.00000E+00   0.00000E+00   0.00000E+00     1400.40  0
 1.26611E-02   0.00000E+00   0.00000E+00   0.00000E+00   0.00000E+00     1391.66  0
 1.26811E-02   0.00000E+00   0.00000E+00   0.00000E+00   0.00000E+00     1383.06  0
 1.27011E-02   0.00000E+00   0.00000E+00   0.00000E+00   0.00000E+00     1374.60  0
 1.27211E-02   0.00000E+00   0.00000E+00   0.00000E+00   0.00000E+00     1366.28  0
 1.27411E-02   0.00000E+00   0.00000E+00   0.00000E+00   0.00000E+00     1359.76  0
 1.27611E-02   0.00000E+00   0.00000E+00   0.00000E+00   0.00000E+00     1353.86  0
 1.27811E-02   0.00000E+00   0.00000E+00   0.00000E+00   0.00000E+00     1347.94  0
 1.28011E-02   0.00000E+00   0.00000E+00   0.00000E+00   0.00000E+00     1342.02  0
 1.28211E-02   0.00000E+00   0.00000E+00   0.00000E+00   0.00000E+00     1336.10  0
 1.28411E-02   0.00000E+00   0.00000E+00   0.00000E+00   0.00000E+00     1330.19  0
 1.28611E-02   0.00000E+00   0.00000E+00   0.00000E+00   0.00000E+00     1324.29  0
 1.28811E-02   0.00000E+00   0.00000E+00   0.00000E+00   0.00000E+00     1318.41  0
 1.29011E-02   0.00000E+00   0.00000E+00   0.00000E+00   0.00000E+00     1312.55  0
 1.29211E-02   0.00000E+00   0.00000E+00   0.00000E+00   0.00000E+00     1306.72  0
 1.29411E-02   0.00000E+00   0.00000E+00   0.00000E+00   0.00000E+00     1300.92  0
 1.29611E-02   0.00000E+00   0.00000E+00   0.00000E+00   0.00000E+00     1295.15  0
 1.29811E-02   0.00000E+00   0.00000E+00   0.00000E+00   0.00000E+00     1289.42  0
 1.30011E-02   0.00000E+00   0.00000E+00   0.00000E+00   0.00000E+00     1283.73  0
 1.30211E-02   0.00000E+00   0.00000E+00   0.00000E+00   0.00000E+00     1278.08  0
 1.30411E-02   0.00000E+00   0.00000E+00   0.00000E+00   0.00000E+00     1272.48  0
 1.30611E-02   0.00000E+00   0.00000E+00   0.00000E+00   0.00000E+00     1266.92  0
 1.30811E-02   0.00000E+00   0.00000E+00   0.00000E+00   0.00000E+00     1261.41  0
 1.31011E-02   0.00000E+00   0.00000E+00   0.00000E+00   0.00000E+00     1255.95  0
 1.31211E-02   0.00000E+00   0.00000E+00   0.00000E+00   0.00000E+00     1250.54  0
 1.31411E-02   0.00000E+00   0.00000E+00   0.00000E+00   0.00000E+00     1245.18  0
 1.31611E-02   0.00000E+00   0.00000E+00   0.00000E+00   0.00000E+00     1239.87  0
 1.31811E-02   0.00000E+00   0.00000E+00   0.00000E+00   0.00000E+00     1234.62  0
 1.32011E-02   0.00000E+00   0.00000E+00   0.00000E+00   0.00000E+00     1229.42  0
 1.32211E-02   0.00000E+00   0.00000E+00   0.00000E+00   0.00000E+00     1224.27  0
 1.32411E-02   0.00000E+00   0.00000E+00   0.00000E+00   0.00000E+00     1219.18  0
 1.32611E-02   0.00000E+00   0.00000E+00   0.00000E+00   0.00000E+00     1214.14  0
 1.32811E-02   0.00000E+00   0.00000E+00   0.00000E+00   0.00000E+00     1209.15  0
 1.33011E-02   0.00000E+00   0.00000E+00   0.00000E+00   0.00000E+00     1204.22  0
 1.33211E-02   0.00000E+00   0.00000E+00   0.00000E+00   0.00000E+00     1199.35  0
 1.33411E-02   0.00000E+00   0.00000E+00   0.00000E+00   0.00000E+00     1194.53  0
 1.33611E-02   0.00000E+00   0.00000E+00   0.00000E+00   0.00000E+00     1189.76  0
 1.33811E-02   0.00000E+00   0.00000E+00   0.00000E+00   0.00000E+00     1185.04  0
 1.34011E-02   0.00000E+00   0.00000E+00   0.00000E+00   0.00000E+00     1180.38  0
 1.34211E-02   0.00000E+00   0.00000E+00   0.00000E+00   0.00000E+00     1175.77  0
 1.34411E-02   0.00000E+00   0.00000E+00   0.00000E+00   0.00000E+00     1171.21  0
 1.34611E-02   0.00000E+00   0.00000E+00   0.00000E+00   0.00000E+00     1166.71  0
 1.34811E-02   0.00000E+00   0.00000E+00   0.00000E+00   0.00000E+00     1162.25  0
 1.35011E-02   0.00000E+00   0.00000E+00   0.00000E+00   0.00000E+00     1157.85  0
 1.35211E-02   0.00000E+00   0.00000E+00   0.00000E+00   0.00000E+00     1153.50  0
 1.35411E-02   0.00000E+00   0.00000E+00   0.00000E+00   0.00000E+00     1149.20  0
 1.35611E-02   0.00000E+00   0.00000E+00   0.00000E+00   0.00000E+00     1144.95  0
 1.35811E-02   0.00000E+00   0.00000E+00   0.00000E+00   0.00000E+00     1140.75  0
 1.36011E-02   0.00000E+00   0.00000E+00   0.00000E+00   0.00000E+00     1136.60  0
 1.36211E-02   0.00000E+00   0.00000E+00   0.00000E+00   0.00000E+00     1132.51  0
 1.36411E-02   0.00000E+00   0.00000E+00   0.00000E+00   0.00000E+00     1128.46  0
 1.36611E-02   0.00000E+00   0.00000E+00   0.00000E+00   0.00000E+00     1124.45  0
 1.36811E-02   0.00000E+00   0.00000E+00   0.00000E+00   0.00000E+00     1120.50  0
 1.37011E-02   0.00000E+00   0.00000E+00   0.00000E+00   0.00000E+00     1116.59  0
 1.37211E-02   0.00000E+00   0.00000E+00   0.00000E+00   0.00000E+00     1112.72  0
 1.37411E-02   0.00000E+00   0.00000E+00   0.00000E+00   0.00000E+00     1108.90  0
 1.37611E-02   0.00000E+00   0.00000E+00   0.00000E+00   0.00000E+00     1105.12  0
 1.37811E-02   0.00000E+00   0.00000E+00   0.00000E+00   0.00000E+00     1101.38  0
 1.38011E-02   0.00000E+00   0.00000E+00   0.00000E+00   0.00000E+00     1097.68  0
 1.38211E-02   0.00000E+00   0.00000E+00   0.00000E+00   0.00000E+00     1094.03  0
 1.38411E-02   0.00000E+00   0.00000E+00   0.00000E+00   0.00000E+00     1090.42  0
 1.38611E-02   0.00000E+00   0.00000E+00   0.00000E+00   0.00000E+00     1086.84  0
 1.38811E-02   0.00000E+00   0.00000E+00   0.00000E+00   0.00000E+00     1083.31  0
 1.39011E-02   0.00000E+00   0.00000E+00   0.00000E+00   0.00000E+00     1079.82  0
 1.39211E-02   0.00000E+00   0.00000E+00   0.00000E+00   0.00000E+00     1076.36  0
 1.39411E-02   0.00000E+00   0.00000E+00   0.00000E+00   0.00000E+00     1072.94  0
 1.39611E-02   0.00000E+00   0.00000E+00   0.00000E+00   0.00000E+00     1069.56  0
 1.39811E-02   0.00000E+00   0.00000E+00   0.00000E+00   0.00000E+00     1066.21  0
 1.40011E-02   0.00000E+00   0.00000E+00   0.00000E+00   0.00000E+00     1062.90  0
 1.40211E-02   0.00000E+00   0.00000E+00   0.00000E+00   0.00000E+00     1059.63  0
 1.40411E-02   0.00000E+00   0.00000E+00   0.00000E+00   0.00000E+00     1056.39  0
 1.40611E-02   0.00000E+00   0.00000E+00   0.00000E+00   0.00000E+00     1053.19  0
 1.40811E-02   0.00000E+00   0.00000E+00   0.00000E+00   0.00000E+00     1050.02  0
 1.41011E-02   0.00000E+00   0.00000E+00   0.00000E+00   0.00000E+00     1046.88  0
 1.41211E-02   0.00000E+00   0.00000E+00   0.00000E+00   0.00000E+00     1043.78  0
 1.41411E-02   0.00000E+00   0.00000E+00   0.00000E+00   0.00000E+00     1040.71  0
 1.41611E-02   0.00000E+00   0.00000E+00   0.00000E+00   0.00000E+00     1037.67  0
 1.41811E-02   0.00000E+00   0.00000E+00   0.00000E+00   0.00000E+00     1034.67  0
 1.42011E-02   0.00000E+00   0.00000E+00   0.00000E+00   0.00000E+00     1032.05  0
 1.42211E-02   0.00000E+00   0.00000E+00   0.00000E+00   0.00000E+00     1029.50  0
 1.42411E-02   0.00000E+00   0.00000E+00   0.00000E+00   0.00000E+00     1026.97  0
 1.42611E-02   0.00000E+00   0.00000E+00   0.00000E+00   0.00000E+00     1024.46  0
 1.42811E-02   0.00000E+00   0.00000E+00   0.00000E+00   0.00000E+00     1021.97  0
 1.43011E-02   0.00000E+00   0.00000E+00   0.00000E+00   0.00000E+00     1019.50  0
 1.43211E-02   0.00000E+00   0.00000E+00   0.00000E+00   0.00000E+00     1017.05  0
 1.43411E-02   0.00000E+00   0.00000E+00   0.00000E+00   0.00000E+00     1014.62  0
 1.43611E-02   0.00000E+00   0.00000E+00   0.00000E+00   0.00000E+00     1012.21  0
 1.43811E-02   0.00000E+00   0.00000E+00   0.00000E+00   0.00000E+00     1009.82  0
 1.44011E-02   0.00000E+00   0.00000E+00   0.00000E+00   0.00000E+00     1007.44  0
 1.44211E-02   0.00000E+00   0.00000E+00   0.00000E+00   0.00000E+00     1005.09  0
 1.44411E-02   0.00000E+00   0.00000E+00   0.00000E+00   0.00000E+00     1002.76  0
 1.44611E-02   0.00000E+00   0.00000E+00   0.00000E+00   0.00000E+00     1000.44  0
 1.44811E-02   0.00000E+00   0.00000E+00   0.00000E+00   0.00000E+00      998.14  0
 1.45011E-02   0.00000E+00   0.00000E+00   0.00000E+00   0.00000E+00      995.86  0
 1.45211E-02   0.00000E+00   0.00000E+00   0.00000E+00   0.00000E+00      993.96  0
 1.45411E-02   0.00000E+00   0.00000E+00   0.00000E+00   0.00000E+00      992.33  0
 1.45611E-02   0.00000E+00   0.00000E+00   0.00000E+00   0.00000E+00      990.70  0
 1.45811E-02   0.00000E+00   0.00000E+00   0.00000E+00   0.00000E+00      989.12  0
 1.46011E-02   0.00000E+00   0.00000E+00   0.00000E+00   0.00000E+00      987.55  0
 1.46211E-02   0.00000E+00   0.00000E+00   0.00000E+00   0.00000E+00      986.00  0
 1.46411E-02   0.00000E+00   0.00000E+00   0.00000E+00   0.00000E+00      984.46  0
 1.46611E-02   0.00000E+00   0.00000E+00   0.00000E+00   0.00000E+00      982.92  0
 1.46811E-02   0.00000E+00   0.00000E+00   0.00000E+00   0.00000E+00      981.38  0
 1.47011E-02   0.00000E+00   0.00000E+00   0.00000E+00   0.00000E+00      979.86  0
 1.47211E-02   0.00000E+00   0.00000E+00   0.00000E+00   0.00000E+00      978.34  0
 1.47411E-02   0.00000E+00   0.00000E+00   0.00000E+00   0.00000E+00      976.82  0
 1.47611E-02   0.00000E+00   0.00000E+00   0.00000E+00   0.00000E+00      975.31  0
 1.47811E-02   0.00000E+00   0.00000E+00   0.00000E+00   0.00000E+00      973.81  0
 1.48011E-02   0.00000E+00   0.00000E+00   0.00000E+00   0.00000E+00      972.32  0
 1.48211E-02   0.00000E+00   0.00000E+00   0.00000E+00   0.00000E+00      970.85  0
 1.48411E-02   0.00000E+00   0.00000E+00   0.00000E+00   0.00000E+00      969.40  0
 1.48611E-02   0.00000E+00   0.00000E+00   0.00000E+00   0.00000E+00      967.96  0
 1.48811E-02   0.00000E+00   0.00000E+00   0.00000E+00   0.00000E+00      966.52  0
 1.49011E-02   0.00000E+00   0.00000E+00   0.00000E+00   0.00000E+00      965.09  0
 1.49211E-02   0.00000E+00   0.00000E+00   0.00000E+00   0.00000E+00      963.67  0
 1.49411E-02   0.00000E+00   0.00000E+00   0.00000E+00   0.00000E+00      962.25  0
 1.49611E-02   0.00000E+00   0.00000E+00   0.00000E+00   0.00000E+00      960.84  0
 1.49811E-02   0.00000E+00   0.00000E+00   0.00000E+00   0.00000E+00      959.44  0
 1.50011E-02   0.00000E+00   0.00000E+00   0.00000E+00   0.00000E+00      958.04  0
 1.50211E-02   0.00000E+00   0.00000E+00   0.00000E+00   0.00000E+00      956.64  0
 1.50411E-02   0.00000E+00   0.00000E+00   0.00000E+00   0.00000E+00      955.26  0
 1.50611E-02   0.00000E+00   0.00000E+00   0.00000E+00   0.00000E+00      953.91  0
 1.50811E-02   0.00000E+00   0.00000E+00   0.00000E+00   0.00000E+00      952.56  0
 1.51011E-02   0.00000E+00   0.00000E+00   0.00000E+00   0.00000E+00      951.22  0
 1.51211E-02   0.00000E+00   0.00000E+00   0.00000E+00   0.00000E+00      949.89  0
 1.51411E-02   0.00000E+00   0.00000E+00   0.00000E+00   0.00000E+00      948.56  0
 1.51611E-02   0.00000E+00   0.00000E+00   0.00000E+00   0.00000E+00      947.24  0
 1.51811E-02   0.00000E+00   0.00000E+00   0.00000E+00   0.00000E+00      945.92  0
 1.52011E-02   0.00000E+00   0.00000E+00   0.00000E+00   0.00000E+00      944.61  0
 1.52211E-02   0.00000E+00   0.00000E+00   0.00000E+00   0.00000E+00      943.30  0
 1.52411E-02   0.00000E+00   0.00000E+00   0.00000E+00   0.00000E+00      942.00  0
 1.52611E-02   0.00000E+00   0.00000E+00   0.00000E+00   0.00000E+00      940.72  0
 1.52811E-02   0.00000E+00   0.00000E+00   0.00000E+00   0.00000E+00      939.45  0
 1.53011E-02   0.00000E+00   0.00000E+00   0.00000E+00   0.00000E+00      938.20  0
 1.53211E-02   0.00000E+00   0.00000E+00   0.00000E+00   0.00000E+00      936.94  0
 1.53411E-02   0.00000E+00   0.00000E+00   0.00000E+00   0.00000E+00      935.70  0
 1.53611E-02   0.00000E+00   0.00000E+00   0.00000E+00   0.00000E+00      934.47  0
 1.53811E-02   0.00000E+00   0.00000E+00   0.00000E+00   0.00000E+00      933.24  0
 1.54011E-02   0.00000E+00   0.00000E+00   0.00000E+00   0.00000E+00      932.02  0
 1.54211E-02   0.00000E+00   0.00000E+00   0.00000E+00   0.00000E+00      930.80  0
 1.54411E-02   0.00000E+00   0.00000E+00   0.00000E+00   0.00000E+00      929.58  0
 1.54611E-02   0.00000E+00   0.00000E+00   0.00000E+00   0.00000E+00      928.37  0
 1.54811E-02   0.00000E+00   0.00000E+00   0.00000E+00   0.00000E+00      927.17  0
 1.55011E-02   0.00000E+00   0.00000E+00   0.00000E+00   0.00000E+00      926.00  0
 1.55211E-02   0.00000E+00   0.00000E+00   0.00000E+00   0.00000E+00      924.83  0
 1.55411E-02   0.00000E+00   0.00000E+00   0.00000E+00   0.00000E+00      923.66  0
 1.55611E-02   0.00000E+00   0.00000E+00   0.00000E+00   0.00000E+00      922.50  0
 1.55811E-02   0.00000E+00   0.00000E+00   0.00000E+00   0.00000E+00      921.34  0
 1.56011E-02   0.00000E+00   0.00000E+00   0.00000E+00   0.00000E+00      920.18  0
 1.56211E-02   0.00000E+00   0.00000E+00   0.00000E+00   0.00000E+00      919.03  0
 1.56411E-02   0.00000E+00   0.00000E+00   0.00000E+00   0.00000E+00      917.89  0
 1.56611E-02   0.00000E+00   0.00000E+00   0.00000E+00   0.00000E+00      916.75  0
 1.56811E-02   0.00000E+00   0.00000E+00   0.00000E+00   0.00000E+00      915.61  0
 1.57011E-02   0.00000E+00   0.00000E+00   0.00000E+00   0.00000E+00      914.47  0
 1.57211E-02   0.00000E+00   0.00000E+00   0.00000E+00   0.00000E+00      913.34  0
 1.57411E-02   0.00000E+00   0.00000E+00   0.00000E+00   0.00000E+00      912.24  0
 1.57611E-02   0.00000E+00   0.00000E+00   0.00000E+00   0.00000E+00      911.14  0
 1.57811E-02   0.00000E+00   0.00000E+00   0.00000E+00   0.00000E+00      910.05  0
 1.58011E-02   0.00000E+00   0.00000E+00   0.00000E+00   0.00000E+00      908.96  0
 1.58211E-02   0.00000E+00   0.00000E+00   0.00000E+00   0.00000E+00      907.87  0
 1.58411E-02   0.00000E+00   0.00000E+00   0.00000E+00   0.00000E+00      906.79  0
 1.58611E-02   0.00000E+00   0.00000E+00   0.00000E+00   0.00000E+00      905.71  0
 1.58811E-02   0.00000E+00   0.00000E+00   0.00000E+00   0.00000E+00      904.64  0
 1.59011E-02   0.00000E+00   0.00000E+00   0.00000E+00   0.00000E+00      903.57  0
 1.59211E-02   0.00000E+00   0.00000E+00   0.00000E+00   0.00000E+00      902.50  0
 1.59411E-02   0.00000E+00   0.00000E+00   0.00000E+00   0.00000E+00      901.44  0
 1.59611E-02   0.00000E+00   0.00000E+00   0.00000E+00   0.00000E+00      900.38  0
 1.59811E-02   0.00000E+00   0.00000E+00   0.00000E+00   0.00000E+00      899.32  0
 1.60011E-02   0.00000E+00   0.00000E+00   0.00000E+00   0.00000E+00      898.27  0
 1.60211E-02   0.00000E+00   0.00000E+00   0.00000E+00   0.00000E+00      897.23  0
 1.60411E-02   0.00000E+00   0.00000E+00   0.00000E+00   0.00000E+00      896.21  0
 1.60611E-02   0.00000E+00   0.00000E+00   0.00000E+00   0.00000E+00      895.19  0
 1.60811E-02   0.00000E+00   0.00000E+00   0.00000E+00   0.00000E+00      894.17  0
 1.61011E-02   0.00000E+00   0.00000E+00   0.00000E+00   0.00000E+00      893.16  0
 1.61211E-02   0.00000E+00   0.00000E+00   0.00000E+00   0.00000E+00      892.15  0
 1.61411E-02   0.00000E+00   0.00000E+00   0.00000E+00   0.00000E+00      891.15  0
 1.61611E-02   0.00000E+00   0.00000E+00   0.00000E+00   0.00000E+00      890.14  0
 1.61811E-02   0.00000E+00   0.00000E+00   0.00000E+00   0.00000E+00      889.15  0
 1.62011E-02   0.00000E+00   0.00000E+00   0.00000E+00   0.00000E+00      888.15  0
 1.62211E-02   0.00000E+00   0.00000E+00   0.00000E+00   0.00000E+00      887.16  0
 1.62411E-02   0.00000E+00   0.00000E+00   0.00000E+00   0.00000E+00      886.17  0
 1.62611E-02   0.00000E+00   0.00000E+00   0.00000E+00   0.00000E+00      885.20  0
 1.62811E-02   0.00000E+00   0.00000E+00   0.00000E+00   0.00000E+00      884.22  0
 1.63011E-02   0.00000E+00   0.00000E+00   0.00000E+00   0.00000E+00      883.25  0
 1.63211E-02   0.00000E+00   0.00000E+00   0.00000E+00   0.00000E+00      882.28  0
 1.63411E-02   0.00000E+00   0.00000E+00   0.00000E+00   0.00000E+00      881.32  0
 1.63611E-02   0.00000E+00   0.00000E+00   0.00000E+00   0.00000E+00      880.37  0
 1.63811E-02   0.00000E+00   0.00000E+00   0.00000E+00   0.00000E+00      879.43  0
 1.64011E-02   0.00000E+00   0.00000E+00   0.00000E+00   0.00000E+00      878.50  0
 1.64211E-02   0.00000E+00   0.00000E+00   0.00000E+00   0.00000E+00      877.56  0
 1.64411E-02   0.00000E+00   0.00000E+00   0.00000E+00   0.00000E+00      876.63  0
 1.64611E-02   0.00000E+00   0.00000E+00   0.00000E+00   0.00000E+00      875.71  0
 1.64810E-02   0.00000E+00   0.00000E+00   0.00000E+00   0.00000E+00      874.78  0
 1.65010E-02   0.00000E+00   0.00000E+00   0.00000E+00   0.00000E+00      873.86  0
 1.65210E-02   0.00000E+00   0.00000E+00   0.00000E+00   0.00000E+00      872.94  0
 1.65410E-02   0.00000E+00   0.00000E+00   0.00000E+00   0.00000E+00      872.02  0
 1.65610E-02   0.00000E+00   0.00000E+00   0.00000E+00   0.00000E+00      871.11  0
 1.65810E-02   0.00000E+00   0.00000E+00   0.00000E+00   0.00000E+00      870.20  0
 1.66010E-02   0.00000E+00   0.00000E+00   0.00000E+00   0.00000E+00      869.29  0
 1.66210E-02   0.00000E+00   0.00000E+00   0.00000E+00   0.00000E+00      868.38  0
 1.66410E-02   0.00000E+00   0.00000E+00   0.00000E+00   0.00000E+00      867.48  0
 1.66610E-02   0.00000E+00   0.00000E+00   0.00000E+00   0.00000E+00      866.58  0
 1.66810E-02   0.00000E+00   0.00000E+00   0.00000E+00   0.00000E+00      865.68  0
 1.67010E-02   0.00000E+00   0.00000E+00   0.00000E+00   0.00000E+00      864.79  0
 1.67210E-02   0.00000E+00   0.00000E+00   0.00000E+00   0.00000E+00      863.89  0
 1.67410E-02   0.00000E+00   0.00000E+00   0.00000E+00   0.00000E+00      863.02  0
