# Melt Pool Geometry History
# time(s)  length(m)  depth(m)  width(m)  volume(m3)  Tpeak(K)  laser_on
 2.10000E-05   0.00000E+00   0.00000E+00   0.00000E+00   7.50260E-14      293.00  1
 4.10000E-05   4.60112E-05   1.03570E-04   4.17496E-05   2.33392E-13     1913.47  1
 6.10000E-05   7.23168E-05   1.08787E-04   5.56978E-05   3.60342E-13     2629.75  1
 8.10000E-05   9.78578E-05   1.10609E-04   6.18862E-05   4.88771E-13     2978.70  1
 1.01000E-04   1.21721E-04   1.11130E-04   6.39583E-05   6.09475E-13     3095.53  1
 1.21000E-04   1.45489E-04   1.11326E-04   6.51580E-05   7.31344E-13     3138.63  1
 1.41000E-04   1.68875E-04   1.11376E-04   6.60232E-05   8.43739E-13     3177.22  1
 1.61000E-04   1.92130E-04   1.11470E-04   6.64563E-05   9.55509E-13     3219.80  1
 1.81000E-04   2.15494E-04   1.11546E-04   6.68831E-05   1.05851E-12     3252.01  1
 2.01000E-04   2.38215E-04   1.11284E-04   6.72792E-05   1.18502E-12     3246.49  1
 2.21000E-04   2.61682E-04   1.10711E-04   7.25833E-05   1.29298E-12     3136.85  1
 2.41000E-04   2.85824E-04   1.10872E-04   7.45213E-05   1.39450E-12     3083.91  1
 2.61000E-04   3.08866E-04   1.10943E-04   7.57086E-05   1.35289E-12     3067.77  0
 2.81000E-04   3.09424E-04   1.08407E-04   8.00683E-05   1.29634E-12     2678.50  0
 3.01000E-04   3.09510E-04   1.04751E-04   8.16283E-05   1.23958E-12     2451.86  0
 3.21000E-04   3.09438E-04   1.01182E-04   8.23330E-05   1.18190E-12     2285.10  0
 3.41000E-04   3.09295E-04   9.75639E-05   8.27264E-05   1.12600E-12     2157.83  0
 3.61000E-04   3.09143E-04   9.27981E-05   8.29271E-05   1.07080E-12     2065.68  0
 3.81000E-04   3.08914E-04   8.81702E-05   8.29782E-05   1.01673E-12     1991.41  0
 4.01000E-04   3.03165E-04   8.34369E-05   8.24308E-05   9.47362E-13     1929.11  0
 4.21000E-04   3.03958E-04   7.90440E-05   8.30767E-05   9.03337E-13     1870.07  0
 4.41000E-04   3.04126E-04   7.46998E-05   8.44943E-05   8.52119E-13     1816.10  0
 4.61000E-04   3.03864E-04   7.08463E-05   8.47348E-05   7.98963E-13     1770.63  0
 4.81000E-04   3.03507E-04   6.74356E-05   8.46127E-05   7.45586E-13     1733.83  0
 5.01000E-04   3.03217E-04   6.31061E-05   8.43359E-05   6.92578E-13     1704.43  0
 5.21000E-04   3.03006E-04   5.90717E-05   8.39970E-05   6.39857E-13     1681.22  0
 5.41000E-04   3.02756E-04   5.55505E-05   8.36784E-05   5.87940E-13     1663.30  0
 5.61000E-04   3.02443E-04   5.26291E-05   8.35599E-05   5.37123E-13     1649.12  0
 5.81000E-04   3.02068E-04   4.87017E-05   8.35992E-05   4.87776E-13     1638.31  0
 6.01000E-04   2.93525E-04   4.45034E-05   7.82346E-05   4.07600E-13     1629.94  0
 6.21000E-04   2.86742E-04   4.24132E-05   8.69439E-05   3.64283E-13     1624.84  0
 6.41000E-04   2.76686E-04   3.89437E-05   8.60209E-05   3.23709E-13     1622.83  0
 6.61000E-04   2.67226E-04   3.67726E-05   8.54437E-05   2.85729E-13     1622.17  0
 6.81000E-04   2.58718E-04   3.39572E-05   8.50374E-05   2.49913E-13     1621.28  0
 7.01000E-04   2.51242E-04   3.26256E-05   8.47227E-05   2.16355E-13     1620.20  0
 7.21000E-04   2.41837E-04   3.16499E-05   8.44580E-05   1.85042E-13     1618.89  0
 7.41000E-04   2.26397E-04   2.91658E-05   8.42190E-05   1.56132E-13     1617.34  0
 7.61000E-04   2.11258E-04   2.75542E-05   8.39840E-05   2.08018E-13     1615.52  1
 7.81000E-04   4.32779E-05   1.02948E-04   4.68568E-05   3.44769E-13     1824.95  1
 8.01000E-04   7.54714E-05   1.08796E-04   5.97804E-05   4.47414E-13     2669.71  1
 8.21000E-04   9.82461E-05   1.10086E-04   6.48854E-05   5.53998E-13     2977.97  1
 8.41000E-04   1.22623E-04   1.10730E-04   6.63939E-05   6.63349E-13     3056.03  1
 8.61000E-04   1.48593E-04   1.10936E-04   6.73980E-05   7.71741E-13     3107.40  1
 8.81000E-04   1.69349E-04   1.11257E-04   6.84347E-05   8.85987E-13     3139.80  1
 9.01000E-04   1.92408E-04   1.11318E-04   7.29689E-05   1.00191E-12     3135.93  1
 9.21000E-04   2.18393E-04   1.11283E-04   7.45259E-05   1.12422E-12     3149.94  1
 9.41000E-04   2.38827E-04   1.11541E-04   7.88420E-05   1.24568E-12     3158.73  1
 9.61000E-04   2.61667E-04   1.11608E-04   8.04767E-05   1.37264E-12     3147.43  1
 9.81000E-04   2.88239E-04   1.11575E-04   8.13688E-05   1.49261E-12     3156.06  1
 1.00100E-03   3.07502E-04   1.11630E-04   8.16784E-05   1.62078E-12     3130.93  1
 1.02100E-03   3.34385E-04   1.11557E-04   8.24915E-05   1.73030E-12     3159.02  1
 1.04100E-03   3.55109E-04   1.11870E-04   8.30744E-05   1.83259E-12     3164.09  1
 1.06100E-03   3.78190E-04   1.11847E-04   8.35910E-05   1.93465E-12     3138.87  1
 1.08100E-03   4.05026E-04   1.11708E-04   8.40085E-05   2.02771E-12     3150.00  1
 1.10100E-03   4.25398E-04   1.11666E-04   8.43458E-05   2.12231E-12     3147.77  1
 1.12100E-03   4.47549E-04   1.11595E-04   8.46299E-05   2.20840E-12     3169.93  1
 1.14100E-03   4.71289E-04   1.11431E-04   8.50141E-05   2.28817E-12     3147.68  1
 1.16100E-03   4.95795E-04   1.11277E-04   8.54303E-05   2.37197E-12     3151.84  1
 1.18100E-03   5.16618E-04   1.11280E-04   8.57906E-05   2.44484E-12     3133.66  1
 1.20100E-03   5.39105E-04   1.11115E-04   8.60814E-05   2.51358E-12     3104.21  1
 1.22100E-03   5.65009E-04   1.10903E-04   8.63131E-05   2.57595E-12     3131.05  1
 1.24100E-03   5.85293E-04   1.11042E-04   8.64617E-05   2.49462E-12     3134.43  0
 1.26100E-03   5.86647E-04   1.08459E-04   8.65614E-05   2.39963E-12     2748.59  0
 1.28100E-03   5.87052E-04   1.04967E-04   8.66030E-05   2.29991E-12     2515.88  0
 1.30100E-03   5.87115E-04   1.02046E-04   8.66179E-05   2.19782E-12     2332.37  0
 1.32100E-03   5.86963E-04   9.78285E-05   8.66114E-05   2.09770E-12     2192.62  0
 1.34100E-03   5.86548E-04   9.33444E-05   8.65170E-05   2.00014E-12     2087.40  0
 1.36100E-03   5.79167E-04   8.88491E-05   8.63447E-05   1.90586E-12     2006.10  0
 1.38100E-03   5.69534E-04   8.46985E-05   8.60955E-05   1.81494E-12     1942.28  0
 1.40100E-03   5.61033E-04   8.04353E-05   8.42377E-05   1.69590E-12     1890.56  0
 1.42100E-03   5.54771E-04   7.71055E-05   8.49803E-05   1.60406E-12     1840.78  0
 1.44100E-03   5.49253E-04   7.30722E-05   8.56740E-05   1.50692E-12     1794.61  0
 1.46100E-03   5.42881E-04   6.89796E-05   8.59649E-05   1.40947E-12     1756.58  0
 1.48100E-03   5.36394E-04   6.54464E-05   8.59111E-05   1.31313E-12     1725.56  0
 1.50100E-03   5.32177E-04   6.27512E-05   8.57494E-05   1.21842E-12     1700.20  0
 1.52100E-03   5.25099E-04   5.89105E-05   8.55750E-05   1.12634E-12     1679.71  0
 1.54100E-03   5.21439E-04   5.60306E-05   8.53781E-05   1.03671E-12     1663.07  0
 1.56100E-03   5.13634E-04   5.32636E-05   8.53460E-05   9.50215E-13     1649.82  0
 1.58100E-03   5.07457E-04   5.00681E-05   8.53811E-05   8.66441E-13     1639.37  0
 1.60100E-03   5.01332E-04   4.78771E-05   8.28226E-05   7.41966E-13     1631.22  0
 1.62100E-03   4.92614E-04   4.47702E-05   8.83907E-05   6.59824E-13     1625.74  0
 1.64100E-03   4.84065E-04   4.29176E-05   8.92477E-05   5.85992E-13     1623.01  0
 1.66100E-03   4.69374E-04   3.99519E-05   8.98478E-05   5.17692E-13     1622.45  0
 1.68100E-03   4.56037E-04   3.81427E-05   9.01142E-05   4.54684E-13     1621.67  0
 1.70100E-03   4.41823E-04   3.54791E-05   9.00552E-05   3.96653E-13     1620.65  0
 1.72100E-03   4.25045E-04   3.35659E-05   8.96267E-05   3.42823E-13     1619.42  0
 1.74100E-03   4.11385E-04   3.15474E-05   8.89474E-05   3.66497E-13     1617.96  1
 1.76100E-03   4.21301E-05   1.03532E-04   4.29160E-05   4.80690E-13     1856.02  1
 1.78100E-03   6.99247E-05   1.08717E-04   6.02287E-05   5.71975E-13     2728.78  1
 1.80100E-03   9.60021E-05   1.09828E-04   6.48944E-05   6.55328E-13     2914.39  1
 1.82100E-03   1.19636E-04   1.10554E-04   7.11505E-05   7.54479E-13     3029.85  1
 1.84100E-03   1.42828E-04   1.10919E-04   7.32632E-05   8.51211E-13     3064.83  1
 1.86100E-03   1.66325E-04   1.10965E-04   7.43989E-05   9.44683E-13     3087.35  1
 1.88100E-03   1.90184E-04   1.11190E-04   7.53162E-05   1.04641E-12     3114.75  1
 1.90100E-03   2.12420E-04   1.11377E-04   7.61336E-05   1.15295E-12     3127.15  1
 1.92100E-03   2.35630E-04   1.11421E-04   7.97897E-05   1.25682E-12     3116.44  1
 1.94100E-03   2.56466E-04   1.11574E-04   8.10901E-05   1.37634E-12     3150.27  1
 1.96100E-03   2.80987E-04   1.11746E-04   8.19209E-05   1.49240E-12     3130.89  1
 1.98100E-03   3.03973E-04   1.11797E-04   8.24513E-05   1.60421E-12     3107.49  1
 2.00100E-03   3.24636E-04   1.11823E-04   8.29971E-05   1.71825E-12     3147.46  1
 2.02100E-03   3.51181E-04   1.11811E-04   8.35734E-05   1.82893E-12     3155.07  1
 2.04100E-03   3.75316E-04   1.12120E-04   8.40250E-05   1.93283E-12     3144.76  1
 2.06100E-03   3.98555E-04   1.12158E-04   8.44141E-05   2.03508E-12     3118.52  1
 2.08100E-03   4.21501E-04   1.12152E-04   8.47535E-05   2.13709E-12     3158.65  1
 2.10100E-03   4.45306E-04   1.12193E-04   8.50373E-05   2.23585E-12     3162.68  1
 2.12100E-03   4.68235E-04   1.12256E-04   8.52987E-05   2.32810E-12     3134.24  1
 2.14100E-03   4.91531E-04   1.12263E-04   8.55299E-05   2.41771E-12     3166.42  1
 2.16100E-03   5.15501E-04   1.12257E-04   8.57537E-05   2.50777E-12     3177.51  1
 2.18100E-03   5.37655E-04   1.12322E-04   8.60279E-05   2.59410E-12     3163.98  1
 2.20100E-03   5.59894E-04   1.12274E-04   8.62887E-05   2.67222E-12     3157.69  1
 2.22100E-03   5.81894E-04   1.12255E-04   8.65710E-05   2.75348E-12     3195.11  1
 2.24100E-03   6.05824E-04   1.12302E-04   8.67840E-05   2.82646E-12     3175.59  1
 2.26100E-03   6.28679E-04   1.12278E-04   8.70327E-05   2.89636E-12     3136.08  1
 2.28100E-03   6.50903E-04   1.12188E-04   8.72780E-05   2.97375E-12     3173.73  1
 2.30100E-03   6.73792E-04   1.12084E-04   8.87520E-05   3.04571E-12     3168.15  1
 2.32100E-03   6.88647E-04   1.12027E-04   8.99124E-05   3.11356E-12     3127.91  1
 2.34100E-03   7.03493E-04   1.11876E-04   9.05095E-05   3.17404E-12     3156.63  1
 2.36100E-03   7.21477E-04   1.11727E-04   9.09490E-05   3.23692E-12     3169.71  1
 2.38100E-03   7.37700E-04   1.11655E-04   9.12832E-05   3.28759E-12     3152.61  1
 2.40100E-03   7.53158E-04   1.11399E-04   9.14685E-05   3.34087E-12     3124.82  1
 2.42100E-03   7.71944E-04   1.11228E-04   9.16785E-05   3.37974E-12     3136.66  1
 2.44100E-03   7.91217E-04   1.11308E-04   9.18864E-05   3.41831E-12     3108.69  1
 2.46100E-03   8.06641E-04   1.11100E-04   9.20925E-05   3.45170E-12     3140.23  1
 2.48100E-03   8.27893E-04   1.11119E-04   9.22316E-05   3.33647E-12     3128.56  0
 2.50100E-03   8.22649E-04   1.08522E-04   9.23887E-05   3.20864E-12     2738.59  0
 2.52100E-03   8.19936E-04   1.05194E-04   9.24713E-05   3.07494E-12     2495.49  0
 2.54100E-03   8.14097E-04   1.02530E-04   9.24931E-05   2.94025E-12     2310.80  0
 2.56100E-03   8.09720E-04   9.80213E-05   9.24508E-05   2.80704E-12     2180.98  0
 2.58100E-03   8.03110E-04   9.36217E-05   9.23617E-05   2.67907E-12     2080.78  0
 2.60100E-03   7.97276E-04   8.90879E-05   9.20448E-05   2.51522E-12     2002.27  0
 2.62100E-03   7.88683E-04   8.51054E-05   9.34378E-05   2.38861E-12     1931.68  0
 2.64100E-03   7.83301E-04   8.12892E-05   9.43777E-05   2.25621E-12     1871.90  0
 2.66100E-03   7.73333E-04   7.77658E-05   9.48388E-05   2.12402E-12     1822.35  0
 2.68100E-03   7.64694E-04   7.34415E-05   9.50454E-05   1.99398E-12     1782.03  0
 2.70100E-03   7.58404E-04   6.94693E-05   9.51339E-05   1.86647E-12     1749.37  0
 2.72100E-03   7.48129E-04   6.62239E-05   9.51631E-05   1.74207E-12     1722.27  0
 2.74100E-03   7.38382E-04   6.30540E-05   9.51657E-05   1.62087E-12     1699.71  0
 2.76100E-03   7.29129E-04   5.93039E-05   9.51866E-05   1.50391E-12     1680.72  0
 2.78100E-03   7.20580E-04   5.67519E-05   9.53127E-05   1.39073E-12     1664.86  0
 2.80100E-03   7.07631E-04   5.34421E-05   9.29086E-05   1.21121E-12     1651.24  0
 2.82100E-03   7.02253E-04   5.05609E-05   9.99249E-05   1.09626E-12     1639.62  0
 2.84100E-03   6.91271E-04   4.82344E-05   1.01053E-04   9.90142E-13     1631.00  0
 2.86100E-03   6.79893E-04   4.52541E-05   1.01857E-04   8.91108E-13     1625.50  0
 2.88100E-03   6.67980E-04   4.31801E-05   1.02316E-04   7.99612E-13     1622.97  0
 2.90100E-03   6.49845E-04   4.03289E-05   1.02412E-04   7.13679E-13     1622.38  0
 2.92100E-03   6.33252E-04   3.83225E-05   1.02213E-04   6.33292E-13     1621.57  0
 2.94100E-03   6.13580E-04   3.58105E-05   1.01809E-04   5.58502E-13     1620.53  0
 2.96100E-03   5.93842E-04   3.37220E-05   1.01172E-04   4.88669E-13     1619.31  0
 2.98100E-03   5.77184E-04   3.18901E-05   1.00320E-04   4.98826E-13     1617.87  1
 3.00100E-03   4.31878E-05   1.03666E-04   4.36586E-05   5.95170E-13     1857.23  1
 3.02100E-03   7.24908E-05   1.08899E-04   5.96460E-05   6.77014E-13     2607.84  1
 3.04100E-03   9.88421E-05   1.10210E-04   6.48295E-05   7.45082E-13     2982.88  1
 3.06100E-03   1.20962E-04   1.10961E-04   6.67186E-05   8.28455E-13     3089.26  1
 3.08100E-03   1.44606E-04   1.11125E-04   7.13838E-05   9.24173E-13     3145.05  1
 3.10100E-03   1.69778E-04   1.11263E-04   7.33185E-05   1.00951E-12     3137.50  1
 3.12100E-03   1.90861E-04   1.11496E-04   7.43752E-05   1.09926E-12     3143.82  1
 3.14100E-03   2.13746E-04   1.11586E-04   7.52433E-05   1.19703E-12     3157.60  1
 3.16100E-03   2.39279E-04   1.11650E-04   7.59735E-05   1.28626E-12     3145.13  1
 3.18100E-03   2.60044E-04   1.11884E-04   7.66259E-05   1.38264E-12     3141.45  1
 3.20100E-03   2.81179E-04   1.11450E-04   7.71653E-05   1.52513E-12     3066.15  1
 3.22100E-03   3.06906E-04   1.11626E-04   8.04571E-05   1.63428E-12     3081.86  1
 3.24100E-03   3.33118E-04   1.11869E-04   8.22134E-05   1.74404E-12     3088.10  1
 3.26100E-03   3.53716E-04   1.12073E-04   8.32113E-05   1.84848E-12     3110.84  1
 3.28100E-03   3.75266E-04   1.12137E-04   8.39801E-05   1.94992E-12     3101.18  1
 3.30100E-03   4.01712E-04   1.12153E-04   8.46694E-05   2.04996E-12     3124.75  1
 3.32100E-03   4.20967E-04   1.12223E-04   8.52867E-05   2.14678E-12     3133.68  1
 3.34100E-03   4.43120E-04   1.12300E-04   8.58236E-05   2.24101E-12     3134.23  1
 3.36100E-03   4.69258E-04   1.12327E-04   8.63216E-05   2.33174E-12     3151.45  1
 3.38100E-03   4.88570E-04   1.12337E-04   8.67756E-05   2.42082E-12     3156.36  1
 3.40100E-03   5.08959E-04   1.12402E-04   8.71712E-05   2.50843E-12     3174.79  1
 3.42100E-03   5.34448E-04   1.12370E-04   8.74888E-05   2.59140E-12     3161.44  1
 3.44100E-03   5.54608E-04   1.12486E-04   8.77528E-05   2.67784E-12     3173.91  1
 3.46100E-03   5.71348E-04   1.12531E-04   8.89461E-05   2.76213E-12     3165.37  1
 3.48100E-03   5.94805E-04   1.12541E-04   8.97475E-05   2.84408E-12     3179.01  1
 3.50099E-03   6.14185E-04   1.12511E-04   9.03741E-05   2.92411E-12     3188.37  1
 3.52099E-03   6.31347E-04   1.12564E-04   9.07989E-05   3.00501E-12     3173.42  1
 3.54099E-03   6.54706E-04   1.12580E-04   9.11722E-05   3.08049E-12     3184.07  1
 3.56099E-03   6.67928E-04   1.12558E-04   9.14191E-05   3.15547E-12     3193.91  1
 3.58099E-03   6.87460E-04   1.12584E-04   9.16399E-05   3.22817E-12     3191.95  1
 3.60099E-03   7.04024E-04   1.12551E-04   9.18315E-05   3.29705E-12     3179.35  1
 3.62099E-03   7.26444E-04   1.12556E-04   9.20519E-05   3.36808E-12     3199.36  1
 3.64099E-03   7.42974E-04   1.12565E-04   9.22909E-05   3.43126E-12     3189.41  1
 3.66099E-03   7.60224E-04   1.12583E-04   9.25005E-05   3.49285E-12     3172.60  1
 3.68099E-03   7.82322E-04   1.12558E-04   9.26497E-05   3.55268E-12     3188.29  1
 3.70099E-03   7.96870E-04   1.12492E-04   9.28231E-05   3.60682E-12     3191.40  1
 3.72099E-03   8.16018E-04   1.12476E-04   9.29728E-05   3.66033E-12     3173.11  1
 3.74099E-03   8.36271E-04   1.12413E-04   9.31794E-05   3.70692E-12     3181.65  1
 3.76099E-03   8.52343E-04   1.12285E-04   9.33371E-05   3.75134E-12     3187.36  1
 3.78099E-03   8.68575E-04   1.12239E-04   9.34390E-05   3.79209E-12     3186.76  1
 3.80099E-03   8.85467E-04   1.12015E-04   9.35062E-05   3.83125E-12     3158.33  1
 3.82099E-03   9.02839E-04   1.11911E-04   9.35579E-05   3.86465E-12     3182.29  1
 3.84099E-03   9.23296E-04   1.11887E-04   9.36723E-05   3.89022E-12     3169.23  1
 3.86099E-03   9.38648E-04   1.11770E-04   9.37978E-05   3.91744E-12     3171.62  1
 3.88099E-03   9.54270E-04   1.11657E-04   9.38912E-05   3.93534E-12     3149.10  1
 3.90099E-03   9.73188E-04   1.11469E-04   9.40352E-05   3.95201E-12     3145.97  1
 3.92099E-03   9.89869E-04   1.11303E-04   9.41207E-05   3.96711E-12     3152.10  1
 3.94099E-03   1.00640E-03   1.11303E-04   9.41231E-05   3.97300E-12     3144.85  1
 3.96099E-03   1.02173E-03   1.11168E-04   9.41168E-05   3.82585E-12     3127.87  0
 3.98099E-03   1.01576E-03   1.08638E-04   9.41379E-05   3.66964E-12     2748.32  0
 4.00099E-03   1.00814E-03   1.05497E-04   9.33414E-05   3.50025E-12     2510.78  0
 4.02099E-03   1.00123E-03   1.02645E-04   9.48800E-05   3.34010E-12     2312.95  0
 4.04099E-03   9.94285E-04   9.82746E-05   9.62259E-05   3.16961E-12     2160.88  0
 4.06099E-03   9.84092E-04   9.39074E-05   9.68440E-05   3.00027E-12     2048.70  0
 4.08099E-03   9.75005E-04   8.98560E-05   9.70938E-05   2.83363E-12     1966.59  0
 4.10099E-03   9.67847E-04   8.58883E-05   9.72159E-05   2.67252E-12     1902.79  0
 4.12099E-03   9.56646E-04   8.25390E-05   9.71496E-05   2.51651E-12     1853.04  0
 4.14099E-03   9.46374E-04   7.80919E-05   9.70698E-05   2.36462E-12     1812.47  0
 4.16100E-03   9.37348E-04   7.38931E-05   9.69975E-05   2.21745E-12     1779.19  0
 4.18100E-03   9.28923E-04   7.01040E-05   9.68723E-05   2.07500E-12     1750.95  0
 4.20100E-03   9.16103E-04   6.57727E-05   9.48889E-05   1.84470E-12     1727.04  0
 4.22100E-03   9.04013E-04   6.29088E-05   1.02066E-04   1.69357E-12     1704.35  0
 4.24100E-03   8.91310E-04   5.92640E-05   1.02485E-04   1.54910E-12     1683.81  0
 4.26100E-03   8.78272E-04   5.67225E-05   1.02778E-04   1.41197E-12     1665.97  0
 4.28100E-03   8.62024E-04   5.36553E-05   1.02979E-04   1.28151E-12     1651.24  0
 4.30100E-03   8.45105E-04   5.09006E-05   1.03118E-04   1.15766E-12     1639.79  0
 4.32100E-03   8.30101E-04   4.84565E-05   1.03203E-04   1.04084E-12     1631.42  0
 4.34100E-03   8.09985E-04   4.57223E-05   1.03247E-04   9.31088E-13     1625.87  0
 4.36100E-03   7.92292E-04   4.34819E-05   1.03298E-04   8.28006E-13     1623.12  0
 4.38100E-03   7.72760E-04   4.09230E-05   1.03324E-04   7.31784E-13     1622.50  0
 4.40100E-03   7.48511E-04   3.82178E-05   9.86738E-05   6.13616E-13     1621.60  0
 4.42100E-03   7.16604E-04   3.57668E-05   1.03744E-04   5.27741E-13     1620.59  0
 4.44100E-03   6.68182E-04   3.37255E-05   1.03680E-04   4.50419E-13     1619.36  0
 4.46100E-03   6.30085E-04   3.19519E-05   1.03250E-04   4.52862E-13     1617.92  1
 4.48100E-03   4.36890E-05   1.03402E-04   4.15279E-05   5.50548E-13     1847.87  1
 4.50100E-03   7.22330E-05   1.09059E-04   5.98467E-05   6.28786E-13     2664.78  1
 4.52100E-03   9.85141E-05   1.10314E-04   6.51083E-05   7.08751E-13     2980.45  1
 4.54100E-03   1.22636E-04   1.10886E-04   7.02286E-05   7.98772E-13     3061.63  1
 4.56100E-03   1.44558E-04   1.11161E-04   7.24244E-05   8.86281E-13     3109.56  1
 4.58100E-03   1.69167E-04   1.11405E-04   7.36372E-05   9.77394E-13     3106.78  1
 4.60100E-03   1.91496E-04   1.10934E-04   7.50280E-05   1.09856E-12     3043.95  1
 4.62100E-03   2.13852E-04   1.11136E-04   7.93048E-05   1.20507E-12     3064.31  1
 4.64100E-03   2.37180E-04   1.11581E-04   8.11318E-05   1.31097E-12     3072.82  1
 4.66100E-03   2.60087E-04   1.11721E-04   8.21776E-05   1.41828E-12     3054.71  1
 4.68100E-03   2.82921E-04   1.11767E-04   8.29680E-05   1.52935E-12     3095.20  1
 4.70100E-03   3.06428E-04   1.11952E-04   8.36082E-05   1.64133E-12     3109.35  1
 4.72100E-03   3.29070E-04   1.12051E-04   8.41536E-05   1.75071E-12     3110.50  1
 4.74100E-03   3.52406E-04   1.12085E-04   8.46309E-05   1.85773E-12     3133.65  1
 4.76100E-03   3.76157E-04   1.12166E-04   8.50363E-05   1.96204E-12     3147.20  1
 4.78100E-03   3.98245E-04   1.12267E-04   8.53626E-05   2.06424E-12     3147.24  1
 4.80100E-03   4.21637E-04   1.12306E-04   8.56791E-05   2.16094E-12     3154.26  1
 4.82100E-03   4.42713E-04   1.12324E-04   8.59936E-05   2.26349E-12     3175.58  1
 4.84100E-03   4.67458E-04   1.12416E-04   8.62993E-05   2.35905E-12     3152.45  1
 4.86100E-03   4.90794E-04   1.12466E-04   8.65988E-05   2.44477E-12     3142.60  1
 4.88100E-03   5.12445E-04   1.12496E-04   8.69217E-05   2.53821E-12     3179.35  1
 4.90100E-03   5.36918E-04   1.12520E-04   8.72263E-05   2.62430E-12     3165.91  1
 4.92100E-03   5.60082E-04   1.12567E-04   8.75072E-05   2.70949E-12     3140.12  1
 4.94100E-03   5.82168E-04   1.12596E-04   8.87889E-05   2.80295E-12     3183.02  1
 4.96100E-03   6.06309E-04   1.12580E-04   8.99623E-05   2.88885E-12     3178.80  1
 4.98100E-03   6.29265E-04   1.12634E-04   9.06450E-05   2.97073E-12     3145.35  1
 5.00100E-03   6.49799E-04   1.12618E-04   9.10641E-05   3.04999E-12     3183.01  1
 5.02100E-03   6.71695E-04   1.12605E-04   9.13474E-05   3.13334E-12     3199.91  1
 5.04100E-03   6.89480E-04   1.12679E-04   9.16152E-05   3.20850E-12     3177.58  1
 5.06100E-03   7.05638E-04   1.12712E-04   9.20006E-05   3.27810E-12     3149.21  1
 5.08100E-03   7.21476E-04   1.12728E-04   9.23093E-05   3.35278E-12     3191.37  1
 5.10100E-03   7.38035E-04   1.12696E-04   9.25587E-05   3.41856E-12     3186.26  1
 5.12100E-03   7.56262E-04   1.12719E-04   9.27914E-05   3.48338E-12     3152.14  1
 5.14100E-03   7.72109E-04   1.12744E-04   9.30050E-05   3.54822E-12     3193.38  1
 5.16100E-03   7.89517E-04   1.12719E-04   9.32835E-05   3.60954E-12     3195.48  1
 5.18100E-03   8.07760E-04   1.12726E-04   9.34784E-05   3.66723E-12     3171.13  1
 5.20100E-03   8.21578E-04   1.12716E-04   9.36468E-05   3.72245E-12     3187.96  1
 5.22100E-03   8.38951E-04   1.12713E-04   9.38248E-05   3.78082E-12     3206.96  1
 5.24100E-03   8.59316E-04   1.12719E-04   9.39292E-05   3.82957E-12     3176.99  1
 5.26100E-03   8.74517E-04   1.12745E-04   9.40119E-05   3.87563E-12     3160.37  1
 5.28100E-03   8.92233E-04   1.12751E-04   9.40296E-05   3.92571E-12     3204.83  1
 5.30100E-03   9.09328E-04   1.12707E-04   9.41413E-05   3.96795E-12     3191.77  1
 5.32100E-03   9.26817E-04   1.12706E-04   9.41875E-05   4.00523E-12     3155.51  1
 5.34100E-03   9.43246E-04   1.12709E-04   9.42624E-05   4.05007E-12     3197.89  1
 5.36100E-03   9.60434E-04   1.12661E-04   9.44536E-05   4.08148E-12     3193.24  1
 5.38100E-03   9.78363E-04   1.12631E-04   9.45789E-05   4.11250E-12     3158.74  1
 5.40100E-03   9.93171E-04   1.12566E-04   9.46255E-05   4.14672E-12     3164.83  1
 5.42100E-03   1.00853E-03   1.12489E-04   9.47685E-05   4.17165E-12     3192.64  1
 5.44100E-03   1.02678E-03   1.12542E-04   9.48909E-05   4.19309E-12     3194.97  1
 5.46101E-03   1.04097E-03   1.12453E-04   9.49559E-05   4.21395E-12     3195.67  1
 5.48101E-03   1.05916E-03   1.12345E-04   9.49645E-05   4.22945E-12     3158.66  1
 5.50101E-03   1.07207E-03   1.12225E-04   9.50387E-05   4.24011E-12     3179.68  1
 5.52101E-03   1.09097E-03   1.12067E-04   9.50997E-05   4.25104E-12     3195.15  1
 5.54101E-03   1.10316E-03   1.11991E-04   9.51232E-05   4.25530E-12     3159.14  1
 5.56101E-03   1.11789E-03   1.11876E-04   9.51585E-05   4.25606E-12     3156.15  1
 5.58101E-03   1.13339E-03   1.11684E-04   9.51808E-05   4.25784E-12     3176.55  1
 5.60101E-03   1.15296E-03   1.11490E-04   9.51776E-05   4.25880E-12     3154.49  1
 5.62101E-03   1.16836E-03   1.11451E-04   9.52302E-05   4.24925E-12     3079.29  1
 5.64101E-03   1.18618E-03   1.11446E-04   9.52330E-05   4.23791E-12     3103.42  1
 5.66101E-03   1.19924E-03   1.11206E-04   9.51511E-05   4.22701E-12     3136.25  1
 5.68101E-03   1.21891E-03   1.11259E-04   9.50653E-05   4.06456E-12     3123.50  0
 5.70101E-03   1.21053E-03   1.08636E-04   9.50065E-05   3.89074E-12     2730.53  0
 5.72101E-03   1.20289E-03   1.05490E-04   9.48673E-05   3.71257E-12     2491.95  0
 5.74101E-03   1.19646E-03   1.02708E-04   9.46404E-05   3.53372E-12     2312.14  0
 5.76101E-03   1.18559E-03   9.82332E-05   9.43370E-05   3.36031E-12     2184.31  0
 5.78101E-03   1.17468E-03   9.39751E-05   9.39782E-05   3.19178E-12     2085.30  0
 5.80101E-03   1.16030E-03   8.96047E-05   9.28115E-05   2.98655E-12     2008.68  0
 5.82101E-03   1.14731E-03   8.59881E-05   9.37805E-05   2.82329E-12     1937.19  0
 5.84101E-03   1.13238E-03   8.25725E-05   9.48875E-05   2.65324E-12     1874.66  0
 5.86101E-03   1.11560E-03   7.82091E-05   9.52711E-05   2.48583E-12     1824.13  0
 5.88101E-03   1.08535E-03   7.41077E-05   9.54100E-05   2.32256E-12     1783.34  0
 5.90101E-03   1.04606E-03   7.04444E-05   9.54270E-05   2.16394E-12     1750.51  0
 5.92101E-03   1.02098E-03   6.76434E-05   9.53721E-05   2.01050E-12     1723.33  0
 5.94101E-03   9.98083E-04   6.36292E-05   9.52851E-05   1.86208E-12     1701.13  0
 5.96101E-03   9.75960E-04   6.03128E-05   9.51841E-05   1.71865E-12     1682.53  0
 5.98101E-03   9.53842E-04   5.78193E-05   9.51305E-05   1.58092E-12     1666.89  0
 6.00101E-03   9.28395E-04   5.39633E-05   9.26091E-05   1.36142E-12     1653.20  0
 6.02101E-03   9.09658E-04   5.15682E-05   1.01063E-04   1.21812E-12     1642.10  0
 6.04101E-03   8.84441E-04   4.87396E-05   1.01491E-04   1.08688E-12     1633.56  0
 6.06101E-03   8.58533E-04   4.61999E-05   1.01552E-04   9.66026E-13     1627.43  0
 6.08101E-03   8.32337E-04   4.36848E-05   1.01292E-04   8.54697E-13     1623.78  0
 6.10101E-03   8.02407E-04   4.12866E-05   1.00811E-04   7.51485E-13     1622.70  0
 6.12101E-03   7.70188E-04   3.88412E-05   1.00187E-04   6.56642E-13     1622.03  0
 6.14101E-03   7.39773E-04   3.68279E-05   9.93640E-05   5.69048E-13     1621.09  0
 6.16101E-03   7.06446E-04   3.42022E-05   9.84108E-05   4.88614E-13     1619.90  0
 6.18101E-03   6.73532E-04   3.26905E-05   9.73342E-05   5.06600E-13     1618.49  1
 6.20101E-03   3.72349E-05   1.02885E-04   3.80540E-05   5.88036E-13     1795.36  1
 6.22101E-03   7.48277E-05   1.09366E-04   5.95308E-05   6.72615E-13     2659.79  1
 6.24101E-03   9.79097E-05   1.10955E-04   6.53836E-05   7.54573E-13     2976.08  1
 6.26101E-03   1.22578E-04   1.11630E-04   6.68671E-05   8.35568E-13     3055.00  1
 6.28101E-03   1.48462E-04   1.11960E-04   6.79224E-05   9.24056E-13     3118.52  1
 6.30101E-03   1.69848E-04   1.12134E-04   6.90543E-05   1.02655E-12     3152.33  1
 6.32101E-03   1.93291E-04   1.12205E-04   7.39479E-05   1.14169E-12     3151.10  1
 6.34101E-03   2.19276E-04   1.12239E-04   7.92467E-05   1.26451E-12     3173.00  1
 6.36101E-03   2.39864E-04   1.12321E-04   8.12395E-05   1.38296E-12     3178.95  1
 6.38101E-03   2.62673E-04   1.12390E-04   8.23167E-05   1.50573E-12     3162.64  1
 6.40101E-03   2.88024E-04   1.12384E-04   8.31361E-05   1.62322E-12     3170.15  1
 6.42101E-03   3.12330E-04   1.12370E-04   8.38587E-05   1.74544E-12     3193.44  1
 6.44101E-03   3.34566E-04   1.12538E-04   8.45076E-05   1.86561E-12     3202.45  1
 6.46101E-03   3.56521E-04   1.12575E-04   8.50543E-05   1.98010E-12     3171.27  1
 6.48101E-03   3.83001E-04   1.12588E-04   8.55267E-05   2.09529E-12     3187.01  1
 6.50101E-03   4.03571E-04   1.12567E-04   8.59955E-05   2.20449E-12     3192.89  1
 6.52101E-03   4.25653E-04   1.12627E-04   8.64702E-05   2.30912E-12     3177.55  1
 6.54101E-03   4.52126E-04   1.12655E-04   8.69470E-05   2.42005E-12     3190.37  1
 6.56101E-03   4.72444E-04   1.12631E-04   8.89489E-05   2.53169E-12     3198.86  1
 6.58101E-03   4.94354E-04   1.12676E-04   9.01822E-05   2.63610E-12     3176.85  1
 6.60101E-03   5.21031E-04   1.12661E-04   9.07629E-05   2.73503E-12     3178.65  1
 6.62101E-03   5.43354E-04   1.12664E-04   9.12043E-05   2.84185E-12     3203.10  1
 6.64101E-03   5.64143E-04   1.12712E-04   9.16647E-05   2.93623E-12     3211.37  1
 6.66101E-03   5.83654E-04   1.12751E-04   9.20299E-05   3.02862E-12     3175.36  1
 6.68101E-03   6.08839E-04   1.12761E-04   9.23367E-05   3.12148E-12     3191.85  1
 6.70101E-03   6.28105E-04   1.12728E-04   9.26083E-05   3.20440E-12     3197.69  1
 6.72101E-03   6.48649E-04   1.12759E-04   9.28306E-05   3.28600E-12     3182.21  1
 6.74101E-03   6.69888E-04   1.12782E-04   9.30412E-05   3.36681E-12     3193.07  1
 6.76101E-03   6.87274E-04   1.12753E-04   9.33080E-05   3.44358E-12     3201.51  1
 6.78102E-03   7.08363E-04   1.12768E-04   9.35044E-05   3.51514E-12     3184.05  1
 6.80102E-03   7.34107E-04   1.12761E-04   9.36413E-05   3.58426E-12     3182.59  1
 6.82102E-03   7.50474E-04   1.12756E-04   9.38424E-05   3.65234E-12     3195.45  1
 6.84102E-03   7.67457E-04   1.12772E-04   9.39543E-05   3.71591E-12     3209.44  1
 6.86102E-03   7.87725E-04   1.12805E-04   9.40629E-05   3.77308E-12     3182.28  1
 6.88102E-03   8.07338E-04   1.12808E-04   9.41757E-05   3.83455E-12     3202.23  1
 6.90102E-03   8.25776E-04   1.12770E-04   9.43627E-05   3.88735E-12     3201.08  1
 6.92102E-03   8.42802E-04   1.12785E-04   9.45008E-05   3.93886E-12     3184.28  1
 6.94102E-03   8.65756E-04   1.12797E-04   9.45748E-05   3.98970E-12     3202.02  1
 6.96102E-03   8.82322E-04   1.12759E-04   9.46739E-05   4.03567E-12     3205.42  1
 6.98102E-03   8.99818E-04   1.12757E-04   9.47731E-05   4.07889E-12     3188.48  1
 7.00102E-03   9.23794E-04   1.12753E-04   9.49154E-05   4.12338E-12     3194.58  1
 7.02102E-03   9.36274E-04   1.12669E-04   9.51010E-05   4.15678E-12     3180.72  1
 7.04102E-03   9.56123E-04   1.12744E-04   9.52127E-05   4.18882E-12     3200.48  1
 7.06102E-03   9.79568E-04   1.12740E-04   9.52656E-05   4.22582E-12     3210.39  1
 7.08102E-03   9.91899E-04   1.12677E-04   9.52915E-05   4.25065E-12     3205.27  1
 7.10102E-03   1.01219E-03   1.12645E-04   9.53719E-05   4.27470E-12     3183.70  1
 7.12102E-03   1.03353E-03   1.12621E-04   9.54095E-05   4.29832E-12     3199.88  1
 7.14102E-03   1.04761E-03   1.12551E-04   9.54663E-05   4.31774E-12     3202.99  1
 7.16102E-03   1.06781E-03   1.12498E-04   9.55377E-05   4.18207E-12     3186.07  0
 7.18102E-03   1.06339E-03   1.10569E-04   9.56121E-05   4.02998E-12     2778.06  0
 7.20102E-03   1.05999E-03   1.08404E-04   9.49468E-05   3.88050E-12     2516.58  0
 7.22102E-03   1.05956E-03   1.05303E-04   9.61532E-05   3.71753E-12     2324.44  0
 7.24102E-03   1.05086E-03   1.02800E-04   9.82013E-05   3.54287E-12     2187.14  0
 7.26102E-03   1.04744E-03   9.89751E-05   9.90934E-05   3.36764E-12     2084.05  0
 7.28102E-03   1.03890E-03   9.56585E-05   9.96059E-05   3.19521E-12     2005.50  0
 7.30102E-03   1.03475E-03   9.28248E-05   9.98507E-05   3.02664E-12     1944.69  0
 7.32102E-03   1.02543E-03   8.88953E-05   9.99221E-05   2.86298E-12     1895.22  0
 7.34102E-03   1.02062E-03   8.54565E-05   9.99019E-05   2.70422E-12     1854.27  0
 7.36102E-03   1.00962E-03   8.27675E-05   9.97591E-05   2.54971E-12     1819.80  0
 7.38102E-03   9.98301E-04   7.88752E-05   9.95286E-05   2.40013E-12     1789.76  0
 7.40102E-03   9.83938E-04   7.51149E-05   9.82626E-05   2.17319E-12     1763.32  0
 7.42102E-03   9.69366E-04   7.27963E-05   1.02473E-04   2.01859E-12     1737.61  0
 7.44102E-03   9.49803E-04   6.92313E-05   1.03021E-04   1.86929E-12     1713.79  0
 7.46102E-03   9.32183E-04   6.67523E-05   1.03371E-04   1.72582E-12     1692.52  0
 7.48102E-03   9.11037E-04   6.37150E-05   1.03624E-04   1.58876E-12     1674.42  0
 7.50102E-03   8.90618E-04   6.10048E-05   1.03820E-04   1.45805E-12     1659.61  0
 7.52102E-03   8.69847E-04   5.84468E-05   1.03981E-04   1.33342E-12     1647.71  0
 7.54102E-03   8.47082E-04   5.56697E-05   1.04111E-04   1.21569E-12     1638.30  0
 7.56102E-03   8.22094E-04   5.33987E-05   1.04208E-04   1.10428E-12     1631.23  0
 7.58102E-03   7.96410E-04   5.06447E-05   1.04280E-04   9.99517E-13     1626.29  0
 7.60102E-03   7.69104E-04   4.80382E-05   1.00890E-04   8.60861E-13     1623.45  0
 7.62102E-03   7.43787E-04   4.53261E-05   1.06116E-04   7.60207E-13     1622.72  0
 7.64102E-03   7.16543E-04   4.34089E-05   1.06210E-04   6.68521E-13     1622.18  0
 7.66102E-03   6.90765E-04   4.09562E-05   1.05944E-04   6.76354E-13     1621.47  1
 7.68102E-03   4.38946E-05   1.05171E-04   4.14837E-05   7.67041E-13     1877.78  1
 7.70102E-03   7.25975E-05   1.09852E-04   6.10180E-05   8.44029E-13     2675.56  1
 7.72102E-03   9.84424E-05   1.11281E-04   6.87719E-05   9.24560E-13     2964.81  1
 7.74102E-03   1.22738E-04   1.11944E-04   7.16345E-05   1.01119E-12     3059.90  1
 7.76102E-03   1.45003E-04   1.12219E-04   7.32568E-05   1.09512E-12     3110.73  1
 7.78102E-03   1.69385E-04   1.12377E-04   7.43056E-05   1.18190E-12     3120.82  1
 7.80102E-03   1.91648E-04   1.12046E-04   7.61055E-05   1.30173E-12     3052.86  1
 7.82102E-03   2.14271E-04   1.12087E-04   8.02181E-05   1.40108E-12     3077.87  1
 7.84102E-03   2.37596E-04   1.12308E-04   8.20577E-05   1.49889E-12     3089.77  1
 7.86102E-03   2.60370E-04   1.12416E-04   8.31677E-05   1.59724E-12     3082.82  1
 7.88102E-03   2.83448E-04   1.12464E-04   8.40692E-05   1.69910E-12     3118.20  1
 7.90102E-03   3.07039E-04   1.12458E-04   8.48431E-05   1.80142E-12     3133.13  1
 7.92102E-03   3.29455E-04   1.12526E-04   8.55315E-05   1.90457E-12     3132.28  1
 7.94102E-03   3.52823E-04   1.12559E-04   8.61696E-05   2.00649E-12     3150.20  1
 7.96102E-03   3.73638E-04   1.12559E-04   8.67705E-05   2.11376E-12     3176.27  1
 7.98102E-03   3.98557E-04   1.12586E-04   8.73114E-05   2.21883E-12     3157.88  1
 8.00102E-03   4.21357E-04   1.12592E-04   8.77754E-05   2.32480E-12     3140.71  1
 8.02102E-03   4.43398E-04   1.12622E-04   8.94838E-05   2.43713E-12     3187.46  1
 8.04102E-03   4.67560E-04   1.12634E-04   9.08843E-05   2.54606E-12     3178.80  1
 8.06102E-03   4.90503E-04   1.12680E-04   9.15285E-05   2.64699E-12     3146.71  1
 8.08102E-03   5.12837E-04   1.12704E-04   9.19489E-05   2.75139E-12     3187.28  1
 8.10102E-03   5.36833E-04   1.12677E-04   9.22933E-05   2.84885E-12     3183.67  1
 8.12102E-03   5.59665E-04   1.12705E-04   9.25780E-05   2.94090E-12     3152.52  1
 8.14102E-03   5.82533E-04   1.12736E-04   9.28063E-05   3.03379E-12     3188.39  1
 8.16103E-03   6.06498E-04   1.12714E-04   9.30137E-05   3.12134E-12     3188.64  1
 8.18103E-03   6.29029E-04   1.12728E-04   9.32036E-05   3.20546E-12     3171.72  1
 8.20103E-03   6.51257E-04   1.12724E-04   9.33637E-05   3.27948E-12     3183.06  1
 8.22103E-03   6.72882E-04   1.12725E-04   9.35126E-05   3.36135E-12     3205.92  1
 8.24103E-03   6.96821E-04   1.12735E-04   9.36282E-05   3.43553E-12     3177.00  1
 8.26103E-03   7.13900E-04   1.12770E-04   9.37153E-05   3.50662E-12     3153.76  1
 8.28103E-03   7.32726E-04   1.12781E-04   9.38359E-05   3.57833E-12     3194.97  1
 8.30103E-03   7.52961E-04   1.12743E-04   9.39212E-05   3.64352E-12     3193.89  1
 8.32103E-03   7.70437E-04   1.12751E-04   9.39798E-05   3.70333E-12     3160.54  1
 8.34103E-03   7.90952E-04   1.12760E-04   9.40080E-05   3.76804E-12     3198.18  1
 8.36103E-03   8.08388E-04   1.12717E-04   9.41405E-05   3.82244E-12     3195.11  1
 8.38103E-03   8.28254E-04   1.12687E-04   9.43121E-05   3.87419E-12     3157.31  1
 8.40103E-03   8.44658E-04   1.12568E-04   9.39619E-05   3.80392E-12     3173.12  0
 8.42103E-03   8.46406E-04   1.10705E-04   9.58683E-05   3.68223E-12     2711.44  0
 8.44103E-03   8.42107E-04   1.08632E-04   9.80849E-05   3.53830E-12     2450.76  0
 8.46103E-03   8.41304E-04   1.05804E-04   9.91879E-05   3.39041E-12     2282.81  0
 8.48103E-03   8.36578E-04   1.03156E-04   9.98976E-05   3.23987E-12     2163.99  0
 8.50103E-03   8.31166E-04   9.94749E-05   1.00372E-04   3.09241E-12     2072.56  0
 8.52103E-03   8.28764E-04   9.67684E-05   1.00579E-04   2.94728E-12     2002.66  0
 8.54103E-03   8.21362E-04   9.33037E-05   1.00697E-04   2.80488E-12     1946.08  0
 8.56103E-03   8.18323E-04   8.95528E-05   1.00713E-04   2.66610E-12     1900.14  0
 8.58103E-03   8.11975E-04   8.69163E-05   1.00650E-04   2.53104E-12     1861.69  0
 8.60103E-03   8.04331E-04   8.31307E-05   9.98316E-05   2.31898E-12     1827.74  0
 8.62103E-03   8.00231E-04   7.96145E-05   1.02899E-04   2.17696E-12     1793.46  0
 8.64103E-03   7.96441E-04   7.72233E-05   1.03491E-04   2.03778E-12     1761.80  0
 8.66103E-03   7.89247E-04   7.37284E-05   1.03854E-04   1.90234E-12     1733.59  0
 8.68103E-03   7.85317E-04   7.07846E-05   1.04115E-04   1.77125E-12     1709.46  0
 8.70103E-03   7.77085E-04   6.82218E-05   1.04323E-04   1.64470E-12     1689.21  0
 8.72103E-03   7.71840E-04   6.50973E-05   1.04494E-04   1.52312E-12     1672.86  0
 8.74103E-03   7.60177E-04   6.29355E-05   1.04638E-04   1.40600E-12     1659.19  0
 8.76103E-03   7.50684E-04   5.97168E-05   1.04760E-04   1.29369E-12     1648.12  0
 8.78103E-03   7.42945E-04   5.78247E-05   1.04858E-04   1.18664E-12     1639.14  0
 8.80103E-03   7.29095E-04   5.43458E-05   1.02316E-04   1.03795E-12     1631.64  0
 8.82103E-03   7.15256E-04   5.26626E-05   1.07652E-04   9.31907E-13     1626.56  0
 8.84103E-03   6.97635E-04   4.95444E-05   1.07990E-04   8.34581E-13     1623.63  0
 8.86103E-03   6.79788E-04   4.78525E-05   1.07930E-04   7.44649E-13     1622.79  0
 8.88103E-03   6.61322E-04   4.49429E-05   1.07547E-04   6.61724E-13     1622.33  0
 8.90103E-03   6.36308E-04   4.32042E-05   1.06795E-04   6.74301E-13     1621.70  1
 8.92103E-03   4.56204E-05   1.04736E-04   4.13483E-05   7.72061E-13     1861.30  1
 8.94103E-03   7.58504E-05   1.09801E-04   6.09533E-05   8.47914E-13     2708.25  1
 8.96103E-03   9.91658E-05   1.11195E-04   6.89728E-05   9.35613E-13     2982.90  1
 8.98103E-03   1.23730E-04   1.11834E-04   7.18775E-05   1.02805E-12     3095.04  1
 9.00103E-03   1.46365E-04   1.11671E-04   7.41163E-05   1.11140E-12     3036.21  1
 9.02103E-03   1.74252E-04   1.11800E-04   7.91473E-05   1.20592E-12     3045.26  1
 9.04103E-03   1.94648E-04   1.12243E-04   8.11549E-05   1.30218E-12     3116.27  1
 9.06103E-03   2.17872E-04   1.12324E-04   8.23679E-05   1.40025E-12     3101.13  1
 9.08103E-03   2.44733E-04   1.12331E-04   8.33572E-05   1.49571E-12     3109.30  1
 9.10103E-03   2.64960E-04   1.12338E-04   8.41591E-05   1.59561E-12     3127.11  1
 9.12103E-03   2.87728E-04   1.12413E-04   8.48541E-05   1.69595E-12     3143.22  1
 9.14103E-03   3.14989E-04   1.12443E-04   8.54927E-05   1.79361E-12     3148.12  1
 9.16103E-03   3.35426E-04   1.12424E-04   8.60558E-05   1.89742E-12     3151.50  1
 9.18103E-03   3.57449E-04   1.12502E-04   8.65975E-05   1.99692E-12     3182.32  1
 9.20103E-03   3.80182E-04   1.12484E-04   8.70650E-05   2.09262E-12     3157.46  1
 9.22103E-03   4.06205E-04   1.12507E-04   8.75086E-05   2.19927E-12     3183.22  1
 9.24103E-03   4.27219E-04   1.12553E-04   8.90660E-05   2.30521E-12     3185.31  1
 9.26103E-03   4.50284E-04   1.12599E-04   9.04307E-05   2.41121E-12     3170.42  1
 9.28103E-03   4.76333E-04   1.12610E-04   9.11730E-05   2.51705E-12     3184.72  1
 9.30103E-03   4.96442E-04   1.12579E-04   9.16958E-05   2.61830E-12     3191.96  1
 9.32103E-03   5.17031E-04   1.12615E-04   9.20512E-05   2.71672E-12     3168.38  1
 9.34103E-03   5.39407E-04   1.12627E-04   9.23803E-05   2.81232E-12     3182.59  1
 9.36103E-03   5.58638E-04   1.12592E-04   9.26575E-05   2.90440E-12     3186.31  1
 9.38103E-03   5.80206E-04   1.12590E-04   9.28898E-05   2.83958E-12     3190.78  0
 9.40103E-03   5.80225E-04   1.10501E-04   9.32413E-05   2.78041E-12     2777.72  0
 9.42103E-03   5.81458E-04   1.08383E-04   9.51631E-05   2.69712E-12     2496.20  0
 9.44103E-03   5.77111E-04   1.05265E-04   9.72126E-05   2.59691E-12     2305.46  0
 9.46104E-03   5.75485E-04   1.02797E-04   9.81357E-05   2.49067E-12     2174.26  0
 9.48104E-03   5.73482E-04   9.88769E-05   9.87363E-05   2.38564E-12     2081.78  0
 9.50104E-03   5.67556E-04   9.58553E-05   9.91132E-05   2.28263E-12     2010.93  0
 9.52104E-03   5.65213E-04   9.29641E-05   9.93233E-05   2.18382E-12     1954.11  0
 9.54104E-03   5.61097E-04   8.92160E-05   9.94005E-05   2.08819E-12     1907.46  0
 9.56104E-03   5.56092E-04   8.64230E-05   9.93633E-05   1.99391E-12     1865.05  0
 9.58104E-03   5.53437E-04   8.32269E-05   9.92367E-05   1.90065E-12     1825.43  0
 9.60104E-03   5.45824E-04   7.89636E-05   9.77180E-05   1.73768E-12     1790.47  0
 9.62104E-03   5.44191E-04   7.61511E-05   1.02990E-04   1.63400E-12     1756.45  0
 9.64104E-03   5.38535E-04   7.31997E-05   1.03549E-04   1.53272E-12     1727.45  0
 9.66104E-03   5.35979E-04   6.99717E-05   1.03958E-04   1.43404E-12     1702.00  0
 9.68104E-03   5.29925E-04   6.78778E-05   1.04278E-04   1.33804E-12     1680.58  0
 9.70104E-03   5.25871E-04   6.44921E-05   1.04540E-04   1.24531E-12     1663.23  0
 9.72104E-03   5.19227E-04   6.26593E-05   1.04760E-04   1.15609E-12     1649.77  0
 9.74104E-03   5.13362E-04   5.92975E-05   1.04942E-04   1.07056E-12     1639.47  0
 9.76104E-03   5.04556E-04   5.75347E-05   1.05087E-04   9.88881E-13     1632.21  0
 9.78104E-03   4.96846E-04   5.41892E-05   1.05201E-04   9.10993E-13     1627.18  0
 9.80104E-03   4.89581E-04   5.15234E-05   1.02539E-04   8.03511E-13     1623.94  0
 9.82104E-03   4.81443E-04   4.88632E-05   1.05792E-04   7.26754E-13     1622.85  0
 9.84104E-03   4.74165E-04   4.68505E-05   1.05969E-04   6.56462E-13     1622.41  0
 9.86104E-03   4.65739E-04   4.40858E-05   1.05688E-04   5.90880E-13     1621.82  0
 9.88104E-03   4.55712E-04   4.25606E-05   1.05031E-04   6.15108E-13     1621.07  1
 9.90104E-03   4.36751E-05   1.03945E-04   4.85359E-05   7.25342E-13     1834.21  1
 9.92104E-03   7.19042E-05   1.09361E-04   5.93074E-05   8.13990E-13     2637.31  1
 9.94104E-03   9.83866E-05   1.10852E-04   6.50861E-05   9.00181E-13     2948.05  1
 9.96104E-03   1.23096E-04   1.11514E-04   6.66319E-05   9.80772E-13     3036.01  1
 9.98104E-03   1.45127E-04   1.11793E-04   6.77411E-05   1.07270E-12     3122.10  1
 1.00010E-02   1.69444E-04   1.11920E-04   6.90046E-05   1.17663E-12     3111.95  1
 1.00210E-02   1.93216E-04   1.11891E-04   7.38495E-05   1.27896E-12     3078.23  1
 1.00410E-02   2.17522E-04   1.12202E-04   7.91777E-05   1.37748E-12     3111.34  1
 1.00610E-02   2.40453E-04   1.12246E-04   8.10447E-05   1.48009E-12     3085.21  1
 1.00810E-02   2.63307E-04   1.12238E-04   8.22339E-05   1.58325E-12     3124.55  1
 1.01010E-02   2.86960E-04   1.12243E-04   8.31416E-05   1.68504E-12     3137.95  1
 1.01210E-02   3.09575E-04   1.12287E-04   8.39083E-05   1.63321E-12     3128.23  0
 1.01410E-02   3.10354E-04   1.10234E-04   8.46252E-05   1.57026E-12     2740.91  0
 1.01610E-02   3.10567E-04   1.08280E-04   8.53169E-05   1.50388E-12     2502.86  0
 1.01810E-02   3.10617E-04   1.04995E-04   8.59764E-05   1.44223E-12     2332.57  0
 1.02010E-02   3.08558E-04   1.02603E-04   8.80350E-05   1.38229E-12     2207.84  0
 1.02210E-02   3.12920E-04   9.85923E-05   8.96534E-05   1.32861E-12     2116.14  0
 1.02410E-02   3.13807E-04   9.52191E-05   9.03619E-05   1.27657E-12     2042.57  0
 1.02610E-02   3.13973E-04   9.26362E-05   9.07367E-05   1.22623E-12     1981.77  0
 1.02810E-02   3.13945E-04   8.86351E-05   9.09318E-05   1.17623E-12     1927.03  0
 1.03010E-02   3.13842E-04   8.53317E-05   9.09799E-05   1.12649E-12     1879.45  0
 1.03210E-02   3.13664E-04   8.27461E-05   9.08992E-05   1.07644E-12     1836.95  0
 1.03410E-02   3.13415E-04   7.89492E-05   9.07182E-05   1.02667E-12     1799.73  0
 1.03610E-02   3.13121E-04   7.60928E-05   9.04476E-05   9.76467E-13     1768.09  0
 1.03810E-02   3.12833E-04   7.32574E-05   9.01037E-05   9.26246E-13     1741.11  0
 1.04010E-02   3.12650E-04   6.99283E-05   8.97043E-05   8.76009E-13     1717.77  0
 1.04210E-02   3.12509E-04   6.77514E-05   8.92604E-05   8.25951E-13     1697.66  0
 1.04410E-02   3.12326E-04   6.43135E-05   8.87966E-05   7.76138E-13     1681.19  0
 1.04610E-02   3.12059E-04   6.22936E-05   8.83376E-05   7.26634E-13     1667.15  0
 1.04810E-02   3.10915E-04   5.89573E-05   8.79115E-05   6.78038E-13     1655.30  0
 1.05010E-02   3.05304E-04   5.67317E-05   8.75683E-05   6.30432E-13     1645.53  0
 1.05210E-02   3.02799E-04   5.38730E-05   8.74531E-05   5.84008E-13     1637.61  0
 1.05410E-02   3.02010E-04   5.17271E-05   8.74687E-05   5.39167E-13     1631.44  0
 1.05610E-02   3.01281E-04   4.89416E-05   8.75305E-05   4.96092E-13     1626.95  0
 1.05810E-02   2.93045E-04   4.70470E-05   8.75946E-05   4.55114E-13     1624.13  0
 1.06010E-02   2.88842E-04   4.41772E-05   8.76603E-05   4.15871E-13     1622.95  0
 1.06210E-02   2.80723E-04   4.26690E-05   8.77210E-05   3.78724E-13     1622.63  0
 1.06410E-02   2.72489E-04   3.98904E-05   8.77734E-05   3.43393E-13     1622.17  0
 1.06610E-02   2.64544E-04   3.84122E-05   8.78137E-05   3.09892E-13     1621.58  0
 1.06810E-02   2.53125E-04   3.65420E-05   8.78386E-05   2.78189E-13     1620.85  0
 1.07010E-02   2.40530E-04   3.44689E-05   8.78456E-05   2.48089E-13     1619.98  0
 1.07210E-02   2.33069E-04   3.38083E-05   8.78294E-05   2.19879E-13     1618.97  0
 1.07410E-02   2.26509E-04   3.35924E-05   8.77874E-05   1.93142E-13     1617.79  0
 1.07610E-02   2.15199E-04   3.33803E-05   8.77118E-05   1.68237E-13     1616.45  0
 1.07810E-02   2.02487E-04   3.31750E-05   8.76015E-05   1.45065E-13     1615.01  0
 1.08010E-02   1.93153E-04   3.29760E-05   8.74506E-05   1.23767E-13     1613.44  0
 1.08210E-02   1.81860E-04   3.27743E-05   8.72420E-05   1.04132E-13     1611.71  0
 1.08410E-02   1.73254E-04   3.25650E-05   8.69677E-05   8.63365E-14     1609.82  0
 1.08610E-02   1.63859E-04   3.01060E-05   8.66295E-05   7.03304E-14     1607.75  0
 1.08810E-02   1.55987E-04   2.82336E-05   8.61363E-05   5.61765E-14     1605.68  0
 1.09010E-02   1.48692E-04   2.58621E-05   8.21122E-05   4.37767E-14     1603.54  0
 1.09210E-02   1.46376E-04   2.39526E-05   7.58807E-05   3.30717E-14     1601.22  0
 1.09410E-02   1.43520E-04   2.25572E-05   6.77876E-05   2.40175E-14     1598.70  0
 1.09610E-02   1.34470E-04   1.99673E-05   6.11056E-05   1.65471E-14     1595.97  0
 1.09810E-02   1.20177E-04   1.84936E-05   5.57242E-05   1.06622E-14     1593.09  0
 1.10010E-02   1.06752E-04   1.65371E-05   4.73269E-05   6.16936E-15     1590.06  0
 1.10210E-02   9.15384E-05   1.42361E-05   3.96064E-05   2.99257E-15     1586.60  0
 1.10410E-02   7.34440E-05   1.26585E-05   3.26243E-05   1.04453E-15     1582.63  0
 1.10610E-02   5.38497E-05   9.21189E-06   2.29594E-05   1.11924E-16     1577.47  0
 1.10810E-02   2.94253E-05   5.17105E-06   8.94268E-06   0.00000E+00     1569.35  0
 1.11010E-02   0.00000E+00   0.00000E+00   0.00000E+00   0.00000E+00     1539.46  0
 1.11210E-02   0.00000E+00   0.00000E+00   0.00000E+00   0.00000E+00     1509.68  0
 1.11410E-02   0.00000E+00   0.00000E+00   0.00000E+00   0.00000E+00     1500.10  0
 1.11610E-02   0.00000E+00   0.00000E+00   0.00000E+00   0.00000E+00     1489.82  0
 1.11810E-02   0.00000E+00   0.00000E+00   0.00000E+00   0.00000E+00     1479.17  0
 1.12010E-02   0.00000E+00   0.00000E+00   0.00000E+00   0.00000E+00     1468.33  0
 1.12210E-02   0.00000E+00   0.00000E+00   0.00000E+00   0.00000E+00     1457.43  0
 1.12410E-02   0.00000E+00   0.00000E+00   0.00000E+00   0.00000E+00     1446.55  0
 1.12610E-02   0.00000E+00   0.00000E+00   0.00000E+00   0.00000E+00     1435.73  0
 1.12810E-02   0.00000E+00   0.00000E+00   0.00000E+00   0.00000E+00     1425.03  0
 1.13010E-02   0.00000E+00   0.00000E+00   0.00000E+00   0.00000E+00     1414.45  0
 1.13210E-02   0.00000E+00   0.00000E+00   0.00000E+00   0.00000E+00     1404.02  0
 1.13410E-02   0.00000E+00   0.00000E+00   0.00000E+00   0.00000E+00     1393.77  0
 1.13610E-02   0.00000E+00   0.00000E+00   0.00000E+00   0.00000E+00     1383.68  0
 1.13810E-02   0.00000E+00   0.00000E+00   0.00000E+00   0.00000E+00     1373.76  0
 1.14010E-02   0.00000E+00   0.00000E+00   0.00000E+00   0.00000E+00     1364.01  0
 1.14210E-02   0.00000E+00   0.00000E+00   0.00000E+00   0.00000E+00     1354.43  0
 1.14411E-02   0.00000E+00   0.00000E+00   0.00000E+00   0.00000E+00     1345.03  0
 1.14611E-02   0.00000E+00   0.00000E+00   0.00000E+00   0.00000E+00     1335.79  0
 1.14811E-02   0.00000E+00   0.00000E+00   0.00000E+00   0.00000E+00     1326.71  0
 1.15011E-02   0.00000E+00   0.00000E+00   0.00000E+00   0.00000E+00     1319.67  0
 1.15211E-02   0.00000E+00   0.00000E+00   0.00000E+00   0.00000E+00     1313.37  0
 1.15411E-02   0.00000E+00   0.00000E+00   0.00000E+00   0.00000E+00     1307.06  0
 1.15611E-02   0.00000E+00   0.00000E+00   0.00000E+00   0.00000E+00     1300.74  0
 1.15811E-02   0.00000E+00   0.00000E+00   0.00000E+00   0.00000E+00     1294.42  0
 1.16011E-02   0.00000E+00   0.00000E+00   0.00000E+00   0.00000E+00     1288.10  0
 1.16211E-02   0.00000E+00   0.00000E+00   0.00000E+00   0.00000E+00     1281.80  0
 1.16411E-02   0.00000E+00   0.00000E+00   0.00000E+00   0.00000E+00     1275.53  0
 1.16611E-02   0.00000E+00   0.00000E+00   0.00000E+00   0.00000E+00     1269.28  0
 1.16811E-02   0.00000E+00   0.00000E+00   0.00000E+00   0.00000E+00     1263.06  0
 1.17011E-02   0.00000E+00   0.00000E+00   0.00000E+00   0.00000E+00     1256.88  0
 1.17211E-02   0.00000E+00   0.00000E+00   0.00000E+00   0.00000E+00     1250.74  0
 1.17411E-02   0.00000E+00   0.00000E+00   0.00000E+00   0.00000E+00     1244.64  0
 1.17611E-02   0.00000E+00   0.00000E+00   0.00000E+00   0.00000E+00     1238.59  0
 1.17811E-02   0.00000E+00   0.00000E+00   0.00000E+00   0.00000E+00     1232.59  0
 1.18011E-02   0.00000E+00   0.00000E+00   0.00000E+00   0.00000E+00     1226.64  0
 1.18211E-02   0.00000E+00   0.00000E+00   0.00000E+00   0.00000E+00     1220.74  0
 1.18411E-02   0.00000E+00   0.00000E+00   0.00000E+00   0.00000E+00     1214.90  0
 1.18611E-02   0.00000E+00   0.00000E+00   0.00000E+00   0.00000E+00     1209.11  0
 1.18811E-02   0.00000E+00   0.00000E+00   0.00000E+00   0.00000E+00     1203.39  0
 1.19011E-02   0.00000E+00   0.00000E+00   0.00000E+00   0.00000E+00     1197.72  0
 1.19211E-02   0.00000E+00   0.00000E+00   0.00000E+00   0.00000E+00     1192.11  0
 1.19411E-02   0.00000E+00   0.00000E+00   0.00000E+00   0.00000E+00     1186.56  0
 1.19611E-02   0.00000E+00   0.00000E+00   0.00000E+00   0.00000E+00     1181.07  0
 1.19811E-02   0.00000E+00   0.00000E+00   0.00000E+00   0.00000E+00     1175.64  0
 1.20011E-02   0.00000E+00   0.00000E+00   0.00000E+00   0.00000E+00     1170.28  0
 1.20211E-02   0.00000E+00   0.00000E+00   0.00000E+00   0.00000E+00     1164.97  0
 1.20411E-02   0.00000E+00   0.00000E+00   0.00000E+00   0.00000E+00     1159.73  0
 1.20611E-02   0.00000E+00   0.00000E+00   0.00000E+00   0.00000E+00     1154.55  0
 1.20811E-02   0.00000E+00   0.00000E+00   0.00000E+00   0.00000E+00     1149.43  0
 1.21011E-02   0.00000E+00   0.00000E+00   0.00000E+00   0.00000E+00     1144.37  0
 1.21211E-02   0.00000E+00   0.00000E+00   0.00000E+00   0.00000E+00     1139.38  0
 1.21411E-02   0.00000E+00   0.00000E+00   0.00000E+00   0.00000E+00     1134.44  0
 1.21611E-02   0.00000E+00   0.00000E+00   0.00000E+00   0.00000E+00     1129.57  0
 1.21811E-02   0.00000E+00   0.00000E+00   0.00000E+00   0.00000E+00     1124.75  0
 1.22011E-02   0.00000E+00   0.00000E+00   0.00000E+00   0.00000E+00     1120.00  0
 1.22211E-02   0.00000E+00   0.00000E+00   0.00000E+00   0.00000E+00     1115.30  0
 1.22411E-02   0.00000E+00   0.00000E+00   0.00000E+00   0.00000E+00     1110.67  0
 1.22611E-02   0.00000E+00   0.00000E+00   0.00000E+00   0.00000E+00     1106.08  0
 1.22811E-02   0.00000E+00   0.00000E+00   0.00000E+00   0.00000E+00     1101.56  0
 1.23011E-02   0.00000E+00   0.00000E+00   0.00000E+00   0.00000E+00     1097.09  0
 1.23211E-02   0.00000E+00   0.00000E+00   0.00000E+00   0.00000E+00     1092.68  0
 1.23411E-02   0.00000E+00   0.00000E+00   0.00000E+00   0.00000E+00     1088.32  0
 1.23611E-02   0.00000E+00   0.00000E+00   0.00000E+00   0.00000E+00     1084.02  0
 1.23811E-02   0.00000E+00   0.00000E+00   0.00000E+00   0.00000E+00     1079.77  0
 1.24011E-02   0.00000E+00   0.00000E+00   0.00000E+00   0.00000E+00     1075.57  0
 1.24211E-02   0.00000E+00   0.00000E+00   0.00000E+00   0.00000E+00     1071.43  0
 1.24411E-02   0.00000E+00   0.00000E+00   0.00000E+00   0.00000E+00     1067.33  0
 1.24611E-02   0.00000E+00   0.00000E+00   0.00000E+00   0.00000E+00     1063.29  0
 1.24811E-02   0.00000E+00   0.00000E+00   0.00000E+00   0.00000E+00     1059.29  0
 1.25011E-02   0.00000E+00   0.00000E+00   0.00000E+00   0.00000E+00     1055.34  0
 1.25211E-02   0.00000E+00   0.00000E+00   0.00000E+00   0.00000E+00     1051.45  0
 1.25411E-02   0.00000E+00   0.00000E+00   0.00000E+00   0.00000E+00     1047.60  0
 1.25611E-02   0.00000E+00   0.00000E+00   0.00000E+00   0.00000E+00     1043.79  0
 1.25811E-02   0.00000E+00   0.00000E+00   0.00000E+00   0.00000E+00     1040.04  0
 1.26011E-02   0.00000E+00   0.00000E+00   0.00000E+00   0.00000E+00     1036.33  0
 1.26211E-02   0.00000E+00   0.00000E+00   0.00000E+00   0.00000E+00     1032.66  0
 1.26411E-02   0.00000E+00   0.00000E+00   0.00000E+00   0.00000E+00     1029.04  0
 1.26611E-02   0.00000E+00   0.00000E+00   0.00000E+00   0.00000E+00     1025.46  0
 1.26811E-02   0.00000E+00   0.00000E+00   0.00000E+00   0.00000E+00     1021.92  0
 1.27011E-02   0.00000E+00   0.00000E+00   0.00000E+00   0.00000E+00     1018.43  0
 1.27211E-02   0.00000E+00   0.00000E+00   0.00000E+00   0.00000E+00     1014.97  0
 1.27411E-02   0.00000E+00   0.00000E+00   0.00000E+00   0.00000E+00     1011.56  0
 1.27611E-02   0.00000E+00   0.00000E+00   0.00000E+00   0.00000E+00     1008.19  0
 1.27811E-02   0.00000E+00   0.00000E+00   0.00000E+00   0.00000E+00     1004.96  0
 1.28011E-02   0.00000E+00   0.00000E+00   0.00000E+00   0.00000E+00     1002.15  0
 1.28211E-02   0.00000E+00   0.00000E+00   0.00000E+00   0.00000E+00      999.37  0
 1.28411E-02   0.00000E+00   0.00000E+00   0.00000E+00   0.00000E+00      996.61  0
 1.28611E-02   0.00000E+00   0.00000E+00   0.00000E+00   0.00000E+00      993.88  0
 1.28811E-02   0.00000E+00   0.00000E+00   0.00000E+00   0.00000E+00      991.17  0
 1.29011E-02   0.00000E+00   0.00000E+00   0.00000E+00   0.00000E+00      988.49  0
 1.29211E-02   0.00000E+00   0.00000E+00   0.00000E+00   0.00000E+00      985.83  0
 1.29411E-02   0.00000E+00   0.00000E+00   0.00000E+00   0.00000E+00      983.19  0
 1.29611E-02   0.00000E+00   0.00000E+00   0.00000E+00   0.00000E+00      980.58  0
 1.29811E-02   0.00000E+00   0.00000E+00   0.00000E+00   0.00000E+00      977.99  0
 1.30011E-02   0.00000E+00   0.00000E+00   0.00000E+00   0.00000E+00      975.43  0
 1.30211E-02   0.00000E+00   0.00000E+00   0.00000E+00   0.00000E+00      972.88  0
 1.30411E-02   0.00000E+00   0.00000E+00   0.00000E+00   0.00000E+00      970.36  0
 1.30611E-02   0.00000E+00   0.00000E+00   0.00000E+00   0.00000E+00      967.86  0
 1.30811E-02   0.00000E+00   0.00000E+00   0.00000E+00   0.00000E+00      965.38  0
 1.31011E-02   0.00000E+00   0.00000E+00   0.00000E+00   0.00000E+00      962.93  0
 1.31211E-02   0.00000E+00   0.00000E+00   0.00000E+00   0.00000E+00      960.49  0
 1.31411E-02   0.00000E+00   0.00000E+00   0.00000E+00   0.00000E+00      958.08  0
 1.31611E-02   0.00000E+00   0.00000E+00   0.00000E+00   0.00000E+00      955.69  0
 1.31811E-02   0.00000E+00   0.00000E+00   0.00000E+00   0.00000E+00      953.32  0
 1.32011E-02   0.00000E+00   0.00000E+00   0.00000E+00   0.00000E+00      951.44  0
 1.32211E-02   0.00000E+00   0.00000E+00   0.00000E+00   0.00000E+00      949.69  0
 1.32411E-02   0.00000E+00   0.00000E+00   0.00000E+00   0.00000E+00      947.94  0
 1.32611E-02   0.00000E+00   0.00000E+00   0.00000E+00   0.00000E+00      946.21  0
 1.32811E-02   0.00000E+00   0.00000E+00   0.00000E+00   0.00000E+00      944.48  0
 1.33011E-02   0.00000E+00   0.00000E+00   0.00000E+00   0.00000E+00      942.77  0
 1.33211E-02   0.00000E+00   0.00000E+00   0.00000E+00   0.00000E+00      941.06  0
 1.33411E-02   0.00000E+00   0.00000E+00   0.00000E+00   0.00000E+00      939.36  0
 1.33611E-02   0.00000E+00   0.00000E+00   0.00000E+00   0.00000E+00      937.67  0
 1.33811E-02   0.00000E+00   0.00000E+00   0.00000E+00   0.00000E+00      936.05  0
 1.34011E-02   0.00000E+00   0.00000E+00   0.00000E+00   0.00000E+00      934.52  0
 1.34211E-02   0.00000E+00   0.00000E+00   0.00000E+00   0.00000E+00      932.99  0
 1.34411E-02   0.00000E+00   0.00000E+00   0.00000E+00   0.00000E+00      931.47  0
 1.34611E-02   0.00000E+00   0.00000E+00   0.00000E+00   0.00000E+00      929.96  0
 1.34811E-02   0.00000E+00   0.00000E+00   0.00000E+00   0.00000E+00      928.45  0
 1.35011E-02   0.00000E+00   0.00000E+00   0.00000E+00   0.00000E+00      926.95  0
 1.35211E-02   0.00000E+00   0.00000E+00   0.00000E+00   0.00000E+00      925.46  0
 1.35411E-02   0.00000E+00   0.00000E+00   0.00000E+00   0.00000E+00      923.98  0
 1.35611E-02   0.00000E+00   0.00000E+00   0.00000E+00   0.00000E+00      922.50  0
 1.35811E-02   0.00000E+00   0.00000E+00   0.00000E+00   0.00000E+00      921.03  0
 1.36011E-02   0.00000E+00   0.00000E+00   0.00000E+00   0.00000E+00      919.57  0
 1.36211E-02   0.00000E+00   0.00000E+00   0.00000E+00   0.00000E+00      918.11  0
 1.36411E-02   0.00000E+00   0.00000E+00   0.00000E+00   0.00000E+00      916.66  0
 1.36611E-02   0.00000E+00   0.00000E+00   0.00000E+00   0.00000E+00      915.22  0
 1.36811E-02   0.00000E+00   0.00000E+00   0.00000E+00   0.00000E+00      913.78  0
 1.37011E-02   0.00000E+00   0.00000E+00   0.00000E+00   0.00000E+00      912.35  0
 1.37211E-02   0.00000E+00   0.00000E+00   0.00000E+00   0.00000E+00      910.93  0
 1.37411E-02   0.00000E+00   0.00000E+00   0.00000E+00   0.00000E+00      909.52  0
 1.37611E-02   0.00000E+00   0.00000E+00   0.00000E+00   0.00000E+00      908.11  0
 1.37811E-02   0.00000E+00   0.00000E+00   0.00000E+00   0.00000E+00      906.71  0
 1.38011E-02   0.00000E+00   0.00000E+00   0.00000E+00   0.00000E+00      905.32  0
 1.38211E-02   0.00000E+00   0.00000E+00   0.00000E+00   0.00000E+00      903.94  0
 1.38411E-02   0.00000E+00   0.00000E+00   0.00000E+00   0.00000E+00      902.56  0
 1.38611E-02   0.00000E+00   0.00000E+00   0.00000E+00   0.00000E+00      901.19  0
 1.38811E-02   0.00000E+00   0.00000E+00   0.00000E+00   0.00000E+00      899.83  0
 1.39011E-02   0.00000E+00   0.00000E+00   0.00000E+00   0.00000E+00      898.47  0
 1.39211E-02   0.00000E+00   0.00000E+00   0.00000E+00   0.00000E+00      897.12  0
 1.39411E-02   0.00000E+00   0.00000E+00   0.00000E+00   0.00000E+00      895.78  0
 1.39611E-02   0.00000E+00   0.00000E+00   0.00000E+00   0.00000E+00      894.44  0
 1.39811E-02   0.00000E+00   0.00000E+00   0.00000E+00   0.00000E+00      893.11  0
 1.40011E-02   0.00000E+00   0.00000E+00   0.00000E+00   0.00000E+00      891.78  0
 1.40211E-02   0.00000E+00   0.00000E+00   0.00000E+00   0.00000E+00      890.46  0
 1.40411E-02   0.00000E+00   0.00000E+00   0.00000E+00   0.00000E+00      889.15  0
 1.40611E-02   0.00000E+00   0.00000E+00   0.00000E+00   0.00000E+00      887.84  0
 1.40811E-02   0.00000E+00   0.00000E+00   0.00000E+00   0.00000E+00      886.54  0
 1.41011E-02   0.00000E+00   0.00000E+00   0.00000E+00   0.00000E+00      885.24  0
 1.41211E-02   0.00000E+00   0.00000E+00   0.00000E+00   0.00000E+00      883.95  0
 1.41411E-02   0.00000E+00   0.00000E+00   0.00000E+00   0.00000E+00      882.67  0
 1.41611E-02   0.00000E+00   0.00000E+00   0.00000E+00   0.00000E+00      881.39  0
 1.41811E-02   0.00000E+00   0.00000E+00   0.00000E+00   0.00000E+00      880.11  0
 1.42011E-02   0.00000E+00   0.00000E+00   0.00000E+00   0.00000E+00      878.85  0
 1.42211E-02   0.00000E+00   0.00000E+00   0.00000E+00   0.00000E+00      877.59  0
 1.42411E-02   0.00000E+00   0.00000E+00   0.00000E+00   0.00000E+00      876.33  0
 1.42611E-02   0.00000E+00   0.00000E+00   0.00000E+00   0.00000E+00      875.08  0
 1.42811E-02   0.00000E+00   0.00000E+00   0.00000E+00   0.00000E+00      873.83  0
 1.43011E-02   0.00000E+00   0.00000E+00   0.00000E+00   0.00000E+00      872.59  0
 1.43211E-02   0.00000E+00   0.00000E+00   0.00000E+00   0.00000E+00      871.36  0
 1.43411E-02   0.00000E+00   0.00000E+00   0.00000E+00   0.00000E+00      870.13  0
 1.43611E-02   0.00000E+00   0.00000E+00   0.00000E+00   0.00000E+00      868.91  0
 1.43811E-02   0.00000E+00   0.00000E+00   0.00000E+00   0.00000E+00      867.69  0
 1.44011E-02   0.00000E+00   0.00000E+00   0.00000E+00   0.00000E+00      866.48  0
 1.44211E-02   0.00000E+00   0.00000E+00   0.00000E+00   0.00000E+00      865.27  0
 1.44411E-02   0.00000E+00   0.00000E+00   0.00000E+00   0.00000E+00      864.07  0
 1.44611E-02   0.00000E+00   0.00000E+00   0.00000E+00   0.00000E+00      862.87  0
 1.44811E-02   0.00000E+00   0.00000E+00   0.00000E+00   0.00000E+00      861.68  0
 1.45011E-02   0.00000E+00   0.00000E+00   0.00000E+00   0.00000E+00      860.50  0
 1.45211E-02   0.00000E+00   0.00000E+00   0.00000E+00   0.00000E+00      859.32  0
 1.45411E-02   0.00000E+00   0.00000E+00   0.00000E+00   0.00000E+00      858.14  0
 1.45611E-02   0.00000E+00   0.00000E+00   0.00000E+00   0.00000E+00      856.97  0
 1.45811E-02   0.00000E+00   0.00000E+00   0.00000E+00   0.00000E+00      855.80  0
 1.46011E-02   0.00000E+00   0.00000E+00   0.00000E+00   0.00000E+00      854.65  0
 1.46211E-02   0.00000E+00   0.00000E+00   0.00000E+00   0.00000E+00      853.50  0
 1.46411E-02   0.00000E+00   0.00000E+00   0.00000E+00   0.00000E+00      852.35  0
 1.46611E-02   0.00000E+00   0.00000E+00   0.00000E+00   0.00000E+00      851.21  0
 1.46811E-02   0.00000E+00   0.00000E+00   0.00000E+00   0.00000E+00      850.08  0
 1.47011E-02   0.00000E+00   0.00000E+00   0.00000E+00   0.00000E+00      848.95  0
 1.47211E-02   0.00000E+00   0.00000E+00   0.00000E+00   0.00000E+00      847.83  0
 1.47411E-02   0.00000E+00   0.00000E+00   0.00000E+00   0.00000E+00      846.71  0
 1.47611E-02   0.00000E+00   0.00000E+00   0.00000E+00   0.00000E+00      845.70  0
 1.47811E-02   0.00000E+00   0.00000E+00   0.00000E+00   0.00000E+00      844.73  0
 1.48011E-02   0.00000E+00   0.00000E+00   0.00000E+00   0.00000E+00      843.78  0
 1.48211E-02   0.00000E+00   0.00000E+00   0.00000E+00   0.00000E+00      842.83  0
 1.48411E-02   0.00000E+00   0.00000E+00   0.00000E+00   0.00000E+00      841.89  0
 1.48611E-02   0.00000E+00   0.00000E+00   0.00000E+00   0.00000E+00      840.95  0
 1.48811E-02   0.00000E+00   0.00000E+00   0.00000E+00   0.00000E+00      840.01  0
 1.49011E-02   0.00000E+00   0.00000E+00   0.00000E+00   0.00000E+00      839.08  0
 1.49211E-02   0.00000E+00   0.00000E+00   0.00000E+00   0.00000E+00      838.14  0
 1.49411E-02   0.00000E+00   0.00000E+00   0.00000E+00   0.00000E+00      837.22  0
 1.49611E-02   0.00000E+00   0.00000E+00   0.00000E+00   0.00000E+00      836.29  0
 1.49811E-02   0.00000E+00   0.00000E+00   0.00000E+00   0.00000E+00      835.37  0
 1.50011E-02   0.00000E+00   0.00000E+00   0.00000E+00   0.00000E+00      834.45  0
 1.50211E-02   0.00000E+00   0.00000E+00   0.00000E+00   0.00000E+00      833.55  0
 1.50411E-02   0.00000E+00   0.00000E+00   0.00000E+00   0.00000E+00      832.65  0
 1.50611E-02   0.00000E+00   0.00000E+00   0.00000E+00   0.00000E+00      831.76  0
 1.50811E-02   0.00000E+00   0.00000E+00   0.00000E+00   0.00000E+00      830.87  0
 1.51011E-02   0.00000E+00   0.00000E+00   0.00000E+00   0.00000E+00      829.98  0
 1.51211E-02   0.00000E+00   0.00000E+00   0.00000E+00   0.00000E+00      829.09  0
 1.51411E-02   0.00000E+00   0.00000E+00   0.00000E+00   0.00000E+00      828.21  0
 1.51611E-02   0.00000E+00   0.00000E+00   0.00000E+00   0.00000E+00      827.33  0
 1.51811E-02   0.00000E+00   0.00000E+00   0.00000E+00   0.00000E+00      826.45  0
 1.52011E-02   0.00000E+00   0.00000E+00   0.00000E+00   0.00000E+00      825.58  0
 1.52211E-02   0.00000E+00   0.00000E+00   0.00000E+00   0.00000E+00      824.70  0
 1.52411E-02   0.00000E+00   0.00000E+00   0.00000E+00   0.00000E+00      823.83  0
 1.52611E-02   0.00000E+00   0.00000E+00   0.00000E+00   0.00000E+00      822.97  0
 1.52811E-02   0.00000E+00   0.00000E+00   0.00000E+00   0.00000E+00      822.11  0
 1.53011E-02   0.00000E+00   0.00000E+00   0.00000E+00   0.00000E+00      821.27  0
 1.53211E-02   0.00000E+00   0.00000E+00   0.00000E+00   0.00000E+00      820.42  0
 1.53411E-02   0.00000E+00   0.00000E+00   0.00000E+00   0.00000E+00      819.58  0
 1.53611E-02   0.00000E+00   0.00000E+00   0.00000E+00   0.00000E+00      818.75  0
 1.53811E-02   0.00000E+00   0.00000E+00   0.00000E+00   0.00000E+00      817.91  0
 1.54011E-02   0.00000E+00   0.00000E+00   0.00000E+00   0.00000E+00      817.08  0
 1.54211E-02   0.00000E+00   0.00000E+00   0.00000E+00   0.00000E+00      816.25  0
 1.54411E-02   0.00000E+00   0.00000E+00   0.00000E+00   0.00000E+00      815.42  0
 1.54611E-02   0.00000E+00   0.00000E+00   0.00000E+00   0.00000E+00      814.60  0
 1.54811E-02   0.00000E+00   0.00000E+00   0.00000E+00   0.00000E+00      813.78  0
 1.55011E-02   0.00000E+00   0.00000E+00   0.00000E+00   0.00000E+00      812.96  0
 1.55211E-02   0.00000E+00   0.00000E+00   0.00000E+00   0.00000E+00      812.14  0
 1.55411E-02   0.00000E+00   0.00000E+00   0.00000E+00   0.00000E+00      811.32  0
 1.55611E-02   0.00000E+00   0.00000E+00   0.00000E+00   0.00000E+00      810.51  0
 1.55811E-02   0.00000E+00   0.00000E+00   0.00000E+00   0.00000E+00      809.71  0
 1.56011E-02   0.00000E+00   0.00000E+00   0.00000E+00   0.00000E+00      808.91  0
 1.56211E-02   0.00000E+00   0.00000E+00   0.00000E+00   0.00000E+00      808.13  0
