# Melt Pool Geometry History
# time(s)  length(m)  depth(m)  width(m)  volume(m3)  Tpeak(K)  laser_on
 2.10000E-05   0.00000E+00   0.00000E+00   0.00000E+00   7.78046E-14      293.00  1
 4.10000E-05   4.34893E-05   1.01199E-04   3.46166E-05   2.32091E-13     1815.49  1
 6.10000E-05   7.02644E-05   1.08028E-04   5.99178E-05   3.50929E-13     2538.60  1
 8.10000E-05   9.71644E-05   1.09477E-04   6.58923E-05   4.65202E-13     2907.66  1
 1.01000E-04   1.21397E-04   1.10058E-04   6.81063E-05   5.89045E-13     3027.32  1
 1.21000E-04   1.44638E-04   1.10335E-04   7.35388E-05   7.15341E-13     3077.08  1
 1.41000E-04   1.67642E-04   1.10393E-04   7.60040E-05   8.34508E-13     3083.34  1
 1.61000E-04   1.90630E-04   1.10386E-04   7.69419E-05   9.54001E-13     3097.88  1
 1.81000E-04   2.13297E-04   1.10384E-04   7.74805E-05   1.07107E-12     3110.44  1
 2.01000E-04   2.35522E-04   1.10247E-04   7.78657E-05   1.05569E-12     3122.04  0
 2.21000E-04   2.39760E-04   1.08143E-04   8.56832E-05   1.02004E-12     2650.98  0
 2.41000E-04   2.40087E-04   1.04484E-04   8.79305E-05   9.73290E-13     2375.99  0
 2.61000E-04   2.39406E-04   1.00993E-04   8.87028E-05   9.21041E-13     2199.21  0
 2.81000E-04   2.38611E-04   9.75370E-05   8.89556E-05   8.69251E-13     2077.87  0
 3.01000E-04   2.37613E-04   9.27736E-05   8.90847E-05   8.21253E-13     1987.07  0
 3.21000E-04   2.36735E-04   8.80372E-05   8.89915E-05   7.75218E-13     1918.00  0
 3.41000E-04   2.36035E-04   8.32573E-05   8.87017E-05   7.31531E-13     1861.84  0
 3.61000E-04   2.35504E-04   7.83875E-05   8.82826E-05   6.89235E-13     1815.50  0
 3.81000E-04   2.35005E-04   7.35969E-05   8.77851E-05   6.47941E-13     1776.57  0
 4.01000E-04   2.34483E-04   6.89771E-05   8.72156E-05   6.07298E-13     1744.45  0
 4.21000E-04   2.33995E-04   6.44843E-05   8.65889E-05   5.66603E-13     1717.51  0
 4.41000E-04   2.33689E-04   6.02722E-05   8.59187E-05   5.25515E-13     1694.53  0
 4.61000E-04   2.33433E-04   5.67267E-05   8.52666E-05   4.84338E-13     1675.27  0
 4.81000E-04   2.33147E-04   5.30616E-05   8.46909E-05   4.43248E-13     1659.36  0
 5.01000E-04   2.32833E-04   4.91647E-05   8.43488E-05   4.02590E-13     1646.54  0
 5.21000E-04   2.32468E-04   4.61526E-05   8.42736E-05   3.62973E-13     1636.54  0
 5.41000E-04   2.32049E-04   4.32166E-05   8.42144E-05   3.24880E-13     1629.13  0
 5.61000E-04   2.31538E-04   3.98815E-05   8.41510E-05   2.88251E-13     1624.42  0
 5.81000E-04   2.30993E-04   3.77698E-05   8.40801E-05   2.53716E-13     1622.77  0
 6.01000E-04   2.20046E-04   3.39756E-05   7.95180E-05   2.05443E-13     1621.96  0
 6.21000E-04   2.11736E-04   3.20898E-05   8.71057E-05   1.74959E-13     1620.92  0
 6.41000E-04   2.03149E-04   2.91625E-05   8.59998E-05   1.46773E-13     1619.59  0
 6.61000E-04   1.96042E-04   2.76298E-05   8.52545E-05   1.20699E-13     1617.92  0
 6.81000E-04   1.90906E-04   2.46484E-05   8.46795E-05   9.67123E-14     1615.88  0
 7.01000E-04   1.76252E-04   2.31351E-05   8.41831E-05   1.55654E-13     1613.46  1
 7.21000E-04   4.08610E-05   1.03452E-04   4.53976E-05   2.99252E-13     1843.22  1
 7.41000E-04   7.29907E-05   1.08890E-04   5.91224E-05   4.11790E-13     2585.44  1
 7.61000E-04   9.90052E-05   1.10255E-04   6.48136E-05   5.30836E-13     2966.05  1
 7.81000E-04   1.21075E-04   1.11182E-04   6.64933E-05   6.50182E-13     3068.66  1
 8.01000E-04   1.44357E-04   1.11247E-04   6.78342E-05   7.73701E-13     3100.18  1
 8.21000E-04   1.71223E-04   1.11688E-04   7.24196E-05   9.13034E-13     3146.88  1
 8.41000E-04   1.91886E-04   1.12091E-04   7.95998E-05   1.06136E-12     3162.55  1
 8.61000E-04   2.14775E-04   1.12283E-04   8.19048E-05   1.20612E-12     3149.20  1
 8.81000E-04   2.40792E-04   1.12396E-04   8.34289E-05   1.34311E-12     3152.61  1
 9.01000E-04   2.61104E-04   1.12439E-04   8.45815E-05   1.47560E-12     3164.54  1
 9.21000E-04   2.83404E-04   1.12481E-04   8.55666E-05   1.60367E-12     3150.30  1
 9.41000E-04   3.09880E-04   1.12413E-04   8.65315E-05   1.73095E-12     3155.43  1
 9.61000E-04   3.29698E-04   1.12235E-04   9.22939E-05   1.85543E-12     3153.97  1
 9.81000E-04   3.51077E-04   1.12081E-04   9.42301E-05   1.97425E-12     3171.74  1
 1.00100E-03   3.73300E-04   1.11822E-04   9.52320E-05   2.08711E-12     3129.41  1
 1.02100E-03   3.99535E-04   1.11546E-04   9.60502E-05   2.19345E-12     3143.25  1
 1.04100E-03   4.19067E-04   1.11493E-04   9.67832E-05   2.29282E-12     3136.36  1
 1.06100E-03   4.41296E-04   1.11336E-04   9.74972E-05   2.39278E-12     3108.38  1
 1.08100E-03   4.67638E-04   1.11097E-04   1.00075E-04   2.32875E-12     3117.79  0
 1.10100E-03   4.67745E-04   1.08608E-04   1.02272E-04   2.25480E-12     2717.98  0
 1.12100E-03   4.67904E-04   1.05533E-04   1.03057E-04   2.17841E-12     2483.18  0
 1.14100E-03   4.67850E-04   1.02669E-04   1.03440E-04   2.09673E-12     2308.95  0
 1.16100E-03   4.67651E-04   9.83253E-05   1.03564E-04   2.01473E-12     2182.32  0
 1.18100E-03   4.67361E-04   9.40211E-05   1.03539E-04   1.93209E-12     2088.46  0
 1.20100E-03   4.64957E-04   8.97135E-05   1.03347E-04   1.83936E-12     2013.47  0
 1.22100E-03   4.71306E-04   8.63208E-05   1.02150E-04   1.75395E-12     1951.18  0
 1.24100E-03   4.68988E-04   8.27995E-05   1.01647E-04   1.67042E-12     1899.34  0
 1.26100E-03   4.67060E-04   7.86282E-05   1.01498E-04   1.58822E-12     1854.32  0
 1.28100E-03   4.65014E-04   7.49133E-05   1.01209E-04   1.50741E-12     1816.56  0
 1.30100E-03   4.62408E-04   7.23842E-05   1.00797E-04   1.42711E-12     1783.59  0
 1.32100E-03   4.56016E-04   6.85603E-05   1.00282E-04   1.34773E-12     1755.02  0
 1.34100E-03   4.52366E-04   6.53915E-05   9.96869E-05   1.26889E-12     1730.44  0
 1.36100E-03   4.45625E-04   6.30104E-05   9.90376E-05   1.19066E-12     1709.51  0
 1.38100E-03   4.41981E-04   5.97778E-05   9.83596E-05   1.11369E-12     1691.09  0
 1.40100E-03   4.30271E-04   5.71425E-05   9.62150E-05   9.77201E-13     1675.58  0
 1.42100E-03   4.32408E-04   5.43018E-05   9.88498E-05   8.88694E-13     1661.42  0
 1.44100E-03   4.24784E-04   5.26222E-05   9.65963E-05   8.04837E-13     1649.11  0
 1.46100E-03   4.16185E-04   4.95652E-05   9.58142E-05   7.25229E-13     1638.92  0
 1.48100E-03   4.07157E-04   4.79211E-05   9.52824E-05   6.51060E-13     1631.21  0
 1.50100E-03   3.99046E-04   4.51230E-05   9.47667E-05   5.81182E-13     1625.95  0
 1.52100E-03   3.85998E-04   4.33292E-05   9.41698E-05   5.16060E-13     1623.20  0
 1.54100E-03   3.76900E-04   4.10229E-05   9.38874E-05   4.55868E-13     1622.57  0
 1.56100E-03   3.64153E-04   3.88916E-05   9.38724E-05   3.99764E-13     1621.88  0
 1.58100E-03   3.51534E-04   3.75083E-05   9.38061E-05   4.21600E-13     1620.99  1
 1.60100E-03   4.37936E-05   1.03780E-04   4.15538E-05   5.32937E-13     1857.92  1
 1.62100E-03   7.17904E-05   1.09082E-04   6.15095E-05   6.33562E-13     2663.51  1
 1.64100E-03   9.74412E-05   1.10663E-04   6.81513E-05   7.36811E-13     2953.90  1
 1.66100E-03   1.20832E-04   1.11476E-04   7.12886E-05   8.29036E-13     3066.38  1
 1.68100E-03   1.43735E-04   1.11854E-04   7.27307E-05   9.36560E-13     3081.26  1
 1.70100E-03   1.67219E-04   1.12131E-04   7.40243E-05   1.04152E-12     3130.87  1
 1.72100E-03   1.88195E-04   1.12384E-04   7.50364E-05   1.14833E-12     3150.28  1
 1.74100E-03   2.13156E-04   1.12633E-04   7.61473E-05   1.26296E-12     3159.72  1
 1.76100E-03   2.36381E-04   1.12789E-04   7.71710E-05   1.37185E-12     3164.77  1
 1.78100E-03   2.57836E-04   1.12871E-04   7.81905E-05   1.49175E-12     3172.89  1
 1.80100E-03   2.80863E-04   1.12534E-04   8.42754E-05   1.67337E-12     3086.77  1
 1.82100E-03   3.03004E-04   1.12709E-04   8.99229E-05   1.80233E-12     3082.77  1
 1.84100E-03   3.27546E-04   1.12950E-04   9.24484E-05   1.93379E-12     3111.22  1
 1.86100E-03   3.50546E-04   1.13046E-04   9.38413E-05   2.06411E-12     3111.43  1
 1.88100E-03   3.72600E-04   1.13069E-04   9.50035E-05   2.19874E-12     3158.08  1
 1.90100E-03   3.96559E-04   1.13083E-04   9.59871E-05   2.32665E-12     3148.61  1
 1.92100E-03   4.19522E-04   1.13044E-04   9.68468E-05   2.44550E-12     3133.96  1
 1.94100E-03   4.42170E-04   1.13036E-04   9.76961E-05   2.56869E-12     3174.50  1
 1.96100E-03   4.66257E-04   1.12990E-04   1.02233E-04   2.68428E-12     3173.58  1
 1.98100E-03   4.88787E-04   1.12866E-04   1.05681E-04   2.79342E-12     3165.17  1
 2.00100E-03   5.10873E-04   1.12743E-04   1.07412E-04   2.89637E-12     3175.51  1
 2.02100E-03   5.32675E-04   1.12627E-04   1.08956E-04   2.99475E-12     3197.43  1
 2.04100E-03   5.56565E-04   1.12487E-04   1.11248E-04   3.08405E-12     3160.36  1
 2.06100E-03   5.79142E-04   1.12243E-04   1.12415E-04   3.16517E-12     3127.13  1
 2.08100E-03   6.01552E-04   1.11973E-04   1.13442E-04   3.23882E-12     3155.92  1
 2.10100E-03   6.25142E-04   1.11729E-04   1.14066E-04   3.30835E-12     3147.95  1
 2.12100E-03   6.47019E-04   1.11567E-04   1.14425E-04   3.36528E-12     3131.73  1
 2.14100E-03   6.69301E-04   1.11342E-04   1.14699E-04   3.25732E-12     3123.19  0
 2.16100E-03   6.64562E-04   1.08814E-04   1.14859E-04   3.14091E-12     2719.28  0
 2.18100E-03   6.59341E-04   1.06318E-04   1.14890E-04   3.02218E-12     2481.89  0
 2.20100E-03   6.52771E-04   1.02878E-04   1.14347E-04   2.88858E-12     2304.66  0
 2.22100E-03   6.50560E-04   9.88011E-05   1.16616E-04   2.76711E-12     2161.47  0
 2.24100E-03   6.43306E-04   9.48641E-05   1.17719E-04   2.63458E-12     2047.83  0
 2.26100E-03   6.39944E-04   9.14771E-05   1.17989E-04   2.50002E-12     1960.79  0
 2.28100E-03   6.32503E-04   8.78382E-05   1.17916E-04   2.36619E-12     1894.92  0
 2.30100E-03   6.28562E-04   8.36716E-05   1.17631E-04   2.23542E-12     1844.62  0
 2.32100E-03   6.22109E-04   7.98136E-05   1.17195E-04   2.10693E-12     1803.66  0
 2.34100E-03   6.17772E-04   7.68551E-05   1.16373E-04   1.98166E-12     1770.13  0
 2.36100E-03   6.11563E-04   7.31972E-05   1.15485E-04   1.85971E-12     1742.12  0
 2.38100E-03   6.06567E-04   6.94745E-05   1.14125E-04   1.74085E-12     1718.87  0
 2.40100E-03   5.98265E-04   6.59646E-05   1.10442E-04   1.54964E-12     1698.99  0
 2.42100E-03   5.93768E-04   6.33929E-05   1.13045E-04   1.42289E-12     1681.56  0
 2.44100E-03   5.87623E-04   6.05396E-05   1.12616E-04   1.30259E-12     1666.24  0
 2.46100E-03   5.77199E-04   5.83465E-05   1.11565E-04   1.18837E-12     1652.90  0
 2.48100E-03   5.70368E-04   5.56783E-05   1.08469E-04   1.07972E-12     1642.04  0
 2.50100E-03   5.59608E-04   5.35481E-05   1.06941E-04   9.77135E-13     1633.61  0
 2.52100E-03   5.47497E-04   5.11796E-05   1.06029E-04   8.80459E-13     1627.61  0
 2.54100E-03   5.39328E-04   4.88816E-05   1.05202E-04   7.90045E-13     1624.02  0
 2.56100E-03   5.25062E-04   4.69825E-05   1.04406E-04   7.05022E-13     1622.82  0
 2.58100E-03   5.13534E-04   4.42895E-05   1.03432E-04   6.25812E-13     1622.31  0
 2.60100E-03   4.95578E-04   4.17358E-05   9.73418E-05   5.30929E-13     1621.49  0
 2.62100E-03   4.84792E-04   3.92869E-05   1.02266E-04   4.59955E-13     1620.56  0
 2.64100E-03   4.71625E-04   3.77896E-05   1.00918E-04   4.82586E-13     1619.43  1
 2.66100E-03   4.06274E-05   1.03895E-04   4.10262E-05   5.70646E-13     1869.32  1
 2.68100E-03   7.36753E-05   1.09148E-04   6.13030E-05   6.69992E-13     2689.77  1
 2.70100E-03   9.91347E-05   1.10513E-04   6.85264E-05   7.49403E-13     2996.38  1
 2.72100E-03   1.21640E-04   1.11317E-04   7.13030E-05   8.41805E-13     3077.89  1
 2.74100E-03   1.45672E-04   1.11684E-04   7.29387E-05   9.40441E-13     3134.29  1
 2.76100E-03   1.69897E-04   1.12091E-04   7.41117E-05   1.03655E-12     3130.92  1
 2.78100E-03   1.91747E-04   1.12397E-04   7.52210E-05   1.14694E-12     3136.35  1
 2.80100E-03   2.13752E-04   1.12140E-04   7.86320E-05   1.29633E-12     3100.13  1
 2.82100E-03   2.39292E-04   1.12418E-04   8.27219E-05   1.41738E-12     3096.12  1
 2.84100E-03   2.59682E-04   1.12751E-04   8.47320E-05   1.53908E-12     3108.38  1
 2.86100E-03   2.82374E-04   1.12926E-04   8.60497E-05   1.67169E-12     3127.93  1
 2.88100E-03   3.07740E-04   1.13018E-04   9.41638E-05   1.80410E-12     3152.28  1
 2.90100E-03   3.28094E-04   1.13074E-04   9.79364E-05   1.94695E-12     3156.57  1
 2.92100E-03   3.50744E-04   1.13168E-04   1.02170E-04   2.09424E-12     3163.21  1
 2.94100E-03   3.76402E-04   1.13232E-04   1.06428E-04   2.23365E-12     3180.42  1
 2.96100E-03   3.97078E-04   1.13351E-04   1.08928E-04   2.37593E-12     3192.46  1
 2.98100E-03   4.19452E-04   1.13379E-04   1.12584E-04   2.51629E-12     3197.66  1
 3.00100E-03   4.45502E-04   1.13375E-04   1.15088E-04   2.63910E-12     3194.24  1
 3.02100E-03   4.67455E-04   1.13471E-04   1.17063E-04   2.76679E-12     3204.22  1
 3.04100E-03   4.89508E-04   1.13515E-04   1.18601E-04   2.88904E-12     3227.65  1
 3.06100E-03   5.12488E-04   1.13555E-04   1.19209E-04   3.00761E-12     3209.46  1
 3.08100E-03   5.37098E-04   1.13541E-04   1.21721E-04   3.11681E-12     3229.60  1
 3.10100E-03   5.56565E-04   1.13573E-04   1.22927E-04   3.22538E-12     3221.52  1
 3.12100E-03   5.75517E-04   1.13525E-04   1.23867E-04   3.32708E-12     3217.43  1
 3.14100E-03   5.97870E-04   1.13439E-04   1.24405E-04   3.42410E-12     3236.42  1
 3.16100E-03   6.16902E-04   1.13462E-04   1.24706E-04   3.51359E-12     3228.49  1
 3.18100E-03   6.37666E-04   1.13360E-04   1.25054E-04   3.59999E-12     3213.57  1
 3.20100E-03   6.57450E-04   1.13208E-04   1.25316E-04   3.67613E-12     3222.63  1
 3.22100E-03   6.76567E-04   1.13086E-04   1.25382E-04   3.74942E-12     3233.99  1
 3.24100E-03   6.95773E-04   1.12957E-04   1.25527E-04   3.80951E-12     3231.40  1
 3.26100E-03   7.12350E-04   1.12789E-04   1.25443E-04   3.86463E-12     3207.32  1
 3.28100E-03   7.34903E-04   1.12651E-04   1.25376E-04   3.91382E-12     3221.19  1
 3.30100E-03   7.49664E-04   1.12451E-04   1.25258E-04   3.95269E-12     3201.74  1
 3.32100E-03   7.68653E-04   1.12203E-04   1.25141E-04   3.98808E-12     3171.47  1
 3.34100E-03   7.90072E-04   1.11948E-04   1.24946E-04   4.01129E-12     3175.52  1
 3.36100E-03   8.06256E-04   1.11687E-04   1.24838E-04   4.03532E-12     3180.38  1
 3.38100E-03   8.23967E-04   1.11576E-04   1.24660E-04   4.04616E-12     3173.54  1
 3.40100E-03   8.39479E-04   1.11223E-04   1.23847E-04   3.88782E-12     3110.73  0
 3.42100E-03   8.37740E-04   1.08810E-04   1.26146E-04   3.72640E-12     2668.12  0
 3.44100E-03   8.32999E-04   1.06172E-04   1.26583E-04   3.55158E-12     2408.02  0
 3.46100E-03   8.27120E-04   1.02947E-04   1.25786E-04   3.37315E-12     2241.96  0
 3.48100E-03   8.24367E-04   9.88452E-05   1.24096E-04   3.19430E-12     2120.29  0
 3.50099E-03   8.16278E-04   9.49600E-05   1.22318E-04   3.01868E-12     2027.12  0
 3.52099E-03   8.13079E-04   9.15308E-05   1.21456E-04   2.84685E-12     1953.39  0
 3.54099E-03   8.05472E-04   8.78422E-05   1.20746E-04   2.67925E-12     1896.72  0
 3.56099E-03   8.01244E-04   8.35893E-05   1.20042E-04   2.51749E-12     1850.33  0
 3.58099E-03   7.93632E-04   7.96932E-05   1.19206E-04   2.36073E-12     1811.62  0
 3.60099E-03   7.87127E-04   7.49022E-05   1.17245E-04   2.15237E-12     1778.20  0
 3.62099E-03   7.78265E-04   7.20277E-05   1.18055E-04   2.00037E-12     1747.17  0
 3.64099E-03   7.72956E-04   6.83218E-05   1.15958E-04   1.85106E-12     1718.98  0
 3.66099E-03   7.62601E-04   6.47125E-05   1.15037E-04   1.70584E-12     1694.39  0
 3.68099E-03   7.52157E-04   6.25226E-05   1.14073E-04   1.56642E-12     1673.81  0
 3.70099E-03   7.41667E-04   5.88651E-05   1.13123E-04   1.43272E-12     1657.53  0
 3.72099E-03   7.31167E-04   5.64904E-05   1.11623E-04   1.30531E-12     1644.67  0
 3.74099E-03   7.20693E-04   5.36158E-05   1.07770E-04   1.18432E-12     1635.07  0
 3.76099E-03   7.10257E-04   5.10447E-05   1.06384E-04   1.06942E-12     1628.30  0
 3.78099E-03   6.99788E-04   4.85072E-05   1.05372E-04   9.61467E-13     1624.25  0
 3.80099E-03   6.85311E-04   4.57871E-05   1.00304E-04   8.26775E-13     1622.76  0
 3.82099E-03   6.76326E-04   4.35340E-05   1.05122E-04   7.28671E-13     1622.15  0
 3.84099E-03   6.57292E-04   4.10145E-05   1.03465E-04   6.37395E-13     1621.34  0
 3.86099E-03   6.37765E-04   3.87222E-05   1.02333E-04   5.53638E-13     1620.31  0
 3.88099E-03   6.20224E-04   3.65300E-05   1.00846E-04   4.75459E-13     1619.11  0
 3.90099E-03   6.01223E-04   3.40306E-05   9.65074E-05   4.81914E-13     1617.70  1
 3.92099E-03   4.16846E-05   1.03677E-04   4.29085E-05   5.81259E-13     1853.11  1
 3.94099E-03   7.30902E-05   1.09163E-04   5.97342E-05   6.57453E-13     2669.64  1
 3.96099E-03   9.82147E-05   1.10536E-04   6.51455E-05   7.31047E-13     2991.77  1
 3.98099E-03   1.22333E-04   1.11364E-04   6.69044E-05   8.31084E-13     3086.97  1
 4.00099E-03   1.45222E-04   1.11432E-04   7.24952E-05   9.43684E-13     3076.20  1
 4.02099E-03   1.68779E-04   1.11929E-04   7.93383E-05   1.05449E-12     3074.51  1
 4.04099E-03   1.91674E-04   1.12319E-04   8.16965E-05   1.16891E-12     3083.78  1
 4.06099E-03   2.14591E-04   1.12572E-04   8.30562E-05   1.28860E-12     3120.19  1
 4.08099E-03   2.38249E-04   1.12717E-04   8.42008E-05   1.41393E-12     3134.62  1
 4.10099E-03   2.60690E-04   1.12890E-04   8.55854E-05   1.53804E-12     3135.24  1
 4.12099E-03   2.83791E-04   1.13013E-04   8.67028E-05   1.67809E-12     3160.17  1
 4.14099E-03   3.07383E-04   1.13080E-04   9.55504E-05   1.82931E-12     3177.64  1
 4.16100E-03   3.29849E-04   1.13162E-04   1.02367E-04   1.97407E-12     3163.67  1
 4.18100E-03   3.52929E-04   1.13260E-04   1.05638E-04   2.11919E-12     3181.84  1
 4.20100E-03   3.72176E-04   1.13351E-04   1.07582E-04   2.26020E-12     3208.04  1
 4.22100E-03   4.01307E-04   1.13336E-04   1.11913E-04   2.40340E-12     3197.40  1
 4.24100E-03   4.26222E-04   1.13472E-04   1.14408E-04   2.54416E-12     3188.55  1
 4.26100E-03   4.49379E-04   1.13616E-04   1.16355E-04   2.67411E-12     3186.68  1
 4.28100E-03   4.71167E-04   1.13662E-04   1.17574E-04   2.80646E-12     3228.51  1
 4.30100E-03   4.95814E-04   1.13728E-04   1.18617E-04   2.93482E-12     3210.51  1
 4.32100E-03   5.18781E-04   1.13731E-04   1.21140E-04   3.05550E-12     3185.29  1
 4.34100E-03   5.40780E-04   1.13733E-04   1.22320E-04   3.17450E-12     3234.17  1
 4.36100E-03   5.65056E-04   1.13820E-04   1.23221E-04   3.28897E-12     3225.67  1
 4.38100E-03   5.84631E-04   1.13812E-04   1.23731E-04   3.39659E-12     3194.56  1
 4.40100E-03   6.04905E-04   1.13781E-04   1.24080E-04   3.49551E-12     3239.43  1
 4.42100E-03   6.22689E-04   1.13804E-04   1.24429E-04   3.59608E-12     3248.07  1
 4.44100E-03   6.43605E-04   1.13821E-04   1.24648E-04   3.68823E-12     3228.55  1
 4.46100E-03   6.62092E-04   1.13835E-04   1.24723E-04   3.77356E-12     3219.63  1
 4.48100E-03   6.81005E-04   1.13797E-04   1.24836E-04   3.85919E-12     3256.12  1
 4.50100E-03   6.99380E-04   1.13804E-04   1.24898E-04   3.93751E-12     3237.33  1
 4.52100E-03   7.19729E-04   1.13745E-04   1.24964E-04   4.00778E-12     3216.51  1
 4.54100E-03   7.35298E-04   1.13662E-04   1.24946E-04   4.07796E-12     3260.51  1
 4.56100E-03   7.57043E-04   1.13674E-04   1.24993E-04   4.14042E-12     3237.77  1
 4.58100E-03   7.74900E-04   1.13580E-04   1.25008E-04   4.19640E-12     3204.41  1
 4.60100E-03   7.91798E-04   1.13417E-04   1.25014E-04   4.25057E-12     3229.47  1
 4.62100E-03   8.13163E-04   1.13334E-04   1.25007E-04   4.29370E-12     3234.32  1
 4.64100E-03   8.30653E-04   1.13184E-04   1.24948E-04   4.33483E-12     3246.57  1
 4.66100E-03   8.49897E-04   1.13149E-04   1.24879E-04   4.36994E-12     3253.22  1
 4.68100E-03   8.69610E-04   1.13007E-04   1.24859E-04   4.39664E-12     3202.12  1
 4.70100E-03   8.85085E-04   1.12786E-04   1.24778E-04   4.41485E-12     3217.70  1
 4.72100E-03   9.03838E-04   1.12672E-04   1.24682E-04   4.43363E-12     3238.46  1
 4.74100E-03   9.26798E-04   1.12497E-04   1.24555E-04   4.44092E-12     3198.88  1
 4.76100E-03   9.43227E-04   1.12270E-04   1.24392E-04   4.44421E-12     3156.98  1
 4.78100E-03   9.62480E-04   1.12040E-04   1.24233E-04   4.44114E-12     3189.47  1
 4.80100E-03   9.79032E-04   1.11775E-04   1.23967E-04   4.43757E-12     3175.53  1
 4.82100E-03   9.96653E-04   1.11562E-04   1.23511E-04   4.42534E-12     3132.94  1
 4.84100E-03   1.01623E-03   1.11556E-04   1.23012E-04   4.25618E-12     3118.12  0
 4.86100E-03   1.00889E-03   1.08966E-04   1.22526E-04   4.07177E-12     2719.12  0
 4.88100E-03   1.00529E-03   1.06862E-04   1.21759E-04   3.88799E-12     2480.41  0
 4.90100E-03   9.97058E-04   1.03181E-04   1.21033E-04   3.70419E-12     2310.36  0
 4.92100E-03   9.92556E-04   9.90347E-05   1.19861E-04   3.52218E-12     2186.71  0
 4.94100E-03   9.82504E-04   9.54570E-05   1.18274E-04   3.34565E-12     2094.65  0
 4.96100E-03   9.72801E-04   9.24066E-05   1.15315E-04   3.17318E-12     2022.58  0
 4.98100E-03   9.65271E-04   8.81953E-05   1.14064E-04   3.00713E-12     1961.51  0
 5.00100E-03   9.52409E-04   8.36793E-05   1.13106E-04   2.80445E-12     1910.88  0
 5.02100E-03   9.42983E-04   8.00201E-05   1.14271E-04   2.63406E-12     1861.68  0
 5.04100E-03   9.30807E-04   7.71900E-05   1.14046E-04   2.46555E-12     1816.74  0
 5.06100E-03   9.18706E-04   7.33872E-05   1.13488E-04   2.30130E-12     1777.80  0
 5.08100E-03   9.06664E-04   6.99403E-05   1.12755E-04   2.14054E-12     1744.64  0
 5.10100E-03   8.94660E-04   6.76782E-05   1.11490E-04   1.98507E-12     1717.40  0
 5.12100E-03   8.82665E-04   6.40517E-05   1.07995E-04   1.83421E-12     1695.27  0
 5.14100E-03   8.70437E-04   6.17868E-05   1.06759E-04   1.68825E-12     1677.23  0
 5.16100E-03   8.57939E-04   5.87522E-05   1.05944E-04   1.54802E-12     1662.36  0
 5.18100E-03   8.45241E-04   5.64281E-05   1.05183E-04   1.41343E-12     1650.35  0
 5.20100E-03   8.28465E-04   5.35669E-05   1.00210E-04   1.22264E-12     1640.56  0
 5.22100E-03   8.15151E-04   5.12257E-05   1.05645E-04   1.09243E-12     1632.52  0
 5.24100E-03   7.98764E-04   4.88267E-05   1.04033E-04   9.72311E-13     1626.77  0
 5.26100E-03   7.82338E-04   4.67578E-05   1.02946E-04   8.61405E-13     1623.51  0
 5.28100E-03   7.57925E-04   4.41007E-05   1.01669E-04   7.58825E-13     1622.68  0
 5.30100E-03   7.38748E-04   4.25291E-05   9.93971E-05   6.64438E-13     1622.04  0
 5.32100E-03   7.12453E-04   3.94955E-05   9.87860E-05   5.77110E-13     1621.19  0
 5.34100E-03   6.91375E-04   3.79165E-05   9.82082E-05   5.74618E-13     1620.11  1
 5.36100E-03   4.41242E-05   1.03554E-04   4.19411E-05   6.62571E-13     1845.30  1
 5.38100E-03   7.52336E-05   1.09225E-04   5.99875E-05   7.32226E-13     2675.60  1
 5.40100E-03   9.68677E-05   1.09958E-04   6.49383E-05   7.91038E-13     2892.50  1
 5.42100E-03   1.23189E-04   1.10913E-04   7.14478E-05   8.69509E-13     3038.86  1
 5.44100E-03   1.47714E-04   1.11657E-04   7.35222E-05   9.53967E-13     3079.66  1
 5.46101E-03   1.74598E-04   1.12045E-04   7.50298E-05   1.06585E-12     3139.14  1
 5.48101E-03   1.95760E-04   1.12402E-04   8.19738E-05   1.18160E-12     3135.94  1
 5.50101E-03   2.19173E-04   1.12620E-04   8.40822E-05   1.29696E-12     3131.28  1
 5.52101E-03   2.44991E-04   1.12773E-04   8.53519E-05   1.41439E-12     3151.84  1
 5.54101E-03   2.65931E-04   1.12886E-04   8.63639E-05   1.54344E-12     3156.96  1
 5.56101E-03   2.89068E-04   1.13039E-04   9.50971E-05   1.68095E-12     3156.41  1
 5.58101E-03   3.15071E-04   1.13134E-04   1.01549E-04   1.82360E-12     3177.07  1
 5.60101E-03   3.34385E-04   1.13221E-04   1.05916E-04   1.96700E-12     3180.07  1
 5.62101E-03   3.58202E-04   1.13240E-04   1.09282E-04   2.11800E-12     3168.71  1
 5.64101E-03   3.81655E-04   1.13385E-04   1.14008E-04   2.26266E-12     3182.20  1
 5.66101E-03   4.07774E-04   1.13534E-04   1.16745E-04   2.40753E-12     3210.24  1
 5.68101E-03   4.28605E-04   1.13634E-04   1.18825E-04   2.54946E-12     3208.66  1
 5.70101E-03   4.50900E-04   1.13662E-04   1.21918E-04   2.68569E-12     3199.89  1
 5.72101E-03   4.76205E-04   1.13688E-04   1.23152E-04   2.81806E-12     3227.65  1
 5.74101E-03   4.95636E-04   1.13811E-04   1.24067E-04   2.94933E-12     3228.58  1
 5.76101E-03   5.17400E-04   1.13835E-04   1.24772E-04   3.07437E-12     3209.40  1
 5.78101E-03   5.40162E-04   1.13833E-04   1.25333E-04   3.19062E-12     3237.51  1
 5.80101E-03   5.58799E-04   1.13860E-04   1.25596E-04   3.30397E-12     3234.09  1
 5.82101E-03   5.78092E-04   1.13804E-04   1.25739E-04   3.41437E-12     3257.81  1
 5.84101E-03   5.97518E-04   1.13917E-04   1.25813E-04   3.51818E-12     3241.23  1
 5.86101E-03   6.15690E-04   1.14029E-04   1.25790E-04   3.61980E-12     3241.74  1
 5.88101E-03   6.37089E-04   1.14048E-04   1.25759E-04   3.71386E-12     3260.26  1
 5.90101E-03   6.56200E-04   1.14049E-04   1.25681E-04   3.80479E-12     3244.72  1
 5.92101E-03   6.72811E-04   1.14015E-04   1.25714E-04   3.88805E-12     3253.91  1
 5.94101E-03   6.95738E-04   1.13996E-04   1.25744E-04   3.97114E-12     3270.59  1
 5.96101E-03   7.15434E-04   1.14062E-04   1.25715E-04   4.05020E-12     3250.17  1
 5.98101E-03   7.32134E-04   1.14012E-04   1.25755E-04   4.12467E-12     3234.52  1
 6.00101E-03   7.54431E-04   1.13963E-04   1.25735E-04   4.18972E-12     3250.77  1
 6.02101E-03   7.69883E-04   1.13947E-04   1.25717E-04   4.25416E-12     3262.67  1
 6.04101E-03   7.88878E-04   1.13964E-04   1.25678E-04   4.31273E-12     3261.62  1
 6.06101E-03   8.08950E-04   1.13968E-04   1.25582E-04   4.37103E-12     3255.39  1
 6.08101E-03   8.27613E-04   1.13911E-04   1.25625E-04   4.42008E-12     3270.09  1
 6.10101E-03   8.46646E-04   1.13904E-04   1.25580E-04   4.46727E-12     3250.94  1
 6.12101E-03   8.62962E-04   1.13845E-04   1.25513E-04   4.51136E-12     3263.27  1
 6.14101E-03   8.85466E-04   1.13758E-04   1.25369E-04   4.55035E-12     3274.22  1
 6.16101E-03   9.00338E-04   1.13758E-04   1.25218E-04   4.58376E-12     3256.68  1
 6.18101E-03   9.19916E-04   1.13671E-04   1.25151E-04   4.61496E-12     3244.03  1
 6.20101E-03   9.40466E-04   1.13541E-04   1.25008E-04   4.64038E-12     3257.44  1
 6.22101E-03   9.56324E-04   1.13475E-04   1.24934E-04   4.66040E-12     3254.93  1
 6.24101E-03   9.76149E-04   1.13376E-04   1.24797E-04   4.67916E-12     3235.63  1
 6.26101E-03   9.94583E-04   1.13254E-04   1.24631E-04   4.68951E-12     3248.55  1
 6.28101E-03   1.01103E-03   1.13058E-04   1.24411E-04   4.70030E-12     3250.37  1
 6.30101E-03   1.02529E-03   1.12963E-04   1.24131E-04   4.70367E-12     3251.97  1
 6.32101E-03   1.04266E-03   1.12778E-04   1.23758E-04   4.70410E-12     3218.55  1
 6.34101E-03   1.05942E-03   1.12670E-04   1.23317E-04   4.69965E-12     3225.33  1
 6.36101E-03   1.07479E-03   1.12514E-04   1.22826E-04   4.68831E-12     3207.04  1
 6.38101E-03   1.08742E-03   1.12305E-04   1.22172E-04   4.67620E-12     3179.19  1
 6.40101E-03   1.10725E-03   1.12085E-04   1.21460E-04   4.65428E-12     3186.15  1
 6.42101E-03   1.11846E-03   1.11822E-04   1.20270E-04   4.63630E-12     3185.62  1
 6.44101E-03   1.13083E-03   1.11723E-04   1.18003E-04   4.60926E-12     3180.47  1
 6.46101E-03   1.14784E-03   1.11545E-04   1.15928E-04   4.42296E-12     3140.62  0
 6.48101E-03   1.13825E-03   1.08993E-04   1.14978E-04   4.23153E-12     2742.66  0
 6.50101E-03   1.12842E-03   1.07110E-04   1.14264E-04   4.03661E-12     2491.91  0
 6.52101E-03   1.11955E-03   1.03261E-04   1.13581E-04   3.84135E-12     2318.04  0
 6.54101E-03   1.11212E-03   9.92405E-05   1.13017E-04   3.65109E-12     2193.94  0
 6.56101E-03   1.10079E-03   9.57974E-05   1.12453E-04   3.46399E-12     2103.68  0
 6.58101E-03   1.08931E-03   9.26710E-05   1.11610E-04   3.28376E-12     2032.42  0
 6.60101E-03   1.07639E-03   8.83471E-05   1.08958E-04   3.06980E-12     1970.53  0
 6.62101E-03   1.06414E-03   8.44813E-05   1.08360E-04   2.88398E-12     1912.19  0
 6.64101E-03   1.05124E-03   8.12738E-05   1.07632E-04   2.69814E-12     1857.97  0
 6.66101E-03   1.03770E-03   7.80047E-05   1.06429E-04   2.51755E-12     1813.55  0
 6.68101E-03   1.02374E-03   7.41983E-05   1.04276E-04   2.34080E-12     1776.77  0
 6.70101E-03   1.00765E-03   7.12694E-05   1.01487E-04   2.16969E-12     1745.74  0
 6.72101E-03   9.90200E-04   6.82278E-05   1.00111E-04   2.00406E-12     1719.63  0
 6.74101E-03   9.74806E-04   6.48560E-05   9.89921E-05   1.84421E-12     1697.53  0
 6.76101E-03   9.57094E-04   6.26591E-05   9.78712E-05   1.69089E-12     1678.71  0
 6.78102E-03   9.39552E-04   5.91435E-05   9.67815E-05   1.54385E-12     1662.90  0
 6.80102E-03   9.20111E-04   5.69070E-05   9.55565E-05   1.40348E-12     1649.86  0
 6.82102E-03   9.02525E-04   5.38437E-05   9.44426E-05   1.27044E-12     1639.51  0
 6.84102E-03   8.80655E-04   5.13863E-05   9.39071E-05   1.14499E-12     1631.74  0
 6.86102E-03   8.58683E-04   4.86973E-05   9.38349E-05   1.02649E-12     1626.35  0
 6.88102E-03   8.36510E-04   4.61816E-05   9.37540E-05   9.15086E-13     1623.39  0
 6.90102E-03   8.14111E-04   4.36624E-05   9.36466E-05   8.11189E-13     1622.66  0
 6.92102E-03   7.91562E-04   4.12635E-05   9.35241E-05   7.13979E-13     1622.03  0
 6.94102E-03   7.68856E-04   3.87992E-05   9.33667E-05   6.23565E-13     1621.18  0
 6.96102E-03   7.44540E-04   3.68104E-05   9.31885E-05   6.38965E-13     1620.13  1
 6.98102E-03   4.43011E-05   1.05442E-04   4.26656E-05   7.28772E-13     1886.24  1
 7.00102E-03   7.28912E-05   1.09400E-04   6.11302E-05   7.77050E-13     2602.16  1
 7.02102E-03   9.53272E-05   1.11267E-04   7.03725E-05   8.56176E-13     2928.18  1
 7.04102E-03   1.20982E-04   1.12210E-04   7.31469E-05   9.55185E-13     3061.17  1
 7.06102E-03   1.44970E-04   1.12621E-04   7.94226E-05   1.05712E-12     3102.72  1
 7.08102E-03   1.66112E-04   1.12795E-04   8.19428E-05   1.16760E-12     3157.17  1
 7.10102E-03   1.91119E-04   1.12963E-04   8.33749E-05   1.27971E-12     3148.08  1
 7.12102E-03   2.14413E-04   1.13095E-04   8.45499E-05   1.39172E-12     3141.73  1
 7.14102E-03   2.35762E-04   1.13169E-04   8.56982E-05   1.52421E-12     3183.81  1
 7.16102E-03   2.60564E-04   1.13274E-04   9.29444E-05   1.66064E-12     3168.07  1
 7.18102E-03   2.83617E-04   1.13341E-04   9.48142E-05   1.80171E-12     3160.51  1
 7.20102E-03   3.05217E-04   1.13486E-04   9.60666E-05   1.95187E-12     3204.98  1
 7.22102E-03   3.29796E-04   1.13595E-04   9.70768E-05   2.10700E-12     3190.80  1
 7.24102E-03   3.52674E-04   1.13639E-04   1.05545E-04   2.26081E-12     3174.99  1
 7.26102E-03   3.74558E-04   1.13715E-04   1.09662E-04   2.41634E-12     3218.78  1
 7.28102E-03   3.98875E-04   1.13824E-04   1.13580E-04   2.56866E-12     3208.55  1
 7.30102E-03   4.21551E-04   1.13853E-04   1.15671E-04   2.71402E-12     3185.54  1
 7.32102E-03   4.43667E-04   1.13865E-04   1.17538E-04   2.85614E-12     3231.46  1
 7.34102E-03   4.67717E-04   1.13983E-04   1.18722E-04   2.99422E-12     3225.19  1
 7.36102E-03   4.90406E-04   1.13993E-04   1.21594E-04   3.12579E-12     3195.65  1
 7.38102E-03   5.12877E-04   1.13994E-04   1.22844E-04   3.25248E-12     3238.50  1
 7.40102E-03   5.35062E-04   1.14043E-04   1.23707E-04   3.36793E-12     3227.43  1
 7.42102E-03   5.64866E-04   1.13939E-04   1.24246E-04   3.48026E-12     3226.08  1
 7.44102E-03   5.87215E-04   1.14078E-04   1.24640E-04   3.59090E-12     3232.56  1
 7.46102E-03   6.10022E-04   1.14205E-04   1.24995E-04   3.69289E-12     3251.95  1
 7.48102E-03   6.31387E-04   1.14250E-04   1.25290E-04   3.79549E-12     3279.33  1
 7.50102E-03   6.56358E-04   1.14242E-04   1.25461E-04   3.89180E-12     3244.34  1
 7.52102E-03   6.78642E-04   1.14201E-04   1.25541E-04   3.98054E-12     3226.13  1
 7.54102E-03   6.96646E-04   1.14192E-04   1.25632E-04   4.06613E-12     3265.55  1
 7.56102E-03   7.19365E-04   1.14253E-04   1.25667E-04   4.14601E-12     3248.87  1
 7.58102E-03   7.39638E-04   1.14217E-04   1.25629E-04   4.22144E-12     3223.08  1
 7.60102E-03   7.59754E-04   1.14127E-04   1.25595E-04   4.29041E-12     3260.45  1
 7.62102E-03   7.74589E-04   1.14153E-04   1.25584E-04   4.35813E-12     3264.57  1
 7.64102E-03   7.97417E-04   1.14172E-04   1.25536E-04   4.42059E-12     3244.93  1
 7.66102E-03   8.13912E-04   1.14168E-04   1.25477E-04   4.47772E-12     3246.17  1
 7.68102E-03   8.32530E-04   1.14166E-04   1.25444E-04   4.53459E-12     3279.16  1
 7.70102E-03   8.55155E-04   1.14143E-04   1.25352E-04   4.58559E-12     3251.20  1
 7.72102E-03   8.73182E-04   1.14059E-04   1.25311E-04   4.63075E-12     3240.56  1
 7.74102E-03   8.92050E-04   1.14008E-04   1.25203E-04   4.67609E-12     3280.35  1
 7.76102E-03   9.10733E-04   1.14043E-04   1.25070E-04   4.71635E-12     3257.72  1
 7.78102E-03   9.29918E-04   1.13973E-04   1.24952E-04   4.75241E-12     3229.88  1
 7.80102E-03   9.45117E-04   1.13869E-04   1.24745E-04   4.78920E-12     3249.83  1
 7.82102E-03   9.64754E-04   1.13840E-04   1.24497E-04   4.81587E-12     3251.68  1
 7.84102E-03   9.80200E-04   1.13753E-04   1.24173E-04   4.84318E-12     3263.43  1
 7.86102E-03   1.00136E-03   1.13843E-04   1.23765E-04   4.86456E-12     3263.23  1
 7.88102E-03   1.01440E-03   1.13761E-04   1.23336E-04   4.88365E-12     3223.43  1
 7.90102E-03   1.03411E-03   1.13642E-04   1.22912E-04   4.89901E-12     3257.90  1
 7.92102E-03   1.04944E-03   1.13515E-04   1.22325E-04   4.91019E-12     3275.57  1
 7.94102E-03   1.06770E-03   1.13470E-04   1.21721E-04   4.91625E-12     3231.20  1
 7.96102E-03   1.08224E-03   1.13322E-04   1.20627E-04   4.91876E-12     3241.34  1
 7.98102E-03   1.09915E-03   1.13141E-04   1.19035E-04   4.92371E-12     3266.86  1
 8.00102E-03   1.11651E-03   1.13061E-04   1.16633E-04   4.92055E-12     3230.67  1
 8.02102E-03   1.13340E-03   1.12854E-04   1.15709E-04   4.91177E-12     3171.39  1
 8.04102E-03   1.14903E-03   1.12792E-04   1.15101E-04   4.89841E-12     3202.50  1
 8.06102E-03   1.16461E-03   1.12683E-04   1.14837E-04   4.88464E-12     3228.89  1
 8.08102E-03   1.18055E-03   1.12525E-04   1.14582E-04   4.86325E-12     3202.37  1
 8.10102E-03   1.19774E-03   1.12323E-04   1.14322E-04   4.68471E-12     3156.84  0
 8.12102E-03   1.18880E-03   1.10265E-04   1.13908E-04   4.49240E-12     2746.82  0
 8.14102E-03   1.18264E-03   1.08329E-04   1.13446E-04   4.29702E-12     2499.71  0
 8.16103E-03   1.17392E-03   1.05046E-04   1.12990E-04   4.09907E-12     2337.38  0
 8.18103E-03   1.16336E-03   1.02733E-04   1.12277E-04   3.90533E-12     2222.97  0
 8.20103E-03   1.15215E-03   9.85673E-05   1.09176E-04   3.67920E-12     2131.32  0
 8.22103E-03   1.14143E-03   9.51744E-05   1.09239E-04   3.47653E-12     2046.21  0
 8.24103E-03   1.12900E-03   9.26401E-05   1.08494E-04   3.27044E-12     1970.02  0
 8.26103E-03   1.11561E-03   8.86290E-05   1.08091E-04   3.06684E-12     1904.75  0
 8.28103E-03   1.10129E-03   8.52922E-05   1.07614E-04   2.86768E-12     1849.94  0
 8.30103E-03   1.08663E-03   8.27070E-05   1.07025E-04   2.67381E-12     1806.74  0
 8.32103E-03   1.07055E-03   7.88699E-05   1.06177E-04   2.48700E-12     1770.57  0
 8.34103E-03   1.05148E-03   7.58335E-05   1.05229E-04   2.30581E-12     1740.15  0
 8.36103E-03   1.03534E-03   7.30699E-05   1.03717E-04   2.13125E-12     1714.52  0
 8.38103E-03   1.01409E-03   6.95620E-05   9.99362E-05   1.96285E-12     1693.35  0
 8.40103E-03   9.90621E-04   6.64641E-05   9.71587E-05   1.73422E-12     1675.23  0
 8.42103E-03   9.72598E-04   6.35564E-05   1.01408E-04   1.57544E-12     1659.48  0
 8.44103E-03   9.52122E-04   6.07350E-05   9.81658E-05   1.42435E-12     1646.66  0
 8.46103E-03   9.31635E-04   5.82678E-05   9.65310E-05   1.28202E-12     1636.69  0
 8.48103E-03   9.09720E-04   5.52327E-05   9.55847E-05   1.14845E-12     1629.47  0
 8.50103E-03   8.85631E-04   5.30689E-05   9.48072E-05   1.02374E-12     1624.86  0
 8.52103E-03   8.59484E-04   4.99178E-05   9.39450E-05   9.07922E-13     1622.93  0
 8.54103E-03   8.33123E-04   4.79364E-05   9.30687E-05   8.01123E-13     1622.41  0
 8.56103E-03   8.02870E-04   4.47449E-05   9.17509E-05   7.02442E-13     1621.67  0
 8.58103E-03   7.70452E-04   4.28876E-05   8.93326E-05   6.11174E-13     1620.73  0
 8.60103E-03   7.32944E-04   3.96849E-05   8.60458E-05   6.38268E-13     1619.57  1
 8.62103E-03   4.16992E-05   1.07566E-04   5.14435E-05   7.46535E-13     1940.08  1
 8.64103E-03   7.27476E-05   1.10680E-04   6.23335E-05   8.28678E-13     2595.72  1
 8.66103E-03   1.00464E-04   1.12563E-04   6.74063E-05   9.30110E-13     2970.32  1
 8.68103E-03   1.21823E-04   1.13088E-04   7.43658E-05   1.03123E-12     3098.75  1
 8.70103E-03   1.45343E-04   1.13333E-04   7.69012E-05   1.13375E-12     3150.58  1
 8.72103E-03   1.71398E-04   1.13507E-04   7.85048E-05   1.25145E-12     3189.18  1
 8.74103E-03   1.92366E-04   1.13668E-04   8.34902E-05   1.38771E-12     3197.56  1
 8.76103E-03   2.15372E-04   1.13735E-04   9.34460E-05   1.54639E-12     3191.35  1
 8.78103E-03   4.17760E-04   1.13791E-04   1.76142E-04   1.71144E-12     3218.37  1
 8.80103E-03   3.72808E-04   1.13843E-04   1.70918E-04   1.87661E-12     3210.69  1
 8.82103E-03   3.32714E-04   1.13861E-04   1.68794E-04   2.03934E-12     3185.36  1
 8.84103E-03   3.30401E-04   1.13939E-04   1.67342E-04   2.19775E-12     3195.57  1
 8.86103E-03   3.45165E-04   1.14085E-04   1.63165E-04   2.35579E-12     3224.27  1
 8.88103E-03   3.56708E-04   1.14133E-04   1.61041E-04   2.51393E-12     3216.79  1
 8.90103E-03   3.79753E-04   1.14132E-04   1.59917E-04   2.66637E-12     3210.21  1
 8.92103E-03   4.05520E-04   1.14151E-04   1.58420E-04   2.81227E-12     3243.99  1
 8.94103E-03   4.26340E-04   1.14277E-04   1.55924E-04   2.95781E-12     3241.45  1
 8.96103E-03   4.49250E-04   1.14277E-04   1.54192E-04   3.09787E-12     3222.93  1
 8.98103E-03   4.75370E-04   1.14220E-04   1.53576E-04   3.22676E-12     3250.19  1
 9.00103E-03   4.93857E-04   1.14226E-04   1.53219E-04   3.34860E-12     3240.78  1
 9.02103E-03   5.24001E-04   1.14136E-04   1.52815E-04   3.47102E-12     3249.56  1
 9.04103E-03   5.46116E-04   1.14297E-04   1.52269E-04   3.58634E-12     3233.47  1
 9.06103E-03   5.68213E-04   1.14368E-04   1.51821E-04   3.70054E-12     3248.53  1
 9.08103E-03   5.92214E-04   1.14435E-04   1.51462E-04   3.80585E-12     3266.92  1
 9.10103E-03   6.12831E-04   1.14407E-04   1.51143E-04   3.90688E-12     3252.22  1
 9.12103E-03   6.34965E-04   1.14336E-04   1.50058E-04   4.00248E-12     3265.02  1
 9.14103E-03   6.59376E-04   1.14353E-04   1.48985E-04   4.09457E-12     3278.56  1
 9.16103E-03   6.79374E-04   1.14395E-04   1.46598E-04   4.18401E-12     3258.21  1
 9.18103E-03   7.01015E-04   1.14333E-04   1.45475E-04   4.26737E-12     3243.85  1
 9.20103E-03   7.24935E-04   1.14236E-04   1.44882E-04   4.34326E-12     3262.54  1
 9.22103E-03   7.45574E-04   1.14258E-04   1.44288E-04   4.41476E-12     3267.81  1
 9.24103E-03   7.63665E-04   1.14297E-04   1.43755E-04   4.48526E-12     3253.56  1
 9.26103E-03   7.87325E-04   1.14263E-04   1.43293E-04   4.54840E-12     3267.64  1
 9.28103E-03   8.04622E-04   1.14281E-04   1.42739E-04   4.61038E-12     3271.35  1
 9.30103E-03   8.20496E-04   1.14259E-04   1.42061E-04   4.66321E-12     3260.68  1
 9.32103E-03   8.40763E-04   1.14185E-04   1.41327E-04   4.71757E-12     3261.47  1
 9.34103E-03   8.60657E-04   1.14101E-04   1.40108E-04   4.76456E-12     3282.05  1
 9.36103E-03   8.78542E-04   1.14116E-04   1.37644E-04   4.80859E-12     3267.99  1
 9.38103E-03   8.98767E-04   1.14027E-04   1.35784E-04   4.84844E-12     3265.84  1
 9.40103E-03   9.16777E-04   1.13954E-04   1.34790E-04   4.88423E-12     3275.67  1
 9.42103E-03   9.35087E-04   1.13923E-04   1.33991E-04   4.91235E-12     3270.30  1
 9.44103E-03   9.54536E-04   1.13876E-04   1.33333E-04   4.93993E-12     3250.42  1
 9.46104E-03   9.78183E-04   1.13801E-04   1.32500E-04   4.96267E-12     3269.46  1
 9.48104E-03   9.91391E-04   1.13709E-04   1.31639E-04   4.97972E-12     3271.21  1
 9.50104E-03   1.01096E-03   1.13638E-04   1.30437E-04   4.99242E-12     3248.33  1
 9.52104E-03   1.03164E-03   1.13504E-04   1.27721E-04   5.00039E-12     3257.46  1
 9.54104E-03   1.04855E-03   1.13323E-04   1.25649E-04   4.84929E-12     3274.59  0
 9.56104E-03   1.04683E-03   1.12783E-04   1.24591E-04   4.68129E-12     2812.54  0
 9.58104E-03   1.04392E-03   1.10039E-04   1.23807E-04   4.50373E-12     2552.35  0
 9.60104E-03   1.03522E-03   1.08107E-04   1.22056E-04   4.31875E-12     2379.04  0
 9.62104E-03   1.03238E-03   1.04915E-04   1.23903E-04   4.12844E-12     2242.21  0
 9.64104E-03   1.02917E-03   1.02832E-04   1.21191E-04   3.92869E-12     2130.18  0
 9.66104E-03   1.02051E-03   9.92252E-05   1.19624E-04   3.72671E-12     2039.56  0
 9.68104E-03   1.01725E-03   9.67623E-05   1.18810E-04   3.52753E-12     1965.67  0
 9.70104E-03   1.00862E-03   9.35099E-05   1.18243E-04   3.33146E-12     1905.21  0
 9.72104E-03   1.00456E-03   9.03407E-05   1.17460E-04   3.13898E-12     1856.72  0
 9.74104E-03   9.95532E-04   8.79988E-05   1.16661E-04   2.95193E-12     1815.99  0
 9.76104E-03   9.91032E-04   8.45937E-05   1.15321E-04   2.76959E-12     1781.78  0
 9.78104E-03   9.81216E-04   8.25886E-05   1.12626E-04   2.59187E-12     1752.94  0
 9.80104E-03   9.72173E-04   7.88937E-05   1.10287E-04   2.35328E-12     1728.03  0
 9.82104E-03   9.66732E-04   7.64931E-05   1.12502E-04   2.17786E-12     1705.20  0
 9.84104E-03   9.56183E-04   7.36115E-05   1.11705E-04   2.00854E-12     1685.07  0
 9.86104E-03   9.45789E-04   7.08383E-05   1.08802E-04   1.84495E-12     1668.09  0
 9.88104E-03   9.35286E-04   6.83680E-05   1.07414E-04   1.68874E-12     1654.14  0
 9.90104E-03   9.24136E-04   6.54109E-05   1.06609E-04   1.53979E-12     1643.05  0
 9.92104E-03   9.11696E-04   6.31826E-05   1.05889E-04   1.39906E-12     1634.65  0
 9.94104E-03   8.98024E-04   6.01840E-05   1.05207E-04   1.26641E-12     1628.61  0
 9.96104E-03   8.83864E-04   5.80713E-05   1.04386E-04   1.14186E-12     1624.70  0
 9.98104E-03   8.64546E-04   5.50412E-05   1.03534E-04   1.02534E-12     1622.97  0
 1.00010E-02   8.43158E-04   5.21300E-05   9.82239E-05   8.86914E-13     1622.49  0
 1.00210E-02   8.21347E-04   4.94258E-05   1.02607E-04   7.83459E-13     1621.89  0
 1.00410E-02   7.96820E-04   4.77039E-05   1.01555E-04   8.00331E-13     1621.14  1
 1.00610E-02   4.24184E-05   1.07766E-04   4.25294E-05   8.99192E-13     1974.63  1
 1.00810E-02   7.39518E-05   1.11078E-04   6.61004E-05   9.81343E-13     2669.47  1
 1.01010E-02   9.75563E-05   1.12783E-04   7.25602E-05   1.06486E-12     3001.26  1
 1.01210E-02   1.22316E-04   1.13310E-04   7.48778E-05   1.15817E-12     3119.66  1
 1.01410E-02   1.45470E-04   1.13540E-04   7.65651E-05   1.26557E-12     3164.92  1
 1.01610E-02   1.67898E-04   1.13779E-04   8.54702E-05   1.37907E-12     3200.77  1
 1.01810E-02   1.92454E-04   1.13911E-04   8.74443E-05   1.53056E-12     3208.90  1
 1.02010E-02   5.04969E-04   1.13521E-04   1.87133E-04   1.71676E-12     3137.31  1
 1.02210E-02   4.64707E-04   1.13569E-04   1.87624E-04   1.87429E-12     3137.01  1
 1.02410E-02   4.25391E-04   1.13766E-04   1.87138E-04   2.02990E-12     3149.72  1
 1.02610E-02   3.88818E-04   1.13944E-04   1.84621E-04   2.17998E-12     3164.55  1
 1.02810E-02   3.54492E-04   1.14070E-04   1.82059E-04   2.33122E-12     3192.26  1
 1.03010E-02   3.67991E-04   1.14121E-04   1.81046E-04   2.48225E-12     3174.03  1
 1.03210E-02   3.82673E-04   1.14139E-04   1.80301E-04   2.62786E-12     3200.82  1
 1.03410E-02   3.97092E-04   1.14202E-04   1.79296E-04   2.77328E-12     3233.52  1
 1.03610E-02   4.14550E-04   1.14296E-04   1.77651E-04   2.91587E-12     3214.17  1
 1.03810E-02   4.28588E-04   1.14280E-04   1.74951E-04   3.05186E-12     3191.99  1
 1.04010E-02   4.42773E-04   1.14224E-04   1.73977E-04   3.17228E-12     3235.39  1
 1.04210E-02   4.66839E-04   1.14280E-04   1.73334E-04   3.29893E-12     3249.19  1
 1.04410E-02   4.93759E-04   1.14347E-04   1.72524E-04   3.41759E-12     3236.96  1
 1.04610E-02   5.17855E-04   1.14334E-04   1.71757E-04   3.52973E-12     3230.60  1
 1.04810E-02   5.39721E-04   1.14419E-04   1.71121E-04   3.64627E-12     3271.95  1
 1.05010E-02   5.64712E-04   1.14410E-04   1.69883E-04   3.75479E-12     3245.80  1
 1.05210E-02   5.87177E-04   1.14344E-04   1.67763E-04   3.85642E-12     3228.33  1
 1.05410E-02   6.08129E-04   1.14371E-04   1.65394E-04   3.95784E-12     3267.49  1
 1.05610E-02   6.32023E-04   1.14416E-04   1.64333E-04   4.05250E-12     3252.32  1
 1.05810E-02   6.53680E-04   1.14351E-04   1.63527E-04   4.14098E-12     3228.12  1
 1.06010E-02   6.74164E-04   1.14266E-04   1.62565E-04   4.22409E-12     3266.25  1
 1.06210E-02   6.94537E-04   1.14291E-04   1.61657E-04   4.30443E-12     3271.24  1
 1.06410E-02   7.17658E-04   1.14321E-04   1.60860E-04   4.37985E-12     3253.14  1
 1.06610E-02   7.36030E-04   1.14281E-04   1.59560E-04   4.44979E-12     3254.80  1
 1.06810E-02   7.57452E-04   1.14284E-04   1.56705E-04   4.51768E-12     3282.03  1
 1.07010E-02   7.77545E-04   1.14231E-04   1.54822E-04   4.57616E-12     3240.16  1
 1.07210E-02   7.94998E-04   1.14118E-04   1.53882E-04   4.62826E-12     3260.10  1
 1.07410E-02   8.13861E-04   1.14003E-04   1.53106E-04   4.68054E-12     3291.35  1
 1.07610E-02   8.36673E-04   1.13962E-04   1.52250E-04   4.72307E-12     3258.84  1
 1.07810E-02   8.54079E-04   1.13852E-04   1.51355E-04   4.59826E-12     3230.34  0
 1.08010E-02   8.51493E-04   1.13121E-04   1.48254E-04   4.48859E-12     2801.34  0
 1.08210E-02   8.48804E-04   1.11105E-04   1.48266E-04   4.32961E-12     2535.83  0
 1.08410E-02   8.44102E-04   1.08888E-04   1.47922E-04   4.16229E-12     2352.72  0
 1.08610E-02   8.42161E-04   1.06808E-04   1.47308E-04   3.98916E-12     2223.19  0
 1.08810E-02   8.39272E-04   1.03753E-04   1.46063E-04   3.81498E-12     2123.12  0
 1.09010E-02   8.32920E-04   1.01066E-04   1.42393E-04   3.64182E-12     2045.99  0
 1.09210E-02   8.30601E-04   9.84068E-05   1.41039E-04   3.47027E-12     1982.07  0
 1.09410E-02   8.28149E-04   9.53167E-05   1.40031E-04   3.30033E-12     1927.73  0
 1.09610E-02   8.20745E-04   9.29580E-05   1.38903E-04   3.13344E-12     1880.77  0
 1.09810E-02   8.17908E-04   8.95595E-05   1.37728E-04   2.96947E-12     1841.21  0
 1.10010E-02   8.12042E-04   8.75857E-05   1.34568E-04   2.75656E-12     1806.81  0
 1.10210E-02   8.04811E-04   8.42245E-05   1.33248E-04   2.59281E-12     1774.35  0
 1.10410E-02   8.02149E-04   8.21751E-05   1.32427E-04   2.43052E-12     1744.83  0
 1.10610E-02   7.96509E-04   7.89769E-05   1.28731E-04   2.27179E-12     1718.60  0
 1.10810E-02   7.91559E-04   7.66871E-05   1.26954E-04   2.11697E-12     1696.26  0
 1.11010E-02   7.88424E-04   7.38578E-05   1.25715E-04   1.96736E-12     1677.95  0
 1.11210E-02   7.80805E-04   7.14592E-05   1.24475E-04   1.82272E-12     1662.90  0
 1.11410E-02   7.77696E-04   6.87612E-05   1.23157E-04   1.68433E-12     1650.64  0
 1.11610E-02   7.69464E-04   6.63775E-05   1.20559E-04   1.55136E-12     1641.05  0
 1.11810E-02   7.64219E-04   6.37990E-05   1.17488E-04   1.42383E-12     1633.70  0
 1.12010E-02   7.54004E-04   6.02595E-05   1.12925E-04   1.26687E-12     1628.11  0
 1.12210E-02   7.52248E-04   5.83198E-05   1.17783E-04   1.14926E-12     1624.61  0
 1.12410E-02   7.43690E-04   5.57462E-05   1.15091E-04   1.03826E-12     1623.00  0
 1.12610E-02   7.35205E-04   5.35327E-05   1.13711E-04   9.34038E-13     1622.66  0
 1.12810E-02   7.24133E-04   5.12348E-05   1.12513E-04   9.49348E-13     1622.17  1
 1.13010E-02   4.20037E-05   1.07703E-04   4.37080E-05   1.04246E-12     1965.81  1
 1.13210E-02   7.35667E-05   1.10994E-04   6.62239E-05   1.11882E-12     2671.35  1
 1.13410E-02   1.00914E-04   1.12719E-04   7.26905E-05   1.19676E-12     3004.84  1
 1.13610E-02   1.22009E-04   1.13276E-04   7.49847E-05   1.28714E-12     3123.29  1
 1.13810E-02   1.45069E-04   1.13526E-04   7.66581E-05   1.37633E-12     3184.89  1
 1.14010E-02   1.70726E-04   1.13391E-04   8.90130E-05   1.50756E-12     3118.73  1
 1.14210E-02   5.95521E-04   1.13430E-04   2.04253E-04   1.64607E-12     3135.55  1
 1.14411E-02   5.68391E-04   1.13613E-04   2.00659E-04   1.79172E-12     3157.31  1
 1.14611E-02   5.42650E-04   1.13775E-04   1.99993E-04   1.93759E-12     3159.61  1
 1.14811E-02   5.07326E-04   1.13834E-04   1.99403E-04   2.07650E-12     3177.33  1
 1.15011E-02   4.73197E-04   1.13897E-04   1.98714E-04   2.21935E-12     3159.67  1
 1.15211E-02   4.34216E-04   1.13915E-04   1.97457E-04   2.36049E-12     3168.34  1
 1.15411E-02   3.96619E-04   1.13920E-04   1.93814E-04   2.49919E-12     3194.15  1
 1.15611E-02   3.67575E-04   1.14028E-04   1.92673E-04   2.64356E-12     3166.97  1
 1.15811E-02   3.87471E-04   1.14028E-04   1.91717E-04   2.78398E-12     3189.05  1
 1.16011E-02   4.05730E-04   1.14019E-04   1.90824E-04   2.91078E-12     3215.86  1
 1.16211E-02   4.27126E-04   1.14064E-04   1.89545E-04   3.04382E-12     3237.31  1
 1.16411E-02   4.50522E-04   1.14126E-04   1.87148E-04   3.17106E-12     3242.47  1
 1.16611E-02   4.74828E-04   1.14162E-04   1.84446E-04   3.29231E-12     3237.74  1
 1.16811E-02   5.00607E-04   1.14201E-04   1.83304E-04   3.41693E-12     3256.67  1
 1.17011E-02   5.22110E-04   1.14206E-04   1.82274E-04   3.53258E-12     3234.51  1
 1.17211E-02   5.45155E-04   1.14172E-04   1.81356E-04   3.64372E-12     3226.50  1
 1.17411E-02   5.70118E-04   1.14139E-04   1.80101E-04   3.75099E-12     3257.20  1
 1.17611E-02   5.90579E-04   1.14186E-04   1.78729E-04   3.85598E-12     3244.05  1
 1.17811E-02   6.12822E-04   1.14115E-04   1.75469E-04   3.95193E-12     3225.48  1
 1.18011E-02   6.37078E-04   1.14009E-04   1.74125E-04   4.04333E-12     3233.94  1
 1.18211E-02   6.58934E-04   1.13903E-04   1.73163E-04   4.12544E-12     3255.99  1
 1.18411E-02   6.77912E-04   1.13889E-04   1.72164E-04   4.20577E-12     3268.81  1
 1.18611E-02   6.97565E-04   1.13903E-04   1.71189E-04   4.11584E-12     3243.14  0
 1.18811E-02   6.92744E-04   1.13367E-04   1.69851E-04   4.01143E-12     2819.81  0
 1.19011E-02   6.90439E-04   1.11794E-04   1.67668E-04   3.89103E-12     2565.79  0
 1.19211E-02   6.86160E-04   1.09177E-04   1.64820E-04   3.76288E-12     2388.20  0
 1.19411E-02   6.82192E-04   1.07585E-04   1.63594E-04   3.63236E-12     2259.33  0
 1.19611E-02   6.79985E-04   1.04218E-04   1.62664E-04   3.49721E-12     2158.10  0
 1.19811E-02   6.74464E-04   1.02218E-04   1.61595E-04   3.36050E-12     2078.14  0
 1.20011E-02   6.70970E-04   9.84297E-05   1.58626E-04   3.21613E-12     2008.70  0
 1.20211E-02   6.68315E-04   9.54341E-05   1.57607E-04   3.07976E-12     1941.21  0
 1.20411E-02   6.61766E-04   9.30207E-05   1.56633E-04   2.93892E-12     1884.02  0
 1.20611E-02   6.59033E-04   8.97721E-05   1.55395E-04   2.79737E-12     1836.46  0
 1.20811E-02   6.54659E-04   8.78284E-05   1.53105E-04   2.65626E-12     1796.73  0
 1.21011E-02   6.49174E-04   8.45126E-05   1.49821E-04   2.51626E-12     1763.95  0
 1.21211E-02   6.46351E-04   8.27115E-05   1.48279E-04   2.37814E-12     1736.39  0
 1.21411E-02   6.40926E-04   7.94077E-05   1.46898E-04   2.24256E-12     1713.61  0
 1.21611E-02   6.36798E-04   7.76055E-05   1.45537E-04   2.10973E-12     1694.34  0
 1.21811E-02   6.34364E-04   7.43665E-05   1.43890E-04   1.98016E-12     1678.10  0
 1.22011E-02   6.27029E-04   7.18611E-05   1.39307E-04   1.80437E-12     1664.27  0
 1.22211E-02   6.28814E-04   6.90566E-05   1.41941E-04   1.67593E-12     1652.43  0
 1.22411E-02   6.23156E-04   6.70946E-05   1.39196E-04   1.55308E-12     1642.54  0
 1.22611E-02   6.19363E-04   6.41083E-05   1.36623E-04   1.43586E-12     1634.72  0
 1.22811E-02   6.14305E-04   6.24470E-05   1.35366E-04   1.32425E-12     1629.18  0
 1.23011E-02   6.07681E-04   5.92926E-05   1.34232E-04   1.21799E-12     1625.40  0
 1.23211E-02   6.03251E-04   5.76662E-05   1.33116E-04   1.11737E-12     1623.31  0
 1.23411E-02   5.93764E-04   5.46195E-05   1.31627E-04   1.02190E-12     1622.79  0
 1.23611E-02   5.85104E-04   5.29597E-05   1.27471E-04   1.05253E-12     1622.40  1
 1.23811E-02   4.58072E-05   1.07386E-04   5.06490E-05   1.14117E-12     1912.35  1
 1.24011E-02   7.19758E-05   1.10504E-04   6.19915E-05   1.21256E-12     2643.96  1
 1.24211E-02   9.65736E-05   1.12415E-04   7.22625E-05   1.29696E-12     2932.09  1
 1.24411E-02   1.21324E-04   1.13092E-04   7.53717E-05   1.38594E-12     3078.77  1
 1.24611E-02   1.44918E-04   1.13319E-04   7.70560E-05   1.46878E-12     3110.40  1
 1.24811E-02   1.67545E-04   1.13466E-04   7.84962E-05   1.55732E-12     3168.22  1
 1.25011E-02   1.91969E-04   1.13595E-04   7.98599E-05   1.67022E-12     3168.80  1
 1.25211E-02   2.14991E-04   1.13619E-04   9.17790E-05   1.78368E-12     3144.06  1
 1.25411E-02   2.37793E-04   1.13631E-04   9.46686E-05   1.92563E-12     3192.61  1
 1.25611E-02   4.72863E-04   1.13730E-04   2.16253E-04   2.07702E-12     3193.43  1
 1.25811E-02   4.55980E-04   1.13724E-04   2.11972E-04   2.22575E-12     3182.64  1
 1.26011E-02   4.36803E-04   1.13296E-04   2.09880E-04   2.37472E-12     3189.03  1
 1.26211E-02   4.18572E-04   1.13421E-04   2.12792E-04   2.51882E-12     3158.20  1
 1.26411E-02   4.07314E-04   1.13480E-04   2.11188E-04   2.65160E-12     3168.01  1
 1.26611E-02   4.23857E-04   1.13564E-04   2.08413E-04   2.77846E-12     3188.09  1
 1.26811E-02   4.41585E-04   1.13607E-04   2.07152E-04   2.90666E-12     3220.63  1
 1.27011E-02   4.58719E-04   1.13634E-04   2.05932E-04   3.03049E-12     3197.63  1
 1.27211E-02   4.76967E-04   1.13583E-04   2.03121E-04   2.97746E-12     3207.17  0
 1.27411E-02   4.70315E-04   1.13067E-04   1.99427E-04   2.91073E-12     2754.71  0
 1.27611E-02   4.62546E-04   1.11042E-04   1.97725E-04   2.83415E-12     2510.39  0
 1.27811E-02   4.55810E-04   1.08918E-04   1.96144E-04   2.74694E-12     2353.84  0
 1.28011E-02   4.50268E-04   1.06938E-04   1.91833E-04   2.65312E-12     2241.39  0
 1.28211E-02   4.51943E-04   1.03921E-04   1.89012E-04   2.56073E-12     2148.37  0
 1.28411E-02   4.52859E-04   1.01693E-04   1.87356E-04   2.46427E-12     2068.96  0
 1.28611E-02   4.53050E-04   9.87471E-05   1.85527E-04   2.36750E-12     2000.30  0
 1.28811E-02   4.53049E-04   9.61731E-05   1.80790E-04   2.26974E-12     1939.27  0
 1.29011E-02   4.52949E-04   9.35143E-05   1.78775E-04   2.17197E-12     1887.35  0
 1.29211E-02   4.52734E-04   9.05450E-05   1.77241E-04   2.07595E-12     1842.29  0
 1.29411E-02   4.52326E-04   8.82468E-05   1.75400E-04   1.98006E-12     1803.21  0
 1.29611E-02   4.44915E-04   8.51923E-05   1.71707E-04   1.88547E-12     1770.57  0
 1.29811E-02   4.38392E-04   8.30403E-05   1.69157E-04   1.79219E-12     1742.76  0
 1.30011E-02   4.34285E-04   7.98302E-05   1.67421E-04   1.69957E-12     1718.89  0
 1.30211E-02   4.29944E-04   7.78711E-05   1.65908E-04   1.60858E-12     1698.99  0
 1.30411E-02   4.25214E-04   7.46463E-05   1.64112E-04   1.51901E-12     1682.16  0
 1.30611E-02   4.22751E-04   7.27829E-05   1.60796E-04   1.43115E-12     1667.88  0
 1.30811E-02   4.16799E-04   6.95005E-05   1.58024E-04   1.34492E-12     1656.16  0
 1.31011E-02   4.14105E-04   6.77192E-05   1.56558E-04   1.26111E-12     1646.41  0
 1.31211E-02   4.10661E-04   6.47033E-05   1.55302E-04   1.17948E-12     1638.62  0
 1.31411E-02   4.05571E-04   6.30132E-05   1.53906E-04   1.10103E-12     1632.60  0
 1.31611E-02   4.03347E-04   6.02155E-05   1.51700E-04   1.02539E-12     1628.13  0
 1.31811E-02   3.98522E-04   5.83468E-05   1.48304E-04   9.52708E-13     1625.02  0
 1.32011E-02   3.90794E-04   5.51518E-05   1.45030E-04   8.49606E-13     1623.19  0
 1.32211E-02   3.93192E-04   5.33315E-05   1.51726E-04   8.79229E-13     1622.79  1
 1.32411E-02   4.28818E-05   1.07507E-04   4.29875E-05   9.96880E-13     1942.70  1
 1.32611E-02   7.61236E-05   1.10633E-04   6.29617E-05   1.09326E-12     2666.17  1
 1.32811E-02   9.81094E-05   1.12364E-04   7.12144E-05   1.18571E-12     3008.64  1
 1.33011E-02   1.21961E-04   1.12930E-04   7.43564E-05   1.28152E-12     3111.05  1
 1.33211E-02   1.49402E-04   1.13124E-04   7.60603E-05   1.39355E-12     3167.72  1
 1.33411E-02   1.69257E-04   1.13193E-04   8.46174E-05   1.50881E-12     3166.19  1
 1.33611E-02   1.91819E-04   1.13253E-04   8.66030E-05   1.64300E-12     3186.77  1
 1.33811E-02   3.33863E-04   1.13295E-04   2.33438E-04   1.79396E-12     3201.61  1
 1.34011E-02   3.20171E-04   1.13217E-04   2.31501E-04   1.95051E-12     3167.06  1
 1.34211E-02   3.15428E-04   1.13152E-04   2.30638E-04   1.92945E-12     3143.00  0
 1.34411E-02   3.11937E-04   1.12582E-04   2.29441E-04   1.88390E-12     2696.13  0
 1.34611E-02   3.07353E-04   1.09618E-04   2.27118E-04   1.82684E-12     2461.61  0
 1.34811E-02   3.01539E-04   1.08024E-04   2.23870E-04   1.76431E-12     2315.82  0
 1.35011E-02   2.97207E-04   1.04918E-04   2.22404E-04   1.69985E-12     2206.57  0
 1.35211E-02   2.90838E-04   1.02928E-04   2.21148E-04   1.63513E-12     2121.05  0
 1.35411E-02   2.86901E-04   9.96477E-05   2.19601E-04   1.56863E-12     2049.42  0
 1.35611E-02   2.80118E-04   9.76946E-05   2.15355E-04   1.50295E-12     1986.47  0
 1.35811E-02   2.76384E-04   9.41720E-05   2.12857E-04   1.43696E-12     1931.50  0
 1.36011E-02   2.68334E-04   9.17132E-05   2.10463E-04   1.35732E-12     1884.41  0
 1.36211E-02   2.71425E-04   8.87497E-05   2.08632E-04   1.28804E-12     1841.36  0
 1.36411E-02   2.71778E-04   8.60086E-05   2.04837E-04   1.21943E-12     1803.88  0
 1.36611E-02   2.71997E-04   8.34006E-05   2.01188E-04   1.15235E-12     1771.14  0
 1.36811E-02   2.72114E-04   8.03164E-05   1.98999E-04   1.08593E-12     1742.94  0
 1.37011E-02   2.72162E-04   7.80271E-05   1.96778E-04   1.02081E-12     1718.42  0
 1.37211E-02   2.72150E-04   7.47399E-05   1.92265E-04   9.56703E-13     1697.28  0
 1.37411E-02   2.72086E-04   7.27639E-05   1.88643E-04   8.94101E-13     1679.20  0
 1.37611E-02   2.71969E-04   6.93311E-05   1.86389E-04   8.32660E-13     1663.98  0
 1.37811E-02   2.71795E-04   6.76247E-05   1.84011E-04   7.73315E-13     1651.73  0
 1.38011E-02   2.71536E-04   6.42001E-05   1.78020E-04   7.02005E-13     1641.63  0
 1.38211E-02   2.71197E-04   6.23931E-05   1.77589E-04   6.44345E-13     1633.65  0
 1.38411E-02   2.67820E-04   5.91478E-05   1.74580E-04   5.89759E-13     1627.82  0
 1.38611E-02   2.63960E-04   5.72128E-05   1.72613E-04   5.38120E-13     1624.29  0
 1.38811E-02   2.60674E-04   5.41065E-05   1.67928E-04   4.89300E-13     1622.93  0
 1.39011E-02   2.54024E-04   5.21981E-05   1.64959E-04   4.43306E-13     1622.54  0
 1.39211E-02   2.48658E-04   4.91680E-05   1.62975E-04   4.00219E-13     1622.00  0
 1.39411E-02   2.37879E-04   4.75172E-05   1.58547E-04   3.59567E-13     1621.31  0
 1.39611E-02   2.31468E-04   4.44117E-05   1.55148E-04   3.21390E-13     1620.48  0
 1.39811E-02   2.19349E-04   4.28794E-05   1.53118E-04   2.85651E-13     1619.52  0
 1.40011E-02   2.12819E-04   4.02199E-05   1.48985E-04   2.52441E-13     1618.43  0
 1.40211E-02   2.03499E-04   3.85732E-05   1.45139E-04   2.21199E-13     1617.26  0
 1.40411E-02   1.94505E-04   3.68422E-05   1.43028E-04   1.92225E-13     1616.01  0
 1.40611E-02   1.86019E-04   3.45960E-05   1.39017E-04   1.65529E-13     1614.63  0
 1.40811E-02   1.77298E-04   3.33128E-05   1.34818E-04   1.40806E-13     1613.12  0
 1.41011E-02   1.69078E-04   3.13572E-05   1.32573E-04   1.18173E-13     1611.50  0
 1.41211E-02   1.60836E-04   2.94474E-05   1.28293E-04   9.77590E-14     1609.85  0
 1.41411E-02   1.53030E-04   2.82052E-05   1.23919E-04   7.93784E-14     1608.10  0
 1.41611E-02   1.43873E-04   2.61800E-05   1.20609E-04   6.31060E-14     1606.19  0
 1.41811E-02   1.34412E-04   2.44154E-05   1.09210E-04   4.89556E-14     1604.11  0
 1.42011E-02   1.25134E-04   2.31999E-05   9.95334E-05   3.66073E-14     1601.82  0
 1.42211E-02   1.14877E-04   2.12488E-05   9.28119E-05   2.63739E-14     1599.30  0
 1.42411E-02   1.05371E-04   1.94066E-05   8.12229E-05   1.77022E-14     1596.62  0
 1.42611E-02   9.42598E-05   1.80987E-05   7.39483E-05   1.10482E-14     1593.68  0
 1.42811E-02   8.19998E-05   1.56806E-05   6.34110E-05   5.88558E-15     1590.28  0
 1.43011E-02   7.14587E-05   1.37347E-05   5.37769E-05   2.46046E-15     1586.29  0
 1.43211E-02   5.40790E-05   1.11795E-05   4.08846E-05   5.00466E-16     1581.08  0
 1.43411E-02   3.40066E-05   8.00902E-06   2.71640E-05   0.00000E+00     1574.28  0
 1.43611E-02   0.00000E+00   0.00000E+00   0.00000E+00   0.00000E+00     1554.06  0
 1.43811E-02   0.00000E+00   0.00000E+00   0.00000E+00   0.00000E+00     1513.28  0
 1.44011E-02   0.00000E+00   0.00000E+00   0.00000E+00   0.00000E+00     1487.12  0
 1.44211E-02   0.00000E+00   0.00000E+00   0.00000E+00   0.00000E+00     1466.77  0
 1.44411E-02   0.00000E+00   0.00000E+00   0.00000E+00   0.00000E+00     1449.84  0
 1.44611E-02   0.00000E+00   0.00000E+00   0.00000E+00   0.00000E+00     1435.37  0
 1.44811E-02   0.00000E+00   0.00000E+00   0.00000E+00   0.00000E+00     1422.06  0
 1.45011E-02   0.00000E+00   0.00000E+00   0.00000E+00   0.00000E+00     1409.64  0
 1.45211E-02   0.00000E+00   0.00000E+00   0.00000E+00   0.00000E+00     1398.12  0
 1.45411E-02   0.00000E+00   0.00000E+00   0.00000E+00   0.00000E+00     1387.72  0
 1.45611E-02   0.00000E+00   0.00000E+00   0.00000E+00   0.00000E+00     1377.74  0
 1.45811E-02   0.00000E+00   0.00000E+00   0.00000E+00   0.00000E+00     1368.15  0
 1.46011E-02   0.00000E+00   0.00000E+00   0.00000E+00   0.00000E+00     1358.91  0
 1.46211E-02   0.00000E+00   0.00000E+00   0.00000E+00   0.00000E+00     1350.38  0
 1.46411E-02   0.00000E+00   0.00000E+00   0.00000E+00   0.00000E+00     1342.16  0
 1.46611E-02   0.00000E+00   0.00000E+00   0.00000E+00   0.00000E+00     1334.18  0
 1.46811E-02   0.00000E+00   0.00000E+00   0.00000E+00   0.00000E+00     1326.40  0
 1.47011E-02   0.00000E+00   0.00000E+00   0.00000E+00   0.00000E+00     1319.01  0
 1.47211E-02   0.00000E+00   0.00000E+00   0.00000E+00   0.00000E+00     1311.98  0
 1.47411E-02   0.00000E+00   0.00000E+00   0.00000E+00   0.00000E+00     1305.10  0
 1.47611E-02   0.00000E+00   0.00000E+00   0.00000E+00   0.00000E+00     1298.36  0
 1.47811E-02   0.00000E+00   0.00000E+00   0.00000E+00   0.00000E+00     1291.90  0
 1.48011E-02   0.00000E+00   0.00000E+00   0.00000E+00   0.00000E+00     1285.79  0
 1.48211E-02   0.00000E+00   0.00000E+00   0.00000E+00   0.00000E+00     1279.77  0
 1.48411E-02   0.00000E+00   0.00000E+00   0.00000E+00   0.00000E+00     1273.86  0
 1.48611E-02   0.00000E+00   0.00000E+00   0.00000E+00   0.00000E+00     1268.04  0
 1.48811E-02   0.00000E+00   0.00000E+00   0.00000E+00   0.00000E+00     1262.53  0
 1.49011E-02   0.00000E+00   0.00000E+00   0.00000E+00   0.00000E+00     1257.15  0
 1.49211E-02   0.00000E+00   0.00000E+00   0.00000E+00   0.00000E+00     1251.86  0
 1.49411E-02   0.00000E+00   0.00000E+00   0.00000E+00   0.00000E+00     1246.63  0
 1.49611E-02   0.00000E+00   0.00000E+00   0.00000E+00   0.00000E+00     1241.51  0
 1.49811E-02   0.00000E+00   0.00000E+00   0.00000E+00   0.00000E+00     1236.66  0
 1.50011E-02   0.00000E+00   0.00000E+00   0.00000E+00   0.00000E+00     1231.87  0
 1.50211E-02   0.00000E+00   0.00000E+00   0.00000E+00   0.00000E+00     1227.14  0
 1.50411E-02   0.00000E+00   0.00000E+00   0.00000E+00   0.00000E+00     1222.48  0
 1.50611E-02   0.00000E+00   0.00000E+00   0.00000E+00   0.00000E+00     1217.92  0
 1.50811E-02   0.00000E+00   0.00000E+00   0.00000E+00   0.00000E+00     1213.56  0
 1.51011E-02   0.00000E+00   0.00000E+00   0.00000E+00   0.00000E+00     1209.25  0
 1.51211E-02   0.00000E+00   0.00000E+00   0.00000E+00   0.00000E+00     1204.99  0
 1.51411E-02   0.00000E+00   0.00000E+00   0.00000E+00   0.00000E+00     1200.78  0
 1.51611E-02   0.00000E+00   0.00000E+00   0.00000E+00   0.00000E+00     1196.69  0
 1.51811E-02   0.00000E+00   0.00000E+00   0.00000E+00   0.00000E+00     1192.77  0
 1.52011E-02   0.00000E+00   0.00000E+00   0.00000E+00   0.00000E+00     1188.88  0
 1.52211E-02   0.00000E+00   0.00000E+00   0.00000E+00   0.00000E+00     1185.02  0
 1.52411E-02   0.00000E+00   0.00000E+00   0.00000E+00   0.00000E+00     1181.21  0
 1.52611E-02   0.00000E+00   0.00000E+00   0.00000E+00   0.00000E+00     1177.45  0
 1.52811E-02   0.00000E+00   0.00000E+00   0.00000E+00   0.00000E+00     1173.86  0
 1.53011E-02   0.00000E+00   0.00000E+00   0.00000E+00   0.00000E+00     1170.30  0
 1.53211E-02   0.00000E+00   0.00000E+00   0.00000E+00   0.00000E+00     1166.77  0
 1.53411E-02   0.00000E+00   0.00000E+00   0.00000E+00   0.00000E+00     1163.28  0
 1.53611E-02   0.00000E+00   0.00000E+00   0.00000E+00   0.00000E+00     1159.82  0
 1.53811E-02   0.00000E+00   0.00000E+00   0.00000E+00   0.00000E+00     1156.48  0
 1.54011E-02   0.00000E+00   0.00000E+00   0.00000E+00   0.00000E+00     1153.21  0
 1.54211E-02   0.00000E+00   0.00000E+00   0.00000E+00   0.00000E+00     1149.96  0
 1.54411E-02   0.00000E+00   0.00000E+00   0.00000E+00   0.00000E+00     1146.74  0
 1.54611E-02   0.00000E+00   0.00000E+00   0.00000E+00   0.00000E+00     1143.55  0
 1.54811E-02   0.00000E+00   0.00000E+00   0.00000E+00   0.00000E+00     1140.41  0
 1.55011E-02   0.00000E+00   0.00000E+00   0.00000E+00   0.00000E+00     1137.38  0
 1.55211E-02   0.00000E+00   0.00000E+00   0.00000E+00   0.00000E+00     1134.38  0
 1.55411E-02   0.00000E+00   0.00000E+00   0.00000E+00   0.00000E+00     1131.40  0
 1.55611E-02   0.00000E+00   0.00000E+00   0.00000E+00   0.00000E+00     1128.44  0
 1.55811E-02   0.00000E+00   0.00000E+00   0.00000E+00   0.00000E+00     1125.51  0
 1.56011E-02   0.00000E+00   0.00000E+00   0.00000E+00   0.00000E+00     1122.66  0
 1.56211E-02   0.00000E+00   0.00000E+00   0.00000E+00   0.00000E+00     1119.89  0
 1.56411E-02   0.00000E+00   0.00000E+00   0.00000E+00   0.00000E+00     1117.14  0
 1.56611E-02   0.00000E+00   0.00000E+00   0.00000E+00   0.00000E+00     1114.41  0
 1.56811E-02   0.00000E+00   0.00000E+00   0.00000E+00   0.00000E+00     1111.70  0
 1.57011E-02   0.00000E+00   0.00000E+00   0.00000E+00   0.00000E+00     1109.01  0
 1.57211E-02   0.00000E+00   0.00000E+00   0.00000E+00   0.00000E+00     1106.35  0
 1.57411E-02   0.00000E+00   0.00000E+00   0.00000E+00   0.00000E+00     1103.78  0
 1.57611E-02   0.00000E+00   0.00000E+00   0.00000E+00   0.00000E+00     1101.23  0
 1.57811E-02   0.00000E+00   0.00000E+00   0.00000E+00   0.00000E+00     1098.69  0
 1.58011E-02   0.00000E+00   0.00000E+00   0.00000E+00   0.00000E+00     1096.18  0
 1.58211E-02   0.00000E+00   0.00000E+00   0.00000E+00   0.00000E+00     1093.68  0
 1.58411E-02   0.00000E+00   0.00000E+00   0.00000E+00   0.00000E+00     1091.20  0
 1.58611E-02   0.00000E+00   0.00000E+00   0.00000E+00   0.00000E+00     1088.79  0
 1.58811E-02   0.00000E+00   0.00000E+00   0.00000E+00   0.00000E+00     1086.41  0
 1.59011E-02   0.00000E+00   0.00000E+00   0.00000E+00   0.00000E+00     1084.05  0
 1.59211E-02   0.00000E+00   0.00000E+00   0.00000E+00   0.00000E+00     1081.71  0
 1.59411E-02   0.00000E+00   0.00000E+00   0.00000E+00   0.00000E+00     1079.38  0
 1.59611E-02   0.00000E+00   0.00000E+00   0.00000E+00   0.00000E+00     1077.07  0
 1.59811E-02   0.00000E+00   0.00000E+00   0.00000E+00   0.00000E+00     1074.77  0
 1.60011E-02   0.00000E+00   0.00000E+00   0.00000E+00   0.00000E+00     1072.55  0
 1.60211E-02   0.00000E+00   0.00000E+00   0.00000E+00   0.00000E+00     1070.35  0
 1.60411E-02   0.00000E+00   0.00000E+00   0.00000E+00   0.00000E+00     1068.16  0
 1.60611E-02   0.00000E+00   0.00000E+00   0.00000E+00   0.00000E+00     1065.98  0
 1.60811E-02   0.00000E+00   0.00000E+00   0.00000E+00   0.00000E+00     1063.82  0
 1.61011E-02   0.00000E+00   0.00000E+00   0.00000E+00   0.00000E+00     1061.67  0
 1.61211E-02   0.00000E+00   0.00000E+00   0.00000E+00   0.00000E+00     1059.56  0
 1.61411E-02   0.00000E+00   0.00000E+00   0.00000E+00   0.00000E+00     1057.50  0
 1.61611E-02   0.00000E+00   0.00000E+00   0.00000E+00   0.00000E+00     1055.47  0
 1.61811E-02   0.00000E+00   0.00000E+00   0.00000E+00   0.00000E+00     1053.44  0
 1.62011E-02   0.00000E+00   0.00000E+00   0.00000E+00   0.00000E+00     1051.43  0
 1.62211E-02   0.00000E+00   0.00000E+00   0.00000E+00   0.00000E+00     1049.42  0
 1.62411E-02   0.00000E+00   0.00000E+00   0.00000E+00   0.00000E+00     1047.43  0
 1.62611E-02   0.00000E+00   0.00000E+00   0.00000E+00   0.00000E+00     1045.44  0
 1.62811E-02   0.00000E+00   0.00000E+00   0.00000E+00   0.00000E+00     1043.49  0
 1.63011E-02   0.00000E+00   0.00000E+00   0.00000E+00   0.00000E+00     1041.58  0
 1.63211E-02   0.00000E+00   0.00000E+00   0.00000E+00   0.00000E+00     1039.68  0
 1.63411E-02   0.00000E+00   0.00000E+00   0.00000E+00   0.00000E+00     1037.80  0
 1.63611E-02   0.00000E+00   0.00000E+00   0.00000E+00   0.00000E+00     1035.92  0
 1.63811E-02   0.00000E+00   0.00000E+00   0.00000E+00   0.00000E+00     1034.05  0
 1.64011E-02   0.00000E+00   0.00000E+00   0.00000E+00   0.00000E+00     1032.19  0
 1.64211E-02   0.00000E+00   0.00000E+00   0.00000E+00   0.00000E+00     1030.35  0
 1.64411E-02   0.00000E+00   0.00000E+00   0.00000E+00   0.00000E+00     1028.51  0
 1.64611E-02   0.00000E+00   0.00000E+00   0.00000E+00   0.00000E+00     1026.73  0
 1.64810E-02   0.00000E+00   0.00000E+00   0.00000E+00   0.00000E+00     1024.96  0
 1.65010E-02   0.00000E+00   0.00000E+00   0.00000E+00   0.00000E+00     1023.20  0
 1.65210E-02   0.00000E+00   0.00000E+00   0.00000E+00   0.00000E+00     1021.45  0
 1.65410E-02   0.00000E+00   0.00000E+00   0.00000E+00   0.00000E+00     1019.71  0
 1.65610E-02   0.00000E+00   0.00000E+00   0.00000E+00   0.00000E+00     1017.97  0
 1.65810E-02   0.00000E+00   0.00000E+00   0.00000E+00   0.00000E+00     1016.25  0
 1.66010E-02   0.00000E+00   0.00000E+00   0.00000E+00   0.00000E+00     1014.53  0
 1.66210E-02   0.00000E+00   0.00000E+00   0.00000E+00   0.00000E+00     1012.82  0
 1.66410E-02   0.00000E+00   0.00000E+00   0.00000E+00   0.00000E+00     1011.16  0
 1.66610E-02   0.00000E+00   0.00000E+00   0.00000E+00   0.00000E+00     1009.52  0
 1.66810E-02   0.00000E+00   0.00000E+00   0.00000E+00   0.00000E+00     1007.88  0
 1.67010E-02   0.00000E+00   0.00000E+00   0.00000E+00   0.00000E+00     1006.25  0
 1.67210E-02   0.00000E+00   0.00000E+00   0.00000E+00   0.00000E+00     1004.63  0
 1.67410E-02   0.00000E+00   0.00000E+00   0.00000E+00   0.00000E+00     1003.03  0
 1.67610E-02   0.00000E+00   0.00000E+00   0.00000E+00   0.00000E+00     1001.44  0
 1.67810E-02   0.00000E+00   0.00000E+00   0.00000E+00   0.00000E+00      999.85  0
 1.68010E-02   0.00000E+00   0.00000E+00   0.00000E+00   0.00000E+00      998.27  0
 1.68210E-02   0.00000E+00   0.00000E+00   0.00000E+00   0.00000E+00      996.70  0
 1.68410E-02   0.00000E+00   0.00000E+00   0.00000E+00   0.00000E+00      995.17  0
 1.68610E-02   0.00000E+00   0.00000E+00   0.00000E+00   0.00000E+00      993.65  0
 1.68810E-02   0.00000E+00   0.00000E+00   0.00000E+00   0.00000E+00      992.14  0
 1.69010E-02   0.00000E+00   0.00000E+00   0.00000E+00   0.00000E+00      990.63  0
 1.69210E-02   0.00000E+00   0.00000E+00   0.00000E+00   0.00000E+00      989.13  0
 1.69410E-02   0.00000E+00   0.00000E+00   0.00000E+00   0.00000E+00      987.64  0
 1.69610E-02   0.00000E+00   0.00000E+00   0.00000E+00   0.00000E+00      986.15  0
 1.69810E-02   0.00000E+00   0.00000E+00   0.00000E+00   0.00000E+00      984.67  0
 1.70010E-02   0.00000E+00   0.00000E+00   0.00000E+00   0.00000E+00      983.20  0
 1.70210E-02   0.00000E+00   0.00000E+00   0.00000E+00   0.00000E+00      981.73  0
 1.70410E-02   0.00000E+00   0.00000E+00   0.00000E+00   0.00000E+00      980.27  0
 1.70610E-02   0.00000E+00   0.00000E+00   0.00000E+00   0.00000E+00      978.85  0
 1.70810E-02   0.00000E+00   0.00000E+00   0.00000E+00   0.00000E+00      977.45  0
 1.71010E-02   0.00000E+00   0.00000E+00   0.00000E+00   0.00000E+00      976.04  0
 1.71210E-02   0.00000E+00   0.00000E+00   0.00000E+00   0.00000E+00      974.64  0
 1.71410E-02   0.00000E+00   0.00000E+00   0.00000E+00   0.00000E+00      973.25  0
 1.71610E-02   0.00000E+00   0.00000E+00   0.00000E+00   0.00000E+00      971.86  0
 1.71810E-02   0.00000E+00   0.00000E+00   0.00000E+00   0.00000E+00      970.48  0
 1.72010E-02   0.00000E+00   0.00000E+00   0.00000E+00   0.00000E+00      969.11  0
 1.72210E-02   0.00000E+00   0.00000E+00   0.00000E+00   0.00000E+00      967.74  0
 1.72410E-02   0.00000E+00   0.00000E+00   0.00000E+00   0.00000E+00      966.38  0
 1.72610E-02   0.00000E+00   0.00000E+00   0.00000E+00   0.00000E+00      965.02  0
 1.72810E-02   0.00000E+00   0.00000E+00   0.00000E+00   0.00000E+00      963.67  0
 1.73010E-02   0.00000E+00   0.00000E+00   0.00000E+00   0.00000E+00      962.35  0
 1.73210E-02   0.00000E+00   0.00000E+00   0.00000E+00   0.00000E+00      961.04  0
 1.73410E-02   0.00000E+00   0.00000E+00   0.00000E+00   0.00000E+00      959.74  0
 1.73610E-02   0.00000E+00   0.00000E+00   0.00000E+00   0.00000E+00      958.44  0
 1.73810E-02   0.00000E+00   0.00000E+00   0.00000E+00   0.00000E+00      957.15  0
 1.74010E-02   0.00000E+00   0.00000E+00   0.00000E+00   0.00000E+00      955.87  0
 1.74210E-02   0.00000E+00   0.00000E+00   0.00000E+00   0.00000E+00      954.59  0
 1.74410E-02   0.00000E+00   0.00000E+00   0.00000E+00   0.00000E+00      953.31  0
 1.74610E-02   0.00000E+00   0.00000E+00   0.00000E+00   0.00000E+00      952.04  0
 1.74810E-02   0.00000E+00   0.00000E+00   0.00000E+00   0.00000E+00      950.77  0
 1.75010E-02   0.00000E+00   0.00000E+00   0.00000E+00   0.00000E+00      949.53  0
 1.75210E-02   0.00000E+00   0.00000E+00   0.00000E+00   0.00000E+00      948.28  0
 1.75410E-02   0.00000E+00   0.00000E+00   0.00000E+00   0.00000E+00      947.04  0
 1.75610E-02   0.00000E+00   0.00000E+00   0.00000E+00   0.00000E+00      945.81  0
 1.75810E-02   0.00000E+00   0.00000E+00   0.00000E+00   0.00000E+00      944.61  0
 1.76010E-02   0.00000E+00   0.00000E+00   0.00000E+00   0.00000E+00      943.42  0
 1.76210E-02   0.00000E+00   0.00000E+00   0.00000E+00   0.00000E+00      942.22  0
 1.76410E-02   0.00000E+00   0.00000E+00   0.00000E+00   0.00000E+00      941.03  0
 1.76610E-02   0.00000E+00   0.00000E+00   0.00000E+00   0.00000E+00      939.85  0
 1.76810E-02   0.00000E+00   0.00000E+00   0.00000E+00   0.00000E+00      938.67  0
 1.77010E-02   0.00000E+00   0.00000E+00   0.00000E+00   0.00000E+00      937.49  0
 1.77210E-02   0.00000E+00   0.00000E+00   0.00000E+00   0.00000E+00      936.32  0
 1.77410E-02   0.00000E+00   0.00000E+00   0.00000E+00   0.00000E+00      935.15  0
 1.77610E-02   0.00000E+00   0.00000E+00   0.00000E+00   0.00000E+00      933.99  0
 1.77810E-02   0.00000E+00   0.00000E+00   0.00000E+00   0.00000E+00      932.83  0
 1.78010E-02   0.00000E+00   0.00000E+00   0.00000E+00   0.00000E+00      931.68  0
 1.78210E-02   0.00000E+00   0.00000E+00   0.00000E+00   0.00000E+00      930.53  0
 1.78410E-02   0.00000E+00   0.00000E+00   0.00000E+00   0.00000E+00      929.38  0
 1.78610E-02   0.00000E+00   0.00000E+00   0.00000E+00   0.00000E+00      928.24  0
 1.78810E-02   0.00000E+00   0.00000E+00   0.00000E+00   0.00000E+00      927.13  0
 1.79010E-02   0.00000E+00   0.00000E+00   0.00000E+00   0.00000E+00      926.02  0
 1.79210E-02   0.00000E+00   0.00000E+00   0.00000E+00   0.00000E+00      924.92  0
 1.79410E-02   0.00000E+00   0.00000E+00   0.00000E+00   0.00000E+00      923.82  0
 1.79610E-02   0.00000E+00   0.00000E+00   0.00000E+00   0.00000E+00      922.73  0
 1.79810E-02   0.00000E+00   0.00000E+00   0.00000E+00   0.00000E+00      921.64  0
 1.80010E-02   0.00000E+00   0.00000E+00   0.00000E+00   0.00000E+00      920.55  0
 1.80210E-02   0.00000E+00   0.00000E+00   0.00000E+00   0.00000E+00      919.47  0
 1.80410E-02   0.00000E+00   0.00000E+00   0.00000E+00   0.00000E+00      918.39  0
 1.80610E-02   0.00000E+00   0.00000E+00   0.00000E+00   0.00000E+00      917.31  0
 1.80810E-02   0.00000E+00   0.00000E+00   0.00000E+00   0.00000E+00      916.24  0
 1.81010E-02   0.00000E+00   0.00000E+00   0.00000E+00   0.00000E+00      915.17  0
 1.81210E-02   0.00000E+00   0.00000E+00   0.00000E+00   0.00000E+00      914.11  0
 1.81410E-02   0.00000E+00   0.00000E+00   0.00000E+00   0.00000E+00      913.05  0
 1.81610E-02   0.00000E+00   0.00000E+00   0.00000E+00   0.00000E+00      911.99  0
 1.81810E-02   0.00000E+00   0.00000E+00   0.00000E+00   0.00000E+00      910.94  0
 1.82010E-02   0.00000E+00   0.00000E+00   0.00000E+00   0.00000E+00      909.89  0
 1.82210E-02   0.00000E+00   0.00000E+00   0.00000E+00   0.00000E+00      908.87  0
 1.82410E-02   0.00000E+00   0.00000E+00   0.00000E+00   0.00000E+00      907.85  0
 1.82610E-02   0.00000E+00   0.00000E+00   0.00000E+00   0.00000E+00      906.83  0
 1.82810E-02   0.00000E+00   0.00000E+00   0.00000E+00   0.00000E+00      905.82  0
 1.83010E-02   0.00000E+00   0.00000E+00   0.00000E+00   0.00000E+00      904.81  0
 1.83210E-02   0.00000E+00   0.00000E+00   0.00000E+00   0.00000E+00      903.81  0
 1.83410E-02   0.00000E+00   0.00000E+00   0.00000E+00   0.00000E+00      902.81  0
 1.83610E-02   0.00000E+00   0.00000E+00   0.00000E+00   0.00000E+00      901.81  0
 1.83810E-02   0.00000E+00   0.00000E+00   0.00000E+00   0.00000E+00      900.81  0
 1.84010E-02   0.00000E+00   0.00000E+00   0.00000E+00   0.00000E+00      899.83  0
 1.84210E-02   0.00000E+00   0.00000E+00   0.00000E+00   0.00000E+00      898.86  0
 1.84410E-02   0.00000E+00   0.00000E+00   0.00000E+00   0.00000E+00      897.88  0
 1.84610E-02   0.00000E+00   0.00000E+00   0.00000E+00   0.00000E+00      896.91  0
 1.84810E-02   0.00000E+00   0.00000E+00   0.00000E+00   0.00000E+00      895.93  0
 1.85010E-02   0.00000E+00   0.00000E+00   0.00000E+00   0.00000E+00      894.97  0
 1.85210E-02   0.00000E+00   0.00000E+00   0.00000E+00   0.00000E+00      894.00  0
 1.85410E-02   0.00000E+00   0.00000E+00   0.00000E+00   0.00000E+00      893.04  0
 1.85610E-02   0.00000E+00   0.00000E+00   0.00000E+00   0.00000E+00      892.08  0
 1.85810E-02   0.00000E+00   0.00000E+00   0.00000E+00   0.00000E+00      891.12  0
 1.86010E-02   0.00000E+00   0.00000E+00   0.00000E+00   0.00000E+00      890.19  0
 1.86210E-02   0.00000E+00   0.00000E+00   0.00000E+00   0.00000E+00      889.26  0
 1.86410E-02   0.00000E+00   0.00000E+00   0.00000E+00   0.00000E+00      888.33  0
 1.86610E-02   0.00000E+00   0.00000E+00   0.00000E+00   0.00000E+00      887.41  0
 1.86810E-02   0.00000E+00   0.00000E+00   0.00000E+00   0.00000E+00      886.49  0
 1.87010E-02   0.00000E+00   0.00000E+00   0.00000E+00   0.00000E+00      885.57  0
 1.87210E-02   0.00000E+00   0.00000E+00   0.00000E+00   0.00000E+00      884.65  0
 1.87410E-02   0.00000E+00   0.00000E+00   0.00000E+00   0.00000E+00      883.74  0
 1.87610E-02   0.00000E+00   0.00000E+00   0.00000E+00   0.00000E+00      882.83  0
 1.87810E-02   0.00000E+00   0.00000E+00   0.00000E+00   0.00000E+00      881.93  0
 1.88010E-02   0.00000E+00   0.00000E+00   0.00000E+00   0.00000E+00      881.02  0
 1.88210E-02   0.00000E+00   0.00000E+00   0.00000E+00   0.00000E+00      880.12  0
 1.88410E-02   0.00000E+00   0.00000E+00   0.00000E+00   0.00000E+00      879.22  0
 1.88610E-02   0.00000E+00   0.00000E+00   0.00000E+00   0.00000E+00      878.33  0
 1.88810E-02   0.00000E+00   0.00000E+00   0.00000E+00   0.00000E+00      877.43  0
 1.89010E-02   0.00000E+00   0.00000E+00   0.00000E+00   0.00000E+00      876.54  0
 1.89210E-02   0.00000E+00   0.00000E+00   0.00000E+00   0.00000E+00      875.66  0
