# Melt Pool Geometry History
# time(s)  length(m)  depth(m)  width(m)  volume(m3)  Tpeak(K)  laser_on
 2.10000E-05   0.00000E+00   0.00000E+00   0.00000E+00   8.28703E-14      293.00  1
 4.10000E-05   4.28120E-05   1.00695E-04   3.42646E-05   2.23701E-13     1897.39  1
 6.10000E-05   6.93920E-05   1.09055E-04   6.33796E-05   3.43224E-13     2732.15  1
 8.10000E-05   8.87497E-05   1.11889E-04   7.46187E-05   4.68592E-13     3203.84  1
 1.01000E-04   1.05049E-04   1.13093E-04   7.97537E-05   5.95193E-13     3505.74  1
 1.21000E-04   1.23695E-04   1.13747E-04   8.18535E-05   7.27225E-13     3713.02  1
 1.41000E-04   1.38536E-04   1.14838E-04   8.34343E-05   8.54056E-13     3760.40  1
 1.61000E-04   1.57260E-04   1.15142E-04   8.45053E-05   9.75062E-13     3827.85  1
 1.81000E-04   1.71648E-04   1.15475E-04   8.52621E-05   1.09585E-12     3844.63  1
 2.01000E-04   1.90239E-04   1.15265E-04   8.57895E-05   1.22192E-12     3823.64  1
 2.21000E-04   2.08262E-04   1.15147E-04   9.28401E-05   1.33907E-12     3811.28  1
 2.41000E-04   2.26805E-04   1.15347E-04   9.51068E-05   1.46703E-12     3804.53  1
 2.61000E-04   2.40314E-04   1.15633E-04   1.00608E-04   1.58606E-12     3786.14  1
 2.81000E-04   2.58226E-04   1.15735E-04   1.02664E-04   1.57657E-12     3808.23  0
 3.01000E-04   2.59931E-04   1.14463E-04   1.03982E-04   1.55305E-12     3229.43  0
 3.21000E-04   2.60648E-04   1.13274E-04   1.05016E-04   1.52242E-12     2914.02  0
 3.41000E-04   2.61108E-04   1.10582E-04   1.05881E-04   1.48124E-12     2702.06  0
 3.61000E-04   2.61424E-04   1.08376E-04   1.06610E-04   1.43907E-12     2528.68  0
 3.81000E-04   2.61586E-04   1.05128E-04   1.07207E-04   1.39626E-12     2390.85  0
 4.01000E-04   2.60672E-04   1.02794E-04   1.07291E-04   1.35437E-12     2276.31  0
 4.21000E-04   2.63534E-04   9.91570E-05   1.09308E-04   1.31221E-12     2178.50  0
 4.41000E-04   2.64284E-04   9.66085E-05   1.10639E-04   1.26634E-12     2093.98  0
 4.61000E-04   2.64483E-04   9.34044E-05   1.11077E-04   1.21771E-12     2022.15  0
 4.81000E-04   2.64498E-04   8.99822E-05   1.11212E-04   1.16972E-12     1961.55  0
 5.01000E-04   2.64412E-04   8.76623E-05   1.11155E-04   1.12233E-12     1910.08  0
 5.21000E-04   2.64246E-04   8.39289E-05   1.10930E-04   1.07352E-12     1865.41  0
 5.41000E-04   2.64022E-04   8.10446E-05   1.10575E-04   1.02414E-12     1826.62  0
 5.61000E-04   2.63755E-04   7.81858E-05   1.10100E-04   9.74483E-13     1792.67  0
 5.81000E-04   2.63474E-04   7.46572E-05   1.09532E-04   9.23904E-13     1763.52  0
 6.01000E-04   2.63246E-04   7.23554E-05   1.08892E-04   8.73009E-13     1738.35  0
 6.21000E-04   2.63160E-04   6.87637E-05   1.08196E-04   8.21419E-13     1716.42  0
 6.41000E-04   2.63099E-04   6.59079E-05   1.07473E-04   7.69211E-13     1697.24  0
 6.61000E-04   2.63016E-04   6.32333E-05   1.06762E-04   7.17068E-13     1680.65  0
 6.81000E-04   2.62911E-04   5.99266E-05   1.06109E-04   6.64855E-13     1666.28  0
 7.01000E-04   2.62780E-04   5.77668E-05   1.05640E-04   6.13408E-13     1654.24  0
 7.21000E-04   2.62625E-04   5.42533E-05   1.05324E-04   5.62610E-13     1644.08  0
 7.41000E-04   2.62434E-04   5.20960E-05   1.05203E-04   5.13153E-13     1635.94  0
 7.61000E-04   2.62205E-04   4.88528E-05   1.05103E-04   4.65322E-13     1629.76  0
 7.81000E-04   2.61938E-04   4.64201E-05   1.05005E-04   4.96591E-13     1625.42  1
 8.01000E-04   3.97960E-05   1.02189E-04   4.29527E-05   6.01330E-13     1806.01  1
 8.21000E-04   7.18456E-05   1.09635E-04   6.17244E-05   6.85207E-13     2760.56  1
 8.41000E-04   9.05950E-05   1.12326E-04   6.83656E-05   7.71341E-13     3307.39  1
 8.61000E-04   1.07987E-04   1.13444E-04   7.91653E-05   8.66242E-13     3632.96  1
 8.81000E-04   1.27340E-04   1.14795E-04   8.24905E-05   9.67782E-13     3755.84  1
 9.01000E-04   1.45833E-04   1.15605E-04   8.42859E-05   1.06683E-12     3802.91  1
 9.21000E-04   1.60181E-04   1.16324E-04   8.56807E-05   1.17444E-12     3843.92  1
 9.41000E-04   1.78238E-04   1.16762E-04   8.69371E-05   1.27811E-12     3894.71  1
 9.61000E-04   1.92048E-04   1.17200E-04   8.82211E-05   1.40097E-12     3896.02  1
 9.81000E-04   3.06724E-04   1.17577E-04   2.01595E-04   1.54811E-12     3936.27  1
 1.00100E-03   2.99194E-04   1.17518E-04   2.01993E-04   1.72189E-12     3908.08  1
 1.02100E-03   2.93563E-04   1.17744E-04   2.05945E-04   1.87982E-12     3918.26  1
 1.04100E-03   2.87252E-04   1.17895E-04   2.06906E-04   2.02993E-12     3940.96  1
 1.06100E-03   2.79771E-04   1.18057E-04   2.07154E-04   2.18132E-12     3921.50  1
 1.08100E-03   2.90917E-04   1.18246E-04   1.99552E-04   2.33301E-12     3947.54  1
 1.10100E-03   3.08007E-04   1.18305E-04   1.91321E-04   2.48124E-12     3954.07  1
 1.12100E-03   3.21653E-04   1.18354E-04   1.84787E-04   2.63309E-12     3952.41  1
 1.14100E-03   3.38940E-04   1.18289E-04   1.81081E-04   2.77243E-12     3942.24  1
 1.16100E-03   3.52492E-04   1.18216E-04   1.78696E-04   2.92109E-12     3902.36  1
 1.18100E-03   3.69659E-04   1.18042E-04   1.79103E-04   3.05637E-12     3919.62  1
 1.20100E-03   3.87035E-04   1.17897E-04   1.79727E-04   3.20358E-12     3863.09  1
 1.22100E-03   4.00230E-04   1.17690E-04   1.81310E-04   3.33024E-12     3858.81  1
 1.24100E-03   4.16909E-04   1.17519E-04   1.80768E-04   3.45253E-12     3865.36  1
 1.26100E-03   4.30418E-04   1.17310E-04   1.80809E-04   3.56294E-12     3832.10  1
 1.28100E-03   4.47401E-04   1.17034E-04   1.80893E-04   3.67320E-12     3839.93  1
 1.30100E-03   4.64793E-04   1.16839E-04   1.81000E-04   3.77538E-12     3814.76  1
 1.32100E-03   4.78111E-04   1.16635E-04   1.81056E-04   3.73071E-12     3808.46  0
 1.34100E-03   4.78872E-04   1.15597E-04   1.81062E-04   3.66915E-12     3207.89  0
 1.36100E-03   4.79149E-04   1.14043E-04   1.81068E-04   3.59048E-12     2876.95  0
 1.38100E-03   4.79412E-04   1.12862E-04   1.81042E-04   3.50467E-12     2652.18  0
 1.40100E-03   4.79291E-04   1.09625E-04   1.80768E-04   3.39649E-12     2486.25  0
 1.42100E-03   4.79456E-04   1.07924E-04   1.82096E-04   3.29968E-12     2362.50  0
 1.44100E-03   4.79341E-04   1.04802E-04   1.81690E-04   3.19930E-12     2257.76  0
 1.46100E-03   4.79145E-04   1.02954E-04   1.81248E-04   3.09388E-12     2167.69  0
 1.48100E-03   4.78870E-04   9.97832E-05   1.80320E-04   2.98962E-12     2092.36  0
 1.50100E-03   4.78514E-04   9.79385E-05   1.78603E-04   2.88268E-12     2027.08  0
 1.52100E-03   4.78087E-04   9.48469E-05   1.74957E-04   2.77370E-12     1970.60  0
 1.54100E-03   4.77581E-04   9.29483E-05   1.73590E-04   2.66566E-12     1921.82  0
 1.56100E-03   4.77005E-04   8.99329E-05   1.72598E-04   2.55702E-12     1880.66  0
 1.58100E-03   4.76374E-04   8.80495E-05   1.71671E-04   2.44888E-12     1845.03  0
 1.60100E-03   4.72469E-04   8.48134E-05   1.68781E-04   2.29653E-12     1813.19  0
 1.62100E-03   4.72825E-04   8.30395E-05   1.68727E-04   2.18417E-12     1785.48  0
 1.64100E-03   4.65733E-04   8.01185E-05   1.66906E-04   2.07148E-12     1760.12  0
 1.66100E-03   4.59109E-04   7.82752E-05   1.65993E-04   1.96075E-12     1737.60  0
 1.68100E-03   4.52060E-04   7.56325E-05   1.64950E-04   1.85165E-12     1717.66  0
 1.70100E-03   4.43765E-04   7.35726E-05   1.63503E-04   1.74469E-12     1700.13  0
 1.72100E-03   4.37081E-04   7.12760E-05   1.60769E-04   1.64004E-12     1684.92  0
 1.74100E-03   4.32336E-04   6.89592E-05   1.57794E-04   1.53741E-12     1671.81  0
 1.76100E-03   4.25138E-04   6.73828E-05   1.56541E-04   1.43760E-12     1660.47  0
 1.78100E-03   4.21609E-04   6.44684E-05   1.55538E-04   1.34069E-12     1650.80  0
 1.80100E-03   4.14012E-04   6.28333E-05   1.51153E-04   1.21531E-12     1642.64  0
 1.82100E-03   4.10913E-04   6.01951E-05   1.54558E-04   1.20076E-12     1636.11  1
 1.84100E-03   4.43517E-05   1.03600E-04   4.17543E-05   1.27367E-12     1856.39  1
 1.86100E-03   6.93583E-05   1.09913E-04   6.30141E-05   1.31738E-12     2801.52  1
 1.88100E-03   8.97565E-05   1.12440E-04   7.18441E-05   1.35910E-12     3315.00  1
 1.90100E-03   1.08496E-04   1.13590E-04   7.50806E-05   1.40513E-12     3596.80  1
 1.92100E-03   1.23186E-04   1.14853E-04   7.70139E-05   1.45682E-12     3714.94  1
 1.94100E-03   1.41723E-04   1.15880E-04   7.84158E-05   1.52433E-12     3838.36  1
 1.96100E-03   1.59619E-04   1.16413E-04   8.45113E-05   1.60090E-12     3848.10  1
 1.98100E-03   1.73694E-04   1.16893E-04   8.78326E-05   1.69126E-12     3896.74  1
 2.00100E-03   4.81160E-04   1.16959E-04   2.33802E-04   1.81920E-12     3808.27  1
 2.02100E-03   4.78928E-04   1.17281E-04   2.36144E-04   1.94090E-12     3848.28  1
 2.04100E-03   4.74828E-04   1.17727E-04   2.35034E-04   2.07213E-12     3914.97  1
 2.06100E-03   4.69053E-04   1.17969E-04   2.30691E-04   2.20007E-12     3926.84  1
 2.08100E-03   4.65125E-04   1.18312E-04   2.29799E-04   2.33873E-12     3964.49  1
 2.10100E-03   4.58890E-04   1.18708E-04   2.29088E-04   2.47912E-12     3971.79  1
 2.12100E-03   4.55125E-04   1.18973E-04   2.27987E-04   2.61710E-12     3972.95  1
 2.14100E-03   4.48456E-04   1.19293E-04   2.24220E-04   2.76150E-12     3988.45  1
 2.16100E-03   4.44798E-04   1.19620E-04   2.22473E-04   2.90355E-12     3979.70  1
 2.18100E-03   4.37460E-04   1.19818E-04   2.21386E-04   3.05427E-12     4010.66  1
 2.20100E-03   4.31986E-04   1.19743E-04   2.20066E-04   3.22124E-12     3984.50  1
 2.22100E-03   4.25306E-04   1.19852E-04   2.19264E-04   3.37965E-12     3993.84  1
 2.24100E-03   4.17489E-04   1.20009E-04   2.18031E-04   3.53936E-12     3997.13  1
 2.26100E-03   4.11682E-04   1.20185E-04   2.17239E-04   3.69087E-12     3981.06  1
 2.28100E-03   4.23476E-04   1.20267E-04   2.16084E-04   3.85117E-12     4002.33  1
 2.30100E-03   4.37360E-04   1.20349E-04   2.12560E-04   3.99615E-12     3983.84  1
 2.32100E-03   4.54652E-04   1.20352E-04   2.12515E-04   4.14522E-12     3988.40  1
 2.34100E-03   4.67742E-04   1.20338E-04   2.12757E-04   4.28842E-12     3984.17  1
 2.36100E-03   4.85372E-04   1.20280E-04   2.13001E-04   4.42009E-12     3951.34  1
 2.38100E-03   4.98389E-04   1.20192E-04   2.13280E-04   4.55243E-12     3962.07  1
 2.40100E-03   5.15898E-04   1.19872E-04   2.13665E-04   4.67349E-12     3938.06  1
 2.42100E-03   5.33612E-04   1.19691E-04   2.16920E-04   4.80607E-12     3941.52  1
 2.44100E-03   5.46721E-04   1.19545E-04   2.18410E-04   4.91658E-12     3943.34  1
 2.46100E-03   5.64126E-04   1.19312E-04   2.19066E-04   5.01684E-12     3927.61  1
 2.48100E-03   5.77108E-04   1.19187E-04   2.19517E-04   5.11021E-12     3957.68  1
 2.50100E-03   5.94398E-04   1.18973E-04   2.19819E-04   5.19026E-12     3937.76  1
 2.52100E-03   6.07678E-04   1.18752E-04   2.19716E-04   5.27019E-12     3928.75  1
 2.54100E-03   6.25019E-04   1.18469E-04   2.19611E-04   5.33443E-12     3917.65  1
 2.56100E-03   6.38085E-04   1.18208E-04   2.19456E-04   5.39990E-12     3875.03  1
 2.58100E-03   6.55386E-04   1.17924E-04   2.19388E-04   5.45520E-12     3891.75  1
 2.60100E-03   6.70770E-04   1.17286E-04   2.17123E-04   5.50377E-12     3770.36  1
 2.62100E-03   6.75955E-04   1.16932E-04   2.17829E-04   5.54934E-12     3795.13  1
 2.64100E-03   6.85152E-04   1.16774E-04   2.18002E-04   5.43958E-12     3798.98  0
 2.66100E-03   6.80864E-04   1.15884E-04   2.17616E-04   5.31930E-12     3212.79  0
 2.68100E-03   6.76010E-04   1.14305E-04   2.17181E-04   5.18703E-12     2873.29  0
 2.70100E-03   6.69266E-04   1.13177E-04   2.16066E-04   5.04958E-12     2647.44  0
 2.72100E-03   6.65678E-04   1.10493E-04   2.13397E-04   4.90511E-12     2478.42  0
 2.74100E-03   6.58385E-04   1.08519E-04   2.11822E-04   4.75812E-12     2349.67  0
 2.76100E-03   6.55312E-04   1.06085E-04   2.11015E-04   4.60782E-12     2243.27  0
 2.78100E-03   6.48309E-04   1.03632E-04   2.10360E-04   4.45721E-12     2153.93  0
 2.80100E-03   6.43699E-04   1.00541E-04   2.09229E-04   4.25362E-12     2078.06  0
 2.82100E-03   6.39125E-04   9.83159E-05   2.11548E-04   4.10465E-12     2011.36  0
 2.84100E-03   6.34454E-04   9.55256E-05   2.08363E-04   3.94903E-12     1953.40  0
 2.86100E-03   6.30934E-04   9.32968E-05   2.06761E-04   3.79188E-12     1902.17  0
 2.88100E-03   6.24654E-04   9.04044E-05   2.05795E-04   3.63420E-12     1857.96  0
 2.90100E-03   6.21963E-04   8.82658E-05   2.04746E-04   3.47775E-12     1821.15  0
 2.92100E-03   6.15208E-04   8.54821E-05   2.03520E-04   3.32292E-12     1789.00  0
 2.94100E-03   6.12521E-04   8.33541E-05   2.01279E-04   3.16908E-12     1761.33  0
 2.96100E-03   6.06284E-04   8.08449E-05   1.97626E-04   3.01734E-12     1737.92  0
 2.98100E-03   6.03120E-04   7.86781E-05   1.96171E-04   2.86754E-12     1717.47  0
 3.00100E-03   5.94803E-04   7.63834E-05   1.91296E-04   2.65207E-12     1699.63  0
 3.02100E-03   5.94895E-04   7.40415E-05   1.96737E-04   2.50001E-12     1684.64  0
 3.04100E-03   5.87811E-04   7.25522E-05   1.94619E-04   2.35322E-12     1671.45  0
 3.06100E-03   5.84732E-04   6.96739E-05   1.93437E-04   2.21158E-12     1660.05  0
 3.08100E-03   5.76866E-04   6.81680E-05   1.92123E-04   2.07492E-12     1650.55  0
 3.10100E-03   5.72355E-04   6.57946E-05   1.89198E-04   1.94301E-12     1642.59  0
 3.12100E-03   5.63812E-04   6.39323E-05   1.86354E-04   1.81606E-12     1636.13  0
 3.14100E-03   5.55898E-04   6.25899E-05   1.85037E-04   1.77088E-12     1631.07  1
 3.16100E-03   4.13026E-05   1.03646E-04   4.50974E-05   1.81893E-12     1848.83  1
 3.18100E-03   6.81776E-05   1.09943E-04   6.22061E-05   1.83408E-12     2793.96  1
 3.20100E-03   8.73352E-05   1.11965E-04   7.16036E-05   1.84829E-12     3223.87  1
 3.22100E-03   1.07663E-04   1.13340E-04   7.95860E-05   1.87112E-12     3487.91  1
 3.24100E-03   1.26369E-04   1.14689E-04   8.25684E-05   1.90208E-12     3673.83  1
 3.26100E-03   1.41396E-04   1.15791E-04   8.45696E-05   1.94403E-12     3750.65  1
 3.28100E-03   1.59739E-04   1.16489E-04   8.61502E-05   1.99260E-12     3827.44  1
 3.30100E-03   1.78078E-04   1.17035E-04   9.82163E-05   2.05790E-12     3845.23  1
 3.32100E-03   6.28587E-04   1.17481E-04   2.46937E-04   2.15516E-12     3871.32  1
 3.34100E-03   6.23121E-04   1.17792E-04   2.43935E-04   2.27738E-12     3939.05  1
 3.36100E-03   6.18501E-04   1.18004E-04   2.46511E-04   2.39958E-12     3970.12  1
 3.38100E-03   6.11752E-04   1.18300E-04   2.46583E-04   2.52865E-12     4028.42  1
 3.40100E-03   6.07455E-04   1.18492E-04   2.45062E-04   2.68535E-12     4041.61  1
 3.42100E-03   5.99987E-04   1.18801E-04   2.45873E-04   2.81084E-12     4070.92  1
 3.44100E-03   5.95508E-04   1.19158E-04   2.44403E-04   2.94813E-12     4121.09  1
 3.46100E-03   5.88145E-04   1.19627E-04   2.41650E-04   3.07468E-12     4119.16  1
 3.48100E-03   5.81176E-04   1.20027E-04   2.40697E-04   3.21188E-12     4150.10  1
 3.50099E-03   5.76036E-04   1.20285E-04   2.39874E-04   3.35051E-12     4167.74  1
 3.52099E-03   5.67894E-04   1.20516E-04   2.38942E-04   3.48863E-12     4157.15  1
 3.54099E-03   5.61042E-04   1.20674E-04   2.36383E-04   3.63739E-12     4177.55  1
 3.56099E-03   5.55053E-04   1.20869E-04   2.33223E-04   3.78166E-12     4159.84  1
 3.58099E-03   5.46278E-04   1.20993E-04   2.31937E-04   3.93153E-12     4186.55  1
 3.60099E-03   5.37800E-04   1.20699E-04   2.29324E-04   4.11219E-12     4096.42  1
 3.62099E-03   5.29889E-04   1.20799E-04   2.29053E-04   4.25367E-12     4098.98  1
 3.64099E-03   5.22564E-04   1.20939E-04   2.27955E-04   4.40336E-12     4128.87  1
 3.66099E-03   5.13255E-04   1.21117E-04   2.25219E-04   4.54563E-12     4101.35  1
 3.68099E-03   5.03398E-04   1.21232E-04   2.22306E-04   4.69148E-12     4115.68  1
 3.70099E-03   5.00140E-04   1.21366E-04   2.22855E-04   4.83255E-12     4105.94  1
 3.72099E-03   5.16814E-04   1.21390E-04   2.23398E-04   4.96774E-12     4093.16  1
 3.74099E-03   5.33099E-04   1.21468E-04   2.23947E-04   5.10655E-12     4102.13  1
 3.76099E-03   5.47643E-04   1.21476E-04   2.24410E-04   5.23525E-12     4074.27  1
 3.78099E-03   5.64542E-04   1.21491E-04   2.24831E-04   5.36596E-12     4090.62  1
 3.80099E-03   5.78194E-04   1.21343E-04   2.25227E-04   5.51029E-12     4055.61  1
 3.82099E-03   5.95017E-04   1.21197E-04   2.28302E-04   5.63666E-12     4064.89  1
 3.84099E-03   6.11433E-04   1.21226E-04   2.29538E-04   5.75620E-12     4098.48  1
 3.86099E-03   6.25566E-04   1.21205E-04   2.29943E-04   5.85886E-12     4075.97  1
 3.88099E-03   6.42714E-04   1.21181E-04   2.30297E-04   5.96403E-12     4092.17  1
 3.90099E-03   6.55806E-04   1.21125E-04   2.30722E-04   6.05766E-12     4074.55  1
 3.92099E-03   6.65377E-04   1.21009E-04   2.31025E-04   6.14999E-12     4068.43  1
 3.94099E-03   6.71280E-04   1.20900E-04   2.31213E-04   6.23790E-12     4082.16  1
 3.96099E-03   6.83672E-04   1.20723E-04   2.31487E-04   6.31592E-12     4042.64  1
 3.98099E-03   6.90291E-04   1.20549E-04   2.31590E-04   6.39588E-12     4057.91  1
 4.00099E-03   7.04093E-04   1.19794E-04   2.30336E-04   6.47162E-12     3964.81  1
 4.02099E-03   7.14845E-04   1.19539E-04   2.31580E-04   6.53469E-12     3960.49  1
 4.04099E-03   7.25612E-04   1.19343E-04   2.31151E-04   6.58635E-12     3971.50  1
 4.06099E-03   7.36013E-04   1.19108E-04   2.31209E-04   6.63848E-12     3949.65  1
 4.08099E-03   7.46645E-04   1.18930E-04   2.31083E-04   6.68028E-12     3968.63  1
 4.10099E-03   7.57644E-04   1.18712E-04   2.30663E-04   6.71824E-12     3951.62  1
 4.12099E-03   7.68099E-04   1.18494E-04   2.30273E-04   6.74969E-12     3939.30  1
 4.14099E-03   7.80822E-04   1.18218E-04   2.29901E-04   6.77358E-12     3940.45  1
 4.16100E-03   7.89764E-04   1.17985E-04   2.28871E-04   6.79883E-12     3894.02  1
 4.18100E-03   8.04420E-04   1.17736E-04   2.27276E-04   6.81467E-12     3902.50  1
 4.20100E-03   8.14231E-04   1.17412E-04   2.24399E-04   6.81555E-12     3852.55  1
 4.22100E-03   8.25204E-04   1.17183E-04   2.26012E-04   6.68144E-12     3855.26  0
 4.24100E-03   8.23532E-04   1.16217E-04   2.26230E-04   6.52253E-12     3237.58  0
 4.26100E-03   8.17861E-04   1.14582E-04   2.25407E-04   6.35478E-12     2892.79  0
 4.28100E-03   8.14345E-04   1.13526E-04   2.22581E-04   6.17742E-12     2654.35  0
 4.30100E-03   8.12273E-04   1.11311E-04   2.21265E-04   5.99534E-12     2485.65  0
 4.32100E-03   8.05566E-04   1.09029E-04   2.20517E-04   5.80870E-12     2352.03  0
 4.34100E-03   8.02559E-04   1.07169E-04   2.19884E-04   5.62039E-12     2243.12  0
 4.36100E-03   7.99927E-04   1.04136E-04   2.19060E-04   5.43064E-12     2154.16  0
 4.38100E-03   7.92507E-04   1.02459E-04   2.18173E-04   5.24221E-12     2078.96  0
 4.40100E-03   7.89815E-04   9.89635E-05   2.16083E-04   5.00391E-12     2012.66  0
 4.42100E-03   7.83381E-04   9.69855E-05   2.17137E-04   4.80490E-12     1955.42  0
 4.44100E-03   7.79253E-04   9.39938E-05   2.15564E-04   4.61016E-12     1904.63  0
 4.46100E-03   7.76157E-04   9.18576E-05   2.14768E-04   4.41798E-12     1860.87  0
 4.48100E-03   7.67946E-04   8.89921E-05   2.13906E-04   4.22848E-12     1823.28  0
 4.50100E-03   7.64870E-04   8.69374E-05   2.13026E-04   4.04043E-12     1790.32  0
 4.52100E-03   7.58197E-04   8.40218E-05   2.11699E-04   3.85501E-12     1761.86  0
 4.54100E-03   7.53531E-04   8.20441E-05   2.08157E-04   3.67126E-12     1737.35  0
 4.56100E-03   7.50538E-04   7.91451E-05   2.06385E-04   3.49071E-12     1715.97  0
 4.58100E-03   7.42826E-04   7.74691E-05   2.05320E-04   3.31275E-12     1697.75  0
 4.60100E-03   7.38392E-04   7.39099E-05   2.01068E-04   3.08720E-12     1681.66  0
 4.62100E-03   7.34576E-04   7.22746E-05   2.06206E-04   2.91056E-12     1668.44  0
 4.64100E-03   7.27969E-04   6.94266E-05   2.03092E-04   2.74075E-12     1657.11  0
 4.66100E-03   7.25214E-04   6.79223E-05   2.02434E-04   2.57697E-12     1647.81  0
 4.68100E-03   7.18047E-04   6.52986E-05   2.01759E-04   2.41886E-12     1640.17  0
 4.70100E-03   7.14505E-04   6.36710E-05   2.00684E-04   2.26665E-12     1634.02  0
 4.72100E-03   7.08819E-04   6.20409E-05   1.98147E-04   2.19422E-12     1629.34  1
 4.74100E-03   4.19613E-05   1.03335E-04   4.41879E-05   2.22015E-12     1840.11  1
 4.76100E-03   6.80940E-05   1.09806E-04   6.19952E-05   2.21175E-12     2772.23  1
 4.78100E-03   8.90453E-05   1.12339E-04   7.20678E-05   2.20747E-12     3265.09  1
 4.80100E-03   1.08122E-04   1.13205E-04   7.61154E-05   2.20880E-12     3532.03  1
 4.82100E-03   1.22548E-04   1.14455E-04   8.14382E-05   2.21923E-12     3638.09  1
 4.84100E-03   1.40987E-04   1.15724E-04   8.40480E-05   2.23758E-12     3741.90  1
 4.86100E-03   1.59081E-04   1.16289E-04   8.57047E-05   2.25904E-12     3753.59  1
 4.88100E-03   1.73407E-04   1.16776E-04   8.90274E-05   2.30372E-12     3823.96  1
 4.90100E-03   7.86044E-04   1.17290E-04   2.53018E-04   2.37304E-12     3855.27  1
 4.92100E-03   7.77751E-04   1.17622E-04   2.51852E-04   2.46116E-12     3874.73  1
 4.94100E-03   7.71211E-04   1.17933E-04   2.50802E-04   2.57470E-12     3954.42  1
 4.96100E-03   7.65765E-04   1.18204E-04   2.51346E-04   2.68674E-12     4004.54  1
 4.98100E-03   7.57676E-04   1.18511E-04   2.50134E-04   2.80177E-12     4046.98  1
 5.00100E-03   7.50860E-04   1.18884E-04   2.49476E-04   2.92853E-12     4090.94  1
 5.02100E-03   7.44065E-04   1.19214E-04   2.48984E-04   3.05031E-12     4091.37  1
 5.04100E-03   7.38663E-04   1.19662E-04   2.48062E-04   3.17841E-12     4139.23  1
 5.06100E-03   7.30020E-04   1.20028E-04   2.45142E-04   3.30718E-12     4153.88  1
 5.08100E-03   7.21672E-04   1.20357E-04   2.43132E-04   3.43241E-12     4161.05  1
 5.10100E-03   7.13893E-04   1.20581E-04   2.42139E-04   3.56259E-12     4183.20  1
 5.12100E-03   7.07638E-04   1.20850E-04   2.41221E-04   3.69383E-12     4160.66  1
 5.14100E-03   6.98300E-04   1.21043E-04   2.40139E-04   3.82933E-12     4195.47  1
 5.16100E-03   6.89001E-04   1.21238E-04   2.36802E-04   3.96800E-12     4186.08  1
 5.18100E-03   6.79623E-04   1.21394E-04   2.34340E-04   4.11984E-12     4181.83  1
 5.20100E-03   6.68054E-04   1.21166E-04   2.33927E-04   4.30109E-12     4139.90  1
 5.22100E-03   6.61705E-04   1.21226E-04   2.38244E-04   4.44708E-12     4148.49  1
 5.24100E-03   6.51761E-04   1.21366E-04   2.36206E-04   4.59655E-12     4166.96  1
 5.26100E-03   6.41402E-04   1.21593E-04   2.35072E-04   4.73842E-12     4142.95  1
 5.28100E-03   6.30671E-04   1.21763E-04   2.32497E-04   4.88647E-12     4157.75  1
 5.30100E-03   6.16123E-04   1.21938E-04   2.28303E-04   5.03123E-12     4137.55  1
 5.32100E-03   6.03082E-04   1.22022E-04   2.26550E-04   5.17168E-12     4119.59  1
 5.34100E-03   5.90088E-04   1.22138E-04   2.23472E-04   5.31882E-12     4123.98  1
 5.36100E-03   5.72283E-04   1.22184E-04   2.21731E-04   5.45998E-12     4088.21  1
 5.38100E-03   5.84492E-04   1.22255E-04   2.22213E-04   5.60006E-12     4097.25  1
 5.40100E-03   5.99118E-04   1.22072E-04   2.22699E-04   5.74396E-12     4029.85  1
 5.42100E-03   6.13356E-04   1.22073E-04   2.26829E-04   5.86201E-12     4044.79  1
 5.44100E-03   6.25831E-04   1.22096E-04   2.28110E-04   5.99000E-12     4069.78  1
 5.46101E-03   6.37553E-04   1.22143E-04   2.28984E-04   6.11029E-12     4039.95  1
 5.48101E-03   6.49697E-04   1.22192E-04   2.29552E-04   6.22982E-12     4058.73  1
 5.50101E-03   6.59275E-04   1.22200E-04   2.29958E-04   6.34723E-12     4047.46  1
 5.52101E-03   6.73777E-04   1.22219E-04   2.30244E-04   6.45641E-12     4044.77  1
 5.54101E-03   6.84716E-04   1.22184E-04   2.30533E-04   6.56869E-12     4044.91  1
 5.56101E-03   6.96303E-04   1.22171E-04   2.30789E-04   6.67206E-12     4012.68  1
 5.58101E-03   7.06971E-04   1.22112E-04   2.30963E-04   6.77515E-12     4038.81  1
 5.60101E-03   7.17334E-04   1.22033E-04   2.30544E-04   6.88235E-12     3990.49  1
 5.62101E-03   7.29245E-04   1.21937E-04   2.31428E-04   6.97172E-12     3996.18  1
 5.64101E-03   7.42978E-04   1.21858E-04   2.31393E-04   7.05950E-12     3996.33  1
 5.66101E-03   7.51983E-04   1.21809E-04   2.31588E-04   7.14006E-12     3972.24  1
 5.68101E-03   7.64955E-04   1.21741E-04   2.31688E-04   7.22456E-12     4003.47  1
 5.70101E-03   7.75406E-04   1.21624E-04   2.31759E-04   7.29904E-12     3994.51  1
 5.72101E-03   7.86954E-04   1.21515E-04   2.31705E-04   7.36933E-12     3989.61  1
 5.74101E-03   7.97354E-04   1.21372E-04   2.31668E-04   7.43511E-12     3992.31  1
 5.76101E-03   8.08721E-04   1.21207E-04   2.31467E-04   7.49028E-12     3959.39  1
 5.78101E-03   8.22954E-04   1.21051E-04   2.31081E-04   7.54982E-12     3973.55  1
 5.80101E-03   8.31377E-04   1.20793E-04   2.30650E-04   7.59083E-12     3938.34  1
 5.82101E-03   8.44815E-04   1.20574E-04   2.30452E-04   7.63609E-12     3951.06  1
 5.84101E-03   8.56033E-04   1.20287E-04   2.29976E-04   7.67083E-12     3943.41  1
 5.86101E-03   8.66543E-04   1.20041E-04   2.28963E-04   7.70579E-12     3936.32  1
 5.88101E-03   8.76639E-04   1.19806E-04   2.26848E-04   7.73109E-12     3949.83  1
 5.90101E-03   8.91970E-04   1.19474E-04   2.25094E-04   7.75010E-12     3909.54  1
 5.92101E-03   8.97804E-04   1.19241E-04   2.24359E-04   7.76236E-12     3910.96  1
 5.94101E-03   9.12699E-04   1.18975E-04   2.23788E-04   7.76906E-12     3901.59  1
 5.96101E-03   9.27261E-04   1.18678E-04   2.23175E-04   7.77315E-12     3889.90  1
 5.98101E-03   9.33709E-04   1.18390E-04   2.22560E-04   7.76513E-12     3890.57  1
 6.00101E-03   9.46478E-04   1.18138E-04   2.22000E-04   7.71875E-12     3855.06  1
 6.02101E-03   9.57016E-04   1.17905E-04   2.23265E-04   7.71068E-12     3872.24  1
 6.04101E-03   9.71779E-04   1.17731E-04   2.23426E-04   7.68529E-12     3870.07  1
 6.06101E-03   9.77875E-04   1.17581E-04   2.21691E-04   7.66021E-12     3860.36  1
 6.08101E-03   9.93030E-04   1.17427E-04   2.19812E-04   7.47627E-12     3880.28  0
 6.10101E-03   9.90523E-04   1.16524E-04   2.19122E-04   7.27985E-12     3247.61  0
 6.12101E-03   9.84905E-04   1.14752E-04   2.18748E-04   7.07609E-12     2897.14  0
 6.14101E-03   9.82931E-04   1.13641E-04   2.18354E-04   6.86317E-12     2669.88  0
 6.16101E-03   9.77408E-04   1.11687E-04   2.17714E-04   6.64413E-12     2497.47  0
 6.18101E-03   9.72885E-04   1.09109E-04   2.17038E-04   6.42159E-12     2363.42  0
 6.20101E-03   9.68393E-04   1.06661E-04   2.15144E-04   6.17195E-12     2251.42  0
 6.22101E-03   9.67304E-04   1.03903E-04   2.14542E-04   5.95190E-12     2158.26  0
 6.24101E-03   9.61036E-04   1.01862E-04   2.13012E-04   5.72633E-12     2075.99  0
 6.26101E-03   9.58757E-04   9.89074E-05   2.10129E-04   5.49875E-12     2005.04  0
 6.28101E-03   9.51784E-04   9.68325E-05   2.08874E-04   5.27368E-12     1945.13  0
 6.30101E-03   9.48032E-04   9.38574E-05   2.07900E-04   5.05094E-12     1893.76  0
 6.32101E-03   9.43743E-04   9.15681E-05   2.06970E-04   4.83149E-12     1850.19  0
 6.34101E-03   9.37056E-04   8.88017E-05   2.05867E-04   4.61507E-12     1813.80  0
 6.36101E-03   9.34336E-04   8.65096E-05   2.04489E-04   4.40249E-12     1782.22  0
 6.38101E-03   9.26589E-04   8.37579E-05   2.02186E-04   4.19402E-12     1754.97  0
 6.40101E-03   9.18264E-04   8.07458E-05   1.98005E-04   3.91781E-12     1730.94  0
 6.42101E-03   9.16630E-04   7.84410E-05   1.99735E-04   3.69834E-12     1710.95  0
 6.44101E-03   9.09844E-04   7.58861E-05   2.00734E-04   3.48989E-12     1693.54  0
 6.46101E-03   9.05143E-04   7.35500E-05   2.01543E-04   3.28966E-12     1678.39  0
 6.48101E-03   8.98516E-04   7.11161E-05   2.00486E-04   3.09733E-12     1665.61  0
 6.50101E-03   8.91725E-04   6.87398E-05   1.97134E-04   2.91148E-12     1654.72  0
 6.52101E-03   8.83809E-04   6.66951E-05   1.95409E-04   2.73200E-12     1645.66  0
 6.54101E-03   8.73336E-04   6.40624E-05   1.94360E-04   2.55906E-12     1638.43  0
 6.56101E-03   8.64726E-04   6.25590E-05   1.93347E-04   2.39280E-12     1632.61  0
 6.58101E-03   8.57197E-04   5.96097E-05   1.92338E-04   2.31465E-12     1628.23  1
 6.60101E-03   3.62586E-05   1.00325E-04   3.87550E-05   2.30586E-12     1790.96  1
 6.62101E-03   6.93960E-05   1.09438E-04   6.14594E-05   2.28106E-12     2698.40  1
 6.64101E-03   8.95039E-05   1.12065E-04   6.83017E-05   2.26703E-12     3288.42  1
 6.66101E-03   1.08366E-04   1.13412E-04   7.88172E-05   2.26593E-12     3560.78  1
 6.68101E-03   1.23337E-04   1.14603E-04   8.24083E-05   2.26668E-12     3708.80  1
 6.70101E-03   1.41401E-04   1.15781E-04   8.42984E-05   2.27677E-12     3790.38  1
 6.72101E-03   1.59576E-04   1.16338E-04   8.57061E-05   2.29355E-12     3852.62  1
 6.74101E-03   1.74182E-04   1.16904E-04   8.86649E-05   2.31901E-12     3864.84  1
 6.76101E-03   1.92420E-04   1.17368E-04   1.00635E-04   2.38175E-12     3908.45  1
 6.78102E-03   9.11992E-04   1.17687E-04   2.44852E-04   2.46013E-12     3921.29  1
 6.80102E-03   8.99806E-04   1.17825E-04   2.42845E-04   2.58762E-12     3946.18  1
 6.82102E-03   8.93122E-04   1.18117E-04   2.44229E-04   2.68184E-12     4009.96  1
 6.84102E-03   8.84337E-04   1.18491E-04   2.41675E-04   2.78150E-12     4030.95  1
 6.86102E-03   8.73984E-04   1.18859E-04   2.40760E-04   2.89351E-12     4081.39  1
 6.88102E-03   8.63788E-04   1.19358E-04   2.39886E-04   3.00632E-12     4102.91  1
 6.90102E-03   8.53657E-04   1.19790E-04   2.37384E-04   3.12334E-12     4121.73  1
 6.92102E-03   8.43552E-04   1.20156E-04   2.34931E-04   3.26125E-12     4165.19  1
 6.94102E-03   8.33361E-04   1.20441E-04   2.37361E-04   3.39353E-12     4152.70  1
 6.96102E-03   8.22947E-04   1.20726E-04   2.37530E-04   3.53052E-12     4184.91  1
 6.98102E-03   8.12178E-04   1.20928E-04   2.36815E-04   3.66844E-12     4197.47  1
 7.00102E-03   7.98810E-04   1.21066E-04   2.33104E-04   3.82517E-12     4168.40  1
 7.02102E-03   7.87754E-04   1.21142E-04   2.35515E-04   3.98112E-12     4204.35  1
 7.04102E-03   7.75889E-04   1.21415E-04   2.35626E-04   4.12525E-12     4193.78  1
 7.06102E-03   7.61195E-04   1.21598E-04   2.34194E-04   4.26982E-12     4211.29  1
 7.08102E-03   7.46658E-04   1.21830E-04   2.29885E-04   4.41735E-12     4202.75  1
 7.10102E-03   7.32660E-04   1.22000E-04   2.28347E-04   4.55894E-12     4190.59  1
 7.12102E-03   7.15091E-04   1.22162E-04   2.26875E-04   4.70643E-12     4199.81  1
 7.14102E-03   6.96407E-04   1.22284E-04   2.21560E-04   4.85173E-12     4166.61  1
 7.16102E-03   6.75494E-04   1.22420E-04   2.19032E-04   4.99759E-12     4190.71  1
 7.18102E-03   6.49709E-04   1.22512E-04   2.14496E-04   5.14748E-12     4175.08  1
 7.20102E-03   6.04411E-04   1.22234E-04   2.14076E-04   5.29569E-12     4096.35  1
 7.22102E-03   5.67814E-04   1.22242E-04   2.18321E-04   5.42335E-12     4111.12  1
 7.24102E-03   5.84114E-04   1.22286E-04   2.19657E-04   5.56177E-12     4151.79  1
 7.26102E-03   5.98666E-04   1.22420E-04   2.20559E-04   5.69380E-12     4140.62  1
 7.28102E-03   6.15156E-04   1.22581E-04   2.21119E-04   5.82364E-12     4163.91  1
 7.30102E-03   6.31403E-04   1.22629E-04   2.21547E-04   5.95477E-12     4161.54  1
 7.32102E-03   6.43771E-04   1.22676E-04   2.21942E-04   6.07709E-12     4145.05  1
 7.34102E-03   6.55430E-04   1.22699E-04   2.22324E-04   6.20292E-12     4159.41  1
 7.36102E-03   6.63338E-04   1.22718E-04   2.22651E-04   6.32184E-12     4128.25  1
 7.38102E-03   6.75497E-04   1.22718E-04   2.23130E-04   6.44032E-12     4151.40  1
 7.40102E-03   6.83945E-04   1.22534E-04   2.22999E-04   6.56631E-12     4118.40  1
 7.42102E-03   6.96273E-04   1.22562E-04   2.24096E-04   6.66925E-12     4112.56  1
 7.44102E-03   7.06651E-04   1.22535E-04   2.23839E-04   6.77948E-12     4130.61  1
 7.46102E-03   7.17652E-04   1.22568E-04   2.23969E-04   6.88275E-12     4098.11  1
 7.48102E-03   7.27858E-04   1.22562E-04   2.24117E-04   6.98476E-12     4120.58  1
 7.50102E-03   7.41379E-04   1.22576E-04   2.24305E-04   7.08138E-12     4125.45  1
 7.52102E-03   7.50168E-04   1.22575E-04   2.24439E-04   7.17338E-12     4117.12  1
 7.54102E-03   7.62920E-04   1.22556E-04   2.24560E-04   7.26772E-12     4121.59  1
 7.56102E-03   7.73288E-04   1.22572E-04   2.24662E-04   7.35213E-12     4087.67  1
 7.58102E-03   7.85683E-04   1.22536E-04   2.24699E-04   7.44083E-12     4106.58  1
 7.60102E-03   7.96432E-04   1.22487E-04   2.24555E-04   7.52025E-12     4080.40  1
 7.62102E-03   8.07840E-04   1.22462E-04   2.26834E-04   7.60626E-12     4085.41  1
 7.64102E-03   8.22404E-04   1.22420E-04   2.28318E-04   7.68383E-12     4105.07  1
 7.66102E-03   8.31511E-04   1.22408E-04   2.28791E-04   7.74844E-12     4082.02  1
 7.68102E-03   8.45091E-04   1.22385E-04   2.29116E-04   7.81395E-12     4100.40  1
 7.70102E-03   8.56364E-04   1.22307E-04   2.29134E-04   7.87057E-12     4090.81  1
 7.72102E-03   8.66899E-04   1.22258E-04   2.29012E-04   7.92329E-12     4082.78  1
 7.74102E-03   8.78202E-04   1.22156E-04   2.28841E-04   7.97653E-12     4093.97  1
 7.76102E-03   8.90223E-04   1.22053E-04   2.28715E-04   8.01636E-12     4070.37  1
 7.78102E-03   9.04396E-04   1.21942E-04   2.27924E-04   8.05926E-12     4086.34  1
 7.80102E-03   9.12376E-04   1.21602E-04   2.26257E-04   8.06398E-12     3990.63  1
 7.82102E-03   9.25908E-04   1.21352E-04   2.27023E-04   8.10951E-12     4013.49  1
 7.84102E-03   9.37899E-04   1.21183E-04   2.27692E-04   8.14060E-12     4017.70  1
 7.86102E-03   9.46013E-04   1.21108E-04   2.27670E-04   8.17009E-12     4057.27  1
 7.88102E-03   9.61247E-04   1.21085E-04   2.27487E-04   8.18413E-12     4033.55  1
 7.90102E-03   9.73687E-04   1.20991E-04   2.27074E-04   8.20205E-12     4036.25  1
 7.92102E-03   9.81361E-04   1.20835E-04   2.26588E-04   8.21258E-12     4023.47  1
 7.94102E-03   9.96235E-04   1.20614E-04   2.25626E-04   8.21759E-12     4006.49  1
 7.96102E-03   1.00471E-03   1.20410E-04   2.23750E-04   8.21793E-12     4012.08  1
 7.98102E-03   1.01623E-03   1.20157E-04   2.21839E-04   8.20949E-12     3987.13  1
 8.00102E-03   1.02667E-03   1.19397E-04   2.20675E-04   8.13062E-12     3942.78  1
 8.02102E-03   1.03345E-03   1.19164E-04   2.23826E-04   8.11215E-12     3971.06  1
 8.04102E-03   1.04664E-03   1.18990E-04   2.23845E-04   8.08768E-12     3998.16  1
 8.06102E-03   1.06205E-03   1.18806E-04   2.23215E-04   8.06323E-12     4035.86  1
 8.08102E-03   1.07169E-03   1.18643E-04   2.21609E-04   8.03417E-12     4001.22  1
 8.10102E-03   1.08161E-03   1.18483E-04   2.19270E-04   7.99826E-12     3983.84  1
 8.12102E-03   1.09597E-03   1.18275E-04   2.18365E-04   7.95806E-12     3942.69  1
 8.14102E-03   1.10137E-03   1.18085E-04   2.17633E-04   7.91375E-12     3914.20  1
 8.16103E-03   1.11584E-03   1.17881E-04   2.16964E-04   7.86291E-12     3917.11  1
 8.18103E-03   1.12246E-03   1.17724E-04   2.16135E-04   7.81516E-12     3882.99  1
 8.20103E-03   1.13375E-03   1.17399E-04   2.12644E-04   7.67702E-12     3862.18  1
 8.22103E-03   1.14524E-03   1.17232E-04   2.17081E-04   7.47769E-12     3896.11  0
 8.24103E-03   1.13820E-03   1.16253E-04   2.15217E-04   7.25329E-12     3260.59  0
 8.26103E-03   1.13456E-03   1.14593E-04   2.14400E-04   7.02036E-12     2907.71  0
 8.28103E-03   1.12853E-03   1.13586E-04   2.13543E-04   6.78653E-12     2671.53  0
 8.30103E-03   1.12426E-03   1.11369E-04   2.12452E-04   6.54782E-12     2496.68  0
 8.32103E-03   1.12059E-03   1.08969E-04   2.10672E-04   6.30925E-12     2358.67  0
 8.34103E-03   1.11428E-03   1.07090E-04   2.07690E-04   6.06773E-12     2248.56  0
 8.36103E-03   1.10977E-03   1.04040E-04   2.06474E-04   5.82771E-12     2157.40  0
 8.38103E-03   1.10273E-03   1.01986E-04   2.05568E-04   5.58924E-12     2079.38  0
 8.40103E-03   1.09562E-03   9.87609E-05   2.03092E-04   5.32509E-12     2011.11  0
 8.42103E-03   1.09056E-03   9.63046E-05   2.04942E-04   5.09211E-12     1952.52  0
 8.44103E-03   1.08161E-03   9.36038E-05   2.03706E-04   4.86113E-12     1901.79  0
 8.46103E-03   1.07707E-03   9.09214E-05   2.02726E-04   4.63369E-12     1858.17  0
 8.48103E-03   1.06753E-03   8.84754E-05   2.01396E-04   4.41081E-12     1819.55  0
 8.50103E-03   1.06037E-03   8.56739E-05   1.97795E-04   4.19209E-12     1786.76  0
 8.52103E-03   1.05335E-03   8.33261E-05   1.96294E-04   3.97789E-12     1758.22  0
 8.54103E-03   1.04398E-03   8.04298E-05   1.95271E-04   3.76828E-12     1733.56  0
 8.56103E-03   1.03759E-03   7.82634E-05   1.94267E-04   3.56359E-12     1712.72  0
 8.58103E-03   1.02919E-03   7.53725E-05   1.93264E-04   3.36373E-12     1694.87  0
 8.60103E-03   1.01962E-03   7.32314E-05   1.91974E-04   3.16930E-12     1679.48  0
 8.62103E-03   1.01170E-03   7.03509E-05   1.88833E-04   2.97984E-12     1666.71  0
 8.64103E-03   1.00464E-03   6.82927E-05   1.86694E-04   2.79588E-12     1655.70  0
 8.66103E-03   9.94669E-04   6.55892E-05   1.85478E-04   2.61752E-12     1646.44  0
 8.68103E-03   9.85410E-04   6.34479E-05   1.84437E-04   2.44486E-12     1638.88  0
 8.70103E-03   9.77835E-04   6.09792E-05   1.83353E-04   2.27856E-12     1632.89  0
 8.72103E-03   9.69028E-04   5.87471E-05   1.82030E-04   2.22346E-12     1628.34  1
 8.74103E-03   4.22822E-05   1.06476E-04   4.67929E-05   2.24847E-12     1913.30  1
 8.76103E-03   6.99116E-05   1.11288E-04   6.76572E-05   2.26327E-12     2854.52  1
 8.78103E-03   9.38129E-04   1.13650E-04   2.28991E-04   2.28960E-12     3320.14  1
 8.80103E-03   9.26587E-04   1.15371E-04   2.29638E-04   2.31630E-12     3554.14  1
 8.82103E-03   9.18732E-04   1.16849E-04   2.31629E-04   2.36676E-12     3737.36  1
 8.84103E-03   9.07175E-04   1.17742E-04   2.30503E-04   2.43183E-12     3896.36  1
 8.86103E-03   8.95492E-04   1.18311E-04   2.29947E-04   2.50373E-12     3920.86  1
 8.88103E-03   8.82668E-04   1.18874E-04   2.29178E-04   2.59249E-12     3991.46  1
 8.90103E-03   8.71232E-04   1.19492E-04   2.26133E-04   2.68922E-12     4041.96  1
 8.92103E-03   8.58991E-04   1.19946E-04   2.24364E-04   2.79585E-12     4085.46  1
 8.94103E-03   8.45380E-04   1.20297E-04   2.27426E-04   2.91374E-12     4140.29  1
 8.96103E-03   8.32044E-04   1.20577E-04   2.27470E-04   3.03510E-12     4146.38  1
 8.98103E-03   8.18844E-04   1.20832E-04   2.26833E-04   3.16781E-12     4203.25  1
 9.00103E-03   8.02314E-04   1.20834E-04   2.23846E-04   3.31844E-12     4215.08  1
 9.02103E-03   7.90369E-04   1.21007E-04   2.23747E-04   3.45051E-12     4237.27  1
 9.04103E-03   7.73898E-04   1.21218E-04   2.21313E-04   3.59349E-12     4285.48  1
 9.06103E-03   7.59701E-04   1.21494E-04   2.20170E-04   3.73377E-12     4284.12  1
 9.08103E-03   7.41092E-04   1.21674E-04   2.19054E-04   3.87901E-12     4317.78  1
 9.10103E-03   7.21837E-04   1.21898E-04   2.15558E-04   4.02884E-12     4331.76  1
 9.12103E-03   7.01233E-04   1.22047E-04   2.14490E-04   4.17666E-12     4327.54  1
 9.14103E-03   6.79101E-04   1.22213E-04   2.15010E-04   4.33085E-12     4335.76  1
 9.16103E-03   6.50646E-04   1.22335E-04   2.15509E-04   4.48373E-12     4296.26  1
 9.18103E-03   6.19779E-04   1.22485E-04   2.15932E-04   4.65361E-12     4299.83  1
 9.20103E-03   5.84088E-04   1.22427E-04   2.19133E-04   4.82815E-12     4246.74  1
 9.22103E-03   5.46079E-04   1.22541E-04   2.21517E-04   4.98861E-12     4237.48  1
 9.24103E-03   4.88165E-04   1.22618E-04   2.21773E-04   5.15600E-12     4223.44  1
 9.26103E-03   4.91032E-04   1.22684E-04   2.22241E-04   5.31598E-12     4187.98  1
 9.28103E-03   5.05089E-04   1.22767E-04   2.22741E-04   5.47539E-12     4200.64  1
 9.30103E-03   5.20589E-04   1.22870E-04   2.23171E-04   5.63196E-12     4170.36  1
 9.32103E-03   5.35275E-04   1.22923E-04   2.23574E-04   5.78140E-12     4174.07  1
 9.34103E-03   5.51233E-04   1.23012E-04   2.23891E-04   5.93544E-12     4168.32  1
 9.36103E-03   5.65428E-04   1.23050E-04   2.24157E-04   6.07815E-12     4134.59  1
 9.38103E-03   5.81358E-04   1.23105E-04   2.24406E-04   6.21944E-12     4152.91  1
 9.40103E-03   5.97142E-04   1.22901E-04   2.24408E-04   6.37643E-12     4097.47  1
 9.42103E-03   6.11810E-04   1.22941E-04   2.27036E-04   6.50367E-12     4103.98  1
 9.44103E-03   6.28500E-04   1.22931E-04   2.26372E-04   6.63762E-12     4123.40  1
 9.46104E-03   6.43735E-04   1.22958E-04   2.25478E-04   6.76071E-12     4094.41  1
 9.48104E-03   6.59845E-04   1.23014E-04   2.25396E-04   6.88592E-12     4120.55  1
 9.50104E-03   6.74821E-04   1.23085E-04   2.25511E-04   7.00853E-12     4117.97  1
 9.52104E-03   6.90730E-04   1.23101E-04   2.25766E-04   7.12156E-12     4113.29  1
 9.54104E-03   7.07028E-04   1.23138E-04   2.25949E-04   7.23686E-12     4117.08  1
 9.56104E-03   7.21213E-04   1.23130E-04   2.26104E-04   7.34685E-12     4085.07  1
 9.58104E-03   7.38426E-04   1.23134E-04   2.26240E-04   7.45419E-12     4107.47  1
 9.60104E-03   7.52095E-04   1.23067E-04   2.26423E-04   7.56217E-12     4066.82  1
 9.62104E-03   7.68390E-04   1.23085E-04   2.28901E-04   7.67038E-12     4073.91  1
 9.64104E-03   7.84269E-04   1.23094E-04   2.30437E-04   7.76781E-12     4096.83  1
 9.66104E-03   7.98942E-04   1.23074E-04   2.30999E-04   7.85712E-12     4068.05  1
 9.68104E-03   8.14874E-04   1.23103E-04   2.31339E-04   7.93854E-12     4088.04  1
 9.70104E-03   8.24122E-04   1.23104E-04   2.31632E-04   8.02279E-12     4080.00  1
 9.72104E-03   8.30949E-04   1.23087E-04   2.31900E-04   8.09429E-12     4080.04  1
 9.74104E-03   8.43375E-04   1.23072E-04   2.32026E-04   8.17034E-12     4081.82  1
 9.76104E-03   8.51264E-04   1.23017E-04   2.32101E-04   8.23692E-12     4060.08  1
 9.78104E-03   8.64921E-04   1.22997E-04   2.32095E-04   8.29914E-12     4083.24  1
 9.80104E-03   8.73438E-04   1.22499E-04   2.31296E-04   8.36191E-12     3993.68  1
 9.82104E-03   8.87923E-04   1.22510E-04   2.34291E-04   8.41406E-12     4017.43  1
 9.84104E-03   8.96561E-04   1.22355E-04   2.32241E-04   8.46664E-12     4049.78  1
 9.86104E-03   9.08355E-04   1.22346E-04   2.31182E-04   8.50657E-12     4015.74  1
 9.88104E-03   9.22862E-04   1.22317E-04   2.30726E-04   8.55205E-12     4030.18  1
 9.90104E-03   9.29098E-04   1.22294E-04   2.30365E-04   8.58828E-12     4033.57  1
 9.92104E-03   9.44143E-04   1.22245E-04   2.30058E-04   8.62095E-12     4035.88  1
 9.94104E-03   9.55389E-04   1.22155E-04   2.29761E-04   8.65390E-12     4038.62  1
 9.96104E-03   9.66804E-04   1.22091E-04   2.29208E-04   8.67760E-12     4004.53  1
 9.98104E-03   9.80732E-04   1.21998E-04   2.28660E-04   8.70656E-12     4026.65  1
 1.00010E-02   9.91710E-04   1.21860E-04   2.26445E-04   8.71581E-12     3946.83  1
 1.00210E-02   9.99671E-04   1.21676E-04   2.26609E-04   8.72201E-12     3964.12  1
 1.00410E-02   1.01164E-03   1.21580E-04   2.26601E-04   8.72789E-12     4047.60  1
 1.00610E-02   1.02790E-03   1.21502E-04   2.25811E-04   8.72737E-12     4049.20  1
 1.00810E-02   1.03859E-03   1.21471E-04   2.24043E-04   8.72591E-12     4049.37  1
 1.01010E-02   1.04971E-03   1.21382E-04   2.21850E-04   8.73569E-12     4057.60  1
 1.01210E-02   1.06397E-03   1.21242E-04   2.21023E-04   8.73388E-12     4033.39  1
 1.01410E-02   1.07886E-03   1.21094E-04   2.20397E-04   8.73200E-12     4016.59  1
 1.01610E-02   1.09057E-03   1.20894E-04   2.19811E-04   8.71995E-12     3974.81  1
 1.01810E-02   1.09989E-03   1.20711E-04   2.19246E-04   8.70875E-12     3971.83  1
 1.02010E-02   1.10849E-03   1.20399E-04   2.18273E-04   8.66503E-12     3933.81  1
 1.02210E-02   1.11959E-03   1.20132E-04   2.17868E-04   8.63595E-12     3926.12  1
 1.02410E-02   1.13439E-03   1.19971E-04   2.15872E-04   8.60045E-12     3983.62  1
 1.02610E-02   1.14115E-03   1.19760E-04   2.12977E-04   8.56396E-12     3991.53  1
 1.02810E-02   1.15427E-03   1.19549E-04   2.11720E-04   8.52287E-12     4008.55  1
 1.03010E-02   1.17021E-03   1.19303E-04   2.10761E-04   8.47602E-12     4005.70  1
 1.03210E-02   1.17614E-03   1.19132E-04   2.09891E-04   8.43240E-12     3974.72  1
 1.03410E-02   1.18979E-03   1.18866E-04   2.08866E-04   8.37946E-12     4003.84  1
 1.03610E-02   1.20024E-03   1.18648E-04   2.07820E-04   8.19214E-12     4016.79  0
 1.03810E-02   1.19280E-03   1.18288E-04   2.06367E-04   7.99061E-12     3377.20  0
 1.04010E-02   1.18792E-03   1.17090E-04   2.03008E-04   7.74490E-12     3011.81  0
 1.04210E-02   1.18563E-03   1.14960E-04   2.03900E-04   7.51563E-12     2752.21  0
 1.04410E-02   1.17804E-03   1.13774E-04   2.03674E-04   7.27154E-12     2556.65  0
 1.04610E-02   1.17458E-03   1.12192E-04   2.02761E-04   7.02517E-12     2400.90  0
 1.04810E-02   1.16752E-03   1.09516E-04   2.00265E-04   6.77640E-12     2280.36  0
 1.05010E-02   1.16288E-03   1.08006E-04   1.98370E-04   6.52785E-12     2181.20  0
 1.05210E-02   1.15604E-03   1.05220E-04   1.97390E-04   6.27960E-12     2099.18  0
 1.05410E-02   1.15047E-03   1.03349E-04   1.96560E-04   6.03124E-12     2031.24  0
 1.05610E-02   1.14296E-03   1.00890E-04   1.95485E-04   5.78595E-12     1972.82  0
 1.05810E-02   1.13726E-03   9.86816E-05   1.94437E-04   5.54292E-12     1922.71  0
 1.06010E-02   1.12715E-03   9.64063E-05   1.93020E-04   5.30001E-12     1879.62  0
 1.06210E-02   1.12284E-03   9.39154E-05   1.90053E-04   5.06311E-12     1842.81  0
 1.06410E-02   1.11366E-03   9.20811E-05   1.87888E-04   4.83002E-12     1810.14  0
 1.06610E-02   1.10596E-03   8.91563E-05   1.86654E-04   4.60125E-12     1782.11  0
 1.06810E-02   1.09983E-03   8.76090E-05   1.85751E-04   4.37697E-12     1757.16  0
 1.07010E-02   1.09033E-03   8.45267E-05   1.84791E-04   4.15754E-12     1735.05  0
 1.07210E-02   1.08377E-03   8.28825E-05   1.83837E-04   3.94335E-12     1716.09  0
 1.07410E-02   1.07582E-03   7.99680E-05   1.82521E-04   3.73436E-12     1699.45  0
 1.07610E-02   1.06627E-03   7.81558E-05   1.79108E-04   3.53047E-12     1684.76  0
 1.07810E-02   1.05857E-03   7.55964E-05   1.77418E-04   3.33174E-12     1672.28  0
 1.08010E-02   1.04517E-03   7.35099E-05   1.73550E-04   3.08694E-12     1660.81  0
 1.08210E-02   1.04319E-03   7.14145E-05   1.78537E-04   2.89613E-12     1651.65  0
 1.08410E-02   1.03260E-03   6.91082E-05   1.75798E-04   2.71197E-12     1643.61  0
 1.08610E-02   1.02233E-03   6.75828E-05   1.74629E-04   2.69096E-12     1636.92  1
 1.08810E-02   1.01262E-03   1.08295E-04   2.20720E-04   2.73078E-12     2040.05  1
 1.09010E-02   1.00407E-03   1.12783E-04   2.27430E-04   2.75062E-12     2928.52  1
 1.09210E-02   9.88120E-04   1.15423E-04   2.28767E-04   2.78227E-12     3450.06  1
 1.09410E-02   9.72073E-04   1.17522E-04   2.30845E-04   2.83806E-12     3772.90  1
 1.09610E-02   9.55591E-04   1.18474E-04   2.31156E-04   2.89912E-12     3921.56  1
 1.09810E-02   9.40298E-04   1.19493E-04   2.31104E-04   2.97518E-12     4045.96  1
 1.10010E-02   9.21796E-04   1.20092E-04   2.30888E-04   3.06436E-12     4038.26  1
 1.10210E-02   9.08663E-04   1.20684E-04   2.35250E-04   3.16769E-12     4112.98  1
 1.10410E-02   8.90340E-04   1.21224E-04   2.32985E-04   3.27223E-12     4170.45  1
 1.10610E-02   8.75357E-04   1.21652E-04   2.31966E-04   3.38247E-12     4184.57  1
 1.10810E-02   8.59007E-04   1.21954E-04   2.31557E-04   3.50488E-12     4230.47  1
 1.11010E-02   8.40014E-04   1.22223E-04   2.31104E-04   3.62841E-12     4234.80  1
 1.11210E-02   8.23922E-04   1.22413E-04   2.30609E-04   3.75854E-12     4256.56  1
 1.11410E-02   8.06144E-04   1.22528E-04   2.29413E-04   3.90123E-12     4265.88  1
 1.11610E-02   7.86474E-04   1.22621E-04   2.31816E-04   4.04378E-12     4252.81  1
 1.11810E-02   7.69148E-04   1.22687E-04   2.33393E-04   4.19408E-12     4274.50  1
 1.12010E-02   7.47736E-04   1.22435E-04   2.34050E-04   4.36913E-12     4231.18  1
 1.12210E-02   7.26475E-04   1.22611E-04   2.39311E-04   4.53611E-12     4255.89  1
 1.12410E-02   7.06204E-04   1.22617E-04   2.41442E-04   4.69745E-12     4266.40  1
 1.12610E-02   6.86004E-04   1.22669E-04   2.42529E-04   4.85091E-12     4245.48  1
 1.12810E-02   6.64744E-04   1.22748E-04   2.43307E-04   5.01743E-12     4255.66  1
 1.13010E-02   6.39855E-04   1.22822E-04   2.43930E-04   5.17497E-12     4228.97  1
 1.13210E-02   6.16159E-04   1.22895E-04   2.44490E-04   5.33791E-12     4240.70  1
 1.13410E-02   5.92637E-04   1.22943E-04   2.44943E-04   5.50119E-12     4227.34  1
 1.13610E-02   5.64421E-04   1.23007E-04   2.45334E-04   5.65853E-12     4208.41  1
 1.13810E-02   5.38459E-04   1.23036E-04   2.45714E-04   5.82090E-12     4213.36  1
 1.14010E-02   5.30133E-04   1.23041E-04   2.46161E-04   5.97984E-12     4158.65  1
 1.14210E-02   5.42098E-04   1.23110E-04   2.49618E-04   6.14003E-12     4162.72  1
 1.14411E-02   5.57400E-04   1.23135E-04   2.51393E-04   6.29463E-12     4204.32  1
 1.14611E-02   5.70715E-04   1.23156E-04   2.52316E-04   6.44678E-12     4184.21  1
 1.14811E-02   5.83831E-04   1.23247E-04   2.52843E-04   6.59040E-12     4202.16  1
 1.15011E-02   5.98435E-04   1.23358E-04   2.53370E-04   6.73600E-12     4193.63  1
 1.15211E-02   6.13058E-04   1.23416E-04   2.53739E-04   6.86930E-12     4176.11  1
 1.15411E-02   6.28666E-04   1.23424E-04   2.54022E-04   7.00653E-12     4190.77  1
 1.15611E-02   6.43459E-04   1.23456E-04   2.54249E-04   7.13786E-12     4164.49  1
 1.15811E-02   6.58909E-04   1.23440E-04   2.54524E-04   7.26295E-12     4181.90  1
 1.16011E-02   6.72247E-04   1.23245E-04   2.54406E-04   7.39555E-12     4145.86  1
 1.16211E-02   6.86296E-04   1.23260E-04   2.56712E-04   7.50728E-12     4140.67  1
 1.16411E-02   6.98440E-04   1.23218E-04   2.55620E-04   7.62418E-12     4162.20  1
 1.16611E-02   7.11039E-04   1.23224E-04   2.54822E-04   7.73198E-12     4138.49  1
 1.16811E-02   7.27048E-04   1.23237E-04   2.54534E-04   7.83838E-12     4160.07  1
 1.17011E-02   7.42955E-04   1.23252E-04   2.54395E-04   7.94324E-12     4152.49  1
 1.17211E-02   7.57348E-04   1.23256E-04   2.54317E-04   8.03812E-12     4136.04  1
 1.17411E-02   7.73754E-04   1.23239E-04   2.54211E-04   8.13748E-12     4151.59  1
 1.17611E-02   7.87013E-04   1.23227E-04   2.54001E-04   8.22713E-12     4124.60  1
 1.17811E-02   7.97752E-04   1.23191E-04   2.53774E-04   8.31660E-12     4147.86  1
 1.18011E-02   8.05476E-04   1.23023E-04   2.53126E-04   8.40667E-12     4122.24  1
 1.18211E-02   8.17814E-04   1.23002E-04   2.53447E-04   8.48057E-12     4112.44  1
 1.18411E-02   8.31589E-04   1.22942E-04   2.52819E-04   8.55963E-12     4129.17  1
 1.18611E-02   8.40153E-04   1.22897E-04   2.52325E-04   8.62594E-12     4101.12  1
 1.18811E-02   8.55113E-04   1.22881E-04   2.51860E-04   8.69636E-12     4117.79  1
 1.19011E-02   8.66394E-04   1.22842E-04   2.51438E-04   8.75934E-12     4113.66  1
 1.19211E-02   8.78820E-04   1.22808E-04   2.50782E-04   8.81553E-12     4103.40  1
 1.19411E-02   8.93425E-04   1.22756E-04   2.50141E-04   8.87191E-12     4112.94  1
 1.19611E-02   9.06251E-04   1.22681E-04   2.49073E-04   8.91965E-12     4089.41  1
 1.19811E-02   9.18291E-04   1.22624E-04   2.47860E-04   8.96833E-12     4106.60  1
 1.20011E-02   9.27819E-04   1.22429E-04   2.44524E-04   8.98665E-12     4015.93  1
 1.20211E-02   9.42928E-04   1.22316E-04   2.45804E-04   9.02465E-12     4025.29  1
 1.20411E-02   9.58261E-04   1.22203E-04   2.46292E-04   9.05153E-12     4053.88  1
 1.20611E-02   9.71334E-04   1.22148E-04   2.46049E-04   9.07748E-12     4061.64  1
 1.20811E-02   9.81403E-04   1.22164E-04   2.45138E-04   9.09379E-12     4051.46  1
 1.21011E-02   9.94915E-04   1.22122E-04   2.42675E-04   9.11074E-12     4063.69  1
 1.21211E-02   1.00793E-03   1.22006E-04   2.41087E-04   9.11698E-12     4037.65  1
 1.21411E-02   1.02358E-03   1.21846E-04   2.40297E-04   9.12375E-12     4046.54  1
 1.21611E-02   1.03171E-03   1.21635E-04   2.39672E-04   9.12223E-12     4035.04  1
 1.21811E-02   1.04515E-03   1.21453E-04   2.39072E-04   9.11648E-12     4019.86  1
 1.22011E-02   1.05505E-03   1.21045E-04   2.37920E-04   9.03475E-12     3995.09  1
 1.22211E-02   1.06668E-03   1.20847E-04   2.41150E-04   8.88138E-12     3988.74  0
 1.22411E-02   1.06890E-03   1.20436E-04   2.38615E-04   8.70552E-12     3352.03  0
 1.22611E-02   1.06775E-03   1.19728E-04   2.36839E-04   8.50862E-12     2976.77  0
 1.22811E-02   1.06211E-03   1.19071E-04   2.36166E-04   8.29863E-12     2725.31  0
 1.23011E-02   1.05923E-03   1.18047E-04   2.35723E-04   8.07995E-12     2542.73  0
 1.23211E-02   1.05747E-03   1.15932E-04   2.35261E-04   7.85392E-12     2403.24  0
 1.23411E-02   1.05498E-03   1.14289E-04   2.34635E-04   7.61998E-12     2290.96  0
 1.23611E-02   1.04808E-03   1.13016E-04   2.33433E-04   7.38449E-12     2201.00  0
 1.23811E-02   1.04576E-03   1.10643E-04   2.30194E-04   7.14542E-12     2123.59  0
 1.24011E-02   1.04131E-03   1.08699E-04   2.28120E-04   6.87756E-12     2053.93  0
 1.24211E-02   1.03695E-03   1.06995E-04   2.28424E-04   6.63642E-12     1996.27  0
 1.24411E-02   1.03428E-03   1.04484E-04   2.26706E-04   6.39488E-12     1945.91  0
 1.24611E-02   1.02893E-03   1.03034E-04   2.25766E-04   6.15501E-12     1902.57  0
 1.24811E-02   1.02337E-03   1.00446E-04   2.24789E-04   5.91802E-12     1864.52  0
 1.25011E-02   1.02074E-03   9.86193E-05   2.23787E-04   5.68483E-12     1831.77  0
 1.25211E-02   1.01499E-03   9.67002E-05   2.22383E-04   5.45548E-12     1802.55  0
 1.25411E-02   1.00951E-03   9.42876E-05   2.18751E-04   5.22882E-12     1776.58  0
 1.25611E-02   1.00678E-03   9.28181E-05   2.17056E-04   5.00575E-12     1753.97  0
 1.25811E-02   9.99830E-04   9.00782E-05   2.15966E-04   4.78653E-12     1734.20  0
 1.26011E-02   9.95775E-04   8.83468E-05   2.13384E-04   4.51257E-12     1716.47  0
 1.26211E-02   9.93203E-04   8.61961E-05   2.16977E-04   4.29080E-12     1700.97  0
 1.26411E-02   9.85115E-04   8.41020E-05   2.15387E-04   4.07724E-12     1687.57  0
 1.26611E-02   9.82215E-04   8.26718E-05   2.14493E-04   3.87067E-12     1675.52  0
 1.26811E-02   9.74420E-04   7.98958E-05   2.13884E-04   3.67012E-12     1664.96  0
 1.27011E-02   9.70748E-04   7.83148E-05   2.12882E-04   3.47570E-12     1655.88  0
 1.27211E-02   9.63706E-04   7.60674E-05   2.11905E-04   3.47813E-12     1648.09  1
 1.27411E-02   9.58995E-04   1.08435E-04   2.47421E-04   3.49901E-12     2116.32  1
 1.27611E-02   9.53052E-04   1.13064E-04   2.52565E-04   3.52108E-12     3055.76  1
 1.27811E-02   9.46740E-04   1.15901E-04   2.53752E-04   3.53845E-12     3614.53  1
 1.28011E-02   9.38807E-04   1.17457E-04   2.57780E-04   3.57654E-12     3834.81  1
 1.28211E-02   9.34357E-04   1.18518E-04   2.63329E-04   3.62611E-12     4038.63  1
 1.28411E-02   9.25754E-04   1.19677E-04   2.61074E-04   3.68718E-12     4128.80  1
 1.28611E-02   9.17054E-04   1.20702E-04   2.60540E-04   3.77001E-12     4247.70  1
 1.28811E-02   9.02648E-04   1.21353E-04   2.60123E-04   3.86049E-12     4299.91  1
 1.29011E-02   8.86326E-04   1.21793E-04   2.59706E-04   3.96136E-12     4347.53  1
 1.29211E-02   8.73363E-04   1.22077E-04   2.58836E-04   4.07072E-12     4395.04  1
 1.29411E-02   8.63145E-04   1.22302E-04   2.55481E-04   4.18091E-12     4394.45  1
 1.29611E-02   8.51228E-04   1.22502E-04   2.54494E-04   4.31522E-12     4424.86  1
 1.29811E-02   8.37433E-04   1.22627E-04   2.57798E-04   4.44541E-12     4410.32  1
 1.30011E-02   8.24975E-04   1.22642E-04   2.57123E-04   4.59970E-12     4352.14  1
 1.30211E-02   8.15549E-04   1.22735E-04   2.61002E-04   4.73434E-12     4346.12  1
 1.30411E-02   8.04115E-04   1.22796E-04   2.60793E-04   4.87245E-12     4386.85  1
 1.30611E-02   7.91100E-04   1.22912E-04   2.62094E-04   5.01398E-12     4346.99  1
 1.30811E-02   7.78353E-04   1.23093E-04   2.63077E-04   5.15643E-12     4337.36  1
 1.31011E-02   7.66834E-04   1.23256E-04   2.63890E-04   5.30561E-12     4319.97  1
 1.31211E-02   7.55022E-04   1.23338E-04   2.64560E-04   5.45139E-12     4291.47  1
 1.31411E-02   7.42508E-04   1.23406E-04   2.65167E-04   5.60136E-12     4292.09  1
 1.31611E-02   7.26971E-04   1.23458E-04   2.65726E-04   5.75413E-12     4251.44  1
 1.31811E-02   7.12658E-04   1.23492E-04   2.66221E-04   5.90493E-12     4257.32  1
 1.32011E-02   6.95516E-04   1.23328E-04   2.66556E-04   6.07738E-12     4209.76  1
 1.32211E-02   6.81664E-04   1.23371E-04   2.69728E-04   6.22198E-12     4194.53  1
 1.32411E-02   6.61937E-04   1.23376E-04   2.70859E-04   6.37422E-12     4192.45  1
 1.32611E-02   6.44780E-04   1.23426E-04   2.71624E-04   6.52542E-12     4152.37  1
 1.32811E-02   6.24869E-04   1.23480E-04   2.72219E-04   6.67192E-12     4172.62  1
 1.33011E-02   6.04809E-04   1.23534E-04   2.72598E-04   6.82479E-12     4156.46  1
 1.33211E-02   5.92573E-04   1.23587E-04   2.72953E-04   6.96653E-12     4154.92  1
 1.33411E-02   6.02288E-04   1.23598E-04   2.73230E-04   7.11340E-12     4153.21  1
 1.33611E-02   6.17219E-04   1.23619E-04   2.73417E-04   7.26424E-12     4111.36  1
 1.33811E-02   6.31134E-04   1.23601E-04   2.75303E-04   7.40914E-12     4141.25  1
 1.34011E-02   6.47044E-04   1.23466E-04   2.76355E-04   7.56361E-12     4120.09  1
 1.34211E-02   6.59906E-04   1.23463E-04   2.77753E-04   7.69717E-12     4122.24  1
 1.34411E-02   6.76370E-04   1.23438E-04   2.78259E-04   7.83227E-12     4126.72  1
 1.34611E-02   6.92121E-04   1.23427E-04   2.78587E-04   7.95901E-12     4091.06  1
 1.34811E-02   7.03515E-04   1.23404E-04   2.78802E-04   8.08363E-12     4120.28  1
 1.35011E-02   7.18247E-04   1.23415E-04   2.78710E-04   8.20693E-12     4115.12  1
 1.35211E-02   7.31178E-04   1.23396E-04   2.78547E-04   8.31637E-12     4107.66  1
 1.35411E-02   7.47104E-04   1.23370E-04   2.78370E-04   8.42737E-12     4112.55  1
 1.35611E-02   7.63513E-04   1.23338E-04   2.78278E-04   8.53001E-12     4085.19  1
 1.35811E-02   7.76955E-04   1.23276E-04   2.78137E-04   8.62880E-12     4109.50  1
 1.36011E-02   7.91656E-04   1.23092E-04   2.76955E-04   8.69478E-12     4012.96  1
 1.36211E-02   8.06048E-04   1.23043E-04   2.79331E-04   8.79341E-12     4055.89  1
 1.36411E-02   8.15222E-04   1.22963E-04   2.78556E-04   8.87536E-12     4071.45  1
 1.36611E-02   8.29235E-04   1.22883E-04   2.78566E-04   8.94721E-12     4081.31  1
 1.36811E-02   8.43997E-04   1.22889E-04   2.78467E-04   9.02139E-12     4069.94  1
 1.37011E-02   8.51961E-04   1.22883E-04   2.78246E-04   9.08175E-12     4053.22  1
 1.37211E-02   8.65243E-04   1.22847E-04   2.77944E-04   9.14340E-12     4056.81  1
 1.37411E-02   8.76907E-04   1.22756E-04   2.77636E-04   9.19592E-12     4034.32  1
 1.37611E-02   8.87618E-04   1.22647E-04   2.77056E-04   9.24477E-12     4041.86  1
 1.37811E-02   8.98938E-04   1.22532E-04   2.76440E-04   9.29157E-12     4028.48  1
 1.38011E-02   9.12008E-04   1.21980E-04   2.74458E-04   9.15966E-12     3964.85  0
 1.38211E-02   9.13373E-04   1.21553E-04   2.74976E-04   9.03421E-12     3332.34  0
 1.38411E-02   9.14070E-04   1.20721E-04   2.75087E-04   8.87576E-12     2979.10  0
 1.38611E-02   9.12301E-04   1.19910E-04   2.74830E-04   8.70410E-12     2740.27  0
 1.38811E-02   9.07384E-04   1.19097E-04   2.74017E-04   8.52035E-12     2559.45  0
 1.39011E-02   9.05675E-04   1.18018E-04   2.71806E-04   8.32659E-12     2425.22  0
 1.39211E-02   9.04419E-04   1.16068E-04   2.69869E-04   8.12472E-12     2314.24  0
 1.39411E-02   9.02675E-04   1.14532E-04   2.68911E-04   7.91736E-12     2224.02  0
 1.39611E-02   8.96508E-04   1.13285E-04   2.68145E-04   7.70763E-12     2148.25  0
 1.39811E-02   8.94054E-04   1.11487E-04   2.67418E-04   7.49603E-12     2082.37  0
 1.40011E-02   8.90815E-04   1.09422E-04   2.65671E-04   7.24938E-12     2023.15  0
 1.40211E-02   8.90559E-04   1.08147E-04   2.65301E-04   7.03479E-12     1973.26  0
 1.40411E-02   8.88770E-04   1.05939E-04   2.64478E-04   6.81773E-12     1929.20  0
 1.40611E-02   8.83524E-04   1.04163E-04   2.63365E-04   6.60034E-12     1891.88  0
 1.40811E-02   8.80370E-04   1.02861E-04   2.61250E-04   6.38370E-12     1858.44  0
 1.41011E-02   8.78635E-04   1.00378E-04   2.58385E-04   6.16777E-12     1828.49  0
 1.41211E-02   8.76868E-04   9.87949E-05   2.57067E-04   5.95356E-12     1801.65  0
 1.41411E-02   8.71133E-04   9.74013E-05   2.56028E-04   5.74140E-12     1778.47  0
 1.41611E-02   8.68115E-04   9.48121E-05   2.54918E-04   5.53144E-12     1757.64  0
 1.41811E-02   8.66240E-04   9.34249E-05   2.53810E-04   5.32409E-12     1739.04  0
 1.42011E-02   8.59767E-04   9.12647E-05   2.49467E-04   5.04471E-12     1722.68  0
 1.42211E-02   8.61054E-04   8.93538E-05   2.53227E-04   4.82913E-12     1708.21  0
 1.42411E-02   8.56731E-04   8.80665E-05   2.53238E-04   4.62116E-12     1695.32  0
 1.42611E-02   8.54549E-04   8.58279E-05   2.52245E-04   4.41933E-12     1683.88  0
 1.42811E-02   8.51038E-04   8.41132E-05   2.51023E-04   4.22310E-12     1673.69  0
 1.43011E-02   8.41599E-04   8.28144E-05   2.48144E-04   4.21616E-12     1664.76  1
 1.43211E-02   8.36852E-04   1.08531E-04   2.86738E-04   4.24049E-12     2077.75  1
 1.43411E-02   8.31209E-04   1.12953E-04   2.96866E-04   4.25166E-12     3019.81  1
 1.43611E-02   8.19385E-04   1.15786E-04   2.98963E-04   4.28009E-12     3513.27  1
 1.43811E-02   8.15166E-04   1.17757E-04   2.99306E-04   4.31068E-12     3849.52  1
 1.44011E-02   8.04399E-04   1.18572E-04   2.98763E-04   4.35445E-12     3921.80  1
 1.44211E-02   7.98098E-04   1.19710E-04   2.99450E-04   4.40452E-12     4040.47  1
 1.44411E-02   7.89140E-04   1.20757E-04   2.99058E-04   4.46482E-12     4162.67  1
 1.44611E-02   7.82990E-04   1.21570E-04   2.96916E-04   4.53450E-12     4220.71  1
 1.44811E-02   7.74560E-04   1.22159E-04   2.94978E-04   4.62204E-12     4263.36  1
 1.45011E-02   7.66244E-04   1.22449E-04   2.98765E-04   4.72038E-12     4311.47  1
 1.45211E-02   7.61986E-04   1.22641E-04   2.98988E-04   4.82912E-12     4314.67  1
 1.45411E-02   7.51948E-04   1.22776E-04   2.98738E-04   4.94674E-12     4368.59  1
 1.45611E-02   7.46223E-04   1.22889E-04   2.98046E-04   5.06467E-12     4369.12  1
 1.45811E-02   7.38769E-04   1.22965E-04   2.95291E-04   5.18779E-12     4379.21  1
 1.46011E-02   7.34153E-04   1.22638E-04   2.93891E-04   5.34662E-12     4351.30  1
 1.46211E-02   7.26518E-04   1.22733E-04   2.96765E-04   5.46789E-12     4344.89  1
 1.46411E-02   7.21674E-04   1.22740E-04   2.93518E-04   5.59777E-12     4379.73  1
 1.46611E-02   7.11266E-04   1.22841E-04   2.92271E-04   5.73371E-12     4353.03  1
 1.46811E-02   7.05616E-04   1.22912E-04   2.91533E-04   5.86732E-12     4346.37  1
 1.47011E-02   6.97033E-04   1.23012E-04   2.90871E-04   6.01250E-12     4341.00  1
 1.47211E-02   6.89780E-04   1.23063E-04   2.89944E-04   6.14964E-12     4311.02  1
 1.47411E-02   6.83812E-04   1.23125E-04   2.87875E-04   6.30901E-12     4319.92  1
 1.47611E-02   6.74881E-04   1.23152E-04   2.91468E-04   6.45973E-12     4280.09  1
 1.47811E-02   6.66908E-04   1.23182E-04   2.93079E-04   6.60814E-12     4276.33  1
 1.48011E-02   6.56545E-04   1.22970E-04   2.94473E-04   6.78331E-12     4200.99  1
 1.48211E-02   6.46716E-04   1.23011E-04   2.97945E-04   6.92547E-12     4186.43  1
 1.48411E-02   6.37545E-04   1.23006E-04   2.99516E-04   7.07438E-12     4214.92  1
 1.48611E-02   6.29006E-04   1.23037E-04   3.00504E-04   7.21730E-12     4191.99  1
 1.48811E-02   6.21649E-04   1.23062E-04   3.01175E-04   7.35985E-12     4198.69  1
 1.49011E-02   6.10847E-04   1.23072E-04   3.01657E-04   7.49982E-12     4184.03  1
 1.49211E-02   6.05111E-04   1.23085E-04   3.02032E-04   7.63360E-12     4162.49  1
 1.49411E-02   6.18774E-04   1.23071E-04   3.02312E-04   7.77029E-12     4174.50  1
 1.49611E-02   6.33602E-04   1.23038E-04   3.02519E-04   7.89735E-12     4143.32  1
 1.49811E-02   6.47557E-04   1.23003E-04   3.02691E-04   8.02396E-12     4163.07  1
 1.50011E-02   6.62050E-04   1.22929E-04   3.02683E-04   8.14990E-12     4143.10  1
 1.50211E-02   6.76106E-04   1.22865E-04   3.02974E-04   8.26388E-12     4120.94  1
 1.50411E-02   6.93136E-04   1.22791E-04   3.02942E-04   8.37618E-12     4125.74  1
 1.50611E-02   7.06554E-04   1.22720E-04   3.02954E-04   8.48000E-12     4085.71  1
 1.50811E-02   7.23156E-04   1.22623E-04   3.02978E-04   8.58485E-12     4102.21  1
 1.51011E-02   7.36337E-04   1.22546E-04   3.02986E-04   8.67924E-12     4097.10  1
 1.51211E-02   7.49353E-04   1.22391E-04   3.02998E-04   8.61766E-12     4085.71  0
 1.51411E-02   7.50173E-04   1.22130E-04   3.02938E-04   8.53818E-12     3429.51  0
 1.51611E-02   7.49681E-04   1.21478E-04   3.02777E-04   8.43654E-12     3066.16  0
 1.51811E-02   7.48831E-04   1.20461E-04   3.02370E-04   8.32571E-12     2823.88  0
 1.52011E-02   7.45079E-04   1.19764E-04   3.01336E-04   8.19984E-12     2639.65  0
 1.52211E-02   7.45463E-04   1.18877E-04   3.01172E-04   8.05647E-12     2499.56  0
 1.52411E-02   7.45583E-04   1.17822E-04   3.00862E-04   7.90526E-12     2386.82  0
 1.52611E-02   7.44865E-04   1.15854E-04   3.00564E-04   7.74560E-12     2291.47  0
 1.52811E-02   7.44826E-04   1.14356E-04   2.99732E-04   7.57985E-12     2212.48  0
 1.53011E-02   7.44582E-04   1.13218E-04   2.98278E-04   7.41040E-12     2143.38  0
 1.53211E-02   7.44096E-04   1.11374E-04   2.96185E-04   7.23694E-12     2083.10  0
 1.53411E-02   7.37931E-04   1.09523E-04   2.95315E-04   7.06115E-12     2031.45  0
 1.53611E-02   7.34255E-04   1.08288E-04   2.94635E-04   6.88391E-12     1985.45  0
 1.53811E-02   7.26116E-04   1.06388E-04   2.93903E-04   6.70451E-12     1944.43  0
 1.54011E-02   7.20019E-04   1.04212E-04   2.91685E-04   6.51820E-12     1909.78  0
 1.54211E-02   7.15745E-04   1.03041E-04   2.91573E-04   6.33514E-12     1878.71  0
 1.54411E-02   7.13352E-04   1.01043E-04   2.90234E-04   6.15168E-12     1850.56  0
 1.54611E-02   7.07831E-04   9.94169E-05   2.89377E-04   5.96833E-12     1825.60  0
 1.54811E-02   7.05793E-04   9.82428E-05   2.88380E-04   5.78568E-12     1803.12  0
 1.55011E-02   7.04212E-04   9.64791E-05   2.87343E-04   5.60418E-12     1782.61  0
 1.55211E-02   7.00608E-04   9.46326E-05   2.85873E-04   5.42342E-12     1764.12  0
 1.55411E-02   6.97001E-04   9.34531E-05   2.83042E-04   5.24419E-12     1747.63  0
 1.55611E-02   6.95202E-04   9.19962E-05   2.80792E-04   5.06628E-12     1732.71  0
 1.55811E-02   6.93423E-04   8.99329E-05   2.79427E-04   4.88979E-12     1719.09  0
 1.56011E-02   6.87365E-04   8.85779E-05   2.77055E-04   4.66160E-12     1706.62  0
 1.56211E-02   6.86841E-04   8.74203E-05   2.83585E-04   4.64496E-12     1695.52  1
 1.56411E-02   6.85439E-04   1.08476E-04   3.40227E-04   4.67410E-12     2054.10  1
 1.56611E-02   6.80102E-04   1.12955E-04   3.44301E-04   4.69149E-12     2901.69  1
 1.56811E-02   6.76332E-04   1.15781E-04   3.50395E-04   4.71931E-12     3428.39  1
 1.57011E-02   6.72717E-04   1.17773E-04   3.51298E-04   4.75380E-12     3708.16  1
 1.57211E-02   6.65730E-04   1.18754E-04   3.51253E-04   4.80438E-12     3880.02  1
 1.57411E-02   6.58275E-04   1.19907E-04   3.50952E-04   4.85798E-12     3976.68  1
 1.57611E-02   6.54690E-04   1.20875E-04   3.50166E-04   4.91277E-12     4042.61  1
 1.57811E-02   6.49483E-04   1.21415E-04   3.46894E-04   4.97952E-12     4108.37  1
 1.58011E-02   6.39668E-04   1.21486E-04   3.46035E-04   5.08091E-12     4115.88  1
 1.58211E-02   6.36333E-04   1.21726E-04   3.48713E-04   5.15506E-12     4153.01  1
 1.58411E-02   6.27321E-04   1.21939E-04   3.46125E-04   5.24534E-12     4218.23  1
 1.58611E-02   6.23489E-04   1.22217E-04   3.44377E-04   5.34060E-12     4228.04  1
 1.58811E-02   6.16974E-04   1.22435E-04   3.43700E-04   5.45597E-12     4262.78  1
 1.59011E-02   6.08554E-04   1.22565E-04   3.47144E-04   5.58290E-12     4273.06  1
 1.59211E-02   6.05150E-04   1.22622E-04   3.47291E-04   5.70136E-12     4263.67  1
 1.59411E-02   6.00536E-04   1.22663E-04   3.46026E-04   5.83149E-12     4286.91  1
 1.59611E-02   5.94170E-04   1.22662E-04   3.43235E-04   5.96106E-12     4251.77  1
 1.59811E-02   5.88337E-04   1.22699E-04   3.42335E-04   6.08840E-12     4266.27  1
 1.60011E-02   5.81803E-04   1.22390E-04   3.41294E-04   6.26346E-12     4160.91  1
 1.60211E-02   5.77008E-04   1.22376E-04   3.42860E-04   6.39186E-12     4158.06  1
 1.60411E-02   5.73880E-04   1.22399E-04   3.41016E-04   6.52925E-12     4160.48  1
 1.60611E-02   5.67375E-04   1.22469E-04   3.40277E-04   6.66077E-12     4119.26  1
 1.60811E-02   5.62584E-04   1.22500E-04   3.39776E-04   6.79513E-12     4129.13  1
 1.61011E-02   5.56290E-04   1.22518E-04   3.39030E-04   6.92722E-12     4099.81  1
 1.61211E-02   5.48565E-04   1.22508E-04   3.37733E-04   7.05036E-12     4082.68  1
 1.61411E-02   5.45081E-04   1.22460E-04   3.36522E-04   7.17898E-12     4076.07  1
 1.61611E-02   5.57587E-04   1.22386E-04   3.36320E-04   7.15401E-12     4039.86  0
 1.61811E-02   5.57769E-04   1.22154E-04   3.36266E-04   7.12088E-12     3436.69  0
 1.62011E-02   5.54846E-04   1.21207E-04   3.37806E-04   7.08351E-12     3090.11  0
 1.62211E-02   5.56575E-04   1.20222E-04   3.43224E-04   7.01779E-12     2855.19  0
 1.62411E-02   5.57225E-04   1.19543E-04   3.44360E-04   6.92771E-12     2678.55  0
 1.62611E-02   5.56869E-04   1.18655E-04   3.45260E-04   6.82432E-12     2537.35  0
 1.62811E-02   5.55700E-04   1.17658E-04   3.45484E-04   6.70923E-12     2421.45  0
 1.63011E-02   5.51589E-04   1.15690E-04   3.44644E-04   6.59117E-12     2325.58  0
 1.63211E-02   5.50228E-04   1.14360E-04   3.43811E-04   6.46244E-12     2246.05  0
 1.63411E-02   5.49105E-04   1.13253E-04   3.41727E-04   6.32901E-12     2176.50  0
 1.63611E-02   5.47768E-04   1.11531E-04   3.40959E-04   6.19101E-12     2115.27  0
 1.63811E-02   5.44423E-04   1.09695E-04   3.40384E-04   6.05016E-12     2061.07  0
 1.64011E-02   5.41321E-04   1.08519E-04   3.39827E-04   5.90550E-12     2013.58  0
 1.64211E-02   5.39811E-04   1.07022E-04   3.39211E-04   5.75712E-12     1972.34  0
 1.64411E-02   5.38369E-04   1.04830E-04   3.38604E-04   5.60681E-12     1935.33  0
 1.64611E-02   5.36566E-04   1.03563E-04   3.38022E-04   5.45528E-12     1901.74  0
 1.64810E-02   5.31749E-04   1.02153E-04   3.37385E-04   5.30230E-12     1871.44  0
 1.65010E-02   5.29582E-04   9.98894E-05   3.36497E-04   5.14890E-12     1843.89  0
 1.65210E-02   5.27929E-04   9.86031E-05   3.35566E-04   4.99559E-12     1818.99  0
 1.65410E-02   5.26105E-04   9.74257E-05   3.34301E-04   4.84251E-12     1796.34  0
 1.65610E-02   5.21619E-04   9.51131E-05   3.32648E-04   4.68968E-12     1775.74  0
 1.65810E-02   5.18826E-04   9.38687E-05   3.29984E-04   4.53735E-12     1757.13  0
 1.66010E-02   5.15858E-04   9.25201E-05   3.27159E-04   4.34996E-12     1739.77  0
 1.66210E-02   5.15656E-04   9.02246E-05   3.30763E-04   4.19535E-12     1724.74  0
 1.66410E-02   5.13957E-04   8.88861E-05   3.28462E-04   4.04222E-12     1711.06  0
 1.66610E-02   5.10603E-04   8.77228E-05   3.27335E-04   4.04538E-12     1698.56  1
 1.66810E-02   5.07069E-04   1.08080E-04   3.85774E-04   4.10289E-12     2001.15  1
 1.67010E-02   5.05626E-04   1.12653E-04   3.91292E-04   4.14144E-12     2847.18  1
 1.67210E-02   5.04089E-04   1.15256E-04   3.97507E-04   4.18175E-12     3426.73  1
 1.67410E-02   5.01274E-04   1.17444E-04   3.98437E-04   4.23700E-12     3695.84  1
 1.67610E-02   4.97165E-04   1.18379E-04   3.98262E-04   4.30148E-12     3866.90  1
 1.67810E-02   4.95493E-04   1.19296E-04   3.95785E-04   4.36825E-12     3945.72  1
 1.68010E-02   4.93061E-04   1.19729E-04   3.95227E-04   4.44964E-12     4010.04  1
 1.68210E-02   4.90530E-04   1.20278E-04   3.98053E-04   4.52732E-12     4059.55  1
 1.68410E-02   4.86290E-04   1.20777E-04   3.97750E-04   4.62280E-12     4137.35  1
 1.68610E-02   4.82735E-04   1.21081E-04   3.94489E-04   4.71379E-12     4141.45  1
 1.68810E-02   4.75437E-04   1.21329E-04   3.93461E-04   4.81411E-12     4169.70  1
 1.69010E-02   4.68881E-04   1.21463E-04   3.92783E-04   4.91701E-12     4166.65  1
 1.69210E-02   4.63951E-04   1.21493E-04   3.92161E-04   5.03213E-12     4163.50  1
 1.69410E-02   4.56903E-04   1.21508E-04   3.94891E-04   5.01493E-12     4178.33  0
 1.69610E-02   4.53186E-04   1.21245E-04   3.93113E-04   4.97779E-12     3520.45  0
 1.69810E-02   4.46373E-04   1.20434E-04   3.91302E-04   4.92639E-12     3161.61  0
 1.70010E-02   4.38792E-04   1.19559E-04   3.90213E-04   4.87724E-12     2904.86  0
 1.70210E-02   4.36349E-04   1.18783E-04   3.92330E-04   4.80619E-12     2720.31  0
 1.70410E-02   4.32674E-04   1.17678E-04   3.89765E-04   4.72080E-12     2563.35  0
 1.70610E-02   4.25965E-04   1.15493E-04   3.88602E-04   4.62682E-12     2430.20  0
 1.70810E-02   4.19231E-04   1.14134E-04   3.87451E-04   4.52963E-12     2317.71  0
 1.71010E-02   4.16241E-04   1.12936E-04   3.84610E-04   4.42535E-12     2222.41  0
 1.71210E-02   4.13361E-04   1.10616E-04   3.81475E-04   4.31826E-12     2141.06  0
 1.71410E-02   4.07491E-04   1.08965E-04   3.79927E-04   4.20706E-12     2071.10  0
 1.71610E-02   4.02375E-04   1.07626E-04   3.78566E-04   4.09280E-12     2010.55  0
 1.71810E-02   3.97468E-04   1.05019E-04   3.76907E-04   3.97621E-12     1957.86  0
 1.72010E-02   3.94336E-04   1.03514E-04   3.71942E-04   3.84330E-12     1910.96  0
 1.72210E-02   3.89030E-04   1.01707E-04   3.72227E-04   3.72091E-12     1871.53  0
 1.72410E-02   3.85977E-04   9.93761E-05   3.68704E-04   3.59497E-12     1836.76  0
 1.72610E-02   3.82692E-04   9.80081E-05   3.66539E-04   3.46781E-12     1805.54  0
 1.72810E-02   3.77081E-04   9.54019E-05   3.65044E-04   3.33995E-12     1777.48  0
 1.73010E-02   3.73916E-04   9.36558E-05   3.63487E-04   3.21266E-12     1752.58  0
 1.73210E-02   3.68556E-04   9.18010E-05   3.60192E-04   3.08557E-12     1730.45  0
 1.73410E-02   3.65675E-04   8.93834E-05   3.57127E-04   2.95941E-12     1711.04  0
 1.73610E-02   3.61538E-04   8.79454E-05   3.55468E-04   2.83430E-12     1694.27  0
 1.73810E-02   3.56784E-04   8.52343E-05   3.54133E-04   2.71056E-12     1679.66  0
 1.74010E-02   3.53615E-04   8.33670E-05   3.50034E-04   2.57166E-12     1666.75  0
 1.74210E-02   3.48020E-04   8.09241E-05   3.52275E-04   2.45008E-12     1655.86  0
 1.74410E-02   3.45549E-04   7.87452E-05   3.49593E-04   2.33170E-12     1646.61  0
 1.74610E-02   3.40882E-04   7.66615E-05   3.46420E-04   2.21628E-12     1639.01  0
 1.74810E-02   3.38281E-04   7.40169E-05   3.44897E-04   2.10438E-12     1633.09  0
 1.75010E-02   3.36385E-04   7.23588E-05   3.43574E-04   1.99563E-12     1628.51  0
 1.75210E-02   3.34312E-04   6.93728E-05   3.42093E-04   1.89049E-12     1625.26  0
 1.75410E-02   3.30219E-04   6.78489E-05   3.38467E-04   1.78854E-12     1623.35  0
 1.75610E-02   3.27183E-04   6.50062E-05   3.35904E-04   1.69023E-12     1622.84  0
 1.75810E-02   3.25371E-04   6.33518E-05   3.34337E-04   1.59522E-12     1622.52  0
 1.76010E-02   3.23521E-04   6.09806E-05   3.32754E-04   1.50318E-12     1622.09  0
 1.76210E-02   3.19275E-04   5.89576E-05   3.31133E-04   1.41498E-12     1621.58  0
 1.76410E-02   3.15864E-04   5.75681E-05   3.26416E-04   1.32983E-12     1621.00  0
 1.76610E-02   3.13802E-04   5.48434E-05   3.24456E-04   1.24775E-12     1620.36  0
 1.76810E-02   3.11881E-04   5.34908E-05   3.22849E-04   1.16919E-12     1619.65  0
 1.77010E-02   3.07251E-04   5.18850E-05   3.21062E-04   1.09373E-12     1618.90  0
 1.77210E-02   3.04174E-04   4.97277E-05   3.16591E-04   1.02125E-12     1618.09  0
 1.77410E-02   2.99947E-04   4.85166E-05   3.10354E-04   9.52198E-13     1617.33  0
 1.77610E-02   2.90095E-04   4.73566E-05   3.05295E-04   8.86120E-13     1616.53  0
 1.77810E-02   2.77905E-04   4.52950E-05   3.01025E-04   8.23014E-13     1615.70  0
 1.78010E-02   2.71893E-04   4.41377E-05   2.91745E-04   7.60127E-13     1614.81  0
 1.78210E-02   2.65268E-04   4.32069E-05   2.89775E-04   7.02845E-13     1614.00  0
 1.78410E-02   2.59379E-04   4.20464E-05   2.79115E-04   6.47938E-13     1613.16  0
 1.78610E-02   2.53683E-04   4.04702E-05   2.74953E-04   5.95645E-13     1612.37  0
 1.78810E-02   2.46804E-04   3.95080E-05   2.71251E-04   5.46185E-13     1611.56  0
 1.79010E-02   2.43034E-04   3.86726E-05   2.61759E-04   4.98956E-13     1610.73  0
 1.79210E-02   2.35995E-04   3.78811E-05   2.56491E-04   4.54416E-13     1609.86  0
 1.79410E-02   2.30712E-04   3.65824E-05   2.52922E-04   4.12373E-13     1608.94  0
 1.79610E-02   2.24968E-04   3.53466E-05   2.46477E-04   3.72543E-13     1607.96  0
 1.79810E-02   2.17950E-04   3.44747E-05   2.37978E-04   3.34918E-13     1606.92  0
 1.80010E-02   2.13583E-04   3.36493E-05   2.32179E-04   2.98647E-13     1605.86  0
 1.80210E-02   2.07299E-04   3.29425E-05   2.27693E-04   2.65805E-13     1604.76  0
 1.80410E-02   1.98848E-04   3.17232E-05   2.22678E-04   2.35224E-13     1603.59  0
 1.80610E-02   1.94456E-04   3.04206E-05   2.14977E-04   2.06675E-13     1602.36  0
 1.80810E-02   1.90506E-04   2.95247E-05   2.07070E-04   1.80256E-13     1601.15  0
 1.81010E-02   1.79028E-04   2.87439E-05   2.02298E-04   1.55864E-13     1599.89  0
 1.81210E-02   1.74430E-04   2.80151E-05   1.94322E-04   1.33488E-13     1598.56  0
 1.81410E-02   1.69121E-04   2.68428E-05   1.86380E-04   1.13207E-13     1597.15  0
 1.81610E-02   1.58181E-04   2.54264E-05   1.78612E-04   9.45274E-14     1595.69  0
 1.81810E-02   1.53347E-04   2.44980E-05   1.72667E-04   7.78980E-14     1594.27  0
 1.82010E-02   1.45118E-04   2.36408E-05   1.61278E-04   6.26152E-14     1592.70  0
 1.82210E-02   1.35834E-04   2.28558E-05   1.54763E-04   4.96163E-14     1591.13  0
 1.82410E-02   1.28283E-04   2.12808E-05   1.46673E-04   3.82611E-14     1589.45  0
 1.82610E-02   1.19033E-04   1.99295E-05   1.35498E-04   2.84431E-14     1587.63  0
 1.82810E-02   1.10313E-04   1.89075E-05   1.26418E-04   2.02685E-14     1585.82  0
 1.83010E-02   1.01365E-04   1.79387E-05   1.15329E-04   1.36151E-14     1583.90  0
 1.83210E-02   8.90911E-05   1.59467E-05   1.04332E-04   8.34541E-15     1581.72  0
 1.83410E-02   7.91493E-05   1.43171E-05   9.08629E-05   4.43621E-15     1579.53  0
 1.83610E-02   6.52828E-05   1.30393E-05   7.84417E-05   1.83986E-15     1577.07  0
 1.83810E-02   5.06891E-05   1.02404E-05   6.17771E-05   3.69610E-16     1573.88  0
 1.84010E-02   3.19685E-05   7.91973E-06   4.06777E-05   0.00000E+00     1570.03  0
 1.84210E-02   0.00000E+00   0.00000E+00   0.00000E+00   0.00000E+00     1559.56  0
 1.84410E-02   0.00000E+00   0.00000E+00   0.00000E+00   0.00000E+00     1533.85  0
 1.84610E-02   0.00000E+00   0.00000E+00   0.00000E+00   0.00000E+00     1517.19  0
 1.84810E-02   0.00000E+00   0.00000E+00   0.00000E+00   0.00000E+00     1504.60  0
 1.85010E-02   0.00000E+00   0.00000E+00   0.00000E+00   0.00000E+00     1493.61  0
 1.85210E-02   0.00000E+00   0.00000E+00   0.00000E+00   0.00000E+00     1483.72  0
 1.85410E-02   0.00000E+00   0.00000E+00   0.00000E+00   0.00000E+00     1475.06  0
 1.85610E-02   0.00000E+00   0.00000E+00   0.00000E+00   0.00000E+00     1466.89  0
 1.85810E-02   0.00000E+00   0.00000E+00   0.00000E+00   0.00000E+00     1459.12  0
 1.86010E-02   0.00000E+00   0.00000E+00   0.00000E+00   0.00000E+00     1451.80  0
 1.86210E-02   0.00000E+00   0.00000E+00   0.00000E+00   0.00000E+00     1445.04  0
 1.86410E-02   0.00000E+00   0.00000E+00   0.00000E+00   0.00000E+00     1438.49  0
 1.86610E-02   0.00000E+00   0.00000E+00   0.00000E+00   0.00000E+00     1432.14  0
 1.86810E-02   0.00000E+00   0.00000E+00   0.00000E+00   0.00000E+00     1425.97  0
 1.87010E-02   0.00000E+00   0.00000E+00   0.00000E+00   0.00000E+00     1420.11  0
 1.87210E-02   0.00000E+00   0.00000E+00   0.00000E+00   0.00000E+00     1414.49  0
 1.87410E-02   0.00000E+00   0.00000E+00   0.00000E+00   0.00000E+00     1408.98  0
 1.87610E-02   0.00000E+00   0.00000E+00   0.00000E+00   0.00000E+00     1403.59  0
 1.87810E-02   0.00000E+00   0.00000E+00   0.00000E+00   0.00000E+00     1398.31  0
 1.88010E-02   0.00000E+00   0.00000E+00   0.00000E+00   0.00000E+00     1393.25  0
 1.88210E-02   0.00000E+00   0.00000E+00   0.00000E+00   0.00000E+00     1388.35  0
 1.88410E-02   0.00000E+00   0.00000E+00   0.00000E+00   0.00000E+00     1383.53  0
 1.88610E-02   0.00000E+00   0.00000E+00   0.00000E+00   0.00000E+00     1378.78  0
 1.88810E-02   0.00000E+00   0.00000E+00   0.00000E+00   0.00000E+00     1374.11  0
 1.89010E-02   0.00000E+00   0.00000E+00   0.00000E+00   0.00000E+00     1369.54  0
 1.89210E-02   0.00000E+00   0.00000E+00   0.00000E+00   0.00000E+00     1365.16  0
 1.89410E-02   0.00000E+00   0.00000E+00   0.00000E+00   0.00000E+00     1360.85  0
 1.89610E-02   0.00000E+00   0.00000E+00   0.00000E+00   0.00000E+00     1356.62  0
 1.89810E-02   0.00000E+00   0.00000E+00   0.00000E+00   0.00000E+00     1352.45  0
 1.90010E-02   0.00000E+00   0.00000E+00   0.00000E+00   0.00000E+00     1348.32  0
 1.90210E-02   0.00000E+00   0.00000E+00   0.00000E+00   0.00000E+00     1344.25  0
 1.90409E-02   0.00000E+00   0.00000E+00   0.00000E+00   0.00000E+00     1340.34  0
 1.90609E-02   0.00000E+00   0.00000E+00   0.00000E+00   0.00000E+00     1336.48  0
 1.90809E-02   0.00000E+00   0.00000E+00   0.00000E+00   0.00000E+00     1332.68  0
 1.91009E-02   0.00000E+00   0.00000E+00   0.00000E+00   0.00000E+00     1328.91  0
 1.91209E-02   0.00000E+00   0.00000E+00   0.00000E+00   0.00000E+00     1325.18  0
 1.91409E-02   0.00000E+00   0.00000E+00   0.00000E+00   0.00000E+00     1321.50  0
 1.91609E-02   0.00000E+00   0.00000E+00   0.00000E+00   0.00000E+00     1317.85  0
 1.91809E-02   0.00000E+00   0.00000E+00   0.00000E+00   0.00000E+00     1314.35  0
 1.92009E-02   0.00000E+00   0.00000E+00   0.00000E+00   0.00000E+00     1310.89  0
 1.92209E-02   0.00000E+00   0.00000E+00   0.00000E+00   0.00000E+00     1307.46  0
 1.92409E-02   0.00000E+00   0.00000E+00   0.00000E+00   0.00000E+00     1304.06  0
 1.92609E-02   0.00000E+00   0.00000E+00   0.00000E+00   0.00000E+00     1300.69  0
 1.92809E-02   0.00000E+00   0.00000E+00   0.00000E+00   0.00000E+00     1297.36  0
 1.93009E-02   0.00000E+00   0.00000E+00   0.00000E+00   0.00000E+00     1294.05  0
 1.93209E-02   0.00000E+00   0.00000E+00   0.00000E+00   0.00000E+00     1290.84  0
 1.93409E-02   0.00000E+00   0.00000E+00   0.00000E+00   0.00000E+00     1287.69  0
 1.93609E-02   0.00000E+00   0.00000E+00   0.00000E+00   0.00000E+00     1284.56  0
 1.93809E-02   0.00000E+00   0.00000E+00   0.00000E+00   0.00000E+00     1281.47  0
 1.94009E-02   0.00000E+00   0.00000E+00   0.00000E+00   0.00000E+00     1278.42  0
 1.94209E-02   0.00000E+00   0.00000E+00   0.00000E+00   0.00000E+00     1275.40  0
 1.94409E-02   0.00000E+00   0.00000E+00   0.00000E+00   0.00000E+00     1272.40  0
 1.94609E-02   0.00000E+00   0.00000E+00   0.00000E+00   0.00000E+00     1269.42  0
 1.94809E-02   0.00000E+00   0.00000E+00   0.00000E+00   0.00000E+00     1266.52  0
 1.95009E-02   0.00000E+00   0.00000E+00   0.00000E+00   0.00000E+00     1263.67  0
 1.95209E-02   0.00000E+00   0.00000E+00   0.00000E+00   0.00000E+00     1260.83  0
 1.95409E-02   0.00000E+00   0.00000E+00   0.00000E+00   0.00000E+00     1258.02  0
 1.95609E-02   0.00000E+00   0.00000E+00   0.00000E+00   0.00000E+00     1255.23  0
 1.95809E-02   0.00000E+00   0.00000E+00   0.00000E+00   0.00000E+00     1252.46  0
 1.96009E-02   0.00000E+00   0.00000E+00   0.00000E+00   0.00000E+00     1249.71  0
 1.96209E-02   0.00000E+00   0.00000E+00   0.00000E+00   0.00000E+00     1246.99  0
 1.96409E-02   0.00000E+00   0.00000E+00   0.00000E+00   0.00000E+00     1244.29  0
 1.96609E-02   0.00000E+00   0.00000E+00   0.00000E+00   0.00000E+00     1241.67  0
 1.96809E-02   0.00000E+00   0.00000E+00   0.00000E+00   0.00000E+00     1239.07  0
 1.97009E-02   0.00000E+00   0.00000E+00   0.00000E+00   0.00000E+00     1236.48  0
 1.97209E-02   0.00000E+00   0.00000E+00   0.00000E+00   0.00000E+00     1233.92  0
 1.97409E-02   0.00000E+00   0.00000E+00   0.00000E+00   0.00000E+00     1231.37  0
 1.97609E-02   0.00000E+00   0.00000E+00   0.00000E+00   0.00000E+00     1228.84  0
 1.97809E-02   0.00000E+00   0.00000E+00   0.00000E+00   0.00000E+00     1226.32  0
 1.98009E-02   0.00000E+00   0.00000E+00   0.00000E+00   0.00000E+00     1223.82  0
 1.98209E-02   0.00000E+00   0.00000E+00   0.00000E+00   0.00000E+00     1221.35  0
 1.98409E-02   0.00000E+00   0.00000E+00   0.00000E+00   0.00000E+00     1218.95  0
 1.98609E-02   0.00000E+00   0.00000E+00   0.00000E+00   0.00000E+00     1216.56  0
 1.98809E-02   0.00000E+00   0.00000E+00   0.00000E+00   0.00000E+00     1214.18  0
 1.99009E-02   0.00000E+00   0.00000E+00   0.00000E+00   0.00000E+00     1211.83  0
 1.99209E-02   0.00000E+00   0.00000E+00   0.00000E+00   0.00000E+00     1209.50  0
 1.99409E-02   0.00000E+00   0.00000E+00   0.00000E+00   0.00000E+00     1207.19  0
 1.99609E-02   0.00000E+00   0.00000E+00   0.00000E+00   0.00000E+00     1204.89  0
 1.99809E-02   0.00000E+00   0.00000E+00   0.00000E+00   0.00000E+00     1202.61  0
 2.00009E-02   0.00000E+00   0.00000E+00   0.00000E+00   0.00000E+00     1200.33  0
 2.00209E-02   0.00000E+00   0.00000E+00   0.00000E+00   0.00000E+00     1198.07  0
 2.00409E-02   0.00000E+00   0.00000E+00   0.00000E+00   0.00000E+00     1195.88  0
 2.00609E-02   0.00000E+00   0.00000E+00   0.00000E+00   0.00000E+00     1193.70  0
 2.00809E-02   0.00000E+00   0.00000E+00   0.00000E+00   0.00000E+00     1191.54  0
 2.01009E-02   0.00000E+00   0.00000E+00   0.00000E+00   0.00000E+00     1189.38  0
 2.01209E-02   0.00000E+00   0.00000E+00   0.00000E+00   0.00000E+00     1187.24  0
 2.01409E-02   0.00000E+00   0.00000E+00   0.00000E+00   0.00000E+00     1185.11  0
 2.01609E-02   0.00000E+00   0.00000E+00   0.00000E+00   0.00000E+00     1182.99  0
 2.01809E-02   0.00000E+00   0.00000E+00   0.00000E+00   0.00000E+00     1180.89  0
 2.02009E-02   0.00000E+00   0.00000E+00   0.00000E+00   0.00000E+00     1178.79  0
 2.02209E-02   0.00000E+00   0.00000E+00   0.00000E+00   0.00000E+00     1176.71  0
 2.02409E-02   0.00000E+00   0.00000E+00   0.00000E+00   0.00000E+00     1174.64  0
 2.02609E-02   0.00000E+00   0.00000E+00   0.00000E+00   0.00000E+00     1172.62  0
 2.02809E-02   0.00000E+00   0.00000E+00   0.00000E+00   0.00000E+00     1170.62  0
 2.03009E-02   0.00000E+00   0.00000E+00   0.00000E+00   0.00000E+00     1168.63  0
 2.03209E-02   0.00000E+00   0.00000E+00   0.00000E+00   0.00000E+00     1166.65  0
 2.03409E-02   0.00000E+00   0.00000E+00   0.00000E+00   0.00000E+00     1164.69  0
 2.03609E-02   0.00000E+00   0.00000E+00   0.00000E+00   0.00000E+00     1162.73  0
 2.03809E-02   0.00000E+00   0.00000E+00   0.00000E+00   0.00000E+00     1160.78  0
 2.04009E-02   0.00000E+00   0.00000E+00   0.00000E+00   0.00000E+00     1158.85  0
 2.04209E-02   0.00000E+00   0.00000E+00   0.00000E+00   0.00000E+00     1156.92  0
 2.04409E-02   0.00000E+00   0.00000E+00   0.00000E+00   0.00000E+00     1155.00  0
 2.04609E-02   0.00000E+00   0.00000E+00   0.00000E+00   0.00000E+00     1153.09  0
 2.04809E-02   0.00000E+00   0.00000E+00   0.00000E+00   0.00000E+00     1151.20  0
 2.05009E-02   0.00000E+00   0.00000E+00   0.00000E+00   0.00000E+00     1149.34  0
 2.05209E-02   0.00000E+00   0.00000E+00   0.00000E+00   0.00000E+00     1147.50  0
 2.05409E-02   0.00000E+00   0.00000E+00   0.00000E+00   0.00000E+00     1145.69  0
 2.05609E-02   0.00000E+00   0.00000E+00   0.00000E+00   0.00000E+00     1143.89  0
 2.05809E-02   0.00000E+00   0.00000E+00   0.00000E+00   0.00000E+00     1142.10  0
 2.06009E-02   0.00000E+00   0.00000E+00   0.00000E+00   0.00000E+00     1140.31  0
 2.06209E-02   0.00000E+00   0.00000E+00   0.00000E+00   0.00000E+00     1138.54  0
 2.06409E-02   0.00000E+00   0.00000E+00   0.00000E+00   0.00000E+00     1136.77  0
 2.06609E-02   0.00000E+00   0.00000E+00   0.00000E+00   0.00000E+00     1135.00  0
 2.06809E-02   0.00000E+00   0.00000E+00   0.00000E+00   0.00000E+00     1133.25  0
 2.07009E-02   0.00000E+00   0.00000E+00   0.00000E+00   0.00000E+00     1131.51  0
 2.07209E-02   0.00000E+00   0.00000E+00   0.00000E+00   0.00000E+00     1129.77  0
 2.07409E-02   0.00000E+00   0.00000E+00   0.00000E+00   0.00000E+00     1128.04  0
 2.07609E-02   0.00000E+00   0.00000E+00   0.00000E+00   0.00000E+00     1126.32  0
 2.07809E-02   0.00000E+00   0.00000E+00   0.00000E+00   0.00000E+00     1124.64  0
 2.08009E-02   0.00000E+00   0.00000E+00   0.00000E+00   0.00000E+00     1122.97  0
 2.08209E-02   0.00000E+00   0.00000E+00   0.00000E+00   0.00000E+00     1121.31  0
 2.08409E-02   0.00000E+00   0.00000E+00   0.00000E+00   0.00000E+00     1119.66  0
 2.08609E-02   0.00000E+00   0.00000E+00   0.00000E+00   0.00000E+00     1118.02  0
 2.08809E-02   0.00000E+00   0.00000E+00   0.00000E+00   0.00000E+00     1116.38  0
 2.09009E-02   0.00000E+00   0.00000E+00   0.00000E+00   0.00000E+00     1114.75  0
 2.09209E-02   0.00000E+00   0.00000E+00   0.00000E+00   0.00000E+00     1113.13  0
 2.09409E-02   0.00000E+00   0.00000E+00   0.00000E+00   0.00000E+00     1111.52  0
 2.09609E-02   0.00000E+00   0.00000E+00   0.00000E+00   0.00000E+00     1109.91  0
 2.09809E-02   0.00000E+00   0.00000E+00   0.00000E+00   0.00000E+00     1108.31  0
 2.10009E-02   0.00000E+00   0.00000E+00   0.00000E+00   0.00000E+00     1106.72  0
 2.10209E-02   0.00000E+00   0.00000E+00   0.00000E+00   0.00000E+00     1105.13  0
 2.10409E-02   0.00000E+00   0.00000E+00   0.00000E+00   0.00000E+00     1103.55  0
 2.10609E-02   0.00000E+00   0.00000E+00   0.00000E+00   0.00000E+00     1101.98  0
 2.10809E-02   0.00000E+00   0.00000E+00   0.00000E+00   0.00000E+00     1100.43  0
 2.11009E-02   0.00000E+00   0.00000E+00   0.00000E+00   0.00000E+00     1098.91  0
 2.11209E-02   0.00000E+00   0.00000E+00   0.00000E+00   0.00000E+00     1097.39  0
 2.11409E-02   0.00000E+00   0.00000E+00   0.00000E+00   0.00000E+00     1095.88  0
 2.11609E-02   0.00000E+00   0.00000E+00   0.00000E+00   0.00000E+00     1094.38  0
 2.11809E-02   0.00000E+00   0.00000E+00   0.00000E+00   0.00000E+00     1092.88  0
 2.12009E-02   0.00000E+00   0.00000E+00   0.00000E+00   0.00000E+00     1091.39  0
 2.12209E-02   0.00000E+00   0.00000E+00   0.00000E+00   0.00000E+00     1089.90  0
 2.12409E-02   0.00000E+00   0.00000E+00   0.00000E+00   0.00000E+00     1088.43  0
 2.12609E-02   0.00000E+00   0.00000E+00   0.00000E+00   0.00000E+00     1086.95  0
 2.12809E-02   0.00000E+00   0.00000E+00   0.00000E+00   0.00000E+00     1085.50  0
 2.13009E-02   0.00000E+00   0.00000E+00   0.00000E+00   0.00000E+00     1084.05  0
 2.13209E-02   0.00000E+00   0.00000E+00   0.00000E+00   0.00000E+00     1082.61  0
 2.13409E-02   0.00000E+00   0.00000E+00   0.00000E+00   0.00000E+00     1081.17  0
 2.13609E-02   0.00000E+00   0.00000E+00   0.00000E+00   0.00000E+00     1079.74  0
 2.13809E-02   0.00000E+00   0.00000E+00   0.00000E+00   0.00000E+00     1078.31  0
 2.14009E-02   0.00000E+00   0.00000E+00   0.00000E+00   0.00000E+00     1076.89  0
 2.14209E-02   0.00000E+00   0.00000E+00   0.00000E+00   0.00000E+00     1075.48  0
 2.14409E-02   0.00000E+00   0.00000E+00   0.00000E+00   0.00000E+00     1074.10  0
 2.14609E-02   0.00000E+00   0.00000E+00   0.00000E+00   0.00000E+00     1072.72  0
 2.14809E-02   0.00000E+00   0.00000E+00   0.00000E+00   0.00000E+00     1071.35  0
 2.15009E-02   0.00000E+00   0.00000E+00   0.00000E+00   0.00000E+00     1069.99  0
 2.15209E-02   0.00000E+00   0.00000E+00   0.00000E+00   0.00000E+00     1068.63  0
 2.15409E-02   0.00000E+00   0.00000E+00   0.00000E+00   0.00000E+00     1067.27  0
 2.15609E-02   0.00000E+00   0.00000E+00   0.00000E+00   0.00000E+00     1065.93  0
 2.15809E-02   0.00000E+00   0.00000E+00   0.00000E+00   0.00000E+00     1064.58  0
 2.16008E-02   0.00000E+00   0.00000E+00   0.00000E+00   0.00000E+00     1063.24  0
 2.16208E-02   0.00000E+00   0.00000E+00   0.00000E+00   0.00000E+00     1061.91  0
 2.16408E-02   0.00000E+00   0.00000E+00   0.00000E+00   0.00000E+00     1060.58  0
 2.16608E-02   0.00000E+00   0.00000E+00   0.00000E+00   0.00000E+00     1059.25  0
 2.16808E-02   0.00000E+00   0.00000E+00   0.00000E+00   0.00000E+00     1057.94  0
 2.17008E-02   0.00000E+00   0.00000E+00   0.00000E+00   0.00000E+00     1056.62  0
 2.17208E-02   0.00000E+00   0.00000E+00   0.00000E+00   0.00000E+00     1055.31  0
 2.17408E-02   0.00000E+00   0.00000E+00   0.00000E+00   0.00000E+00     1054.01  0
 2.17608E-02   0.00000E+00   0.00000E+00   0.00000E+00   0.00000E+00     1052.71  0
 2.17808E-02   0.00000E+00   0.00000E+00   0.00000E+00   0.00000E+00     1051.41  0
 2.18008E-02   0.00000E+00   0.00000E+00   0.00000E+00   0.00000E+00     1050.13  0
 2.18208E-02   0.00000E+00   0.00000E+00   0.00000E+00   0.00000E+00     1048.87  0
 2.18408E-02   0.00000E+00   0.00000E+00   0.00000E+00   0.00000E+00     1047.62  0
 2.18608E-02   0.00000E+00   0.00000E+00   0.00000E+00   0.00000E+00     1046.37  0
 2.18808E-02   0.00000E+00   0.00000E+00   0.00000E+00   0.00000E+00     1045.13  0
 2.19008E-02   0.00000E+00   0.00000E+00   0.00000E+00   0.00000E+00     1043.89  0
 2.19208E-02   0.00000E+00   0.00000E+00   0.00000E+00   0.00000E+00     1042.65  0
 2.19408E-02   0.00000E+00   0.00000E+00   0.00000E+00   0.00000E+00     1041.42  0
 2.19608E-02   0.00000E+00   0.00000E+00   0.00000E+00   0.00000E+00     1040.19  0
 2.19808E-02   0.00000E+00   0.00000E+00   0.00000E+00   0.00000E+00     1038.97  0
 2.20008E-02   0.00000E+00   0.00000E+00   0.00000E+00   0.00000E+00     1037.75  0
 2.20208E-02   0.00000E+00   0.00000E+00   0.00000E+00   0.00000E+00     1036.54  0
 2.20408E-02   0.00000E+00   0.00000E+00   0.00000E+00   0.00000E+00     1035.33  0
 2.20608E-02   0.00000E+00   0.00000E+00   0.00000E+00   0.00000E+00     1034.13  0
 2.20808E-02   0.00000E+00   0.00000E+00   0.00000E+00   0.00000E+00     1032.93  0
 2.21008E-02   0.00000E+00   0.00000E+00   0.00000E+00   0.00000E+00     1031.73  0
 2.21208E-02   0.00000E+00   0.00000E+00   0.00000E+00   0.00000E+00     1030.54  0
 2.21408E-02   0.00000E+00   0.00000E+00   0.00000E+00   0.00000E+00     1029.35  0
 2.21608E-02   0.00000E+00   0.00000E+00   0.00000E+00   0.00000E+00     1028.18  0
 2.21808E-02   0.00000E+00   0.00000E+00   0.00000E+00   0.00000E+00     1027.01  0
 2.22008E-02   0.00000E+00   0.00000E+00   0.00000E+00   0.00000E+00     1025.85  0
 2.22208E-02   0.00000E+00   0.00000E+00   0.00000E+00   0.00000E+00     1024.68  0
 2.22408E-02   0.00000E+00   0.00000E+00   0.00000E+00   0.00000E+00     1023.54  0
 2.22608E-02   0.00000E+00   0.00000E+00   0.00000E+00   0.00000E+00     1022.40  0
 2.22808E-02   0.00000E+00   0.00000E+00   0.00000E+00   0.00000E+00     1021.28  0
 2.23008E-02   0.00000E+00   0.00000E+00   0.00000E+00   0.00000E+00     1020.15  0
 2.23208E-02   0.00000E+00   0.00000E+00   0.00000E+00   0.00000E+00     1019.03  0
 2.23408E-02   0.00000E+00   0.00000E+00   0.00000E+00   0.00000E+00     1017.91  0
 2.23608E-02   0.00000E+00   0.00000E+00   0.00000E+00   0.00000E+00     1016.80  0
 2.23808E-02   0.00000E+00   0.00000E+00   0.00000E+00   0.00000E+00     1015.69  0
 2.24008E-02   0.00000E+00   0.00000E+00   0.00000E+00   0.00000E+00     1014.58  0
 2.24208E-02   0.00000E+00   0.00000E+00   0.00000E+00   0.00000E+00     1013.48  0
 2.24408E-02   0.00000E+00   0.00000E+00   0.00000E+00   0.00000E+00     1012.38  0
