# Melt Pool Geometry History
# time(s)  length(m)  depth(m)  width(m)  volume(m3)  Tpeak(K)  laser_on
 2.10000E-05   0.00000E+00   0.00000E+00   0.00000E+00   9.42425E-14      293.00  1
 4.10000E-05   4.41638E-05   1.04078E-04   4.32704E-05   2.33800E-13     1945.66  1
 6.10000E-05   7.99978E-05   1.08057E-04   5.19902E-05   3.55693E-13     2521.94  1
 8.10000E-05   1.13196E-04   1.08408E-04   5.54116E-05   4.77789E-13     2587.06  1
 1.01000E-04   1.43640E-04   1.08432E-04   5.58285E-05   5.93881E-13     2572.18  1
 1.21000E-04   1.73874E-04   1.08373E-04   5.60962E-05   7.07940E-13     2568.40  1
 1.41000E-04   2.04556E-04   1.08272E-04   5.61015E-05   8.10748E-13     2563.71  1
 1.61000E-04   2.36522E-04   1.08246E-04   5.60482E-05   7.65016E-13     2558.05  0
 1.81000E-04   2.38472E-04   1.04250E-04   5.55780E-05   7.12208E-13     2213.61  0
 2.01000E-04   2.36000E-04   9.66872E-05   5.47732E-05   5.74290E-13     2052.23  0
 2.21000E-04   2.36642E-04   9.07867E-05   6.07301E-05   5.31279E-13     1932.39  0
 2.41000E-04   2.35840E-04   8.26446E-05   6.12180E-05   4.89964E-13     1850.05  0
 2.61000E-04   2.35128E-04   7.29967E-05   6.08831E-05   4.51478E-13     1794.68  0
 2.81000E-04   2.34477E-04   6.43148E-05   6.01867E-05   4.14282E-13     1751.68  0
 3.01000E-04   2.33919E-04   5.79442E-05   5.92797E-05   3.78359E-13     1717.26  0
 3.21000E-04   2.33570E-04   5.27815E-05   5.82707E-05   3.43108E-13     1689.20  0
 3.41000E-04   2.33358E-04   4.80640E-05   5.72449E-05   3.08201E-13     1666.32  0
 3.61000E-04   2.33131E-04   4.38619E-05   5.63269E-05   2.74009E-13     1648.52  0
 3.81000E-04   2.32878E-04   4.03942E-05   5.56824E-05   2.40977E-13     1635.78  0
 4.01000E-04   2.32577E-04   3.77978E-05   5.52716E-05   2.09323E-13     1627.25  0
 4.21000E-04   2.32198E-04   3.42268E-05   5.50881E-05   1.79638E-13     1623.07  0
 4.41000E-04   2.31612E-04   3.21899E-05   5.49179E-05   1.52163E-13     1622.15  0
 4.61000E-04   2.16197E-04   2.90399E-05   5.47469E-05   1.27028E-13     1620.93  0
 4.81000E-04   2.04350E-04   2.73482E-05   5.45658E-05   1.03705E-13     1619.32  0
 5.01000E-04   1.94596E-04   2.42756E-05   5.43645E-05   8.23040E-14     1617.28  0
 5.21000E-04   1.85941E-04   2.27936E-05   5.41289E-05   6.28981E-14     1614.78  0
 5.41000E-04   1.78641E-04   1.98773E-05   5.38474E-05   4.57374E-14     1611.71  0
 5.61000E-04   1.63580E-04   1.82738E-05   5.35057E-05   3.14552E-14     1608.05  0
 5.81000E-04   1.41120E-04   1.58275E-05   5.30714E-05   1.95931E-14     1603.68  0
 6.01000E-04   1.14382E-04   1.35302E-05   4.55120E-05   7.67973E-15     1597.59  0
 6.21000E-04   9.12925E-05   1.09756E-05   4.61468E-05   2.04425E-15     1590.98  0
 6.41000E-04   6.35495E-05   8.24040E-06   3.43398E-05   2.32556E-17     1582.20  0
 6.61000E-04   1.89396E-05   3.06196E-06   1.00511E-05   7.64461E-14     1565.79  1
 6.81000E-04   4.42564E-05   1.02864E-04   4.56684E-05   2.34318E-13     1824.43  1
 7.01000E-04   7.74226E-05   1.07772E-04   5.49505E-05   3.74200E-13     2413.84  1
 7.21000E-04   1.10906E-04   1.07996E-04   5.87304E-05   5.06260E-13     2479.46  1
 7.41000E-04   1.42609E-04   1.08044E-04   5.99662E-05   6.36760E-13     2547.30  1
 7.61000E-04   1.75469E-04   1.08184E-04   6.10104E-05   7.63463E-13     2525.43  1
 7.81000E-04   2.05935E-04   1.08326E-04   6.15793E-05   8.82322E-13     2520.79  1
 8.01000E-04   2.36757E-04   1.08103E-04   6.15923E-05   9.82608E-13     2507.29  1
 8.21000E-04   2.71317E-04   1.08460E-04   6.24651E-05   1.09163E-12     2527.04  1
 8.41000E-04   3.04046E-04   1.08414E-04   6.28411E-05   1.18667E-12     2532.72  1
 8.61000E-04   3.34991E-04   1.08289E-04   6.30915E-05   1.27262E-12     2614.35  1
 8.81000E-04   3.66360E-04   1.08157E-04   6.32871E-05   1.35509E-12     2583.04  1
 9.01000E-04   3.98516E-04   1.07989E-04   6.35176E-05   1.43054E-12     2528.50  1
 9.21000E-04   4.31451E-04   1.07970E-04   6.36314E-05   1.51005E-12     2509.59  1
 9.41000E-04   4.63656E-04   1.07942E-04   6.37267E-05   1.57126E-12     2475.32  1
 9.61000E-04   4.94320E-04   1.07900E-04   6.37895E-05   1.46456E-12     2552.80  0
 9.81000E-04   4.94048E-04   1.02834E-04   6.37686E-05   1.35611E-12     2176.46  0
 1.00100E-03   4.93360E-04   9.75127E-05   6.31239E-05   1.23036E-12     2019.76  0
 1.02100E-03   4.90824E-04   9.05538E-05   6.36192E-05   1.14373E-12     1905.35  0
 1.04100E-03   4.84027E-04   8.40041E-05   6.47127E-05   1.05235E-12     1818.94  0
 1.06100E-03   4.76506E-04   7.76476E-05   6.48870E-05   9.64181E-13     1757.78  0
 1.08100E-03   4.72214E-04   6.98903E-05   6.46696E-05   8.80466E-13     1714.84  0
 1.10100E-03   4.64450E-04   6.34505E-05   6.43345E-05   8.01013E-13     1684.02  0
 1.12100E-03   4.58274E-04   5.77878E-05   6.40989E-05   7.25125E-13     1661.50  0
 1.14100E-03   4.52507E-04   5.27013E-05   6.39957E-05   6.53444E-13     1645.25  0
 1.16100E-03   4.44355E-04   4.79690E-05   6.40604E-05   5.85619E-13     1633.75  0
 1.18100E-03   4.37207E-04   4.36779E-05   6.41121E-05   5.21719E-13     1626.47  0
 1.20100E-03   4.30294E-04   3.93097E-05   6.09594E-05   4.16518E-13     1622.93  0
 1.22100E-03   4.21990E-04   3.68388E-05   6.73130E-05   3.52670E-13     1622.12  0
 1.24100E-03   4.12745E-04   3.37579E-05   6.82404E-05   2.97401E-13     1620.98  0
 1.26100E-03   4.03027E-04   3.14033E-05   6.87230E-05   2.47723E-13     1619.50  0
 1.28100E-03   3.84632E-04   2.88665E-05   6.87595E-05   2.03579E-13     1617.67  0
 1.30100E-03   3.65780E-04   2.69998E-05   6.83592E-05   1.64126E-13     1615.50  0
 1.32100E-03   3.46659E-04   2.42516E-05   6.76033E-05   1.28662E-13     1612.96  0
 1.34100E-03   3.27321E-04   2.27844E-05   6.65890E-05   9.77884E-14     1610.04  0
 1.36100E-03   3.07549E-04   1.99813E-05   6.51475E-05   7.05997E-14     1606.76  0
 1.38100E-03   2.87623E-04   1.83783E-05   6.32515E-05   4.81596E-14     1603.06  0
 1.40100E-03   2.59729E-04   1.57697E-05   5.58542E-05   2.69079E-14     1598.22  0
 1.42100E-03   2.32164E-04   1.37510E-05   5.73200E-05   1.32857E-14     1593.42  0
 1.44100E-03   1.99220E-04   1.17003E-05   4.56187E-05   4.38342E-15     1587.86  0
 1.46100E-03   1.53832E-04   8.73266E-06   3.37635E-05   7.73695E-14     1580.78  1
 1.48100E-03   4.29053E-05   1.03149E-04   4.72949E-05   2.26050E-13     1829.96  1
 1.50100E-03   7.89613E-05   1.07783E-04   5.48147E-05   3.76812E-13     2325.81  1
 1.52100E-03   1.12292E-04   1.08085E-04   5.85721E-05   5.15222E-13     2443.83  1
 1.54100E-03   1.42642E-04   1.08223E-04   5.99285E-05   6.40114E-13     2460.79  1
 1.56100E-03   1.73240E-04   1.08312E-04   6.08915E-05   7.69813E-13     2459.40  1
 1.58100E-03   2.04999E-04   1.08356E-04   6.14853E-05   8.89854E-13     2462.24  1
 1.60100E-03   2.37853E-04   1.08344E-04   6.18931E-05   1.00507E-12     2488.35  1
 1.62100E-03   2.71944E-04   1.08632E-04   6.24208E-05   1.11756E-12     2482.21  1
 1.64100E-03   3.03228E-04   1.08712E-04   6.27579E-05   1.21704E-12     2505.68  1
 1.66100E-03   3.32416E-04   1.08743E-04   6.30362E-05   1.32085E-12     2519.23  1
 1.68100E-03   3.63346E-04   1.08724E-04   6.32689E-05   1.41866E-12     2470.76  1
 1.70100E-03   3.97025E-04   1.08667E-04   6.34800E-05   1.51452E-12     2500.62  1
 1.72100E-03   4.31352E-04   1.08780E-04   6.37108E-05   1.60145E-12     2494.18  1
 1.74100E-03   4.62714E-04   1.08792E-04   6.39755E-05   1.68020E-12     2519.29  1
 1.76100E-03   4.92026E-04   1.08732E-04   6.41568E-05   1.75758E-12     2499.05  1
 1.78100E-03   5.23039E-04   1.08577E-04   6.42901E-05   1.82669E-12     2469.70  1
 1.80100E-03   5.56456E-04   1.08359E-04   6.43767E-05   1.89323E-12     2501.44  1
 1.82100E-03   5.91159E-04   1.08300E-04   6.44487E-05   1.95394E-12     2484.33  1
 1.84100E-03   6.21165E-04   1.08214E-04   6.45646E-05   1.99702E-12     2485.71  1
 1.86100E-03   6.51288E-04   1.08094E-04   6.46758E-05   2.04086E-12     2469.89  1
 1.88100E-03   6.82074E-04   1.07966E-04   6.47570E-05   2.07747E-12     2433.68  1
 1.90100E-03   7.14676E-04   1.07825E-04   6.47719E-05   1.95124E-12     2464.38  0
 1.92100E-03   7.15657E-04   1.03028E-04   6.47119E-05   1.81692E-12     2160.32  0
 1.94100E-03   7.06211E-04   9.77441E-05   6.46131E-05   1.69229E-12     2019.37  0
 1.96100E-03   6.96290E-04   9.14115E-05   6.44223E-05   1.57807E-12     1938.12  0
 1.98100E-03   6.86839E-04   8.46165E-05   6.41243E-05   1.47349E-12     1879.49  0
 2.00100E-03   6.77405E-04   7.79882E-05   6.22105E-05   1.32258E-12     1831.39  0
 2.02100E-03   6.68180E-04   7.13066E-05   6.43671E-05   1.21497E-12     1776.07  0
 2.04100E-03   6.60060E-04   6.47687E-05   6.48866E-05   1.10914E-12     1728.37  0
 2.06100E-03   6.52713E-04   5.91769E-05   6.49421E-05   1.00754E-12     1693.75  0
 2.08100E-03   6.43373E-04   5.43757E-05   6.48125E-05   9.10161E-13     1668.12  0
 2.10100E-03   6.34259E-04   5.01916E-05   6.46837E-05   8.17897E-13     1649.74  0
 2.12100E-03   6.25332E-04   4.69526E-05   6.47359E-05   7.29948E-13     1636.74  0
 2.14100E-03   6.16420E-04   4.32525E-05   6.47708E-05   6.48311E-13     1628.42  0
 2.16100E-03   6.07330E-04   3.96802E-05   6.47890E-05   5.71556E-13     1623.87  0
 2.18100E-03   5.97483E-04   3.77559E-05   6.47910E-05   5.00305E-13     1622.62  0
 2.20100E-03   5.81509E-04   3.41447E-05   6.23587E-05   4.01946E-13     1621.59  0
 2.22100E-03   5.68872E-04   3.25104E-05   6.46845E-05   3.35904E-13     1620.16  0
 2.24100E-03   5.46405E-04   2.93856E-05   6.49904E-05   2.77709E-13     1618.33  0
 2.26100E-03   5.24633E-04   2.78880E-05   6.48486E-05   2.26371E-13     1616.16  0
 2.28100E-03   5.00680E-04   2.51497E-05   6.42841E-05   1.80672E-13     1613.67  0
 2.30100E-03   4.78828E-04   2.34629E-05   6.28471E-05   1.40462E-13     1610.90  0
 2.32100E-03   4.50303E-04   2.13837E-05   5.91492E-05   1.05408E-13     1607.84  0
 2.34100E-03   4.17078E-04   1.91350E-05   5.63943E-05   7.50369E-14     1604.44  0
 2.36100E-03   3.84227E-04   1.77553E-05   5.43909E-05   5.00775E-14     1600.67  0
 2.38100E-03   3.46726E-04   1.49618E-05   5.18248E-05   2.99049E-14     1596.40  0
 2.40100E-03   3.03307E-04   1.30871E-05   4.28052E-05   8.55587E-14     1590.71  1
 2.42100E-03   4.05574E-05   1.03143E-04   5.03536E-05   2.33766E-13     1830.59  1
 2.44100E-03   7.58576E-05   1.07621E-04   5.46020E-05   3.75361E-13     2324.61  1
 2.46100E-03   1.10212E-04   1.07938E-04   5.87527E-05   5.11615E-13     2494.57  1
 2.48100E-03   1.43280E-04   1.08160E-04   6.00367E-05   6.49104E-13     2514.94  1
 2.50100E-03   1.75807E-04   1.08309E-04   6.09725E-05   7.68810E-13     2494.70  1
 2.52100E-03   2.06812E-04   1.08437E-04   6.14990E-05   8.84476E-13     2607.63  1
 2.54100E-03   2.38216E-04   1.08494E-04   6.19729E-05   1.00167E-12     2595.61  1
 2.56100E-03   2.70405E-04   1.08540E-04   6.25957E-05   1.11402E-12     2545.44  1
 2.58100E-03   3.02667E-04   1.08710E-04   6.30534E-05   1.22322E-12     2535.19  1
 2.60100E-03   3.31900E-04   1.08537E-04   6.34313E-05   1.31975E-12     2523.61  1
 2.62100E-03   3.70504E-04   1.08913E-04   6.37018E-05   1.41712E-12     2540.77  1
 2.64100E-03   4.01442E-04   1.08936E-04   6.38996E-05   1.50895E-12     2539.27  1
 2.66100E-03   4.31185E-04   1.08954E-04   6.40513E-05   1.59442E-12     2590.38  1
 2.68100E-03   4.61919E-04   1.08951E-04   6.41419E-05   1.68043E-12     2589.54  1
 2.70100E-03   4.93417E-04   1.08892E-04   6.42620E-05   1.76354E-12     2551.56  1
 2.72100E-03   5.23911E-04   1.08967E-04   6.44882E-05   1.83907E-12     2542.93  1
 2.74100E-03   5.52635E-04   1.09001E-04   6.48439E-05   1.91221E-12     2526.61  1
 2.76100E-03   5.84116E-04   1.08993E-04   6.51598E-05   1.98212E-12     2492.11  1
 2.78100E-03   6.10309E-04   1.08989E-04   6.53949E-05   2.04611E-12     2555.96  1
 2.80100E-03   6.40788E-04   1.08881E-04   6.55188E-05   2.10943E-12     2553.42  1
 2.82100E-03   6.70905E-04   1.08885E-04   6.56371E-05   2.16697E-12     2550.60  1
 2.84100E-03   6.96485E-04   1.08830E-04   6.56790E-05   2.21980E-12     2523.87  1
 2.86100E-03   7.24538E-04   1.08741E-04   6.57807E-05   2.26221E-12     2589.83  1
 2.88100E-03   7.49196E-04   1.08546E-04   6.58227E-05   2.30194E-12     2609.96  1
 2.90100E-03   7.78282E-04   1.08310E-04   6.58049E-05   2.33483E-12     2552.83  1
 2.92100E-03   8.03445E-04   1.08230E-04   6.57747E-05   2.37330E-12     2533.93  1
 2.94100E-03   8.31576E-04   1.08146E-04   6.58456E-05   2.38929E-12     2488.36  1
 2.96100E-03   8.55545E-04   1.08047E-04   6.59178E-05   2.41013E-12     2581.35  1
 2.98100E-03   8.80736E-04   1.07934E-04   6.59125E-05   2.26293E-12     2525.31  0
 3.00100E-03   8.74775E-04   1.02909E-04   6.48601E-05   2.06738E-12     2170.86  0
 3.02100E-03   8.66925E-04   9.77835E-05   6.56931E-05   1.92255E-12     1998.05  0
 3.04100E-03   8.62508E-04   9.20752E-05   6.69456E-05   1.77300E-12     1885.90  0
 3.06100E-03   8.52998E-04   8.50402E-05   6.70730E-05   1.62921E-12     1810.91  0
 3.08100E-03   8.45219E-04   7.87363E-05   6.68357E-05   1.49340E-12     1759.70  0
 3.10100E-03   8.38553E-04   7.26034E-05   6.64355E-05   1.36530E-12     1722.02  0
 3.12100E-03   8.28092E-04   6.53281E-05   6.59635E-05   1.24448E-12     1693.14  0
 3.14100E-03   8.17722E-04   5.92360E-05   6.54872E-05   1.12947E-12     1670.85  0
 3.16100E-03   8.07116E-04   5.39162E-05   6.52998E-05   1.02042E-12     1653.77  0
 3.18100E-03   7.95663E-04   4.93089E-05   6.53554E-05   9.17280E-13     1640.86  0
 3.20100E-03   7.81929E-04   4.48389E-05   6.31030E-05   7.59015E-13     1631.37  0
 3.22100E-03   7.67607E-04   4.23639E-05   6.74844E-05   6.57058E-13     1625.33  0
 3.24100E-03   7.46165E-04   3.87576E-05   6.86562E-05   5.67423E-13     1622.85  0
 3.26100E-03   7.20169E-04   3.61245E-05   6.94795E-05   4.86783E-13     1622.00  0
 3.28100E-03   6.94990E-04   3.35831E-05   6.98642E-05   4.13693E-13     1620.77  0
 3.30100E-03   6.64697E-04   3.11580E-05   6.98623E-05   3.47536E-13     1619.18  0
 3.32100E-03   6.35351E-04   2.87943E-05   6.94643E-05   2.87906E-13     1617.25  0
 3.34100E-03   6.01715E-04   2.69449E-05   6.87581E-05   2.33908E-13     1615.00  0
 3.36100E-03   5.66930E-04   2.42707E-05   6.78386E-05   1.85820E-13     1612.42  0
 3.38100E-03   5.33032E-04   2.28132E-05   6.65129E-05   1.43419E-13     1609.56  0
 3.40100E-03   4.91814E-04   2.00557E-05   6.27962E-05   9.81551E-14     1606.22  0
 3.42100E-03   4.51436E-04   1.84469E-05   6.44734E-05   6.63930E-14     1602.68  0
 3.44100E-03   4.04532E-04   1.63272E-05   6.11823E-05   4.05528E-14     1598.67  0
 3.46100E-03   3.54041E-04   1.40213E-05   5.45737E-05   2.10591E-14     1594.04  0
 3.48100E-03   2.98036E-04   1.25009E-05   5.09223E-05   9.00241E-14     1588.72  1
 3.50099E-03   4.38759E-05   1.03650E-04   4.26225E-05   2.26850E-13     1860.55  1
 3.52099E-03   7.43138E-05   1.07775E-04   5.64612E-05   3.62221E-13     2525.84  1
 3.54099E-03   1.07735E-04   1.08035E-04   5.94198E-05   4.96555E-13     2480.35  1
 3.56099E-03   1.44471E-04   1.08259E-04   6.05759E-05   6.27502E-13     2508.41  1
 3.58099E-03   1.74994E-04   1.08501E-04   6.12646E-05   7.55121E-13     2517.09  1
 3.60099E-03   2.04583E-04   1.08215E-04   6.10993E-05   8.61120E-13     2484.69  1
 3.62099E-03   2.34192E-04   1.08381E-04   6.63091E-05   9.83665E-13     2439.41  1
 3.64099E-03   2.65891E-04   1.08483E-04   6.75010E-05   1.09725E-12     2476.92  1
 3.66099E-03   3.01964E-04   1.08685E-04   6.85218E-05   1.20568E-12     2491.77  1
 3.68099E-03   3.31981E-04   1.08816E-04   6.91550E-05   1.30054E-12     2489.22  1
 3.70099E-03   3.62162E-04   1.08888E-04   6.94715E-05   1.39826E-12     2468.01  1
 3.72099E-03   3.93028E-04   1.08914E-04   6.96755E-05   1.49150E-12     2464.12  1
 3.74099E-03   4.25672E-04   1.08897E-04   6.98277E-05   1.58199E-12     2499.48  1
 3.76099E-03   4.60913E-04   1.08984E-04   6.99637E-05   1.67073E-12     2506.59  1
 3.78099E-03   4.92100E-04   1.09071E-04   7.00603E-05   1.74743E-12     2500.87  1
 3.80099E-03   5.17694E-04   1.08891E-04   7.00430E-05   1.83207E-12     2518.64  1
 3.82099E-03   5.54518E-04   1.09182E-04   7.00741E-05   1.89946E-12     2486.86  1
 3.84099E-03   5.80736E-04   1.09186E-04   7.00622E-05   1.97079E-12     2542.14  1
 3.86099E-03   6.03803E-04   1.09183E-04   7.01926E-05   2.04277E-12     2506.12  1
 3.88099E-03   6.30261E-04   1.09164E-04   7.03690E-05   2.10666E-12     2494.71  1
 3.90099E-03   6.57891E-04   1.09080E-04   7.05425E-05   2.17222E-12     2535.72  1
 3.92099E-03   6.83577E-04   1.09164E-04   7.07218E-05   2.22566E-12     2529.35  1
 3.94099E-03   7.08495E-04   1.09202E-04   7.08826E-05   2.27909E-12     2535.42  1
 3.96099E-03   7.33003E-04   1.09204E-04   7.10152E-05   2.33306E-12     2486.04  1
 3.98099E-03   7.58591E-04   1.09163E-04   7.11890E-05   2.38036E-12     2504.07  1
 4.00099E-03   7.85802E-04   1.09035E-04   7.13324E-05   2.42569E-12     2503.28  1
 4.02099E-03   8.11371E-04   1.09169E-04   7.13997E-05   2.46561E-12     2526.37  1
 4.04099E-03   8.37402E-04   1.09057E-04   7.13980E-05   2.50173E-12     2549.30  1
 4.06099E-03   8.66361E-04   1.08900E-04   7.13919E-05   2.53768E-12     2536.50  1
 4.08099E-03   8.91915E-04   1.08870E-04   7.14111E-05   2.56382E-12     2534.80  1
 4.10099E-03   9.14102E-04   1.08770E-04   7.24417E-05   2.59006E-12     2562.85  1
 4.12099E-03   9.39862E-04   1.08596E-04   7.28923E-05   2.61374E-12     2491.57  1
 4.14099E-03   9.64085E-04   1.08353E-04   7.32145E-05   2.63158E-12     2496.91  1
 4.16100E-03   9.90056E-04   1.08181E-04   7.34485E-05   2.64803E-12     2506.56  1
 4.18100E-03   1.01438E-03   1.08151E-04   7.35239E-05   2.65341E-12     2480.64  1
 4.20100E-03   1.03585E-03   1.08081E-04   7.35885E-05   2.64761E-12     2481.19  1
 4.22100E-03   1.05937E-03   1.07987E-04   7.36921E-05   2.47852E-12     2416.58  0
 4.24100E-03   1.05086E-03   1.03117E-04   7.37795E-05   2.30309E-12     2166.01  0
 4.26100E-03   1.04034E-03   9.78639E-05   7.38549E-05   2.13758E-12     2031.55  0
 4.28100E-03   1.02872E-03   9.22834E-05   7.39223E-05   1.98408E-12     1949.31  0
 4.30100E-03   1.01637E-03   8.52311E-05   7.39790E-05   1.84225E-12     1889.81  0
 4.32100E-03   1.00329E-03   7.87950E-05   7.40271E-05   1.71037E-12     1841.93  0
 4.34100E-03   9.89652E-04   7.27433E-05   7.40564E-05   1.58683E-12     1801.93  0
 4.36100E-03   9.71300E-04   6.62208E-05   7.40800E-05   1.46929E-12     1768.10  0
 4.38100E-03   9.55551E-04   6.04858E-05   7.40910E-05   1.35672E-12     1739.07  0
 4.40100E-03   9.35830E-04   5.54142E-05   6.86084E-05   1.14952E-12     1713.56  0
 4.42100E-03   9.16575E-04   5.22461E-05   8.09834E-05   1.02692E-12     1684.12  0
 4.44100E-03   8.94799E-04   4.83327E-05   8.11933E-05   9.11296E-13     1658.92  0
 4.46100E-03   8.70626E-04   4.49184E-05   8.13449E-05   8.03182E-13     1640.69  0
 4.48100E-03   8.44277E-04   4.26692E-05   8.14467E-05   7.02993E-13     1629.48  0
 4.50100E-03   8.16364E-04   3.91614E-05   8.15038E-05   6.11137E-13     1623.80  0
 4.52100E-03   7.83665E-04   3.69936E-05   8.15251E-05   5.26968E-13     1622.38  0
 4.54100E-03   7.48111E-04   3.39093E-05   8.15197E-05   4.49596E-13     1621.24  0
 4.56100E-03   7.13051E-04   3.17881E-05   8.15090E-05   3.79200E-13     1619.74  0
 4.58100E-03   6.75694E-04   2.89897E-05   8.14558E-05   3.15577E-13     1617.92  0
 4.60100E-03   6.29247E-04   2.69822E-05   7.56138E-05   2.31817E-13     1615.56  0
 4.62100E-03   5.87426E-04   2.42071E-05   7.48834E-05   1.74940E-13     1613.08  0
 4.64100E-03   5.41105E-04   2.27057E-05   7.32359E-05   1.27543E-13     1610.20  0
 4.66100E-03   4.95242E-04   1.97713E-05   7.13504E-05   8.88425E-14     1606.88  0
 4.68100E-03   4.44363E-04   1.81583E-05   6.61841E-05   5.73499E-14     1603.06  0
 4.70100E-03   3.90811E-04   1.55219E-05   6.30456E-05   3.28164E-14     1598.53  0
 4.72100E-03   3.34744E-04   1.34921E-05   6.03927E-05   1.01703E-13     1593.31  1
 4.74100E-03   4.38255E-05   1.03838E-04   4.36226E-05   2.32306E-13     1870.41  1
 4.76100E-03   7.78280E-05   1.07788E-04   5.39935E-05   3.51131E-13     2404.82  1
 4.78100E-03   1.11762E-04   1.08120E-04   5.65481E-05   4.74377E-13     2556.04  1
 4.80100E-03   1.42298E-04   1.07751E-04   5.74784E-05   6.26298E-13     2536.30  1
 4.82100E-03   1.74891E-04   1.08220E-04   6.00977E-05   7.48908E-13     2493.68  1
 4.84100E-03   2.08804E-04   1.08397E-04   6.15318E-05   8.66195E-13     2536.17  1
 4.86100E-03   2.40580E-04   1.08509E-04   6.21770E-05   9.75980E-13     2566.05  1
 4.88100E-03   2.73344E-04   1.08559E-04   6.25470E-05   1.08665E-12     2550.36  1
 4.90100E-03   3.06559E-04   1.08710E-04   6.27940E-05   1.19735E-12     2539.37  1
 4.92100E-03   3.37025E-04   1.08825E-04   6.30843E-05   1.29588E-12     2526.99  1
 4.94100E-03   3.69828E-04   1.08896E-04   6.33704E-05   1.39479E-12     2511.10  1
 4.96100E-03   4.00903E-04   1.08961E-04   6.35933E-05   1.48788E-12     2576.54  1
 4.98100E-03   4.32363E-04   1.08971E-04   6.37594E-05   1.57952E-12     2564.11  1
 5.00100E-03   4.63408E-04   1.08894E-04   6.38983E-05   1.66419E-12     2543.63  1
 5.02100E-03   4.93072E-04   1.09088E-04   6.41002E-05   1.74587E-12     2540.91  1
 5.04100E-03   5.22559E-04   1.09131E-04   6.44347E-05   1.82425E-12     2531.57  1
 5.06100E-03   5.47825E-04   1.09185E-04   6.47912E-05   1.89957E-12     2592.50  1
 5.08100E-03   5.77333E-04   1.09193E-04   6.51293E-05   1.97171E-12     2584.60  1
 5.10100E-03   6.03728E-04   1.09132E-04   6.54195E-05   2.04178E-12     2572.21  1
 5.12100E-03   6.31773E-04   1.09181E-04   6.56595E-05   2.10944E-12     2566.36  1
 5.14100E-03   6.58779E-04   1.09224E-04   6.59575E-05   2.17177E-12     2533.43  1
 5.16100E-03   6.86203E-04   1.09285E-04   6.62886E-05   2.23404E-12     2602.43  1
 5.18100E-03   7.12720E-04   1.09286E-04   6.66229E-05   2.29463E-12     2590.98  1
 5.20100E-03   7.40945E-04   1.09203E-04   6.79669E-05   2.35754E-12     2591.63  1
 5.22100E-03   7.66068E-04   1.09227E-04   6.88125E-05   2.41644E-12     2578.15  1
 5.24100E-03   7.94806E-04   1.09257E-04   6.94718E-05   2.47032E-12     2546.67  1
 5.26100E-03   8.19785E-04   1.09315E-04   6.99137E-05   2.52109E-12     2609.52  1
 5.28100E-03   8.47668E-04   1.09302E-04   7.01804E-05   2.56962E-12     2599.74  1
 5.30100E-03   8.73344E-04   1.09203E-04   7.03052E-05   2.61551E-12     2586.64  1
 5.32100E-03   9.00992E-04   1.09204E-04   7.03621E-05   2.65500E-12     2581.03  1
 5.34100E-03   9.25815E-04   1.09211E-04   7.04186E-05   2.69197E-12     2559.70  1
 5.36100E-03   9.50748E-04   1.09245E-04   7.07083E-05   2.72332E-12     2612.44  1
 5.38100E-03   9.77598E-04   1.09197E-04   7.08745E-05   2.75123E-12     2608.15  1
 5.40100E-03   1.00102E-03   1.09064E-04   7.09334E-05   2.77890E-12     2582.81  1
 5.42100E-03   1.02569E-03   1.09021E-04   7.09035E-05   2.80637E-12     2579.73  1
 5.44100E-03   1.05159E-03   1.08978E-04   7.08314E-05   2.82233E-12     2562.20  1
 5.46101E-03   1.07309E-03   1.08928E-04   7.08982E-05   2.83776E-12     2629.09  1
 5.48101E-03   1.09903E-03   1.08799E-04   7.08899E-05   2.84652E-12     2611.08  1
 5.50101E-03   1.11971E-03   1.08596E-04   7.08638E-05   2.85572E-12     2583.16  1
 5.52101E-03   1.14288E-03   1.08435E-04   7.08312E-05   2.86692E-12     2554.72  1
 5.54101E-03   1.16868E-03   1.08346E-04   7.08176E-05   2.86408E-12     2532.80  1
 5.56101E-03   1.18723E-03   1.08242E-04   7.09239E-05   2.85774E-12     2586.62  1
 5.58101E-03   1.20546E-03   1.08120E-04   7.09521E-05   2.84491E-12     2570.87  1
 5.60101E-03   1.22151E-03   1.07979E-04   6.97086E-05   2.59917E-12     2536.93  0
 5.62101E-03   1.20594E-03   1.03365E-04   7.52449E-05   2.40336E-12     2158.05  0
 5.64101E-03   1.18871E-03   9.81146E-05   7.56076E-05   2.21218E-12     1989.06  0
 5.66101E-03   1.16590E-03   9.27650E-05   7.57866E-05   2.03163E-12     1893.98  0
 5.68101E-03   1.14133E-03   8.66223E-05   7.57832E-05   1.86319E-12     1826.80  0
 5.70101E-03   1.11594E-03   7.97022E-05   7.56421E-05   1.70590E-12     1776.10  0
 5.72101E-03   1.08824E-03   7.34628E-05   7.53953E-05   1.55849E-12     1736.94  0
 5.74101E-03   1.05746E-03   6.76085E-05   7.50803E-05   1.41962E-12     1706.20  0
 5.76101E-03   1.03104E-03   6.11076E-05   7.47351E-05   1.28808E-12     1681.65  0
 5.78101E-03   1.00752E-03   5.57934E-05   7.43836E-05   1.16348E-12     1662.43  0
 5.80101E-03   9.78494E-04   4.93540E-05   6.95200E-05   9.53482E-13     1647.16  0
 5.82101E-03   9.49928E-04   4.58769E-05   8.08451E-05   8.24885E-13     1634.82  0
 5.84101E-03   9.17834E-04   4.28975E-05   8.09836E-05   7.09769E-13     1626.70  0
 5.86101E-03   8.81766E-04   3.91852E-05   8.10543E-05   6.05631E-13     1623.08  0
 5.88101E-03   8.41205E-04   3.69152E-05   8.10756E-05   5.12199E-13     1622.21  0
 5.90101E-03   8.01492E-04   3.37795E-05   8.10584E-05   4.27482E-13     1621.04  0
 5.92101E-03   7.55413E-04   3.16410E-05   8.10093E-05   3.51620E-13     1619.49  0
 5.94101E-03   7.07228E-04   2.89650E-05   8.09214E-05   2.84110E-13     1617.60  0
 5.96101E-03   6.58885E-04   2.73415E-05   8.07358E-05   2.24698E-13     1615.39  0
 5.98101E-03   6.08971E-04   2.43813E-05   8.05182E-05   1.72479E-13     1612.84  0
 6.00101E-03   5.45751E-04   2.24623E-05   7.16294E-05   1.18347E-13     1609.20  0
 6.02101E-03   4.93640E-04   1.96939E-05   6.78729E-05   7.99785E-14     1605.86  0
 6.04101E-03   4.36125E-04   1.81000E-05   6.43308E-05   5.02710E-14     1602.13  0
 6.06101E-03   3.78728E-04   1.55247E-05   6.02354E-05   2.79408E-14     1597.80  0
 6.08101E-03   3.20322E-04   1.35665E-05   4.84877E-05   1.23839E-14     1592.85  0
 6.10101E-03   2.52078E-04   1.10590E-05   4.18665E-05   9.86831E-14     1586.81  1
 6.12101E-03   4.33135E-05   1.04905E-04   4.45894E-05   2.56526E-13     1868.06  1
 6.14101E-03   7.54771E-05   1.08262E-04   5.57826E-05   4.08988E-13     2458.66  1
 6.16101E-03   1.07769E-04   1.08634E-04   5.98386E-05   5.51943E-13     2494.55  1
 6.18101E-03   1.42768E-04   1.08771E-04   6.10470E-05   6.94462E-13     2526.79  1
 6.20101E-03   1.75095E-04   1.08679E-04   6.16346E-05   8.23723E-13     2483.06  1
 6.22101E-03   2.04012E-04   1.08921E-04   6.64511E-05   9.60588E-13     2462.88  1
 6.24101E-03   2.34259E-04   1.09002E-04   6.82283E-05   1.09046E-12     2460.31  1
 6.26101E-03   2.65657E-04   1.09011E-04   6.91024E-05   1.20964E-12     2479.77  1
 6.28101E-03   3.00541E-04   1.09021E-04   6.96676E-05   1.32613E-12     2516.53  1
 6.30101E-03   3.33136E-04   1.09127E-04   6.99667E-05   1.43035E-12     2510.62  1
 6.32101E-03   3.62371E-04   1.09181E-04   7.01416E-05   1.53608E-12     2504.00  1
 6.34101E-03   3.93064E-04   1.09205E-04   7.03308E-05   1.63668E-12     2484.75  1
 6.36101E-03   4.25088E-04   1.09189E-04   7.04406E-05   1.73361E-12     2513.56  1
 6.38101E-03   4.60804E-04   1.09158E-04   7.05153E-05   1.82866E-12     2524.38  1
 6.40101E-03   4.88714E-04   1.09050E-04   7.05161E-05   1.91054E-12     2519.44  1
 6.42101E-03   5.24683E-04   1.09315E-04   7.04919E-05   1.98924E-12     2527.66  1
 6.44101E-03   5.53050E-04   1.09326E-04   7.04214E-05   2.06748E-12     2528.79  1
 6.46101E-03   5.82437E-04   1.09334E-04   7.04096E-05   2.14626E-12     2514.12  1
 6.48101E-03   6.09748E-04   1.09321E-04   7.04867E-05   2.21741E-12     2512.27  1
 6.50101E-03   6.40116E-04   1.09230E-04   7.05760E-05   2.29000E-12     2548.98  1
 6.52101E-03   6.70946E-04   1.09302E-04   7.07099E-05   2.34948E-12     2542.22  1
 6.54101E-03   6.94114E-04   1.09351E-04   7.07606E-05   2.41059E-12     2531.08  1
 6.56101E-03   7.22727E-04   1.09370E-04   7.07989E-05   2.47129E-12     2518.43  1
 6.58101E-03   7.49781E-04   1.09352E-04   7.08841E-05   2.52647E-12     2525.84  1
 6.60101E-03   7.80662E-04   1.09252E-04   7.09543E-05   2.58229E-12     2546.79  1
 6.62101E-03   8.09437E-04   1.09312E-04   7.10260E-05   2.62440E-12     2552.68  1
 6.64101E-03   8.33685E-04   1.09351E-04   7.10964E-05   2.67044E-12     2573.89  1
 6.66101E-03   8.62285E-04   1.09358E-04   7.11191E-05   2.71265E-12     2502.65  1
 6.68101E-03   8.87198E-04   1.09323E-04   7.11129E-05   2.75278E-12     2532.06  1
 6.70101E-03   9.19747E-04   1.09208E-04   7.11334E-05   2.79172E-12     2552.47  1
 6.72101E-03   9.45630E-04   1.09251E-04   7.12021E-05   2.81859E-12     2558.93  1
 6.74101E-03   9.71417E-04   1.09263E-04   7.12462E-05   2.84928E-12     2545.24  1
 6.76101E-03   9.95445E-04   1.09235E-04   7.12378E-05   2.87545E-12     2523.37  1
 6.78102E-03   1.02412E-03   1.09154E-04   7.12053E-05   2.89897E-12     2549.95  1
 6.80102E-03   1.04791E-03   1.08986E-04   7.11821E-05   2.91853E-12     2527.32  1
 6.82102E-03   1.07684E-03   1.08968E-04   7.12078E-05   2.93438E-12     2553.22  1
 6.84102E-03   1.10267E-03   1.08879E-04   7.12147E-05   2.77232E-12     2559.59  0
 6.86102E-03   1.09881E-03   1.05864E-04   7.12100E-05   2.60463E-12     2253.19  0
 6.88102E-03   1.09154E-03   1.02345E-04   7.11951E-05   2.44044E-12     2110.58  0
 6.90102E-03   1.08607E-03   9.76745E-05   7.11840E-05   2.28485E-12     2023.93  0
 6.92102E-03   1.07574E-03   9.26611E-05   7.11760E-05   2.13845E-12     1961.19  0
 6.94102E-03   1.06661E-03   8.76776E-05   7.11010E-05   2.00040E-12     1909.08  0
 6.96102E-03   1.05973E-03   8.25293E-05   7.09222E-05   1.86922E-12     1863.51  0
 6.98102E-03   1.04870E-03   7.74242E-05   7.06266E-05   1.74423E-12     1822.65  0
 7.00102E-03   1.03808E-03   7.22829E-05   7.02284E-05   1.62402E-12     1786.15  0
 7.02102E-03   1.02882E-03   6.76502E-05   6.98214E-05   1.50803E-12     1753.91  0
 7.04102E-03   1.02120E-03   6.30103E-05   6.93548E-05   1.39591E-12     1725.85  0
 7.06102E-03   1.00990E-03   5.87972E-05   6.88453E-05   1.28761E-12     1701.92  0
 7.08102E-03   9.92796E-04   5.50218E-05   6.83122E-05   1.18293E-12     1681.64  0
 7.10102E-03   9.74351E-04   5.23748E-05   6.77840E-05   1.08218E-12     1664.72  0
 7.12102E-03   9.50298E-04   4.86312E-05   6.72915E-05   9.85367E-13     1651.05  0
 7.14102E-03   9.24863E-04   4.56223E-05   6.68747E-05   8.93046E-13     1640.09  0
 7.16102E-03   8.94498E-04   4.31645E-05   6.66560E-05   8.05215E-13     1631.88  0
 7.18102E-03   8.67112E-04   4.01476E-05   6.65406E-05   7.22060E-13     1626.33  0
 7.20102E-03   8.23905E-04   3.76338E-05   6.47128E-05   5.92206E-13     1623.23  0
 7.22102E-03   7.91045E-04   3.49821E-05   7.21638E-05   5.07771E-13     1622.46  0
 7.24102E-03   7.51355E-04   3.32804E-05   7.23590E-05   4.32541E-13     1621.58  0
 7.26102E-03   7.12149E-04   3.16199E-05   7.24822E-05   3.65349E-13     1620.36  0
 7.28102E-03   6.69952E-04   2.91439E-05   7.25369E-05   3.05120E-13     1618.77  0
 7.30102E-03   6.32248E-04   2.83810E-05   7.24765E-05   2.51708E-13     1616.83  0
 7.32102E-03   5.87401E-04   2.81514E-05   7.23619E-05   2.03919E-13     1614.57  0
 7.34102E-03   5.45513E-04   2.79177E-05   6.99895E-05   2.53172E-13     1611.99  1
 7.36102E-03   4.96247E-05   1.04408E-04   4.91480E-05   3.88949E-13     1833.78  1
 7.38102E-03   8.06893E-05   1.08440E-04   5.65557E-05   5.07248E-13     2413.25  1
 7.40102E-03   1.09873E-04   1.08657E-04   5.98092E-05   6.27991E-13     2505.74  1
 7.42102E-03   1.43575E-04   1.08857E-04   6.11034E-05   7.49055E-13     2540.80  1
 7.44102E-03   1.76346E-04   1.08962E-04   6.20288E-05   8.64523E-13     2567.96  1
 7.46102E-03   2.09427E-04   1.09012E-04   6.26657E-05   9.78995E-13     2544.33  1
 7.48102E-03   2.40463E-04   1.09055E-04   6.31649E-05   1.09375E-12     2586.49  1
 7.50102E-03   2.72222E-04   1.09062E-04   6.35864E-05   1.20464E-12     2572.54  1
 7.52102E-03   3.04785E-04   1.09009E-04   6.38957E-05   1.31340E-12     2566.62  1
 7.54102E-03   3.36611E-04   1.09097E-04   6.41365E-05   1.41915E-12     2558.12  1
 7.56102E-03   3.69304E-04   1.09145E-04   6.44370E-05   1.51946E-12     2523.38  1
 7.58102E-03   4.00104E-04   1.09195E-04   6.46762E-05   1.61804E-12     2587.34  1
 7.60102E-03   4.29922E-04   1.09102E-04   6.48551E-05   1.71372E-12     2560.44  1
 7.62102E-03   4.63537E-04   1.09241E-04   6.49943E-05   1.80096E-12     2549.22  1
 7.64102E-03   4.96763E-04   1.09247E-04   6.51104E-05   1.87967E-12     2553.26  1
 7.66102E-03   5.27908E-04   1.09276E-04   6.51986E-05   1.95992E-12     2628.90  1
 7.68102E-03   5.59664E-04   1.09272E-04   6.53254E-05   2.03469E-12     2592.47  1
 7.70102E-03   5.92385E-04   1.09196E-04   6.54318E-05   2.10731E-12     2578.25  1
 7.72102E-03   6.23403E-04   1.09223E-04   6.55825E-05   2.17813E-12     2570.18  1
 7.74102E-03   6.56385E-04   1.09258E-04   6.57981E-05   2.24230E-12     2536.30  1
 7.76102E-03   6.86924E-04   1.09317E-04   6.60117E-05   2.30515E-12     2606.68  1
 7.78102E-03   7.18282E-04   1.09315E-04   6.62397E-05   2.35970E-12     2592.94  1
 7.80102E-03   7.47301E-04   1.09189E-04   6.63947E-05   2.41386E-12     2571.06  1
 7.82102E-03   7.76192E-04   1.09324E-04   6.64889E-05   2.46389E-12     2549.05  1
 7.84102E-03   8.03163E-04   1.09346E-04   6.65617E-05   2.51348E-12     2604.16  1
 7.86102E-03   8.29210E-04   1.09307E-04   6.66839E-05   2.55301E-12     2594.64  1
 7.88102E-03   8.56321E-04   1.09196E-04   6.67789E-05   2.59502E-12     2595.13  1
 7.90102E-03   8.82652E-04   1.09167E-04   6.68246E-05   2.63407E-12     2578.59  1
 7.92102E-03   9.09220E-04   1.09137E-04   6.68312E-05   2.50117E-12     2550.91  0
 7.94102E-03   9.05280E-04   1.06359E-04   6.80267E-05   2.36133E-12     2242.19  0
 7.96102E-03   8.99730E-04   1.02692E-04   6.85453E-05   2.22523E-12     2098.11  0
 7.98102E-03   8.95481E-04   9.80398E-05   6.91020E-05   2.09655E-12     2017.42  0
 8.00102E-03   8.88512E-04   9.27284E-05   6.92097E-05   1.92849E-12     1956.86  0
 8.02102E-03   8.84166E-04   8.80258E-05   7.23812E-05   1.78930E-12     1896.64  0
 8.04102E-03   8.75909E-04   8.30065E-05   7.30121E-05   1.65398E-12     1840.93  0
 8.06102E-03   8.71132E-04   7.80839E-05   7.35372E-05   1.52498E-12     1798.19  0
 8.08102E-03   8.62250E-04   7.31922E-05   7.36057E-05   1.40048E-12     1760.68  0
 8.10102E-03   8.57617E-04   6.85579E-05   7.35616E-05   1.28082E-12     1728.48  0
 8.12102E-03   8.47809E-04   6.41361E-05   7.36538E-05   1.16638E-12     1701.26  0
 8.14102E-03   8.39099E-04   6.01755E-05   7.37739E-05   1.05805E-12     1678.68  0
 8.16103E-03   8.33148E-04   5.69610E-05   7.38734E-05   9.55798E-13     1660.46  0
 8.18103E-03   8.22064E-04   5.31919E-05   7.39569E-05   8.59344E-13     1646.15  0
 8.20103E-03   8.08572E-04   4.84808E-05   7.11632E-05   7.27567E-13     1634.72  0
 8.22103E-03   7.92890E-04   4.56688E-05   7.59225E-05   6.36768E-13     1626.13  0
 8.24103E-03   7.77022E-04   4.31008E-05   7.69660E-05   5.55075E-13     1622.83  0
 8.26103E-03   7.54587E-04   3.99521E-05   7.77643E-05   4.80948E-13     1621.93  0
 8.28103E-03   7.25876E-04   3.79460E-05   7.81986E-05   4.13500E-13     1620.80  0
 8.30103E-03   6.94715E-04   3.48765E-05   7.82013E-05   3.52393E-13     1619.47  0
 8.32103E-03   6.61370E-04   3.30561E-05   7.78730E-05   2.97264E-13     1617.93  0
 8.34103E-03   6.21746E-04   3.02641E-05   7.72965E-05   2.47652E-13     1616.20  0
 8.36103E-03   5.80098E-04   2.84766E-05   7.63476E-05   2.03707E-13     1614.26  0
 8.38103E-03   5.37463E-04   2.62554E-05   7.51611E-05   1.64574E-13     1612.12  0
 8.40103E-03   4.93144E-04   2.39166E-05   7.09022E-05   1.19884E-13     1609.30  0
 8.42103E-03   4.44860E-04   2.25684E-05   7.03103E-05   1.79680E-13     1606.60  1
 8.44103E-03   4.92673E-05   1.05259E-04   4.37333E-05   3.16946E-13     1871.43  1
 8.46103E-03   8.08676E-05   1.08726E-04   5.55747E-05   4.50544E-13     2460.54  1
 8.48103E-03   1.11524E-04   1.09087E-04   6.05729E-05   5.79695E-13     2545.06  1
 8.50103E-03   1.42919E-04   1.09152E-04   6.23248E-05   7.09338E-13     2531.45  1
 8.52103E-03   1.75850E-04   1.09143E-04   6.31139E-05   8.38265E-13     2539.05  1
 8.54103E-03   2.11864E-04   1.09169E-04   6.38617E-05   9.65964E-13     2564.18  1
 8.56103E-03   2.42365E-04   1.09270E-04   6.44604E-05   1.09030E-12     2560.42  1
 8.58103E-03   2.72335E-04   1.09331E-04   6.49312E-05   1.20609E-12     2532.80  1
 8.60103E-03   2.97862E-04   1.08664E-04   6.50570E-05   1.34293E-12     2468.90  1
 8.62103E-03   3.40347E-04   1.09081E-04   6.77245E-05   1.45321E-12     2460.65  1
 8.64103E-03   3.69068E-04   1.09169E-04   6.95328E-05   1.55477E-12     2563.15  1
 8.66103E-03   3.99400E-04   1.09181E-04   7.02712E-05   1.65512E-12     2509.28  1
 8.68103E-03   4.30625E-04   1.09173E-04   7.07125E-05   1.75018E-12     2482.20  1
 8.70103E-03   4.63651E-04   1.09100E-04   7.10771E-05   1.84388E-12     2514.09  1
 8.72103E-03   4.97040E-04   1.09195E-04   7.13426E-05   1.92849E-12     2518.87  1
 8.74103E-03   5.27551E-04   1.09248E-04   7.15379E-05   2.00959E-12     2522.39  1
 8.76103E-03   5.55981E-04   1.09271E-04   7.16181E-05   2.08937E-12     2533.05  1
 8.78103E-03   5.86182E-04   1.09256E-04   7.16868E-05   2.16301E-12     2502.75  1
 8.80103E-03   6.17177E-04   1.09144E-04   7.17350E-05   2.22987E-12     2511.69  1
 8.82103E-03   6.43536E-04   1.09322E-04   7.18060E-05   2.29781E-12     2510.94  1
 8.84103E-03   6.71707E-04   1.09283E-04   7.18150E-05   2.35901E-12     2505.51  1
 8.86103E-03   6.98038E-04   1.09164E-04   7.17102E-05   2.41876E-12     2529.98  1
 8.88103E-03   7.30718E-04   1.09063E-04   7.15673E-05   2.29452E-12     2536.39  0
 8.90103E-03   7.31620E-04   1.06559E-04   7.14675E-05   2.16251E-12     2234.69  0
 8.92103E-03   7.32022E-04   1.02773E-04   7.14608E-05   2.03265E-12     2097.22  0
 8.94103E-03   7.25593E-04   9.81750E-05   7.14001E-05   1.90837E-12     2012.95  0
 8.96103E-03   7.21586E-04   9.33314E-05   7.13923E-05   1.79195E-12     1948.31  0
 8.98103E-03   7.15176E-04   8.85172E-05   7.13324E-05   1.68300E-12     1892.98  0
 9.00103E-03   7.07165E-04   8.30072E-05   6.98490E-05   1.51389E-12     1843.15  0
 9.02103E-03   7.03157E-04   7.82584E-05   7.35475E-05   1.40243E-12     1787.57  0
 9.04103E-03   6.96177E-04   7.33797E-05   7.41757E-05   1.29292E-12     1740.21  0
 9.06103E-03   6.92179E-04   6.86229E-05   7.43397E-05   1.18734E-12     1703.68  0
 9.08103E-03   6.84552E-04   6.41381E-05   7.43137E-05   1.08599E-12     1676.75  0
 9.10103E-03   6.76932E-04   5.98984E-05   7.42362E-05   9.89102E-13     1656.91  0
 9.12103E-03   6.70941E-04   5.63339E-05   7.41772E-05   8.97156E-13     1642.67  0
 9.14103E-03   6.60575E-04   5.29058E-05   7.42866E-05   8.10287E-13     1632.87  0
 9.16103E-03   6.49425E-04   4.89063E-05   7.43874E-05   7.28356E-13     1626.59  0
 9.18103E-03   6.40522E-04   4.56792E-05   7.44724E-05   6.51269E-13     1623.34  0
 9.20103E-03   6.26138E-04   4.26800E-05   7.18074E-05   5.33239E-13     1622.42  0
 9.22103E-03   6.13610E-04   3.93471E-05   7.90128E-05   4.56039E-13     1621.47  0
 9.24103E-03   5.95868E-04   3.73225E-05   7.96745E-05   3.87357E-13     1620.36  0
 9.26103E-03   5.79351E-04   3.40951E-05   7.97296E-05   3.25978E-13     1619.02  0
 9.28103E-03   5.56026E-04   3.23868E-05   7.93434E-05   2.71091E-13     1617.44  0
 9.30103E-03   5.28035E-04   2.93467E-05   7.85961E-05   2.22373E-13     1615.61  0
 9.32103E-03   4.95504E-04   2.78075E-05   7.76225E-05   1.79696E-13     1613.52  0
 9.34103E-03   4.55363E-04   2.50044E-05   7.63548E-05   1.42623E-13     1611.15  0
 9.36103E-03   4.11265E-04   2.33787E-05   7.48823E-05   1.10902E-13     1608.51  0
 9.38103E-03   3.66673E-04   2.25282E-05   7.28476E-05   1.80651E-13     1605.59  1
 9.40103E-03   3.83900E-05   1.03672E-04   3.86940E-05   3.09568E-13     1813.85  1
 9.42103E-03   8.09524E-05   1.08470E-04   5.55872E-05   4.42204E-13     2344.96  1
 9.44103E-03   1.13843E-04   1.08806E-04   5.95675E-05   5.70672E-13     2486.44  1
 9.46104E-03   1.44922E-04   1.08858E-04   6.09098E-05   7.00834E-13     2563.33  1
 9.48104E-03   1.76638E-04   1.08858E-04   6.18910E-05   8.24035E-13     2568.18  1
 9.50104E-03   2.09259E-04   1.08816E-04   6.25207E-05   9.49005E-13     2554.54  1
 9.52104E-03   2.41550E-04   1.08928E-04   6.30396E-05   1.07018E-12     2544.93  1
 9.54104E-03   2.74387E-04   1.08981E-04   6.34789E-05   1.18208E-12     2523.77  1
 9.56104E-03   3.05374E-04   1.09024E-04   6.37963E-05   1.29017E-12     2583.38  1
 9.58104E-03   3.37099E-04   1.09022E-04   6.40581E-05   1.39339E-12     2570.88  1
 9.60104E-03   3.69744E-04   1.08961E-04   6.42722E-05   1.49349E-12     2560.28  1
 9.62104E-03   4.01699E-04   1.09034E-04   6.44434E-05   1.59096E-12     2550.50  1
 9.64104E-03   4.34501E-04   1.09060E-04   6.46245E-05   1.67827E-12     2519.64  1
 9.66104E-03   4.65473E-04   1.09072E-04   6.47949E-05   1.59306E-12     2606.04  0
 9.68104E-03   4.65451E-04   1.06210E-04   6.49870E-05   1.49836E-12     2239.29  0
 9.70104E-03   4.65401E-04   1.02699E-04   6.51618E-05   1.40576E-12     2088.49  0
 9.72104E-03   4.65244E-04   9.79287E-05   6.52979E-05   1.31886E-12     2003.21  0
 9.74104E-03   4.64991E-04   9.31137E-05   6.53611E-05   1.23891E-12     1941.54  0
 9.76104E-03   4.64621E-04   8.81110E-05   6.53473E-05   1.16554E-12     1892.11  0
 9.78104E-03   4.64196E-04   8.32112E-05   6.52606E-05   1.09729E-12     1850.41  0
 9.80104E-03   4.59651E-04   7.67598E-05   6.38205E-05   1.00802E-12     1813.00  0
 9.82104E-03   4.52311E-04   7.25819E-05   6.33009E-05   9.42764E-13     1764.89  0
 9.84104E-03   4.44910E-04   6.78117E-05   6.40620E-05   8.72360E-13     1721.63  0
 9.86104E-03   4.41421E-04   6.32633E-05   6.44344E-05   8.02511E-13     1688.01  0
 9.88104E-03   4.34138E-04   5.89937E-05   6.44436E-05   7.34567E-13     1663.72  0
 9.90104E-03   4.31095E-04   5.53194E-05   6.44878E-05   6.69738E-13     1646.81  0
 9.92104E-03   4.23772E-04   5.25619E-05   6.46141E-05   6.08232E-13     1635.39  0
 9.94104E-03   4.20265E-04   4.86287E-05   6.47221E-05   5.50273E-13     1628.00  0
 9.96104E-03   4.13259E-04   4.54368E-05   6.48177E-05   4.95566E-13     1623.87  0
 9.98104E-03   4.08581E-04   4.30132E-05   6.48999E-05   4.44549E-13     1622.69  0
 1.00010E-02   4.02202E-04   3.98605E-05   6.49678E-05   3.96232E-13     1622.04  0
 1.00210E-02   3.89629E-04   3.79693E-05   6.50204E-05   3.51168E-13     1621.22  0
 1.00410E-02   3.80461E-04   3.50566E-05   6.50556E-05   3.08628E-13     1620.23  0
 1.00610E-02   3.66899E-04   3.33163E-05   6.50694E-05   2.68885E-13     1619.07  0
 1.00810E-02   3.58936E-04   3.10233E-05   6.50594E-05   2.31732E-13     1617.73  0
 1.01010E-02   3.44417E-04   2.90078E-05   6.50217E-05   1.97156E-13     1616.19  0
 1.01210E-02   3.32400E-04   2.76763E-05   6.49492E-05   1.65122E-13     1614.44  0
 1.01410E-02   3.18600E-04   2.50603E-05   6.48373E-05   1.35560E-13     1612.44  0
 1.01610E-02   3.06486E-04   2.36349E-05   6.46795E-05   1.95676E-13     1610.18  1
 1.01810E-02   4.48805E-05   1.05150E-04   4.16174E-05   3.37970E-13     1872.94  1
 1.02010E-02   7.40496E-05   1.07891E-04   5.47429E-05   4.51450E-13     2360.93  1
 1.02210E-02   1.10557E-04   1.08670E-04   5.90214E-05   5.77113E-13     2437.23  1
 1.02410E-02   1.42445E-04   1.08787E-04   6.08122E-05   6.98850E-13     2469.94  1
 1.02610E-02   1.72165E-04   1.08802E-04   6.17383E-05   8.22733E-13     2464.54  1
 1.02810E-02   2.03377E-04   1.08774E-04   6.23340E-05   9.39893E-13     2459.18  1
 1.03010E-02   2.36894E-04   1.08691E-04   6.27025E-05   1.05794E-12     2504.74  1
 1.03210E-02   2.71804E-04   1.08782E-04   6.30369E-05   9.98685E-13     2491.62  0
 1.03410E-02   2.72678E-04   1.05463E-04   6.33652E-05   9.32105E-13     2197.33  0
 1.03610E-02   2.73338E-04   1.01704E-04   6.36327E-05   8.65787E-13     2064.41  0
 1.03810E-02   2.73662E-04   9.73620E-05   6.37951E-05   8.04516E-13     1984.80  0
 1.04010E-02   2.69165E-04   9.23802E-05   6.38388E-05   7.43150E-13     1925.21  0
 1.04210E-02   2.76906E-04   8.73347E-05   6.37830E-05   6.92365E-13     1876.38  0
 1.04410E-02   2.76277E-04   8.23874E-05   6.35880E-05   6.45818E-13     1834.83  0
 1.04610E-02   2.75557E-04   7.72845E-05   6.32613E-05   6.02682E-13     1798.38  0
 1.04810E-02   2.74431E-04   7.25426E-05   6.27956E-05   5.61888E-13     1766.60  0
 1.05010E-02   2.72704E-04   6.77680E-05   6.21999E-05   5.22987E-13     1738.78  0
 1.05210E-02   2.69031E-04   6.32048E-05   6.15048E-05   4.85358E-13     1714.55  0
 1.05410E-02   2.65067E-04   5.90322E-05   6.07208E-05   4.48598E-13     1693.38  0
 1.05610E-02   2.63018E-04   5.54257E-05   5.98833E-05   4.12863E-13     1675.30  0
 1.05810E-02   2.59587E-04   5.27023E-05   5.90478E-05   3.77835E-13     1660.07  0
 1.06010E-02   2.54370E-04   4.89696E-05   5.82512E-05   3.43826E-13     1647.25  0
 1.06210E-02   2.51915E-04   4.62065E-05   5.76220E-05   3.10871E-13     1636.99  0
 1.06410E-02   2.46189E-04   4.34861E-05   5.72250E-05   2.79290E-13     1629.43  0
 1.06610E-02   2.42798E-04   4.07421E-05   5.70517E-05   2.49328E-13     1624.74  0
 1.06810E-02   2.38892E-04   3.85035E-05   5.69322E-05   2.21205E-13     1622.90  0
 1.07010E-02   2.33286E-04   3.60709E-05   5.68259E-05   1.94472E-13     1622.35  0
 1.07210E-02   2.29579E-04   3.38389E-05   5.67243E-05   1.69699E-13     1621.55  0
 1.07410E-02   2.16233E-04   3.21755E-05   5.66208E-05   1.46311E-13     1620.51  0
 1.07610E-02   2.10318E-04   2.94831E-05   5.65081E-05   1.24754E-13     1619.20  0
 1.07810E-02   1.96690E-04   2.81896E-05   5.63790E-05   1.04835E-13     1617.61  0
 1.08010E-02   1.87406E-04   2.60799E-05   5.62252E-05   8.66020E-14     1615.73  0
 1.08210E-02   1.76009E-04   2.42028E-05   5.60393E-05   7.00171E-14     1613.54  0
 1.08410E-02   1.64028E-04   2.29936E-05   5.58075E-05   5.52994E-14     1611.02  0
 1.08610E-02   1.51218E-04   2.06862E-05   5.55234E-05   4.20073E-14     1608.30  0
 1.08810E-02   1.41905E-04   1.90053E-05   5.51740E-05   3.04969E-14     1605.22  0
 1.09010E-02   1.26491E-04   1.77982E-05   5.47238E-05   2.07491E-14     1601.76  0
 1.09210E-02   1.15170E-04   1.52070E-05   5.41580E-05   1.26831E-14     1597.76  0
 1.09410E-02   1.01322E-04   1.36104E-05   5.33735E-05   6.67863E-15     1593.21  0
 1.09610E-02   8.31260E-05   1.16999E-05   4.67186E-05   2.62339E-15     1587.97  0
 1.09810E-02   6.32671E-05   8.92184E-06   3.55749E-05   4.55115E-16     1581.48  0
 1.10010E-02   3.70563E-05   5.63409E-06   2.29173E-05   0.00000E+00     1572.48  0
 1.10210E-02   0.00000E+00   0.00000E+00   0.00000E+00   0.00000E+00     1546.15  0
 1.10410E-02   0.00000E+00   0.00000E+00   0.00000E+00   0.00000E+00     1503.59  0
 1.10610E-02   0.00000E+00   0.00000E+00   0.00000E+00   0.00000E+00     1472.44  0
 1.10810E-02   0.00000E+00   0.00000E+00   0.00000E+00   0.00000E+00     1460.48  0
 1.11010E-02   0.00000E+00   0.00000E+00   0.00000E+00   0.00000E+00     1449.09  0
 1.11210E-02   0.00000E+00   0.00000E+00   0.00000E+00   0.00000E+00     1437.38  0
 1.11410E-02   0.00000E+00   0.00000E+00   0.00000E+00   0.00000E+00     1425.54  0
 1.11610E-02   0.00000E+00   0.00000E+00   0.00000E+00   0.00000E+00     1413.70  0
 1.11810E-02   0.00000E+00   0.00000E+00   0.00000E+00   0.00000E+00     1401.94  0
 1.12010E-02   0.00000E+00   0.00000E+00   0.00000E+00   0.00000E+00     1390.36  0
 1.12210E-02   0.00000E+00   0.00000E+00   0.00000E+00   0.00000E+00     1378.93  0
 1.12410E-02   0.00000E+00   0.00000E+00   0.00000E+00   0.00000E+00     1367.68  0
 1.12610E-02   0.00000E+00   0.00000E+00   0.00000E+00   0.00000E+00     1356.61  0
 1.12810E-02   0.00000E+00   0.00000E+00   0.00000E+00   0.00000E+00     1345.75  0
 1.13010E-02   0.00000E+00   0.00000E+00   0.00000E+00   0.00000E+00     1335.08  0
 1.13210E-02   0.00000E+00   0.00000E+00   0.00000E+00   0.00000E+00     1324.62  0
 1.13410E-02   0.00000E+00   0.00000E+00   0.00000E+00   0.00000E+00     1314.44  0
 1.13610E-02   0.00000E+00   0.00000E+00   0.00000E+00   0.00000E+00     1310.07  0
 1.13810E-02   0.00000E+00   0.00000E+00   0.00000E+00   0.00000E+00     1305.53  0
 1.14010E-02   0.00000E+00   0.00000E+00   0.00000E+00   0.00000E+00     1300.84  0
 1.14210E-02   0.00000E+00   0.00000E+00   0.00000E+00   0.00000E+00     1296.01  0
 1.14411E-02   0.00000E+00   0.00000E+00   0.00000E+00   0.00000E+00     1291.07  0
 1.14611E-02   0.00000E+00   0.00000E+00   0.00000E+00   0.00000E+00     1286.02  0
 1.14811E-02   0.00000E+00   0.00000E+00   0.00000E+00   0.00000E+00     1280.88  0
 1.15011E-02   0.00000E+00   0.00000E+00   0.00000E+00   0.00000E+00     1275.65  0
 1.15211E-02   0.00000E+00   0.00000E+00   0.00000E+00   0.00000E+00     1270.35  0
 1.15411E-02   0.00000E+00   0.00000E+00   0.00000E+00   0.00000E+00     1264.99  0
 1.15611E-02   0.00000E+00   0.00000E+00   0.00000E+00   0.00000E+00     1259.57  0
 1.15811E-02   0.00000E+00   0.00000E+00   0.00000E+00   0.00000E+00     1254.11  0
 1.16011E-02   0.00000E+00   0.00000E+00   0.00000E+00   0.00000E+00     1248.60  0
 1.16211E-02   0.00000E+00   0.00000E+00   0.00000E+00   0.00000E+00     1243.07  0
 1.16411E-02   0.00000E+00   0.00000E+00   0.00000E+00   0.00000E+00     1237.50  0
 1.16611E-02   0.00000E+00   0.00000E+00   0.00000E+00   0.00000E+00     1231.91  0
 1.16811E-02   0.00000E+00   0.00000E+00   0.00000E+00   0.00000E+00     1226.31  0
 1.17011E-02   0.00000E+00   0.00000E+00   0.00000E+00   0.00000E+00     1220.70  0
 1.17211E-02   0.00000E+00   0.00000E+00   0.00000E+00   0.00000E+00     1216.61  0
 1.17411E-02   0.00000E+00   0.00000E+00   0.00000E+00   0.00000E+00     1212.62  0
 1.17611E-02   0.00000E+00   0.00000E+00   0.00000E+00   0.00000E+00     1208.56  0
 1.17811E-02   0.00000E+00   0.00000E+00   0.00000E+00   0.00000E+00     1204.43  0
 1.18011E-02   0.00000E+00   0.00000E+00   0.00000E+00   0.00000E+00     1200.24  0
 1.18211E-02   0.00000E+00   0.00000E+00   0.00000E+00   0.00000E+00     1195.99  0
 1.18411E-02   0.00000E+00   0.00000E+00   0.00000E+00   0.00000E+00     1191.69  0
 1.18611E-02   0.00000E+00   0.00000E+00   0.00000E+00   0.00000E+00     1187.34  0
 1.18811E-02   0.00000E+00   0.00000E+00   0.00000E+00   0.00000E+00     1182.96  0
 1.19011E-02   0.00000E+00   0.00000E+00   0.00000E+00   0.00000E+00     1178.53  0
 1.19211E-02   0.00000E+00   0.00000E+00   0.00000E+00   0.00000E+00     1174.08  0
 1.19411E-02   0.00000E+00   0.00000E+00   0.00000E+00   0.00000E+00     1169.59  0
 1.19611E-02   0.00000E+00   0.00000E+00   0.00000E+00   0.00000E+00     1165.08  0
 1.19811E-02   0.00000E+00   0.00000E+00   0.00000E+00   0.00000E+00     1160.55  0
 1.20011E-02   0.00000E+00   0.00000E+00   0.00000E+00   0.00000E+00     1156.00  0
 1.20211E-02   0.00000E+00   0.00000E+00   0.00000E+00   0.00000E+00     1151.44  0
 1.20411E-02   0.00000E+00   0.00000E+00   0.00000E+00   0.00000E+00     1146.87  0
 1.20611E-02   0.00000E+00   0.00000E+00   0.00000E+00   0.00000E+00     1142.28  0
 1.20811E-02   0.00000E+00   0.00000E+00   0.00000E+00   0.00000E+00     1137.70  0
 1.21011E-02   0.00000E+00   0.00000E+00   0.00000E+00   0.00000E+00     1133.11  0
 1.21211E-02   0.00000E+00   0.00000E+00   0.00000E+00   0.00000E+00     1128.52  0
 1.21411E-02   0.00000E+00   0.00000E+00   0.00000E+00   0.00000E+00     1123.94  0
 1.21611E-02   0.00000E+00   0.00000E+00   0.00000E+00   0.00000E+00     1119.35  0
 1.21811E-02   0.00000E+00   0.00000E+00   0.00000E+00   0.00000E+00     1114.78  0
 1.22011E-02   0.00000E+00   0.00000E+00   0.00000E+00   0.00000E+00     1110.22  0
 1.22211E-02   0.00000E+00   0.00000E+00   0.00000E+00   0.00000E+00     1105.66  0
 1.22411E-02   0.00000E+00   0.00000E+00   0.00000E+00   0.00000E+00     1101.12  0
 1.22611E-02   0.00000E+00   0.00000E+00   0.00000E+00   0.00000E+00     1096.60  0
 1.22811E-02   0.00000E+00   0.00000E+00   0.00000E+00   0.00000E+00     1092.09  0
 1.23011E-02   0.00000E+00   0.00000E+00   0.00000E+00   0.00000E+00     1087.60  0
 1.23211E-02   0.00000E+00   0.00000E+00   0.00000E+00   0.00000E+00     1083.13  0
 1.23411E-02   0.00000E+00   0.00000E+00   0.00000E+00   0.00000E+00     1078.68  0
 1.23611E-02   0.00000E+00   0.00000E+00   0.00000E+00   0.00000E+00     1074.25  0
 1.23811E-02   0.00000E+00   0.00000E+00   0.00000E+00   0.00000E+00     1069.84  0
 1.24011E-02   0.00000E+00   0.00000E+00   0.00000E+00   0.00000E+00     1065.46  0
 1.24211E-02   0.00000E+00   0.00000E+00   0.00000E+00   0.00000E+00     1061.10  0
 1.24411E-02   0.00000E+00   0.00000E+00   0.00000E+00   0.00000E+00     1056.77  0
 1.24611E-02   0.00000E+00   0.00000E+00   0.00000E+00   0.00000E+00     1052.47  0
 1.24811E-02   0.00000E+00   0.00000E+00   0.00000E+00   0.00000E+00     1048.19  0
 1.25011E-02   0.00000E+00   0.00000E+00   0.00000E+00   0.00000E+00     1043.94  0
 1.25211E-02   0.00000E+00   0.00000E+00   0.00000E+00   0.00000E+00     1039.72  0
 1.25411E-02   0.00000E+00   0.00000E+00   0.00000E+00   0.00000E+00     1035.53  0
 1.25611E-02   0.00000E+00   0.00000E+00   0.00000E+00   0.00000E+00     1031.37  0
 1.25811E-02   0.00000E+00   0.00000E+00   0.00000E+00   0.00000E+00     1027.24  0
 1.26011E-02   0.00000E+00   0.00000E+00   0.00000E+00   0.00000E+00     1023.14  0
 1.26211E-02   0.00000E+00   0.00000E+00   0.00000E+00   0.00000E+00     1019.07  0
 1.26411E-02   0.00000E+00   0.00000E+00   0.00000E+00   0.00000E+00     1015.04  0
 1.26611E-02   0.00000E+00   0.00000E+00   0.00000E+00   0.00000E+00     1011.04  0
 1.26811E-02   0.00000E+00   0.00000E+00   0.00000E+00   0.00000E+00     1007.07  0
 1.27011E-02   0.00000E+00   0.00000E+00   0.00000E+00   0.00000E+00     1003.13  0
 1.27211E-02   0.00000E+00   0.00000E+00   0.00000E+00   0.00000E+00      999.23  0
 1.27411E-02   0.00000E+00   0.00000E+00   0.00000E+00   0.00000E+00      995.36  0
 1.27611E-02   0.00000E+00   0.00000E+00   0.00000E+00   0.00000E+00      991.52  0
 1.27811E-02   0.00000E+00   0.00000E+00   0.00000E+00   0.00000E+00      987.72  0
 1.28011E-02   0.00000E+00   0.00000E+00   0.00000E+00   0.00000E+00      983.95  0
 1.28211E-02   0.00000E+00   0.00000E+00   0.00000E+00   0.00000E+00      980.21  0
 1.28411E-02   0.00000E+00   0.00000E+00   0.00000E+00   0.00000E+00      976.51  0
 1.28611E-02   0.00000E+00   0.00000E+00   0.00000E+00   0.00000E+00      972.85  0
 1.28811E-02   0.00000E+00   0.00000E+00   0.00000E+00   0.00000E+00      969.21  0
 1.29011E-02   0.00000E+00   0.00000E+00   0.00000E+00   0.00000E+00      965.61  0
 1.29211E-02   0.00000E+00   0.00000E+00   0.00000E+00   0.00000E+00      962.04  0
 1.29411E-02   0.00000E+00   0.00000E+00   0.00000E+00   0.00000E+00      958.51  0
 1.29611E-02   0.00000E+00   0.00000E+00   0.00000E+00   0.00000E+00      955.01  0
 1.29811E-02   0.00000E+00   0.00000E+00   0.00000E+00   0.00000E+00      951.55  0
 1.30011E-02   0.00000E+00   0.00000E+00   0.00000E+00   0.00000E+00      948.11  0
 1.30211E-02   0.00000E+00   0.00000E+00   0.00000E+00   0.00000E+00      944.71  0
 1.30411E-02   0.00000E+00   0.00000E+00   0.00000E+00   0.00000E+00      941.42  0
 1.30611E-02   0.00000E+00   0.00000E+00   0.00000E+00   0.00000E+00      938.36  0
 1.30811E-02   0.00000E+00   0.00000E+00   0.00000E+00   0.00000E+00      935.33  0
 1.31011E-02   0.00000E+00   0.00000E+00   0.00000E+00   0.00000E+00      932.32  0
 1.31211E-02   0.00000E+00   0.00000E+00   0.00000E+00   0.00000E+00      929.34  0
 1.31411E-02   0.00000E+00   0.00000E+00   0.00000E+00   0.00000E+00      926.39  0
 1.31611E-02   0.00000E+00   0.00000E+00   0.00000E+00   0.00000E+00      923.46  0
 1.31811E-02   0.00000E+00   0.00000E+00   0.00000E+00   0.00000E+00      920.56  0
 1.32011E-02   0.00000E+00   0.00000E+00   0.00000E+00   0.00000E+00      917.68  0
 1.32211E-02   0.00000E+00   0.00000E+00   0.00000E+00   0.00000E+00      914.84  0
 1.32411E-02   0.00000E+00   0.00000E+00   0.00000E+00   0.00000E+00      912.01  0
 1.32611E-02   0.00000E+00   0.00000E+00   0.00000E+00   0.00000E+00      909.22  0
 1.32811E-02   0.00000E+00   0.00000E+00   0.00000E+00   0.00000E+00      906.45  0
 1.33011E-02   0.00000E+00   0.00000E+00   0.00000E+00   0.00000E+00      903.70  0
 1.33211E-02   0.00000E+00   0.00000E+00   0.00000E+00   0.00000E+00      900.99  0
 1.33411E-02   0.00000E+00   0.00000E+00   0.00000E+00   0.00000E+00      898.29  0
 1.33611E-02   0.00000E+00   0.00000E+00   0.00000E+00   0.00000E+00      895.62  0
 1.33811E-02   0.00000E+00   0.00000E+00   0.00000E+00   0.00000E+00      892.98  0
 1.34011E-02   0.00000E+00   0.00000E+00   0.00000E+00   0.00000E+00      890.36  0
 1.34211E-02   0.00000E+00   0.00000E+00   0.00000E+00   0.00000E+00      887.76  0
 1.34411E-02   0.00000E+00   0.00000E+00   0.00000E+00   0.00000E+00      885.19  0
 1.34611E-02   0.00000E+00   0.00000E+00   0.00000E+00   0.00000E+00      882.65  0
 1.34811E-02   0.00000E+00   0.00000E+00   0.00000E+00   0.00000E+00      880.12  0
 1.35011E-02   0.00000E+00   0.00000E+00   0.00000E+00   0.00000E+00      877.95  0
 1.35211E-02   0.00000E+00   0.00000E+00   0.00000E+00   0.00000E+00      876.30  0
 1.35411E-02   0.00000E+00   0.00000E+00   0.00000E+00   0.00000E+00      874.67  0
 1.35611E-02   0.00000E+00   0.00000E+00   0.00000E+00   0.00000E+00      873.04  0
 1.35811E-02   0.00000E+00   0.00000E+00   0.00000E+00   0.00000E+00      871.42  0
 1.36011E-02   0.00000E+00   0.00000E+00   0.00000E+00   0.00000E+00      869.81  0
 1.36211E-02   0.00000E+00   0.00000E+00   0.00000E+00   0.00000E+00      868.21  0
 1.36411E-02   0.00000E+00   0.00000E+00   0.00000E+00   0.00000E+00      866.62  0
 1.36611E-02   0.00000E+00   0.00000E+00   0.00000E+00   0.00000E+00      865.03  0
 1.36811E-02   0.00000E+00   0.00000E+00   0.00000E+00   0.00000E+00      863.46  0
 1.37011E-02   0.00000E+00   0.00000E+00   0.00000E+00   0.00000E+00      861.90  0
 1.37211E-02   0.00000E+00   0.00000E+00   0.00000E+00   0.00000E+00      860.34  0
 1.37411E-02   0.00000E+00   0.00000E+00   0.00000E+00   0.00000E+00      858.80  0
 1.37611E-02   0.00000E+00   0.00000E+00   0.00000E+00   0.00000E+00      857.26  0
 1.37811E-02   0.00000E+00   0.00000E+00   0.00000E+00   0.00000E+00      855.73  0
 1.38011E-02   0.00000E+00   0.00000E+00   0.00000E+00   0.00000E+00      854.22  0
 1.38211E-02   0.00000E+00   0.00000E+00   0.00000E+00   0.00000E+00      852.70  0
 1.38411E-02   0.00000E+00   0.00000E+00   0.00000E+00   0.00000E+00      851.20  0
 1.38611E-02   0.00000E+00   0.00000E+00   0.00000E+00   0.00000E+00      849.71  0
 1.38811E-02   0.00000E+00   0.00000E+00   0.00000E+00   0.00000E+00      848.23  0
 1.39011E-02   0.00000E+00   0.00000E+00   0.00000E+00   0.00000E+00      846.75  0
 1.39211E-02   0.00000E+00   0.00000E+00   0.00000E+00   0.00000E+00      845.28  0
 1.39411E-02   0.00000E+00   0.00000E+00   0.00000E+00   0.00000E+00      843.82  0
 1.39611E-02   0.00000E+00   0.00000E+00   0.00000E+00   0.00000E+00      842.37  0
 1.39811E-02   0.00000E+00   0.00000E+00   0.00000E+00   0.00000E+00      840.93  0
 1.40011E-02   0.00000E+00   0.00000E+00   0.00000E+00   0.00000E+00      839.50  0
 1.40211E-02   0.00000E+00   0.00000E+00   0.00000E+00   0.00000E+00      838.07  0
 1.40411E-02   0.00000E+00   0.00000E+00   0.00000E+00   0.00000E+00      836.66  0
 1.40611E-02   0.00000E+00   0.00000E+00   0.00000E+00   0.00000E+00      835.25  0
 1.40811E-02   0.00000E+00   0.00000E+00   0.00000E+00   0.00000E+00      833.85  0
 1.41011E-02   0.00000E+00   0.00000E+00   0.00000E+00   0.00000E+00      832.46  0
 1.41211E-02   0.00000E+00   0.00000E+00   0.00000E+00   0.00000E+00      831.07  0
 1.41411E-02   0.00000E+00   0.00000E+00   0.00000E+00   0.00000E+00      829.70  0
 1.41611E-02   0.00000E+00   0.00000E+00   0.00000E+00   0.00000E+00      828.33  0
 1.41811E-02   0.00000E+00   0.00000E+00   0.00000E+00   0.00000E+00      826.97  0
 1.42011E-02   0.00000E+00   0.00000E+00   0.00000E+00   0.00000E+00      825.62  0
 1.42211E-02   0.00000E+00   0.00000E+00   0.00000E+00   0.00000E+00      824.39  0
 1.42411E-02   0.00000E+00   0.00000E+00   0.00000E+00   0.00000E+00      823.17  0
 1.42611E-02   0.00000E+00   0.00000E+00   0.00000E+00   0.00000E+00      821.95  0
 1.42811E-02   0.00000E+00   0.00000E+00   0.00000E+00   0.00000E+00      820.74  0
 1.43011E-02   0.00000E+00   0.00000E+00   0.00000E+00   0.00000E+00      819.53  0
 1.43211E-02   0.00000E+00   0.00000E+00   0.00000E+00   0.00000E+00      818.33  0
 1.43411E-02   0.00000E+00   0.00000E+00   0.00000E+00   0.00000E+00      817.14  0
 1.43611E-02   0.00000E+00   0.00000E+00   0.00000E+00   0.00000E+00      815.95  0
 1.43811E-02   0.00000E+00   0.00000E+00   0.00000E+00   0.00000E+00      814.77  0
 1.44011E-02   0.00000E+00   0.00000E+00   0.00000E+00   0.00000E+00      813.59  0
 1.44211E-02   0.00000E+00   0.00000E+00   0.00000E+00   0.00000E+00      812.42  0
 1.44411E-02   0.00000E+00   0.00000E+00   0.00000E+00   0.00000E+00      811.25  0
 1.44611E-02   0.00000E+00   0.00000E+00   0.00000E+00   0.00000E+00      810.09  0
 1.44811E-02   0.00000E+00   0.00000E+00   0.00000E+00   0.00000E+00      808.94  0
 1.45011E-02   0.00000E+00   0.00000E+00   0.00000E+00   0.00000E+00      807.79  0
 1.45211E-02   0.00000E+00   0.00000E+00   0.00000E+00   0.00000E+00      806.64  0
 1.45411E-02   0.00000E+00   0.00000E+00   0.00000E+00   0.00000E+00      805.50  0
 1.45611E-02   0.00000E+00   0.00000E+00   0.00000E+00   0.00000E+00      804.37  0
 1.45811E-02   0.00000E+00   0.00000E+00   0.00000E+00   0.00000E+00      803.24  0
 1.46011E-02   0.00000E+00   0.00000E+00   0.00000E+00   0.00000E+00      802.12  0
 1.46211E-02   0.00000E+00   0.00000E+00   0.00000E+00   0.00000E+00      801.00  0
 1.46411E-02   0.00000E+00   0.00000E+00   0.00000E+00   0.00000E+00      799.89  0
 1.46611E-02   0.00000E+00   0.00000E+00   0.00000E+00   0.00000E+00      798.78  0
 1.46811E-02   0.00000E+00   0.00000E+00   0.00000E+00   0.00000E+00      797.68  0
 1.47011E-02   0.00000E+00   0.00000E+00   0.00000E+00   0.00000E+00      796.58  0
 1.47211E-02   0.00000E+00   0.00000E+00   0.00000E+00   0.00000E+00      795.49  0
 1.47411E-02   0.00000E+00   0.00000E+00   0.00000E+00   0.00000E+00      794.52  0
 1.47611E-02   0.00000E+00   0.00000E+00   0.00000E+00   0.00000E+00      793.63  0
 1.47811E-02   0.00000E+00   0.00000E+00   0.00000E+00   0.00000E+00      792.75  0
 1.48011E-02   0.00000E+00   0.00000E+00   0.00000E+00   0.00000E+00      791.88  0
 1.48211E-02   0.00000E+00   0.00000E+00   0.00000E+00   0.00000E+00      791.01  0
 1.48411E-02   0.00000E+00   0.00000E+00   0.00000E+00   0.00000E+00      790.14  0
 1.48611E-02   0.00000E+00   0.00000E+00   0.00000E+00   0.00000E+00      789.28  0
 1.48811E-02   0.00000E+00   0.00000E+00   0.00000E+00   0.00000E+00      788.41  0
 1.49011E-02   0.00000E+00   0.00000E+00   0.00000E+00   0.00000E+00      787.55  0
 1.49211E-02   0.00000E+00   0.00000E+00   0.00000E+00   0.00000E+00      786.70  0
 1.49411E-02   0.00000E+00   0.00000E+00   0.00000E+00   0.00000E+00      785.84  0
 1.49611E-02   0.00000E+00   0.00000E+00   0.00000E+00   0.00000E+00      784.99  0
 1.49811E-02   0.00000E+00   0.00000E+00   0.00000E+00   0.00000E+00      784.14  0
 1.50011E-02   0.00000E+00   0.00000E+00   0.00000E+00   0.00000E+00      783.29  0
 1.50211E-02   0.00000E+00   0.00000E+00   0.00000E+00   0.00000E+00      782.45  0
 1.50411E-02   0.00000E+00   0.00000E+00   0.00000E+00   0.00000E+00      781.61  0
 1.50611E-02   0.00000E+00   0.00000E+00   0.00000E+00   0.00000E+00      780.77  0
 1.50811E-02   0.00000E+00   0.00000E+00   0.00000E+00   0.00000E+00      779.94  0
 1.51011E-02   0.00000E+00   0.00000E+00   0.00000E+00   0.00000E+00      779.10  0
 1.51211E-02   0.00000E+00   0.00000E+00   0.00000E+00   0.00000E+00      778.27  0
 1.51411E-02   0.00000E+00   0.00000E+00   0.00000E+00   0.00000E+00      777.44  0
 1.51611E-02   0.00000E+00   0.00000E+00   0.00000E+00   0.00000E+00      776.62  0
 1.51811E-02   0.00000E+00   0.00000E+00   0.00000E+00   0.00000E+00      775.80  0
 1.52011E-02   0.00000E+00   0.00000E+00   0.00000E+00   0.00000E+00      774.98  0
 1.52211E-02   0.00000E+00   0.00000E+00   0.00000E+00   0.00000E+00      774.16  0
 1.52411E-02   0.00000E+00   0.00000E+00   0.00000E+00   0.00000E+00      773.35  0
 1.52611E-02   0.00000E+00   0.00000E+00   0.00000E+00   0.00000E+00      772.54  0
 1.52811E-02   0.00000E+00   0.00000E+00   0.00000E+00   0.00000E+00      771.75  0
 1.53011E-02   0.00000E+00   0.00000E+00   0.00000E+00   0.00000E+00      770.96  0
 1.53211E-02   0.00000E+00   0.00000E+00   0.00000E+00   0.00000E+00      770.17  0
 1.53411E-02   0.00000E+00   0.00000E+00   0.00000E+00   0.00000E+00      769.39  0
 1.53611E-02   0.00000E+00   0.00000E+00   0.00000E+00   0.00000E+00      768.61  0
 1.53811E-02   0.00000E+00   0.00000E+00   0.00000E+00   0.00000E+00      767.83  0
 1.54011E-02   0.00000E+00   0.00000E+00   0.00000E+00   0.00000E+00      767.05  0
 1.54211E-02   0.00000E+00   0.00000E+00   0.00000E+00   0.00000E+00      766.28  0
 1.54411E-02   0.00000E+00   0.00000E+00   0.00000E+00   0.00000E+00      765.51  0
 1.54611E-02   0.00000E+00   0.00000E+00   0.00000E+00   0.00000E+00      764.74  0
 1.54811E-02   0.00000E+00   0.00000E+00   0.00000E+00   0.00000E+00      763.97  0
 1.55011E-02   0.00000E+00   0.00000E+00   0.00000E+00   0.00000E+00      763.21  0
 1.55211E-02   0.00000E+00   0.00000E+00   0.00000E+00   0.00000E+00      762.45  0
 1.55411E-02   0.00000E+00   0.00000E+00   0.00000E+00   0.00000E+00      761.69  0
 1.55611E-02   0.00000E+00   0.00000E+00   0.00000E+00   0.00000E+00      760.93  0
 1.55811E-02   0.00000E+00   0.00000E+00   0.00000E+00   0.00000E+00      760.17  0
 1.56011E-02   0.00000E+00   0.00000E+00   0.00000E+00   0.00000E+00      759.42  0
 1.56211E-02   0.00000E+00   0.00000E+00   0.00000E+00   0.00000E+00      758.67  0
 1.56411E-02   0.00000E+00   0.00000E+00   0.00000E+00   0.00000E+00      757.93  0
 1.56611E-02   0.00000E+00   0.00000E+00   0.00000E+00   0.00000E+00      757.20  0
 1.56811E-02   0.00000E+00   0.00000E+00   0.00000E+00   0.00000E+00      756.47  0
 1.57011E-02   0.00000E+00   0.00000E+00   0.00000E+00   0.00000E+00      755.74  0
 1.57211E-02   0.00000E+00   0.00000E+00   0.00000E+00   0.00000E+00      755.02  0
 1.57411E-02   0.00000E+00   0.00000E+00   0.00000E+00   0.00000E+00      754.30  0
 1.57611E-02   0.00000E+00   0.00000E+00   0.00000E+00   0.00000E+00      753.58  0
 1.57811E-02   0.00000E+00   0.00000E+00   0.00000E+00   0.00000E+00      752.86  0
 1.58011E-02   0.00000E+00   0.00000E+00   0.00000E+00   0.00000E+00      752.14  0
 1.58211E-02   0.00000E+00   0.00000E+00   0.00000E+00   0.00000E+00      751.43  0
