# Melt Pool Geometry History
# time(s)  length(m)  depth(m)  width(m)  volume(m3)  Tpeak(K)  laser_on
 2.10000E-05   0.00000E+00   0.00000E+00   0.00000E+00   7.60675E-14      293.00  1
 4.10000E-05   4.52476E-05   1.03060E-04   4.09257E-05   2.26747E-13     1888.00  1
 6.10000E-05   8.01224E-05   1.07579E-04   5.31707E-05   3.63229E-13     2513.97  1
 8.10000E-05   1.13913E-04   1.07870E-04   5.64218E-05   4.94110E-13     2460.32  1
 1.01000E-04   1.45773E-04   1.07907E-04   5.74154E-05   6.18749E-13     2482.60  1
 1.21000E-04   1.74692E-04   1.07893E-04   5.79116E-05   5.82579E-13     2519.97  0
 1.41000E-04   1.76107E-04   1.02854E-04   5.75352E-05   5.35116E-13     2220.75  0
 1.61000E-04   1.76076E-04   9.77332E-05   5.69768E-05   4.87903E-13     2094.10  0
 1.81000E-04   1.75694E-04   9.12723E-05   5.61390E-05   4.47031E-13     2005.06  0
 2.01000E-04   1.69712E-04   7.96947E-05   5.50374E-05   3.57547E-13     1925.50  0
 2.21000E-04   1.75855E-04   7.44356E-05   5.75630E-05   3.30678E-13     1819.87  0
 2.41000E-04   1.74719E-04   6.77528E-05   5.80078E-05   3.03184E-13     1754.88  0
 2.61000E-04   1.73771E-04   6.05316E-05   5.74899E-05   2.76417E-13     1709.74  0
 2.81000E-04   1.73143E-04   5.42254E-05   5.67017E-05   2.50174E-13     1678.07  0
 3.01000E-04   1.72892E-04   4.87250E-05   5.58789E-05   2.24270E-13     1655.63  0
 3.21000E-04   1.72682E-04   4.38142E-05   5.51839E-05   1.98848E-13     1639.60  0
 3.41000E-04   1.72449E-04   3.95957E-05   5.49486E-05   1.74445E-13     1629.16  0
 3.61000E-04   1.72202E-04   3.63049E-05   5.48459E-05   1.51127E-13     1623.59  0
 3.81000E-04   1.71813E-04   3.32036E-05   5.47386E-05   1.29253E-13     1622.30  0
 4.01000E-04   1.66434E-04   2.98201E-05   5.46198E-05   1.08378E-13     1621.12  0
 4.21000E-04   1.63497E-04   2.78298E-05   5.44828E-05   8.88754E-14     1619.54  0
 4.41000E-04   1.58776E-04   2.45672E-05   5.43206E-05   7.06415E-14     1617.53  0
 4.61000E-04   1.52653E-04   2.28783E-05   5.41260E-05   5.39983E-14     1615.02  0
 4.81000E-04   1.51355E-04   1.98617E-05   5.38845E-05   3.90569E-14     1611.92  0
 5.01000E-04   1.42923E-04   1.82061E-05   5.35742E-05   2.65364E-14     1608.20  0
 5.21000E-04   1.19582E-04   1.56384E-05   5.31794E-05   1.62227E-14     1603.75  0
 5.41000E-04   9.73073E-05   1.36083E-05   5.26569E-05   8.38570E-15     1598.44  0
 5.61000E-04   7.67269E-05   1.13070E-05   5.19557E-05   2.89445E-15     1592.00  0
 5.81000E-04   5.43901E-05   8.56200E-06   5.08605E-05   2.49260E-16     1583.83  0
 6.01000E-04   1.81446E-05   3.72808E-06   2.23463E-05   0.00000E+00     1568.67  0
 6.21000E-04   0.00000E+00   0.00000E+00   0.00000E+00   8.28414E-14     1519.11  1
 6.41000E-04   4.26042E-05   1.03606E-04   4.94927E-05   2.45003E-13     1858.14  1
 6.61000E-04   8.08681E-05   1.08028E-04   5.57278E-05   4.03666E-13     2335.85  1
 6.81000E-04   1.13419E-04   1.08514E-04   6.06521E-05   5.48876E-13     2505.96  1
 7.01000E-04   1.46132E-04   1.08796E-04   6.32926E-05   6.87809E-13     2580.55  1
 7.21000E-04   1.77653E-04   1.08894E-04   6.46365E-05   8.20813E-13     2625.29  1
 7.41000E-04   2.09429E-04   1.08782E-04   6.56302E-05   9.48476E-13     2593.58  1
 7.61000E-04   2.41852E-04   1.08485E-04   6.99369E-05   1.07118E-12     2580.62  1
 7.81000E-04   2.72375E-04   1.08320E-04   7.22725E-05   1.18724E-12     2545.58  1
 8.01000E-04   2.99496E-04   1.07947E-04   7.30283E-05   1.28046E-12     2492.00  1
 8.21000E-04   3.40599E-04   1.08017E-04   7.40972E-05   1.21196E-12     2473.23  0
 8.41000E-04   3.41043E-04   1.03126E-04   7.45654E-05   1.13244E-12     2169.25  0
 8.61000E-04   3.41272E-04   9.78660E-05   7.48655E-05   1.05352E-12     2024.51  0
 8.81000E-04   3.41642E-04   9.25640E-05   7.50688E-05   9.82848E-13     1944.10  0
 9.01000E-04   3.41332E-04   8.59144E-05   7.51372E-05   9.19597E-13     1885.02  0
 9.21000E-04   3.38276E-04   7.96454E-05   7.50539E-05   8.62294E-13     1836.68  0
 9.41000E-04   3.36430E-04   7.38604E-05   7.48269E-05   8.09015E-13     1795.19  0
 9.61000E-04   3.34916E-04   6.85347E-05   7.44307E-05   7.58671E-13     1759.48  0
 9.81000E-04   3.33489E-04   6.36880E-05   7.38825E-05   7.09941E-13     1729.24  0
 1.00100E-03   3.31666E-04   5.94251E-05   7.32064E-05   6.62694E-13     1703.93  0
 1.02100E-03   3.30392E-04   5.58643E-05   7.24092E-05   6.16116E-13     1683.80  0
 1.04100E-03   3.24244E-04   5.28562E-05   7.15198E-05   5.70166E-13     1667.99  0
 1.06100E-03   3.21284E-04   4.91767E-05   7.05973E-05   5.24697E-13     1654.73  0
 1.08100E-03   3.14713E-04   4.66182E-05   6.97207E-05   4.80444E-13     1643.72  0
 1.10100E-03   3.11246E-04   4.37074E-05   6.90836E-05   4.37586E-13     1635.13  0
 1.12100E-03   3.04245E-04   4.12011E-05   6.86685E-05   3.95851E-13     1628.71  0
 1.14100E-03   3.01056E-04   3.87811E-05   6.83431E-05   3.56519E-13     1624.58  0
 1.16100E-03   2.94061E-04   3.67223E-05   6.80440E-05   3.18713E-13     1622.89  0
 1.18100E-03   2.90981E-04   3.41862E-05   6.77595E-05   2.82893E-13     1622.37  0
 1.20100E-03   2.77424E-04   3.29422E-05   6.48427E-05   2.22596E-13     1621.54  0
 1.22100E-03   2.71923E-04   2.99364E-05   7.18512E-05   1.86292E-13     1620.44  0
 1.24100E-03   2.56861E-04   2.85111E-05   7.20091E-05   1.53788E-13     1618.97  0
 1.26100E-03   2.43651E-04   2.68179E-05   7.20567E-05   1.24961E-13     1617.12  0
 1.28100E-03   2.28634E-04   2.44683E-05   7.19844E-05   9.92176E-14     1614.87  0
 1.30100E-03   2.14086E-04   2.31461E-05   7.18336E-05   7.65740E-14     1612.24  0
 1.32100E-03   1.97471E-04   2.08726E-05   7.15802E-05   1.35099E-13     1609.22  1
 1.34100E-03   4.05674E-05   1.03772E-04   4.49095E-05   2.76017E-13     1850.45  1
 1.36100E-03   7.74783E-05   1.08019E-04   5.51412E-05   4.14835E-13     2329.08  1
 1.38100E-03   1.12836E-04   1.08575E-04   5.96084E-05   5.58328E-13     2495.38  1
 1.40100E-03   1.40214E-04   1.08406E-04   6.28436E-05   6.87424E-13     2476.95  1
 1.42100E-03   1.80254E-04   1.09234E-04   6.56528E-05   8.31069E-13     2513.07  1
 1.44100E-03   2.09828E-04   1.09537E-04   7.20600E-05   9.81601E-13     2548.31  1
 1.46100E-03   2.40768E-04   1.09742E-04   7.41031E-05   1.13287E-12     2523.53  1
 1.48100E-03   2.73067E-04   1.09824E-04   7.49628E-05   1.27949E-12     2552.79  1
 1.50100E-03   3.08103E-04   1.09755E-04   7.57173E-05   1.41668E-12     2571.77  1
 1.52100E-03   3.38995E-04   1.09658E-04   7.63253E-05   1.54437E-12     2575.35  1
 1.54100E-03   3.69184E-04   1.09543E-04   7.99784E-05   1.66832E-12     2620.39  1
 1.56100E-03   3.99658E-04   1.09271E-04   8.23099E-05   1.77859E-12     2502.44  1
 1.58100E-03   4.30227E-04   1.08871E-04   8.35574E-05   1.87013E-12     2531.55  1
 1.60100E-03   4.62434E-04   1.08398E-04   8.41887E-05   1.95432E-12     2527.58  1
 1.62100E-03   4.96551E-04   1.08194E-04   8.44979E-05   2.02852E-12     2487.73  1
 1.64100E-03   5.26396E-04   1.08085E-04   8.44469E-05   1.91990E-12     2456.73  0
 1.66100E-03   5.25555E-04   1.03233E-04   8.42102E-05   1.80375E-12     2173.37  0
 1.68100E-03   5.24767E-04   9.81591E-05   8.37898E-05   1.68895E-12     2035.66  0
 1.70100E-03   5.23232E-04   9.30513E-05   8.33638E-05   1.58098E-12     1951.12  0
 1.72100E-03   5.22655E-04   8.76848E-05   8.30020E-05   1.48045E-12     1889.73  0
 1.74100E-03   5.17169E-04   8.14811E-05   8.25443E-05   1.38643E-12     1839.05  0
 1.76100E-03   5.13563E-04   7.54098E-05   8.20009E-05   1.29726E-12     1797.63  0
 1.78100E-03   5.11975E-04   7.00004E-05   8.13535E-05   1.21133E-12     1762.83  0
 1.80100E-03   4.99562E-04   6.54636E-05   8.04001E-05   1.10860E-12     1733.57  0
 1.82100E-03   4.99812E-04   6.25620E-05   8.02181E-05   1.02487E-12     1709.03  0
 1.84100E-03   4.91906E-04   5.85587E-05   8.00785E-05   9.44737E-13     1688.24  0
 1.86100E-03   4.82860E-04   5.52899E-05   8.05521E-05   8.67395E-13     1670.83  0
 1.88100E-03   4.77256E-04   5.28082E-05   8.05160E-05   7.93040E-13     1656.41  0
 1.90100E-03   4.68586E-04   4.93432E-05   7.99567E-05   7.21293E-13     1644.59  0
 1.92100E-03   4.63421E-04   4.73103E-05   7.90394E-05   6.52811E-13     1635.34  0
 1.94100E-03   4.55025E-04   4.40577E-05   7.76172E-05   5.87278E-13     1628.65  0
 1.96100E-03   4.48739E-04   4.21696E-05   7.56016E-05   5.25267E-13     1624.46  0
 1.98100E-03   4.40642E-04   3.92189E-05   7.12776E-05   4.66394E-13     1622.85  0
 2.00100E-03   4.29762E-04   3.70342E-05   6.64833E-05   3.74817E-13     1622.17  0
 2.02100E-03   4.20760E-04   3.43683E-05   7.14321E-05   3.14907E-13     1621.25  0
 2.04100E-03   4.04278E-04   3.28468E-05   7.15260E-05   2.61002E-13     1619.98  0
 2.06100E-03   3.88981E-04   2.99627E-05   7.15216E-05   2.12932E-13     1618.32  0
 2.08100E-03   3.75170E-04   2.82048E-05   7.13653E-05   1.70149E-13     1616.28  0
 2.10100E-03   3.56571E-04   2.57938E-05   6.94838E-05   1.32340E-13     1613.85  0
 2.12100E-03   3.39168E-04   2.37924E-05   6.70291E-05   9.99663E-14     1610.99  0
 2.14100E-03   3.22479E-04   2.20342E-05   6.46280E-05   1.52035E-13     1607.65  1
 2.16100E-03   4.67806E-05   1.03183E-04   4.85034E-05   2.99501E-13     1816.84  1
 2.18100E-03   7.93317E-05   1.08094E-04   5.61400E-05   4.31975E-13     2403.94  1
 2.20100E-03   1.10180E-04   1.08378E-04   6.11582E-05   5.69244E-13     2490.99  1
 2.22100E-03   1.42639E-04   1.09226E-04   6.39816E-05   7.12576E-13     2558.58  1
 2.24100E-03   1.76930E-04   1.09547E-04   6.55674E-05   8.64943E-13     2580.04  1
 2.26100E-03   2.08584E-04   1.09826E-04   7.23514E-05   1.02178E-12     2630.45  1
 2.28100E-03   2.40619E-04   1.09989E-04   7.46356E-05   1.17807E-12     2608.21  1
 2.30100E-03   2.73879E-04   1.10014E-04   7.56656E-05   1.33177E-12     2601.64  1
 2.32100E-03   3.06932E-04   1.10062E-04   7.64250E-05   1.47836E-12     2598.75  1
 2.34100E-03   3.37818E-04   1.10233E-04   8.06207E-05   1.62024E-12     2644.71  1
 2.36100E-03   3.69154E-04   1.10311E-04   8.33796E-05   1.75528E-12     2636.55  1
 2.38100E-03   4.01305E-04   1.10270E-04   8.48222E-05   1.88691E-12     2629.62  1
 2.40100E-03   4.33753E-04   1.10119E-04   8.56220E-05   2.01275E-12     2627.52  1
 2.42100E-03   4.66797E-04   1.09915E-04   8.62142E-05   2.12621E-12     2603.43  1
 2.44100E-03   4.97503E-04   1.09870E-04   8.66382E-05   2.22524E-12     2661.46  1
 2.46100E-03   5.28404E-04   1.09667E-04   8.68168E-05   2.31177E-12     2670.23  1
 2.48100E-03   5.59650E-04   1.09320E-04   8.67252E-05   2.38737E-12     2624.59  1
 2.50100E-03   5.91212E-04   1.08862E-04   8.64432E-05   2.44925E-12     2587.44  1
 2.52100E-03   6.22163E-04   1.08531E-04   8.61419E-05   2.50352E-12     2558.51  1
 2.54100E-03   6.53556E-04   1.08275E-04   8.57993E-05   2.37218E-12     2506.55  0
 2.56100E-03   6.49815E-04   1.03804E-04   8.53813E-05   2.23280E-12     2192.56  0
 2.58100E-03   6.44519E-04   9.89623E-05   8.51147E-05   2.09406E-12     2039.80  0
 2.60100E-03   6.37882E-04   9.41057E-05   8.47112E-05   1.95829E-12     1953.62  0
 2.62100E-03   6.33882E-04   8.90305E-05   8.45215E-05   1.83358E-12     1890.90  0
 2.64100E-03   6.26679E-04   8.38162E-05   8.38597E-05   1.71606E-12     1842.33  0
 2.66100E-03   6.22923E-04   7.86646E-05   8.32301E-05   1.60390E-12     1803.42  0
 2.68100E-03   6.15445E-04   7.36958E-05   8.25590E-05   1.49640E-12     1771.34  0
 2.70100E-03   6.12062E-04   6.91204E-05   8.18303E-05   1.39267E-12     1744.73  0
 2.72100E-03   6.04836E-04   6.52188E-05   8.10481E-05   1.29221E-12     1721.54  0
 2.74100E-03   6.01991E-04   6.23496E-05   8.02341E-05   1.19512E-12     1700.97  0
 2.76100E-03   5.95627E-04   5.84521E-05   7.94074E-05   1.10075E-12     1682.99  0
 2.78100E-03   5.94271E-04   5.51699E-05   7.85538E-05   1.00953E-12     1667.39  0
 2.80100E-03   5.92637E-04   5.11761E-05   7.69413E-05   8.58419E-13     1653.40  0
 2.82100E-03   5.83039E-04   4.85600E-05   7.99361E-05   7.58490E-13     1640.58  0
 2.84100E-03   5.74509E-04   4.58306E-05   7.70022E-05   6.65413E-13     1630.69  0
 2.86100E-03   5.67375E-04   4.34755E-05   7.59268E-05   5.80036E-13     1624.62  0
 2.88100E-03   5.60530E-04   4.09706E-05   7.50932E-05   5.01344E-13     1622.67  0
 2.90100E-03   5.50566E-04   3.85852E-05   7.42952E-05   4.29049E-13     1621.74  0
 2.92100E-03   5.40299E-04   3.62087E-05   7.33369E-05   3.63540E-13     1620.46  0
 2.94100E-03   5.22602E-04   3.37082E-05   7.19660E-05   3.03869E-13     1618.88  0
 2.96100E-03   5.00116E-04   3.16416E-05   6.79981E-05   2.49989E-13     1616.99  0
 2.98100E-03   4.78595E-04   2.90363E-05   6.59192E-05   2.01254E-13     1614.81  0
 3.00100E-03   4.52754E-04   2.69227E-05   6.02715E-05   1.46381E-13     1611.76  0
 3.02100E-03   4.27231E-04   2.41070E-05   6.50394E-05   1.07965E-13     1608.96  0
 3.04100E-03   4.00980E-04   2.25125E-05   6.27567E-05   1.59422E-13     1605.85  1
 3.06100E-03   4.24759E-05   1.03929E-04   4.42461E-05   2.75619E-13     1868.87  1
 3.08100E-03   7.70928E-05   1.07997E-04   5.45577E-05   3.97617E-13     2395.21  1
 3.10100E-03   1.12857E-04   1.08534E-04   5.91771E-05   5.36373E-13     2518.71  1
 3.12100E-03   1.43532E-04   1.08964E-04   6.16320E-05   6.77528E-13     2536.86  1
 3.14100E-03   1.74162E-04   1.09360E-04   6.92051E-05   8.34423E-13     2556.07  1
 3.16100E-03   2.06457E-04   1.09688E-04   7.18908E-05   9.94762E-13     2542.10  1
 3.18100E-03   2.42368E-04   1.09893E-04   7.30199E-05   1.14461E-12     2595.63  1
 3.20100E-03   2.70210E-04   1.09589E-04   7.49892E-05   1.27239E-12     2538.37  1
 3.22100E-03   3.04022E-04   1.10116E-04   8.17726E-05   1.42166E-12     2539.69  1
 3.24100E-03   3.34998E-04   1.10338E-04   8.68582E-05   1.56493E-12     2561.67  1
 3.26100E-03   3.66221E-04   1.10462E-04   9.04265E-05   1.70282E-12     2552.02  1
 3.28100E-03   3.99313E-04   1.10490E-04   9.20403E-05   1.83354E-12     2588.06  1
 3.30100E-03   4.32990E-04   1.10488E-04   9.29285E-05   1.95401E-12     2604.88  1
 3.32100E-03   4.62102E-04   1.10475E-04   9.35796E-05   2.07031E-12     2605.14  1
 3.34100E-03   4.91224E-04   1.10514E-04   9.55709E-05   2.18089E-12     2578.30  1
 3.36100E-03   5.18921E-04   1.10550E-04   9.63922E-05   2.28583E-12     2583.55  1
 3.38100E-03   5.47981E-04   1.10486E-04   9.68942E-05   2.38283E-12     2620.38  1
 3.40100E-03   5.76658E-04   1.10372E-04   9.72363E-05   2.47061E-12     2621.63  1
 3.42100E-03   6.02411E-04   1.10214E-04   9.74791E-05   2.54445E-12     2607.62  1
 3.44100E-03   6.27935E-04   1.10101E-04   9.75503E-05   2.61064E-12     2599.28  1
 3.46100E-03   6.54400E-04   1.09934E-04   9.75061E-05   2.66429E-12     2597.73  1
 3.48100E-03   6.82438E-04   1.09626E-04   9.73897E-05   2.70768E-12     2615.06  1
 3.50099E-03   7.11606E-04   1.09180E-04   9.72202E-05   2.73618E-12     2606.69  1
 3.52099E-03   7.37778E-04   1.08826E-04   9.70253E-05   2.75088E-12     2587.09  1
 3.54099E-03   7.62471E-04   1.08547E-04   9.67999E-05   2.75401E-12     2523.46  1
 3.56099E-03   7.87448E-04   1.08272E-04   9.65042E-05   2.58681E-12     2484.93  0
 3.58099E-03   7.84101E-04   1.04007E-04   9.61588E-05   2.40633E-12     2207.53  0
 3.60099E-03   7.77348E-04   9.88057E-05   9.42930E-05   2.12982E-12     2063.95  0
 3.62099E-03   7.77219E-04   9.39777E-05   9.81677E-05   1.94786E-12     1952.11  0
 3.64099E-03   7.68686E-04   8.88256E-05   9.78437E-05   1.77383E-12     1860.38  0
 3.66099E-03   7.65570E-04   8.34825E-05   9.53089E-05   1.60970E-12     1793.43  0
 3.68099E-03   7.56788E-04   7.81632E-05   9.48120E-05   1.45589E-12     1743.06  0
 3.70099E-03   7.51704E-04   7.29615E-05   9.46260E-05   1.31203E-12     1705.20  0
 3.72099E-03   7.43453E-04   6.78764E-05   9.40217E-05   1.17832E-12     1677.27  0
 3.74099E-03   7.32333E-04   6.29646E-05   9.34392E-05   1.05426E-12     1656.75  0
 3.76099E-03   7.20790E-04   5.82627E-05   9.26765E-05   9.39008E-13     1641.87  0
 3.78099E-03   7.07842E-04   5.38404E-05   9.18728E-05   8.32215E-13     1631.61  0
 3.80099E-03   6.85167E-04   4.99500E-05   8.46367E-05   6.91677E-13     1624.89  0
 3.82099E-03   6.63604E-04   4.74419E-05   8.57217E-05   5.93301E-13     1622.68  0
 3.84099E-03   6.44864E-04   4.35328E-05   8.47208E-05   5.04940E-13     1621.72  0
 3.86099E-03   6.24008E-04   4.02493E-05   8.13855E-05   4.24919E-13     1620.41  0
 3.88099E-03   6.04031E-04   3.77758E-05   7.95502E-05   3.52807E-13     1618.75  0
 3.90099E-03   5.86320E-04   3.41336E-05   7.82105E-05   2.87616E-13     1616.80  0
 3.92099E-03   5.63828E-04   3.15460E-05   7.67003E-05   2.29433E-13     1614.53  0
 3.94099E-03   5.43556E-04   2.85117E-05   7.48667E-05   1.78572E-13     1611.93  0
 3.96099E-03   5.18609E-04   2.56797E-05   7.23740E-05   1.34049E-13     1608.95  0
 3.98099E-03   4.93348E-04   2.33630E-05   6.64580E-05   9.56452E-14     1605.62  0
 4.00099E-03   4.55103E-04   2.00242E-05   5.97354E-05   5.89440E-14     1600.31  0
 4.02099E-03   4.26437E-04   1.80427E-05   5.48795E-05   3.38982E-14     1595.92  0
 4.04099E-03   3.87761E-04   1.48672E-05   4.60084E-05   1.54400E-14     1590.57  0
 4.06099E-03   3.36289E-04   1.26567E-05   3.76432E-05   7.95736E-14     1584.74  1
 4.08099E-03   4.38821E-05   1.02987E-04   5.01799E-05   2.38028E-13     1814.92  1
 4.10099E-03   7.80342E-05   1.07810E-04   5.45973E-05   3.82851E-13     2398.04  1
 4.12099E-03   1.10360E-04   1.08180E-04   5.89330E-05   5.30114E-13     2520.62  1
 4.14099E-03   1.43338E-04   1.08559E-04   6.12002E-05   6.74451E-13     2550.20  1
 4.16100E-03   1.74986E-04   1.09105E-04   6.53788E-05   8.28004E-13     2587.01  1
 4.18100E-03   2.08139E-04   1.09543E-04   7.07270E-05   9.76567E-13     2544.80  1
 4.20100E-03   2.38577E-04   1.09722E-04   7.39901E-05   1.12004E-12     2575.32  1
 4.22100E-03   2.73288E-04   1.10183E-04   7.60867E-05   1.26701E-12     2609.81  1
 4.24100E-03   3.05311E-04   1.10336E-04   7.97507E-05   1.41531E-12     2649.89  1
 4.26100E-03   3.38034E-04   1.10372E-04   8.29143E-05   1.56464E-12     2661.98  1
 4.28100E-03   3.71467E-04   1.10378E-04   8.48442E-05   1.69708E-12     2654.29  1
 4.30100E-03   4.01785E-04   1.10534E-04   8.59163E-05   1.82706E-12     2743.56  1
 4.32100E-03   4.32331E-04   1.10671E-04   8.67014E-05   1.95314E-12     2700.64  1
 4.34100E-03   4.63955E-04   1.10711E-04   8.73771E-05   2.07850E-12     2691.85  1
 4.36100E-03   4.94578E-04   1.10686E-04   8.96654E-05   2.19621E-12     2688.73  1
 4.38100E-03   5.26803E-04   1.10634E-04   9.09119E-05   2.30448E-12     2671.10  1
 4.40100E-03   5.54793E-04   1.10670E-04   9.18498E-05   2.41137E-12     2669.37  1
 4.42100E-03   5.85250E-04   1.10776E-04   9.24646E-05   2.50216E-12     2679.67  1
 4.44100E-03   6.10790E-04   1.10706E-04   9.28035E-05   2.58802E-12     2748.08  1
 4.46100E-03   6.40152E-04   1.10709E-04   9.29997E-05   2.67130E-12     2714.67  1
 4.48100E-03   6.70258E-04   1.10632E-04   9.32406E-05   2.75250E-12     2696.93  1
 4.50100E-03   6.97108E-04   1.10479E-04   9.34775E-05   2.81678E-12     2686.88  1
 4.52100E-03   7.25297E-04   1.10392E-04   9.37076E-05   2.87084E-12     2760.87  1
 4.54100E-03   7.49772E-04   1.10311E-04   9.38063E-05   2.91974E-12     2724.46  1
 4.56100E-03   7.78132E-04   1.10216E-04   9.37762E-05   2.96148E-12     2695.25  1
 4.58100E-03   8.03786E-04   1.10007E-04   9.36339E-05   2.98843E-12     2674.52  1
 4.60100E-03   8.28158E-04   1.09590E-04   9.34924E-05   3.00860E-12     2621.27  1
 4.62100E-03   8.58200E-04   1.09398E-04   9.34693E-05   3.01771E-12     2601.26  1
 4.64100E-03   8.80961E-04   1.08975E-04   9.33947E-05   3.02311E-12     2619.33  1
 4.66100E-03   9.09940E-04   1.08712E-04   9.32372E-05   3.01201E-12     2580.49  1
 4.68100E-03   9.32265E-04   1.08475E-04   9.29530E-05   2.98731E-12     2617.83  1
 4.70100E-03   9.59413E-04   1.08238E-04   9.25545E-05   2.79568E-12     2626.39  0
 4.72100E-03   9.50977E-04   1.03966E-04   9.20515E-05   2.59621E-12     2255.45  0
 4.74100E-03   9.47071E-04   9.89389E-05   9.13366E-05   2.40282E-12     2097.60  0
 4.76100E-03   9.37406E-04   9.39509E-05   9.06815E-05   2.21851E-12     2002.51  0
 4.78100E-03   9.28144E-04   8.86061E-05   9.00707E-05   2.04637E-12     1931.36  0
 4.80100E-03   9.16448E-04   8.28928E-05   8.89956E-05   1.87259E-12     1873.19  0
 4.82100E-03   9.05145E-04   7.77201E-05   8.85725E-05   1.72222E-12     1825.55  0
 4.84100E-03   8.91869E-04   7.21836E-05   8.68836E-05   1.58039E-12     1783.89  0
 4.86100E-03   8.78356E-04   6.69573E-05   8.30154E-05   1.44529E-12     1748.89  0
 4.88100E-03   8.65119E-04   6.23837E-05   8.09599E-05   1.31694E-12     1719.62  0
 4.90100E-03   8.51695E-04   5.78733E-05   7.94629E-05   1.19481E-12     1694.88  0
 4.92100E-03   8.36561E-04   5.35592E-05   7.81115E-05   1.07939E-12     1674.23  0
 4.94100E-03   8.22343E-04   4.97409E-05   7.68363E-05   9.69623E-13     1657.44  0
 4.96100E-03   8.08698E-04   4.71123E-05   7.54432E-05   8.65511E-13     1643.87  0
 4.98100E-03   7.95291E-04   4.35714E-05   7.38384E-05   7.67874E-13     1633.59  0
 5.00100E-03   7.77772E-04   4.03310E-05   6.99058E-05   6.32985E-13     1626.75  0
 5.02100E-03   7.61961E-04   3.81227E-05   7.20391E-05   5.40453E-13     1623.06  0
 5.04100E-03   7.44548E-04   3.50396E-05   6.91112E-05   4.55366E-13     1622.11  0
 5.06100E-03   7.26886E-04   3.30378E-05   6.63823E-05   3.77411E-13     1620.69  0
 5.08100E-03   7.07860E-04   2.99265E-05   6.50119E-05   3.06738E-13     1618.73  0
 5.10100E-03   6.85589E-04   2.79578E-05   6.37545E-05   2.43618E-13     1616.24  0
 5.12100E-03   6.53471E-04   2.47452E-05   6.22805E-05   1.88193E-13     1613.18  0
 5.14100E-03   6.18358E-04   2.27988E-05   5.93169E-05   1.39394E-13     1609.63  0
 5.16100E-03   5.80411E-04   1.95396E-05   5.50432E-05   9.70943E-14     1605.51  0
 5.18100E-03   5.38940E-04   1.79168E-05   5.30962E-05   6.24343E-14     1601.28  0
 5.20100E-03   4.94295E-04   1.49563E-05   5.08665E-05   1.16495E-13     1596.28  1
 5.22100E-03   4.07062E-05   1.03868E-04   4.94964E-05   2.62420E-13     1845.05  1
 5.24100E-03   7.57062E-05   1.08098E-04   5.54326E-05   4.13083E-13     2309.41  1
 5.26100E-03   1.13106E-04   1.08792E-04   6.10295E-05   5.61084E-13     2492.40  1
 5.28100E-03   1.43457E-04   1.09283E-04   6.42500E-05   7.14541E-13     2525.64  1
 5.30100E-03   1.74055E-04   1.09680E-04   6.57471E-05   8.78195E-13     2531.82  1
 5.32100E-03   2.05555E-04   1.09950E-04   7.26164E-05   1.04349E-12     2535.78  1
 5.34100E-03   2.40251E-04   1.10068E-04   7.48878E-05   1.20103E-12     2570.12  1
 5.36100E-03   2.73647E-04   1.10162E-04   7.58253E-05   1.35423E-12     2580.67  1
 5.38100E-03   3.02906E-04   1.10354E-04   7.64620E-05   1.50347E-12     2566.88  1
 5.40100E-03   3.31431E-04   1.10434E-04   7.85240E-05   1.65592E-12     2539.84  1
 5.42100E-03   3.70907E-04   1.10547E-04   8.06743E-05   1.79901E-12     2566.35  1
 5.44100E-03   4.01460E-04   1.10674E-04   8.34789E-05   1.93569E-12     2580.17  1
 5.46101E-03   4.32842E-04   1.10749E-04   8.47735E-05   2.06805E-12     2593.57  1
 5.48101E-03   4.66686E-04   1.10766E-04   8.54467E-05   2.19550E-12     2620.46  1
 5.50101E-03   5.00821E-04   1.10770E-04   8.59339E-05   2.31562E-12     2621.96  1
 5.52101E-03   5.30669E-04   1.10771E-04   8.62808E-05   2.42634E-12     2608.45  1
 5.54101E-03   5.61200E-04   1.10781E-04   8.63847E-05   2.53718E-12     2602.83  1
 5.56101E-03   5.89487E-04   1.10836E-04   8.63376E-05   2.63876E-12     2606.55  1
 5.58101E-03   6.20636E-04   1.10824E-04   8.64667E-05   2.73277E-12     2637.85  1
 5.60101E-03   6.51979E-04   1.10792E-04   8.65016E-05   2.82239E-12     2641.44  1
 5.62101E-03   6.80876E-04   1.10752E-04   8.64868E-05   2.90320E-12     2618.28  1
 5.64101E-03   7.07584E-04   1.10719E-04   8.64327E-05   2.97923E-12     2611.20  1
 5.66101E-03   7.35349E-04   1.10737E-04   8.63402E-05   3.04915E-12     2624.75  1
 5.68101E-03   7.65256E-04   1.10675E-04   8.61673E-05   3.11347E-12     2654.42  1
 5.70101E-03   7.92748E-04   1.10579E-04   8.59700E-05   3.16875E-12     2656.19  1
 5.72101E-03   8.16610E-04   1.10463E-04   8.57881E-05   3.21801E-12     2632.66  1
 5.74101E-03   8.43128E-04   1.10379E-04   8.56470E-05   3.26348E-12     2614.41  1
 5.76101E-03   8.69725E-04   1.10315E-04   8.55624E-05   3.29970E-12     2630.48  1
 5.78101E-03   8.99288E-04   1.10146E-04   8.54587E-05   3.32976E-12     2655.98  1
 5.80101E-03   9.24972E-04   1.09779E-04   8.53264E-05   3.34801E-12     2609.19  1
 5.82101E-03   9.53904E-04   1.09771E-04   8.52079E-05   3.35769E-12     2612.73  1
 5.84101E-03   9.86926E-04   1.09454E-04   8.50799E-05   3.36209E-12     2630.03  1
 5.86101E-03   1.01884E-03   1.09018E-04   8.49015E-05   3.35556E-12     2605.70  1
 5.88101E-03   1.04086E-03   1.08815E-04   8.46556E-05   3.33653E-12     2571.21  1
 5.90101E-03   1.06690E-03   1.08577E-04   8.43806E-05   3.30999E-12     2547.88  1
 5.92101E-03   1.08760E-03   1.08310E-04   8.40900E-05   3.11745E-12     2492.86  0
 5.94101E-03   1.08369E-03   1.04221E-04   8.37778E-05   2.91490E-12     2220.15  0
 5.96101E-03   1.07570E-03   9.93100E-05   8.34013E-05   2.72050E-12     2074.70  0
 5.98101E-03   1.06524E-03   9.43497E-05   8.29772E-05   2.53452E-12     1985.31  0
 6.00101E-03   1.05176E-03   8.88145E-05   8.19159E-05   2.25818E-12     1914.37  0
 6.02101E-03   1.04438E-03   8.35818E-05   8.35209E-05   2.07011E-12     1842.42  0
 6.04101E-03   1.03176E-03   7.83086E-05   8.37203E-05   1.88473E-12     1781.61  0
 6.06101E-03   1.01504E-03   7.30425E-05   8.27016E-05   1.70589E-12     1733.72  0
 6.08101E-03   9.98813E-04   6.79207E-05   7.95573E-05   1.53512E-12     1697.20  0
 6.10101E-03   9.83741E-04   6.30635E-05   7.77764E-05   1.37369E-12     1669.85  0
 6.12101E-03   9.64199E-04   5.84837E-05   7.67212E-05   1.22178E-12     1649.90  0
 6.14101E-03   9.47401E-04   5.43270E-05   7.59428E-05   1.08045E-12     1636.57  0
 6.16101E-03   9.25704E-04   5.08454E-05   7.51974E-05   9.48967E-13     1628.20  0
 6.18101E-03   9.04059E-04   4.78573E-05   7.43098E-05   8.28174E-13     1623.78  0
 6.20101E-03   8.75959E-04   4.34472E-05   6.96639E-05   6.74947E-13     1622.36  0
 6.22101E-03   8.47210E-04   4.03944E-05   7.34457E-05   5.70178E-13     1621.26  0
 6.24101E-03   8.17237E-04   3.80278E-05   7.23542E-05   4.77098E-13     1619.81  0
 6.26101E-03   7.85050E-04   3.46191E-05   7.08494E-05   3.92845E-13     1618.07  0
 6.28101E-03   7.51820E-04   3.26585E-05   6.65107E-05   3.18200E-13     1615.99  0
 6.30101E-03   7.16256E-04   2.93406E-05   6.49146E-05   2.51149E-13     1613.62  0
 6.32101E-03   6.75679E-04   2.76533E-05   6.37327E-05   1.92677E-13     1610.99  0
 6.34101E-03   6.34363E-04   2.45102E-05   6.24875E-05   1.42926E-13     1608.05  0
 6.36101E-03   5.90777E-04   2.27996E-05   6.07878E-05   1.00866E-13     1604.83  0
 6.38101E-03   5.40620E-04   1.97478E-05   5.53060E-05   6.56601E-14     1601.25  0
 6.40101E-03   4.74979E-04   1.72965E-05   4.69722E-05   3.36836E-14     1596.43  0
 6.42101E-03   4.16259E-04   1.44034E-05   4.47957E-05   9.53493E-14     1591.81  1
 6.44101E-03   4.22637E-05   1.03815E-04   4.34000E-05   2.41866E-13     1852.48  1
 6.46101E-03   8.06286E-05   1.08111E-04   5.57631E-05   3.94563E-13     2367.39  1
 6.48101E-03   1.12249E-04   1.08657E-04   5.97709E-05   5.43651E-13     2517.06  1
 6.50101E-03   1.46145E-04   1.09068E-04   6.35684E-05   6.95518E-13     2526.72  1
 6.52101E-03   1.78264E-04   1.09464E-04   6.60811E-05   8.45443E-13     2634.37  1
 6.54101E-03   2.10449E-04   1.09720E-04   7.17264E-05   1.00138E-12     2648.46  1
 6.56101E-03   2.41943E-04   1.09882E-04   7.51686E-05   1.15991E-12     2641.70  1
 6.58101E-03   2.75394E-04   1.10139E-04   7.71796E-05   1.31307E-12     2611.78  1
 6.60101E-03   3.04605E-04   1.10102E-04   8.11035E-05   1.45392E-12     2591.19  1
 6.62101E-03   3.37930E-04   1.10546E-04   8.37979E-05   1.59334E-12     2624.18  1
 6.64101E-03   3.69940E-04   1.10686E-04   8.51077E-05   1.72927E-12     2667.07  1
 6.66101E-03   4.02490E-04   1.10704E-04   8.61267E-05   1.86209E-12     2660.51  1
 6.68101E-03   4.32885E-04   1.10694E-04   8.69802E-05   1.99064E-12     2648.51  1
 6.70101E-03   4.65234E-04   1.10681E-04   8.76251E-05   2.10308E-12     2626.47  1
 6.72101E-03   4.95302E-04   1.10846E-04   8.99679E-05   2.21440E-12     2715.58  1
 6.74101E-03   5.21795E-04   1.10914E-04   9.08162E-05   2.32256E-12     2683.31  1
 6.76101E-03   5.52356E-04   1.10906E-04   9.12631E-05   2.42633E-12     2680.55  1
 6.78102E-03   5.80604E-04   1.10869E-04   9.18410E-05   2.52136E-12     2673.37  1
 6.80102E-03   6.07696E-04   1.10800E-04   9.22999E-05   2.61351E-12     2650.90  1
 6.82102E-03   6.36979E-04   1.10979E-04   9.25960E-05   2.69326E-12     2671.82  1
 6.84102E-03   6.64203E-04   1.10964E-04   9.27147E-05   2.77137E-12     2732.80  1
 6.86102E-03   6.89991E-04   1.10954E-04   9.27504E-05   2.84453E-12     2700.42  1
 6.88102E-03   7.19941E-04   1.10927E-04   9.27730E-05   2.91404E-12     2698.99  1
 6.90102E-03   7.43503E-04   1.10858E-04   9.27928E-05   2.97943E-12     2686.48  1
 6.92102E-03   7.74653E-04   1.10773E-04   9.28779E-05   3.03203E-12     2662.52  1
 6.94102E-03   7.98731E-04   1.10814E-04   9.29235E-05   3.08132E-12     2727.72  1
 6.96102E-03   8.27723E-04   1.10845E-04   9.28639E-05   3.12786E-12     2709.71  1
 6.98102E-03   8.52998E-04   1.10789E-04   9.27325E-05   3.16829E-12     2706.73  1
 7.00102E-03   8.77159E-04   1.10629E-04   9.25789E-05   3.20301E-12     2667.53  1
 7.02102E-03   9.05227E-04   1.10637E-04   9.24438E-05   3.23855E-12     2672.44  1
 7.04102E-03   9.34630E-04   1.10484E-04   9.23767E-05   3.25695E-12     2674.24  1
 7.06102E-03   9.56912E-04   1.10438E-04   9.22438E-05   3.27619E-12     2748.70  1
 7.08102E-03   9.83339E-04   1.10400E-04   9.20469E-05   3.28283E-12     2719.89  1
 7.10102E-03   1.00668E-03   1.10263E-04   9.17864E-05   3.28781E-12     2708.77  1
 7.12102E-03   1.02913E-03   1.10005E-04   9.14571E-05   3.29027E-12     2690.58  1
 7.14102E-03   1.05675E-03   1.09635E-04   9.09808E-05   3.27737E-12     2658.61  1
 7.16102E-03   1.07647E-03   1.09487E-04   9.04450E-05   3.25550E-12     2710.19  1
 7.18102E-03   1.09717E-03   1.09232E-04   8.98283E-05   3.22642E-12     2689.79  1
 7.20102E-03   1.11823E-03   1.08902E-04   8.85982E-05   3.18901E-12     2632.67  1
 7.22102E-03   1.14041E-03   1.08524E-04   8.58047E-05   3.14580E-12     2601.90  1
 7.24102E-03   1.16298E-03   1.08290E-04   8.42306E-05   3.10698E-12     2561.60  1
 7.26102E-03   1.18645E-03   1.08183E-04   8.33928E-05   2.88838E-12     2511.98  0
 7.28102E-03   1.17484E-03   1.03508E-04   8.30040E-05   2.66898E-12     2196.96  0
 7.30102E-03   1.16269E-03   9.84312E-05   8.25208E-05   2.45854E-12     2060.90  0
 7.32102E-03   1.15004E-03   9.33724E-05   8.19999E-05   2.26201E-12     1984.96  0
 7.34102E-03   1.13483E-03   8.80205E-05   8.13106E-05   2.07876E-12     1928.24  0
 7.36102E-03   1.11842E-03   8.25638E-05   8.05187E-05   1.90853E-12     1880.09  0
 7.38102E-03   1.10277E-03   7.63410E-05   7.94883E-05   1.74928E-12     1839.56  0
 7.40102E-03   1.08393E-03   6.99122E-05   7.68171E-05   1.52158E-12     1802.69  0
 7.42102E-03   1.06452E-03   6.52450E-05   7.64027E-05   1.36420E-12     1756.17  0
 7.44102E-03   1.04201E-03   6.11350E-05   7.49684E-05   1.21387E-12     1713.70  0
 7.46102E-03   1.01805E-03   5.76800E-05   7.41974E-05   1.07213E-12     1681.13  0
 7.48102E-03   9.92692E-04   5.35749E-05   7.33774E-05   9.40683E-13     1657.71  0
 7.50102E-03   9.63551E-04   5.00066E-05   7.22288E-05   8.19404E-13     1641.69  0
 7.52102E-03   9.34258E-04   4.75578E-05   6.92871E-05   7.07957E-13     1631.30  0
 7.54102E-03   9.01350E-04   4.37010E-05   6.68757E-05   6.05484E-13     1625.31  0
 7.56102E-03   8.67994E-04   4.06523E-05   6.56819E-05   5.11945E-13     1622.89  0
 7.58102E-03   8.32648E-04   3.81073E-05   6.47168E-05   4.27486E-13     1622.14  0
 7.60102E-03   7.96974E-04   3.48278E-05   6.40250E-05   3.51197E-13     1621.08  0
 7.62102E-03   7.61556E-04   3.28322E-05   6.39589E-05   2.83364E-13     1619.70  0
 7.64102E-03   7.13149E-04   2.96283E-05   6.38657E-05   2.23167E-13     1618.00  0
 7.66102E-03   6.59930E-04   2.78648E-05   6.37405E-05   1.70653E-13     1615.97  0
 7.68102E-03   6.03586E-04   2.48679E-05   6.35710E-05   1.25891E-13     1613.58  0
 7.70102E-03   5.44027E-04   2.31447E-05   6.33532E-05   8.86765E-14     1610.85  0
 7.72102E-03   4.86793E-04   2.04900E-05   6.30738E-05   5.78382E-14     1607.72  0
 7.74102E-03   4.25696E-04   1.85803E-05   6.27058E-05   3.40984E-14     1604.14  0
 7.76102E-03   3.57217E-04   1.63876E-05   6.22317E-05   1.22996E-13     1600.00  1
 7.78102E-03   4.39319E-05   1.06992E-04   4.37645E-05   2.92031E-13     1941.65  1
 7.80102E-03   7.49575E-05   1.08881E-04   6.55621E-05   4.64627E-13     2425.28  1
 7.82102E-03   1.09099E-04   1.09678E-04   7.59849E-05   6.39151E-13     2493.65  1
 7.84102E-03   1.44573E-04   1.09971E-04   8.64200E-05   8.11451E-13     2562.78  1
 7.86102E-03   1.74406E-04   1.10217E-04   8.98181E-05   9.79267E-13     2570.81  1
 7.88102E-03   2.04644E-04   1.10427E-04   9.25142E-05   1.14790E-12     2568.06  1
 7.90102E-03   2.35906E-04   1.10569E-04   9.56464E-05   1.31010E-12     2576.81  1
 7.92102E-03   2.69976E-04   1.10633E-04   9.66046E-05   1.46653E-12     2610.65  1
 7.94102E-03   3.02852E-04   1.10686E-04   9.72627E-05   1.61477E-12     2617.57  1
 7.96102E-03   3.32891E-04   1.10732E-04   9.74928E-05   1.75779E-12     2604.17  1
 7.98102E-03   3.63627E-04   1.10830E-04   9.74906E-05   1.89756E-12     2595.56  1
 8.00102E-03   3.95838E-04   1.10898E-04   9.74667E-05   2.02955E-12     2607.55  1
 8.02102E-03   4.30718E-04   1.10922E-04   9.74743E-05   2.15625E-12     2636.07  1
 8.04102E-03   4.62652E-04   1.10949E-04   9.74619E-05   2.27275E-12     2640.95  1
 8.06102E-03   4.92745E-04   1.10944E-04   9.74024E-05   2.38258E-12     2630.86  1
 8.08102E-03   5.23649E-04   1.10964E-04   9.73279E-05   2.49012E-12     2615.59  1
 8.10102E-03   5.56361E-04   1.10996E-04   9.72663E-05   2.59220E-12     2638.60  1
 8.12102E-03   5.91512E-04   1.11001E-04   9.72111E-05   2.68193E-12     2656.43  1
 8.14102E-03   6.22894E-04   1.11035E-04   9.71381E-05   2.76585E-12     2659.80  1
 8.16103E-03   6.52259E-04   1.10982E-04   9.70411E-05   2.84510E-12     2631.72  1
 8.18103E-03   6.83123E-04   1.10981E-04   9.69223E-05   2.92089E-12     2622.89  1
 8.20103E-03   7.12257E-04   1.10956E-04   9.67159E-05   2.98517E-12     2643.41  1
 8.22103E-03   7.44168E-04   1.10996E-04   9.64216E-05   3.04717E-12     2645.55  1
 8.24103E-03   7.68138E-04   1.10988E-04   9.60691E-05   3.10512E-12     2615.57  1
 8.26103E-03   7.94982E-04   1.10945E-04   9.36660E-05   3.15711E-12     2658.76  1
 8.28103E-03   8.21794E-04   1.10918E-04   9.35349E-05   3.20445E-12     2680.96  1
 8.30103E-03   8.47144E-04   1.10875E-04   9.33828E-05   3.24235E-12     2680.65  1
 8.32103E-03   8.71886E-04   1.10820E-04   9.32690E-05   3.27892E-12     2659.26  1
 8.34103E-03   8.95561E-04   1.10766E-04   9.32054E-05   3.30925E-12     2642.58  1
 8.36103E-03   9.24685E-04   1.10775E-04   9.30495E-05   3.33698E-12     2671.18  1
 8.38103E-03   9.52067E-04   1.10712E-04   9.27404E-05   3.35914E-12     2687.58  1
 8.40103E-03   9.75992E-04   1.10586E-04   9.23731E-05   3.37179E-12     2659.32  1
 8.42103E-03   1.00358E-03   1.10616E-04   9.19900E-05   3.38101E-12     2678.68  1
 8.44103E-03   1.02909E-03   1.10510E-04   9.16158E-05   3.38754E-12     2693.00  1
 8.46103E-03   1.05933E-03   1.10321E-04   9.09565E-05   3.38366E-12     2682.32  1
 8.48103E-03   1.07984E-03   1.10102E-04   9.02989E-05   3.37428E-12     2654.12  1
 8.50103E-03   1.10682E-03   1.09961E-04   8.92171E-05   3.36336E-12     2640.29  1
 8.52103E-03   1.12867E-03   1.09806E-04   8.74721E-05   3.33947E-12     2614.28  1
 8.54103E-03   1.15720E-03   1.09561E-04   8.50694E-05   3.31180E-12     2644.55  1
 8.56103E-03   1.18143E-03   1.09207E-04   8.43161E-05   3.27701E-12     2627.32  1
 8.58103E-03   1.20473E-03   1.08910E-04   8.40091E-05   3.06429E-12     2608.91  0
 8.60103E-03   1.19715E-03   1.05859E-04   8.29413E-05   2.80226E-12     2289.86  0
 8.62103E-03   1.18648E-03   1.02576E-04   8.55373E-05   2.58560E-12     2105.55  0
 8.64103E-03   1.17487E-03   9.78626E-05   8.51901E-05   2.37142E-12     1977.24  0
 8.66103E-03   1.16187E-03   9.30729E-05   8.27311E-05   2.16147E-12     1884.43  0
 8.68103E-03   1.14777E-03   8.81817E-05   8.07662E-05   1.96083E-12     1820.24  0
 8.70103E-03   1.12713E-03   8.33030E-05   7.96267E-05   1.77067E-12     1770.98  0
 8.72103E-03   1.10650E-03   7.83252E-05   7.86071E-05   1.59227E-12     1731.11  0
 8.74103E-03   1.08297E-03   7.34320E-05   7.75309E-05   1.42565E-12     1699.71  0
 8.76103E-03   1.05671E-03   6.86247E-05   7.64405E-05   1.27080E-12     1674.57  0
 8.78103E-03   1.02977E-03   6.39622E-05   7.51996E-05   1.12718E-12     1655.27  0
 8.80103E-03   9.92901E-04   5.76812E-05   7.13626E-05   9.39812E-13     1640.07  0
 8.82103E-03   9.69112E-04   5.41065E-05   7.37418E-05   8.14742E-13     1628.45  0
 8.84103E-03   9.37692E-04   5.02813E-05   7.27915E-05   7.00840E-13     1623.36  0
 8.86103E-03   9.01866E-04   4.75381E-05   7.15778E-05   5.98293E-13     1622.24  0
 8.88103E-03   8.64619E-04   4.35597E-05   6.79598E-05   5.05418E-13     1621.08  0
 8.90103E-03   8.25721E-04   4.02296E-05   6.61309E-05   4.21519E-13     1619.64  0
 8.92103E-03   7.80306E-04   3.78077E-05   6.50013E-05   3.46901E-13     1617.94  0
 8.94103E-03   7.32664E-04   3.42763E-05   6.40318E-05   2.80863E-13     1615.99  0
 8.96103E-03   6.82401E-04   3.20363E-05   6.29467E-05   2.23243E-13     1613.79  0
 8.98103E-03   6.31756E-04   2.88822E-05   6.14576E-05   1.73639E-13     1611.33  0
 9.00103E-03   5.71303E-04   2.55473E-05   5.26030E-05   1.18022E-13     1608.29  0
 9.02103E-03   5.21793E-04   2.33618E-05   5.85441E-05   8.19716E-14     1605.27  0
 9.04103E-03   4.65727E-04   2.05456E-05   5.42512E-05   5.25861E-14     1601.88  0
 9.06103E-03   4.05058E-04   1.83604E-05   5.03620E-05   3.02503E-14     1598.09  0
 9.08103E-03   3.41804E-04   1.54337E-05   4.45505E-05   1.46504E-13     1593.52  1
 9.10103E-03   4.22671E-05   1.07746E-04   5.41225E-05   3.22639E-13     1985.47  1
 9.12103E-03   8.15341E-05   1.09790E-04   7.21082E-05   5.04018E-13     2447.34  1
 9.14103E-03   1.13438E-04   1.10320E-04   8.04192E-05   6.91240E-13     2606.88  1
 9.16103E-03   1.47604E-04   1.10561E-04   8.57526E-05   8.75432E-13     2610.34  1
 9.18103E-03   1.79491E-04   1.10713E-04   8.91094E-05   1.05429E-12     2691.56  1
 9.20103E-03   2.11357E-04   1.10522E-04   9.29765E-05   1.22699E-12     2618.51  1
 9.22103E-03   2.45459E-04   1.10767E-04   9.52360E-05   1.39214E-12     2603.35  1
 9.24103E-03   2.77007E-04   1.10941E-04   9.57740E-05   1.55429E-12     2685.30  1
 9.26103E-03   3.09239E-04   1.10967E-04   9.63222E-05   1.71000E-12     2680.46  1
 9.28103E-03   3.41975E-04   1.10962E-04   9.67473E-05   1.85782E-12     2675.30  1
 9.30103E-03   3.75095E-04   1.10946E-04   9.70081E-05   1.99590E-12     2657.77  1
 9.32103E-03   4.06268E-04   1.11009E-04   9.70265E-05   2.12686E-12     2702.50  1
 9.34103E-03   4.37734E-04   1.11043E-04   9.69312E-05   2.25632E-12     2702.60  1
 9.36103E-03   4.69982E-04   1.11056E-04   9.67304E-05   2.37858E-12     2688.40  1
 9.38103E-03   5.01794E-04   1.11036E-04   9.65324E-05   2.49769E-12     2689.48  1
 9.40103E-03   5.34503E-04   1.11004E-04   9.63004E-05   2.59525E-12     2666.24  1
 9.42103E-03   5.66524E-04   1.11085E-04   9.62078E-05   2.68949E-12     2730.44  1
 9.44103E-03   5.97100E-04   1.11084E-04   9.60758E-05   2.78070E-12     2725.49  1
 9.46104E-03   6.26920E-04   1.11059E-04   9.59075E-05   2.86949E-12     2701.48  1
 9.48104E-03   6.53866E-04   1.11040E-04   9.57219E-05   2.95216E-12     2700.65  1
 9.50104E-03   6.82039E-04   1.11015E-04   9.55887E-05   3.02930E-12     2689.63  1
 9.52104E-03   7.11634E-04   1.10921E-04   9.55157E-05   3.09363E-12     2670.70  1
 9.54104E-03   7.38534E-04   1.10978E-04   9.54067E-05   3.15430E-12     2751.18  1
 9.56104E-03   7.67736E-04   1.10993E-04   9.52310E-05   3.21085E-12     2715.06  1
 9.58104E-03   7.93679E-04   1.10959E-04   9.49583E-05   3.26674E-12     2709.45  1
 9.60104E-03   8.23298E-04   1.10864E-04   9.46244E-05   3.30950E-12     2679.34  1
 9.62104E-03   8.52428E-04   1.10913E-04   9.44446E-05   3.34383E-12     2721.19  1
 9.64104E-03   8.76472E-04   1.10869E-04   9.42957E-05   3.37610E-12     2767.79  1
 9.66104E-03   9.04533E-04   1.10823E-04   9.40576E-05   3.39660E-12     2727.85  1
 9.68104E-03   9.34322E-04   1.10805E-04   9.36898E-05   3.41996E-12     2715.25  1
 9.70104E-03   9.58686E-04   1.10710E-04   9.32732E-05   3.44299E-12     2712.98  1
 9.72104E-03   9.89737E-04   1.10540E-04   9.30369E-05   3.44696E-12     2685.58  1
 9.74104E-03   1.01633E-03   1.10465E-04   9.27510E-05   3.45252E-12     2765.80  1
 9.76104E-03   1.04165E-03   1.10419E-04   9.23548E-05   3.45106E-12     2721.49  1
 9.78104E-03   1.07091E-03   1.10310E-04   9.18513E-05   3.44157E-12     2701.33  1
 9.80104E-03   1.09582E-03   1.10080E-04   9.10714E-05   3.43212E-12     2696.45  1
 9.82104E-03   1.12519E-03   1.09705E-04   9.02455E-05   3.23078E-12     2678.39  0
 9.84104E-03   1.11932E-03   1.07812E-04   8.91256E-05   3.02265E-12     2318.73  0
 9.86104E-03   1.11650E-03   1.03735E-04   8.67682E-05   2.81642E-12     2148.88  0
 9.88104E-03   1.10732E-03   9.98010E-05   8.46627E-05   2.61454E-12     2050.67  0
 9.90104E-03   1.10392E-03   9.62614E-05   8.37967E-05   2.42145E-12     1973.44  0
 9.92104E-03   1.09421E-03   9.25805E-05   8.34104E-05   2.23682E-12     1913.39  0
 9.94104E-03   1.08705E-03   8.80190E-05   8.29329E-05   2.06141E-12     1861.03  0
 9.96104E-03   1.07978E-03   8.35052E-05   8.23209E-05   1.89420E-12     1815.86  0
 9.98104E-03   1.06909E-03   7.92057E-05   8.15800E-05   1.73485E-12     1776.33  0
 1.00010E-02   1.05674E-03   7.43267E-05   7.86731E-05   1.52977E-12     1740.21  0
 1.00210E-02   1.04666E-03   7.05747E-05   7.83504E-05   1.37583E-12     1699.26  0
 1.00410E-02   1.03128E-03   6.73114E-05   7.65852E-05   1.22908E-12     1669.16  0
 1.00610E-02   1.01180E-03   6.31665E-05   7.57185E-05   1.09191E-12     1648.89  0
 1.00810E-02   9.88493E-04   5.91641E-05   7.48554E-05   9.64693E-13     1635.81  0
 1.01010E-02   9.61599E-04   5.57548E-05   7.40038E-05   8.47737E-13     1627.84  0
 1.01210E-02   9.27878E-04   5.28069E-05   7.27646E-05   7.41011E-13     1623.78  0
 1.01410E-02   8.92293E-04   4.89164E-05   6.95713E-05   6.43098E-13     1622.63  0
 1.01610E-02   8.56034E-04   4.58002E-05   6.76473E-05   5.53553E-13     1621.86  0
 1.01810E-02   8.20209E-04   4.30205E-05   6.66450E-05   4.72127E-13     1620.83  0
 1.02010E-02   7.70393E-04   3.88312E-05   6.28746E-05   3.74109E-13     1619.22  0
 1.02210E-02   7.28891E-04   3.62283E-05   6.71260E-05   3.06852E-13     1617.64  0
 1.02410E-02   6.81969E-04   3.35881E-05   6.49495E-05   2.47204E-13     1615.80  0
 1.02610E-02   6.33578E-04   3.09860E-05   6.38402E-05   1.95228E-13     1613.71  0
 1.02810E-02   5.83118E-04   2.86340E-05   6.27247E-05   1.50812E-13     1611.38  0
 1.03010E-02   5.27973E-04   2.62164E-05   6.12274E-05   1.12981E-13     1608.78  0
 1.03210E-02   4.72002E-04   2.38182E-05   5.65187E-05   2.20826E-13     1605.86  1
 1.03410E-02   5.03513E-05   1.07984E-04   4.72475E-05   3.90672E-13     2002.33  1
 1.03610E-02   8.15239E-05   1.10398E-04   6.97987E-05   5.59959E-13     2530.54  1
 1.03810E-02   3.14337E-04   1.10867E-04   1.34195E-04   7.49418E-13     2552.43  1
 1.04010E-02   2.48149E-04   1.10598E-04   1.28440E-04   9.19511E-13     2540.58  1
 1.04210E-02   1.95193E-04   1.10822E-04   1.31759E-04   1.10511E-12     2616.17  1
 1.04410E-02   2.11887E-04   1.10942E-04   1.28294E-04   1.27832E-12     2633.72  1
 1.04610E-02   2.42317E-04   1.10979E-04   1.25781E-04   1.45226E-12     2621.36  1
 1.04810E-02   2.73221E-04   1.11017E-04   1.24106E-04   1.62332E-12     2584.46  1
 1.05010E-02   3.06316E-04   1.11045E-04   1.21317E-04   1.78340E-12     2617.14  1
 1.05210E-02   3.41595E-04   1.11054E-04   1.19361E-04   1.93726E-12     2638.79  1
 1.05410E-02   3.71849E-04   1.11081E-04   1.18561E-04   2.07860E-12     2626.08  1
 1.05610E-02   4.02376E-04   1.11064E-04   1.17938E-04   2.21680E-12     2634.21  1
 1.05810E-02   4.33592E-04   1.11061E-04   1.17357E-04   2.34970E-12     2613.60  1
 1.06010E-02   4.64353E-04   1.11060E-04   1.16583E-04   2.46635E-12     2629.60  1
 1.06210E-02   5.01000E-04   1.11108E-04   1.15860E-04   2.57931E-12     2633.41  1
 1.06410E-02   5.31918E-04   1.11118E-04   1.15310E-04   2.68808E-12     2604.49  1
 1.06610E-02   5.64099E-04   1.11069E-04   1.14687E-04   2.79092E-12     2635.16  1
 1.06810E-02   5.98640E-04   1.11067E-04   1.13521E-04   2.88435E-12     2661.68  1
 1.07010E-02   6.31105E-04   1.11093E-04   1.11291E-04   2.96533E-12     2665.30  1
 1.07210E-02   6.57252E-04   1.11031E-04   1.09262E-04   3.04464E-12     2647.71  1
 1.07410E-02   6.85478E-04   1.11019E-04   1.08371E-04   3.11973E-12     2632.07  1
 1.07610E-02   7.16264E-04   1.11008E-04   1.07646E-04   3.18560E-12     2649.04  1
 1.07810E-02   7.50617E-04   1.10995E-04   1.06960E-04   3.24649E-12     2672.72  1
 1.08010E-02   7.77937E-04   1.10966E-04   1.06271E-04   3.29388E-12     2650.27  1
 1.08210E-02   8.01412E-04   1.10958E-04   1.05472E-04   3.33964E-12     2640.76  1
 1.08410E-02   8.29576E-04   1.10933E-04   1.04627E-04   3.38251E-12     2683.87  1
 1.08610E-02   8.55983E-04   1.10854E-04   1.03393E-04   3.41760E-12     2679.06  1
 1.08810E-02   8.83776E-04   1.10766E-04   1.00899E-04   3.44279E-12     2670.39  1
 1.09010E-02   9.07598E-04   1.10625E-04   9.85748E-05   3.46375E-12     2667.62  1
 1.09210E-02   9.35714E-04   1.10527E-04   9.75359E-05   3.47733E-12     2647.54  1
 1.09410E-02   9.63535E-04   1.10394E-04   9.67332E-05   3.29800E-12     2668.88  0
 1.09610E-02   9.60645E-04   1.08331E-04   9.60752E-05   3.10612E-12     2323.38  0
 1.09810E-02   9.58270E-04   1.04971E-04   9.52898E-05   2.91128E-12     2161.28  0
 1.10010E-02   9.49960E-04   1.02075E-04   9.35901E-05   2.66385E-12     2056.04  0
 1.10210E-02   9.49461E-04   9.81176E-05   9.35085E-05   2.47400E-12     1961.94  0
 1.10410E-02   9.41943E-04   9.39215E-05   9.27782E-05   2.28895E-12     1887.20  0
 1.10610E-02   9.38756E-04   9.00380E-05   9.15140E-05   2.10925E-12     1829.24  0
 1.10810E-02   9.31512E-04   8.64362E-05   8.81830E-05   1.93628E-12     1782.18  0
 1.11010E-02   9.27004E-04   8.27866E-05   8.72735E-05   1.77130E-12     1744.59  0
 1.11210E-02   9.19089E-04   7.83992E-05   8.67868E-05   1.61441E-12     1713.55  0
 1.11410E-02   9.14220E-04   7.43135E-05   8.64880E-05   1.46595E-12     1687.95  0
 1.11610E-02   9.04894E-04   7.05530E-05   8.61540E-05   1.32568E-12     1667.33  0
 1.11810E-02   8.98094E-04   6.74341E-05   8.57770E-05   1.19410E-12     1651.35  0
 1.12010E-02   8.83293E-04   6.22126E-05   8.10152E-05   1.01819E-12     1638.25  0
 1.12210E-02   8.75588E-04   5.85475E-05   8.76089E-05   8.99587E-13     1628.79  0
 1.12410E-02   8.62359E-04   5.48663E-05   8.54485E-05   7.89907E-13     1623.97  0
 1.12610E-02   8.44800E-04   5.20929E-05   8.45174E-05   6.88359E-13     1622.63  0
 1.12810E-02   8.29418E-04   4.84219E-05   8.38127E-05   5.95796E-13     1621.82  0
 1.13010E-02   8.05333E-04   4.49484E-05   8.29790E-05   5.11102E-13     1620.77  0
 1.13210E-02   7.79113E-04   4.26360E-05   8.21132E-05   4.34620E-13     1619.51  0
 1.13410E-02   7.45222E-04   3.89540E-05   8.04126E-05   3.65581E-13     1618.05  0
 1.13610E-02   6.98923E-04   3.65858E-05   7.67526E-05   3.03694E-13     1616.43  0
 1.13810E-02   6.49947E-04   3.37670E-05   7.54118E-05   2.48481E-13     1614.64  0
 1.14010E-02   5.92612E-04   3.11431E-05   6.90104E-05   1.86570E-13     1612.11  0
 1.14210E-02   5.43891E-04   2.86764E-05   7.60335E-05   1.43361E-13     1609.88  0
 1.14411E-02   4.95121E-04   2.64064E-05   7.12117E-05   2.48225E-13     1607.48  1
 1.14611E-02   4.47074E-04   1.08128E-04   1.32722E-04   4.22505E-13     2026.42  1
 1.14811E-02   3.95842E-04   1.10315E-04   1.38004E-04   6.01582E-13     2496.13  1
 1.15011E-02   3.42287E-04   1.10773E-04   1.35862E-04   7.80601E-13     2635.44  1
 1.15211E-02   2.91295E-04   1.10952E-04   1.33638E-04   9.62623E-13     2696.30  1
 1.15411E-02   2.41951E-04   1.11021E-04   1.32608E-04   1.14416E-12     2711.63  1
 1.15611E-02   2.13411E-04   1.11054E-04   1.31828E-04   1.32292E-12     2727.15  1
 1.15811E-02   2.44264E-04   1.11056E-04   1.30637E-04   1.51118E-12     2738.10  1
 1.16011E-02   2.76602E-04   1.10600E-04   1.28790E-04   1.68642E-12     2646.98  1
 1.16211E-02   3.13248E-04   1.10936E-04   1.33383E-04   1.84362E-12     2662.75  1
 1.16411E-02   3.44455E-04   1.11076E-04   1.32767E-04   1.99861E-12     2730.51  1
 1.16611E-02   3.76997E-04   1.11067E-04   1.30803E-04   2.14977E-12     2693.80  1
 1.16811E-02   4.09864E-04   1.11054E-04   1.28889E-04   2.29307E-12     2688.93  1
 1.17011E-02   4.40441E-04   1.11041E-04   1.28076E-04   2.42785E-12     2688.68  1
 1.17211E-02   4.74486E-04   1.10952E-04   1.27448E-04   2.55134E-12     2665.60  1
 1.17411E-02   5.05697E-04   1.11043E-04   1.26900E-04   2.66486E-12     2720.40  1
 1.17611E-02   5.37701E-04   1.11066E-04   1.26142E-04   2.77517E-12     2709.67  1
 1.17811E-02   5.70119E-04   1.11051E-04   1.25383E-04   2.88431E-12     2703.81  1
 1.18011E-02   6.01600E-04   1.11007E-04   1.24577E-04   2.97862E-12     2694.65  1
 1.18211E-02   6.30154E-04   1.11015E-04   1.23212E-04   3.05980E-12     2736.78  1
 1.18411E-02   6.59373E-04   1.11034E-04   1.20724E-04   3.14085E-12     2749.64  1
 1.18611E-02   6.88984E-04   1.11013E-04   1.18390E-04   3.21579E-12     2713.97  1
 1.18811E-02   7.15989E-04   1.10967E-04   1.17305E-04   3.28894E-12     2708.45  1
 1.19011E-02   7.46508E-04   1.10848E-04   1.16497E-04   3.34749E-12     2692.56  1
 1.19211E-02   7.74913E-04   1.10796E-04   1.15704E-04   3.39104E-12     2746.42  1
 1.19411E-02   7.99939E-04   1.10678E-04   1.14755E-04   3.43043E-12     2738.53  1
 1.19611E-02   8.29098E-04   1.10560E-04   1.13802E-04   3.27466E-12     2699.34  0
 1.19811E-02   8.24752E-04   1.08517E-04   1.12491E-04   3.10320E-12     2315.42  0
 1.20011E-02   8.18481E-04   1.05095E-04   1.08370E-04   2.86463E-12     2149.29  0
 1.20211E-02   8.18054E-04   1.02662E-04   1.07562E-04   2.66646E-12     2018.76  0
 1.20411E-02   8.15805E-04   9.84866E-05   1.07526E-04   2.46991E-12     1915.94  0
 1.20611E-02   8.09244E-04   9.45903E-05   1.07986E-04   2.27897E-12     1839.56  0
 1.20811E-02   8.06211E-04   9.13317E-05   1.08506E-04   2.09590E-12     1781.50  0
 1.21011E-02   8.03780E-04   8.78626E-05   1.08498E-04   1.92116E-12     1738.62  0
 1.21211E-02   7.96379E-04   8.37215E-05   1.06460E-04   1.75576E-12     1705.55  0
 1.21411E-02   7.93710E-04   7.98657E-05   1.05164E-04   1.59906E-12     1679.86  0
 1.21611E-02   7.87522E-04   7.65689E-05   1.04226E-04   1.45132E-12     1660.54  0
 1.21811E-02   7.82972E-04   7.29593E-05   1.03294E-04   1.31300E-12     1646.06  0
 1.22011E-02   7.76243E-04   6.77255E-05   9.63707E-05   1.14464E-12     1634.83  0
 1.22211E-02   7.71766E-04   6.40937E-05   9.63128E-05   1.01935E-12     1627.73  0
 1.22411E-02   7.65284E-04   6.05340E-05   9.53967E-05   9.04596E-13     1623.82  0
 1.22611E-02   7.56668E-04   5.76614E-05   9.45346E-05   7.98286E-13     1622.69  0
 1.22811E-02   7.44985E-04   5.36556E-05   9.15421E-05   6.99703E-13     1622.01  0
 1.23011E-02   7.29576E-04   5.02978E-05   8.91222E-05   6.08015E-13     1621.11  0
 1.23211E-02   7.16903E-04   4.77810E-05   8.81909E-05   5.23357E-13     1620.01  0
 1.23411E-02   7.01666E-04   4.40585E-05   8.71570E-05   4.45626E-13     1618.74  0
 1.23611E-02   6.88260E-04   4.15841E-05   8.59104E-05   3.74788E-13     1617.30  0
 1.23811E-02   6.68556E-04   3.85722E-05   8.44458E-05   3.11141E-13     1615.74  0
 1.24011E-02   6.49657E-04   3.55978E-05   8.07132E-05   2.42863E-13     1613.50  0
 1.24211E-02   6.25215E-04   3.33358E-05   7.99488E-05   1.91853E-13     1611.55  0
 1.24411E-02   5.97360E-04   3.05332E-05   7.52675E-05   1.47251E-13     1609.43  0
 1.24611E-02   5.55164E-04   2.83776E-05   6.93555E-05   2.53088E-13     1607.15  1
 1.24811E-02   4.99207E-04   1.07994E-04   1.36967E-04   4.22152E-13     2003.85  1
 1.25011E-02   4.34072E-04   1.10430E-04   1.44787E-04   5.99305E-13     2513.76  1
 1.25211E-02   3.64356E-04   1.10892E-04   1.45567E-04   7.88913E-13     2638.28  1
 1.25411E-02   3.02648E-04   1.11013E-04   1.44891E-04   9.76479E-13     2675.63  1
 1.25611E-02   2.51063E-04   1.11061E-04   1.40854E-04   1.16221E-12     2690.88  1
 1.25811E-02   2.14449E-04   1.11066E-04   1.39157E-04   1.33768E-12     2686.36  1
 1.26011E-02   2.40978E-04   1.10722E-04   1.37175E-04   1.49931E-12     2618.95  1
 1.26211E-02   2.75237E-04   1.10947E-04   1.38875E-04   1.67420E-12     2617.90  1
 1.26411E-02   3.07024E-04   1.11054E-04   1.36540E-04   1.84096E-12     2618.44  1
 1.26611E-02   3.40267E-04   1.11044E-04   1.35722E-04   1.99550E-12     2670.45  1
 1.26811E-02   3.75500E-04   1.11055E-04   1.34526E-04   2.14132E-12     2685.42  1
 1.27011E-02   4.06181E-04   1.11094E-04   1.32349E-04   2.27848E-12     2682.07  1
 1.27211E-02   4.35925E-04   1.11049E-04   1.29949E-04   2.41052E-12     2657.38  1
 1.27411E-02   4.66358E-04   1.11058E-04   1.28899E-04   2.53530E-12     2647.93  1
 1.27611E-02   4.98499E-04   1.11055E-04   1.28039E-04   2.65490E-12     2683.53  1
 1.27811E-02   5.31736E-04   1.11051E-04   1.26974E-04   2.76525E-12     2693.92  1
 1.28011E-02   5.62356E-04   1.11061E-04   1.25969E-04   2.86475E-12     2690.35  1
 1.28211E-02   5.92225E-04   1.10975E-04   1.25024E-04   2.95728E-12     2677.93  1
 1.28411E-02   6.22432E-04   1.10888E-04   1.23651E-04   3.04391E-12     2662.37  1
 1.28611E-02   6.49704E-04   1.10786E-04   1.20628E-04   3.11945E-12     2681.60  1
 1.28811E-02   6.80081E-04   1.10611E-04   1.18888E-04   2.99075E-12     2681.06  0
 1.29011E-02   6.75198E-04   1.08551E-04   1.17931E-04   2.84755E-12     2321.07  0
 1.29211E-02   6.71874E-04   1.05740E-04   1.17209E-04   2.69489E-12     2149.90  0
 1.29411E-02   6.69390E-04   1.02975E-04   1.16341E-04   2.54332E-12     2043.69  0
 1.29611E-02   6.63487E-04   9.90044E-05   1.15370E-04   2.39326E-12     1966.67  0
 1.29811E-02   6.60556E-04   9.54555E-05   1.14046E-04   2.24708E-12     1904.03  0
 1.30011E-02   6.54775E-04   9.13054E-05   1.11058E-04   2.05122E-12     1846.11  0
 1.30211E-02   6.52771E-04   8.79283E-05   1.11925E-04   1.91042E-12     1783.94  0
 1.30411E-02   6.48318E-04   8.37197E-05   1.09709E-04   1.77295E-12     1737.71  0
 1.30611E-02   6.44382E-04   7.98964E-05   1.07319E-04   1.64008E-12     1704.28  0
 1.30811E-02   6.42073E-04   7.66083E-05   1.06191E-04   1.51273E-12     1678.52  0
 1.31011E-02   6.35792E-04   7.29830E-05   1.05299E-04   1.39137E-12     1659.11  0
 1.31211E-02   6.33068E-04   6.90628E-05   1.04362E-04   1.27643E-12     1644.92  0
 1.31411E-02   6.27467E-04   6.59344E-05   1.03403E-04   1.16765E-12     1634.73  0
 1.31611E-02   6.23374E-04   6.30207E-05   1.02111E-04   1.06508E-12     1627.92  0
 1.31811E-02   6.18436E-04   5.92459E-05   9.90059E-05   9.68331E-13     1624.04  0
 1.32011E-02   6.07091E-04   5.58620E-05   9.31543E-05   8.41078E-13     1622.75  0
 1.32211E-02   6.03525E-04   5.31067E-05   1.00281E-04   7.53238E-13     1622.15  0
 1.32411E-02   5.90908E-04   4.96437E-05   9.63062E-05   6.70857E-13     1621.36  0
 1.32611E-02   5.82426E-04   4.75080E-05   9.50259E-05   5.93468E-13     1620.39  0
 1.32811E-02   5.69182E-04   4.39858E-05   9.41133E-05   5.21255E-13     1619.26  0
 1.33011E-02   5.57764E-04   4.15914E-05   9.31686E-05   4.54092E-13     1618.00  0
 1.33211E-02   5.47732E-04   3.88334E-05   9.22546E-05   3.92191E-13     1616.61  0
 1.33411E-02   5.33826E-04   3.65986E-05   9.08745E-05   3.34830E-13     1615.06  0
 1.33611E-02   5.20883E-04   3.40150E-05   8.70870E-05   2.81992E-13     1613.36  0
 1.33811E-02   5.04832E-04   3.23548E-05   8.55151E-05   3.73921E-13     1611.54  1
 1.34011E-02   4.83826E-04   1.07476E-04   1.44694E-04   5.21723E-13     1935.77  1
 1.34211E-02   4.66465E-04   1.10243E-04   1.53945E-04   6.82729E-13     2446.69  1
 1.34411E-02   4.43231E-04   1.10702E-04   1.53234E-04   8.52852E-13     2591.03  1
 1.34611E-02   4.14972E-04   1.10825E-04   1.50922E-04   1.03157E-12     2637.91  1
 1.34811E-02   3.87776E-04   1.10862E-04   1.50191E-04   1.20274E-12     2653.41  1
 1.35011E-02   3.52584E-04   1.10884E-04   1.49394E-04   1.37072E-12     2660.16  1
 1.35211E-02   3.11646E-04   1.10888E-04   1.48217E-04   1.53773E-12     2644.37  1
 1.35411E-02   2.92332E-04   1.10904E-04   1.46635E-04   1.70013E-12     2667.55  1
 1.35611E-02   3.17618E-04   1.10950E-04   1.43190E-04   1.86154E-12     2686.40  1
 1.35811E-02   3.44318E-04   1.10940E-04   1.42154E-04   2.01654E-12     2671.39  1
 1.36011E-02   3.74948E-04   1.10887E-04   1.41172E-04   2.16962E-12     2676.84  1
 1.36211E-02   4.08325E-04   1.10819E-04   1.40332E-04   2.29840E-12     2659.32  1
 1.36411E-02   4.38981E-04   1.10892E-04   1.39080E-04   2.42444E-12     2739.92  1
 1.36611E-02   4.70642E-04   1.10872E-04   1.37644E-04   2.54412E-12     2688.64  1
 1.36811E-02   5.03101E-04   1.10735E-04   1.34506E-04   2.46029E-12     2676.54  0
 1.37011E-02   5.02839E-04   1.08684E-04   1.33177E-04   2.36006E-12     2288.92  0
 1.37211E-02   5.02451E-04   1.06171E-04   1.32416E-04   2.25210E-12     2132.77  0
 1.37411E-02   5.01910E-04   1.03212E-04   1.31586E-04   2.14030E-12     2035.49  0
 1.37611E-02   5.01252E-04   9.94650E-05   1.30679E-04   2.02795E-12     1965.44  0
 1.37811E-02   5.00469E-04   9.62942E-05   1.29775E-04   1.91748E-12     1908.58  0
 1.38011E-02   4.98370E-04   9.27243E-05   1.27604E-04   1.79906E-12     1857.63  0
 1.38211E-02   5.01710E-04   8.87678E-05   1.26199E-04   1.69128E-12     1805.73  0
 1.38411E-02   5.01652E-04   8.50449E-05   1.23243E-04   1.58582E-12     1765.74  0
 1.38611E-02   4.99039E-04   8.22493E-05   1.21202E-04   1.48313E-12     1733.27  0
 1.38811E-02   4.93574E-04   7.82675E-05   1.19780E-04   1.38372E-12     1707.10  0
 1.39011E-02   4.87239E-04   7.44220E-05   1.18483E-04   1.28777E-12     1685.44  0
 1.39211E-02   4.83046E-04   7.13538E-05   1.17060E-04   1.19536E-12     1667.46  0
 1.39411E-02   4.76929E-04   6.81427E-05   1.15649E-04   1.10683E-12     1652.86  0
 1.39611E-02   4.73084E-04   6.46639E-05   1.13943E-04   1.02193E-12     1641.44  0
 1.39811E-02   4.67654E-04   6.25331E-05   1.10932E-04   9.41088E-13     1632.84  0
 1.40011E-02   4.63067E-04   5.88316E-05   1.08461E-04   8.63809E-13     1627.24  0
 1.40211E-02   4.59257E-04   5.61754E-05   1.07216E-04   7.90884E-13     1623.98  0
 1.40411E-02   4.52059E-04   5.34271E-05   1.06150E-04   7.21851E-13     1622.86  0
 1.40611E-02   4.44125E-04   5.04180E-05   1.05048E-04   6.56447E-13     1622.42  0
 1.40811E-02   4.34450E-04   4.81672E-05   1.03704E-04   5.94818E-13     1621.83  0
 1.41011E-02   4.25167E-04   4.51921E-05   1.01164E-04   5.36620E-13     1621.09  0
 1.41211E-02   4.15919E-04   4.31863E-05   9.80801E-05   4.81279E-13     1620.23  0
 1.41411E-02   4.06326E-04   4.04184E-05   9.66681E-05   4.29078E-13     1619.22  0
 1.41611E-02   3.96714E-04   3.85400E-05   9.54180E-05   3.80095E-13     1618.08  0
 1.41811E-02   3.87410E-04   3.63708E-05   9.42214E-05   4.70566E-13     1616.82  1
 1.42011E-02   4.16903E-05   1.07292E-04   4.56037E-05   6.01101E-13     1913.79  1
 1.42211E-02   8.12031E-05   1.10091E-04   6.27311E-05   7.41464E-13     2472.24  1
 1.42411E-02   1.12267E-04   1.10582E-04   7.28361E-05   8.88735E-13     2567.25  1
 1.42611E-02   1.43405E-04   1.10711E-04   7.53115E-05   1.04843E-12     2529.17  1
 1.42811E-02   3.27871E-04   1.10729E-04   1.69531E-04   1.21519E-12     2574.37  1
 1.43011E-02   3.17306E-04   1.10710E-04   1.68465E-04   1.37676E-12     2587.41  1
 1.43211E-02   3.02958E-04   1.10692E-04   1.67020E-04   1.53129E-12     2597.95  1
 1.43411E-02   2.92213E-04   1.10695E-04   1.62853E-04   1.68006E-12     2601.02  1
 1.43611E-02   3.06157E-04   1.10712E-04   1.60557E-04   1.82466E-12     2629.75  1
 1.43811E-02   3.36932E-04   1.10614E-04   1.58993E-04   1.96409E-12     2636.95  1
 1.44011E-02   3.70579E-04   1.10280E-04   1.55854E-04   1.90499E-12     2584.58  0
 1.44211E-02   3.72398E-04   1.08281E-04   1.54746E-04   1.82669E-12     2239.47  0
 1.44411E-02   3.73113E-04   1.04973E-04   1.49749E-04   1.74000E-12     2068.02  0
 1.44611E-02   3.73161E-04   1.02547E-04   1.47888E-04   1.64887E-12     1963.49  0
 1.44811E-02   3.73026E-04   9.83697E-05   1.46138E-04   1.55642E-12     1895.50  0
 1.45011E-02   3.72866E-04   9.43996E-05   1.42373E-04   1.46543E-12     1844.12  0
 1.45211E-02   3.72756E-04   9.08261E-05   1.39431E-04   1.37653E-12     1801.35  0
 1.45411E-02   3.72659E-04   8.76983E-05   1.37737E-04   1.29056E-12     1765.36  0
 1.45611E-02   3.72505E-04   8.33670E-05   1.35964E-04   1.20742E-12     1734.70  0
 1.45811E-02   3.72292E-04   7.96933E-05   1.33931E-04   1.12697E-12     1709.04  0
 1.46011E-02   3.71969E-04   7.70898E-05   1.29869E-04   1.04935E-12     1687.16  0
 1.46211E-02   3.71753E-04   7.34844E-05   1.28078E-04   9.74995E-13     1668.91  0
 1.46411E-02   3.62969E-04   7.00775E-05   1.26508E-04   9.02968E-13     1654.55  0
 1.46611E-02   3.56583E-04   6.76853E-05   1.25108E-04   8.34200E-13     1643.35  0
 1.46811E-02   3.53110E-04   6.40253E-05   1.23600E-04   7.68646E-13     1634.77  0
 1.47011E-02   3.47389E-04   6.12656E-05   1.21196E-04   7.06262E-13     1628.67  0
 1.47211E-02   3.43696E-04   5.84093E-05   1.18250E-04   6.47098E-13     1624.79  0
 1.47411E-02   3.39754E-04   5.53794E-05   1.16892E-04   5.90921E-13     1623.03  0
 1.47611E-02   3.34217E-04   5.30689E-05   1.15698E-04   5.37621E-13     1622.64  0
 1.47811E-02   3.31512E-04   4.99199E-05   1.14546E-04   4.87246E-13     1622.13  0
 1.48011E-02   3.19675E-04   4.75377E-05   1.09879E-04   4.18104E-13     1621.38  0
 1.48211E-02   3.15035E-04   4.45992E-05   1.14710E-04   3.69890E-13     1620.57  0
 1.48411E-02   3.03693E-04   4.29166E-05   1.13176E-04   3.25769E-13     1619.60  0
 1.48611E-02   2.90987E-04   4.01022E-05   1.11957E-04   2.84957E-13     1618.49  0
 1.48811E-02   2.82902E-04   3.83993E-05   1.10288E-04   2.47743E-13     1617.22  0
 1.49011E-02   2.70073E-04   3.61424E-05   1.05991E-04   3.47234E-13     1615.79  1
 1.49211E-02   4.42574E-05   1.07901E-04   5.34889E-05   5.03977E-13     1997.21  1
 1.49411E-02   8.09645E-05   1.09997E-04   6.55481E-05   6.65502E-13     2459.89  1
 1.49611E-02   2.42162E-04   1.10422E-04   1.79292E-04   8.37466E-13     2627.99  1
 1.49811E-02   2.28392E-04   1.10412E-04   1.78146E-04   1.00401E-12     2649.10  1
 1.50011E-02   2.26888E-04   1.09967E-04   1.74514E-04   9.76135E-13     2580.19  0
 1.50211E-02   2.24034E-04   1.08160E-04   1.75858E-04   9.26387E-13     2248.56  0
 1.50411E-02   2.18160E-04   1.04656E-04   1.71929E-04   8.71218E-13     2086.03  0
 1.50611E-02   2.14243E-04   1.02045E-04   1.69776E-04   8.16074E-13     1984.52  0
 1.50811E-02   2.06844E-04   9.81315E-05   1.68126E-04   7.61545E-13     1910.75  0
 1.51011E-02   2.02582E-04   9.41537E-05   1.66155E-04   7.09694E-13     1850.87  0
 1.51211E-02   1.94677E-04   9.04862E-05   1.60692E-04   6.59569E-13     1801.17  0
 1.51411E-02   1.86914E-04   8.72692E-05   1.58017E-04   6.11554E-13     1759.63  0
 1.51611E-02   1.82166E-04   8.31309E-05   1.55626E-04   5.65551E-13     1725.11  0
 1.51811E-02   1.74999E-04   7.89234E-05   1.49950E-04   5.21163E-13     1696.61  0
 1.52011E-02   1.74861E-04   7.49193E-05   1.46401E-04   4.78567E-13     1673.51  0
 1.52211E-02   1.74874E-04   7.12752E-05   1.43709E-04   4.38020E-13     1655.14  0
 1.52411E-02   1.74870E-04   6.79503E-05   1.37460E-04   3.99103E-13     1641.14  0
 1.52611E-02   1.74837E-04   6.38844E-05   1.34656E-04   3.62363E-13     1631.30  0
 1.52811E-02   1.74773E-04   6.02595E-05   1.31385E-04   3.27765E-13     1625.50  0
 1.53011E-02   1.74672E-04   5.73964E-05   1.26193E-04   2.95293E-13     1622.99  0
 1.53211E-02   1.74528E-04   5.33196E-05   1.23884E-04   2.64480E-13     1622.45  0
 1.53411E-02   1.74337E-04   4.94608E-05   1.19472E-04   2.35589E-13     1621.70  0
 1.53611E-02   1.74086E-04   4.62898E-05   1.15802E-04   2.08140E-13     1620.76  0
 1.53811E-02   1.73768E-04   4.31569E-05   1.13679E-04   1.82277E-13     1619.64  0
 1.54011E-02   1.73429E-04   3.96452E-05   1.09413E-04   1.57908E-13     1618.34  0
 1.54211E-02   1.72990E-04   3.75637E-05   1.05725E-04   1.34923E-13     1616.95  0
 1.54411E-02   1.72423E-04   3.41724E-05   1.03692E-04   1.13564E-13     1615.40  0
 1.54611E-02   1.71524E-04   3.24286E-05   9.96619E-05   9.38350E-14     1613.67  0
 1.54811E-02   1.63046E-04   2.93408E-05   9.55308E-05   7.58489E-14     1611.72  0
 1.55011E-02   1.54491E-04   2.78021E-05   9.33850E-05   5.96515E-14     1609.54  0
 1.55211E-02   1.48119E-04   2.49475E-05   8.90290E-05   4.53627E-14     1607.26  0
 1.55411E-02   1.33409E-04   2.33296E-05   8.47935E-05   3.31464E-14     1604.89  0
 1.55611E-02   1.15190E-04   2.09660E-05   8.23966E-05   2.29068E-14     1602.20  0
 1.55811E-02   1.01412E-04   1.89156E-05   7.68539E-05   1.45401E-14     1599.12  0
 1.56011E-02   8.49182E-05   1.72444E-05   7.29042E-05   8.14545E-15     1595.59  0
 1.56211E-02   7.07434E-05   1.43001E-05   6.38801E-05   3.62976E-15     1591.38  0
 1.56411E-02   5.54346E-05   1.25475E-05   4.85444E-05   9.82885E-16     1586.28  0
 1.56611E-02   3.71875E-05   8.72987E-06   3.27182E-05   1.18126E-17     1579.11  0
 1.56811E-02   5.70540E-06   2.89461E-06   2.24577E-06   0.00000E+00     1564.42  0
 1.57011E-02   0.00000E+00   0.00000E+00   0.00000E+00   0.00000E+00     1514.45  0
 1.57211E-02   0.00000E+00   0.00000E+00   0.00000E+00   0.00000E+00     1480.33  0
 1.57411E-02   0.00000E+00   0.00000E+00   0.00000E+00   0.00000E+00     1454.99  0
 1.57611E-02   0.00000E+00   0.00000E+00   0.00000E+00   0.00000E+00     1434.87  0
 1.57811E-02   0.00000E+00   0.00000E+00   0.00000E+00   0.00000E+00     1417.25  0
 1.58011E-02   0.00000E+00   0.00000E+00   0.00000E+00   0.00000E+00     1401.14  0
 1.58211E-02   0.00000E+00   0.00000E+00   0.00000E+00   0.00000E+00     1386.74  0
 1.58411E-02   0.00000E+00   0.00000E+00   0.00000E+00   0.00000E+00     1373.53  0
 1.58611E-02   0.00000E+00   0.00000E+00   0.00000E+00   0.00000E+00     1360.97  0
 1.58811E-02   0.00000E+00   0.00000E+00   0.00000E+00   0.00000E+00     1349.14  0
 1.59011E-02   0.00000E+00   0.00000E+00   0.00000E+00   0.00000E+00     1338.35  0
 1.59211E-02   0.00000E+00   0.00000E+00   0.00000E+00   0.00000E+00     1327.93  0
 1.59411E-02   0.00000E+00   0.00000E+00   0.00000E+00   0.00000E+00     1317.86  0
 1.59611E-02   0.00000E+00   0.00000E+00   0.00000E+00   0.00000E+00     1308.68  0
 1.59811E-02   0.00000E+00   0.00000E+00   0.00000E+00   0.00000E+00     1299.81  0
 1.60011E-02   0.00000E+00   0.00000E+00   0.00000E+00   0.00000E+00     1291.16  0
 1.60211E-02   0.00000E+00   0.00000E+00   0.00000E+00   0.00000E+00     1282.97  0
 1.60411E-02   0.00000E+00   0.00000E+00   0.00000E+00   0.00000E+00     1275.21  0
 1.60611E-02   0.00000E+00   0.00000E+00   0.00000E+00   0.00000E+00     1267.61  0
 1.60811E-02   0.00000E+00   0.00000E+00   0.00000E+00   0.00000E+00     1260.21  0
 1.61011E-02   0.00000E+00   0.00000E+00   0.00000E+00   0.00000E+00     1253.33  0
 1.61211E-02   0.00000E+00   0.00000E+00   0.00000E+00   0.00000E+00     1246.58  0
 1.61411E-02   0.00000E+00   0.00000E+00   0.00000E+00   0.00000E+00     1239.95  0
 1.61611E-02   0.00000E+00   0.00000E+00   0.00000E+00   0.00000E+00     1233.64  0
 1.61811E-02   0.00000E+00   0.00000E+00   0.00000E+00   0.00000E+00     1227.57  0
 1.62011E-02   0.00000E+00   0.00000E+00   0.00000E+00   0.00000E+00     1221.61  0
 1.62211E-02   0.00000E+00   0.00000E+00   0.00000E+00   0.00000E+00     1215.74  0
 1.62411E-02   0.00000E+00   0.00000E+00   0.00000E+00   0.00000E+00     1210.26  0
 1.62611E-02   0.00000E+00   0.00000E+00   0.00000E+00   0.00000E+00     1204.89  0
 1.62811E-02   0.00000E+00   0.00000E+00   0.00000E+00   0.00000E+00     1199.60  0
 1.63011E-02   0.00000E+00   0.00000E+00   0.00000E+00   0.00000E+00     1194.51  0
 1.63211E-02   0.00000E+00   0.00000E+00   0.00000E+00   0.00000E+00     1189.60  0
 1.63411E-02   0.00000E+00   0.00000E+00   0.00000E+00   0.00000E+00     1184.75  0
 1.63611E-02   0.00000E+00   0.00000E+00   0.00000E+00   0.00000E+00     1179.95  0
 1.63811E-02   0.00000E+00   0.00000E+00   0.00000E+00   0.00000E+00     1175.34  0
 1.64011E-02   0.00000E+00   0.00000E+00   0.00000E+00   0.00000E+00     1170.88  0
 1.64211E-02   0.00000E+00   0.00000E+00   0.00000E+00   0.00000E+00     1166.47  0
 1.64411E-02   0.00000E+00   0.00000E+00   0.00000E+00   0.00000E+00     1162.11  0
 1.64611E-02   0.00000E+00   0.00000E+00   0.00000E+00   0.00000E+00     1157.86  0
 1.64810E-02   0.00000E+00   0.00000E+00   0.00000E+00   0.00000E+00     1153.78  0
 1.65010E-02   0.00000E+00   0.00000E+00   0.00000E+00   0.00000E+00     1149.74  0
 1.65210E-02   0.00000E+00   0.00000E+00   0.00000E+00   0.00000E+00     1145.75  0
 1.65410E-02   0.00000E+00   0.00000E+00   0.00000E+00   0.00000E+00     1141.80  0
 1.65610E-02   0.00000E+00   0.00000E+00   0.00000E+00   0.00000E+00     1138.03  0
 1.65810E-02   0.00000E+00   0.00000E+00   0.00000E+00   0.00000E+00     1134.31  0
 1.66010E-02   0.00000E+00   0.00000E+00   0.00000E+00   0.00000E+00     1130.64  0
 1.66210E-02   0.00000E+00   0.00000E+00   0.00000E+00   0.00000E+00     1127.00  0
 1.66410E-02   0.00000E+00   0.00000E+00   0.00000E+00   0.00000E+00     1123.44  0
 1.66610E-02   0.00000E+00   0.00000E+00   0.00000E+00   0.00000E+00     1120.03  0
 1.66810E-02   0.00000E+00   0.00000E+00   0.00000E+00   0.00000E+00     1116.66  0
 1.67010E-02   0.00000E+00   0.00000E+00   0.00000E+00   0.00000E+00     1113.31  0
 1.67210E-02   0.00000E+00   0.00000E+00   0.00000E+00   0.00000E+00     1109.99  0
 1.67410E-02   0.00000E+00   0.00000E+00   0.00000E+00   0.00000E+00     1106.70  0
 1.67610E-02   0.00000E+00   0.00000E+00   0.00000E+00   0.00000E+00     1103.56  0
 1.67810E-02   0.00000E+00   0.00000E+00   0.00000E+00   0.00000E+00     1100.45  0
 1.68010E-02   0.00000E+00   0.00000E+00   0.00000E+00   0.00000E+00     1097.36  0
 1.68210E-02   0.00000E+00   0.00000E+00   0.00000E+00   0.00000E+00     1094.30  0
 1.68410E-02   0.00000E+00   0.00000E+00   0.00000E+00   0.00000E+00     1091.27  0
 1.68610E-02   0.00000E+00   0.00000E+00   0.00000E+00   0.00000E+00     1088.32  0
 1.68810E-02   0.00000E+00   0.00000E+00   0.00000E+00   0.00000E+00     1085.44  0
 1.69010E-02   0.00000E+00   0.00000E+00   0.00000E+00   0.00000E+00     1082.58  0
 1.69210E-02   0.00000E+00   0.00000E+00   0.00000E+00   0.00000E+00     1079.75  0
 1.69410E-02   0.00000E+00   0.00000E+00   0.00000E+00   0.00000E+00     1076.94  0
 1.69610E-02   0.00000E+00   0.00000E+00   0.00000E+00   0.00000E+00     1074.15  0
 1.69810E-02   0.00000E+00   0.00000E+00   0.00000E+00   0.00000E+00     1071.46  0
 1.70010E-02   0.00000E+00   0.00000E+00   0.00000E+00   0.00000E+00     1068.81  0
 1.70210E-02   0.00000E+00   0.00000E+00   0.00000E+00   0.00000E+00     1066.17  0
 1.70410E-02   0.00000E+00   0.00000E+00   0.00000E+00   0.00000E+00     1063.56  0
 1.70610E-02   0.00000E+00   0.00000E+00   0.00000E+00   0.00000E+00     1060.96  0
 1.70810E-02   0.00000E+00   0.00000E+00   0.00000E+00   0.00000E+00     1058.39  0
 1.71010E-02   0.00000E+00   0.00000E+00   0.00000E+00   0.00000E+00     1055.92  0
 1.71210E-02   0.00000E+00   0.00000E+00   0.00000E+00   0.00000E+00     1053.48  0
 1.71410E-02   0.00000E+00   0.00000E+00   0.00000E+00   0.00000E+00     1051.06  0
 1.71610E-02   0.00000E+00   0.00000E+00   0.00000E+00   0.00000E+00     1048.65  0
 1.71810E-02   0.00000E+00   0.00000E+00   0.00000E+00   0.00000E+00     1046.26  0
 1.72010E-02   0.00000E+00   0.00000E+00   0.00000E+00   0.00000E+00     1043.89  0
 1.72210E-02   0.00000E+00   0.00000E+00   0.00000E+00   0.00000E+00     1041.55  0
 1.72410E-02   0.00000E+00   0.00000E+00   0.00000E+00   0.00000E+00     1039.28  0
 1.72610E-02   0.00000E+00   0.00000E+00   0.00000E+00   0.00000E+00     1037.03  0
 1.72810E-02   0.00000E+00   0.00000E+00   0.00000E+00   0.00000E+00     1034.78  0
 1.73010E-02   0.00000E+00   0.00000E+00   0.00000E+00   0.00000E+00     1032.56  0
 1.73210E-02   0.00000E+00   0.00000E+00   0.00000E+00   0.00000E+00     1030.34  0
 1.73410E-02   0.00000E+00   0.00000E+00   0.00000E+00   0.00000E+00     1028.14  0
 1.73610E-02   0.00000E+00   0.00000E+00   0.00000E+00   0.00000E+00     1025.99  0
 1.73810E-02   0.00000E+00   0.00000E+00   0.00000E+00   0.00000E+00     1023.89  0
 1.74010E-02   0.00000E+00   0.00000E+00   0.00000E+00   0.00000E+00     1021.79  0
 1.74210E-02   0.00000E+00   0.00000E+00   0.00000E+00   0.00000E+00     1019.71  0
 1.74410E-02   0.00000E+00   0.00000E+00   0.00000E+00   0.00000E+00     1017.64  0
 1.74610E-02   0.00000E+00   0.00000E+00   0.00000E+00   0.00000E+00     1015.59  0
 1.74810E-02   0.00000E+00   0.00000E+00   0.00000E+00   0.00000E+00     1013.55  0
 1.75010E-02   0.00000E+00   0.00000E+00   0.00000E+00   0.00000E+00     1011.53  0
 1.75210E-02   0.00000E+00   0.00000E+00   0.00000E+00   0.00000E+00     1009.58  0
 1.75410E-02   0.00000E+00   0.00000E+00   0.00000E+00   0.00000E+00     1007.63  0
 1.75610E-02   0.00000E+00   0.00000E+00   0.00000E+00   0.00000E+00     1005.69  0
 1.75810E-02   0.00000E+00   0.00000E+00   0.00000E+00   0.00000E+00     1003.76  0
 1.76010E-02   0.00000E+00   0.00000E+00   0.00000E+00   0.00000E+00     1001.85  0
 1.76210E-02   0.00000E+00   0.00000E+00   0.00000E+00   0.00000E+00      999.95  0
 1.76410E-02   0.00000E+00   0.00000E+00   0.00000E+00   0.00000E+00      998.05  0
 1.76610E-02   0.00000E+00   0.00000E+00   0.00000E+00   0.00000E+00      996.20  0
 1.76810E-02   0.00000E+00   0.00000E+00   0.00000E+00   0.00000E+00      994.40  0
 1.77010E-02   0.00000E+00   0.00000E+00   0.00000E+00   0.00000E+00      992.61  0
 1.77210E-02   0.00000E+00   0.00000E+00   0.00000E+00   0.00000E+00      990.83  0
 1.77410E-02   0.00000E+00   0.00000E+00   0.00000E+00   0.00000E+00      989.05  0
 1.77610E-02   0.00000E+00   0.00000E+00   0.00000E+00   0.00000E+00      987.28  0
 1.77810E-02   0.00000E+00   0.00000E+00   0.00000E+00   0.00000E+00      985.53  0
 1.78010E-02   0.00000E+00   0.00000E+00   0.00000E+00   0.00000E+00      983.78  0
 1.78210E-02   0.00000E+00   0.00000E+00   0.00000E+00   0.00000E+00      982.04  0
 1.78410E-02   0.00000E+00   0.00000E+00   0.00000E+00   0.00000E+00      980.36  0
 1.78610E-02   0.00000E+00   0.00000E+00   0.00000E+00   0.00000E+00      978.68  0
 1.78810E-02   0.00000E+00   0.00000E+00   0.00000E+00   0.00000E+00      977.02  0
 1.79010E-02   0.00000E+00   0.00000E+00   0.00000E+00   0.00000E+00      975.37  0
 1.79210E-02   0.00000E+00   0.00000E+00   0.00000E+00   0.00000E+00      973.72  0
 1.79410E-02   0.00000E+00   0.00000E+00   0.00000E+00   0.00000E+00      972.08  0
 1.79610E-02   0.00000E+00   0.00000E+00   0.00000E+00   0.00000E+00      970.45  0
 1.79810E-02   0.00000E+00   0.00000E+00   0.00000E+00   0.00000E+00      968.83  0
 1.80010E-02   0.00000E+00   0.00000E+00   0.00000E+00   0.00000E+00      967.22  0
 1.80210E-02   0.00000E+00   0.00000E+00   0.00000E+00   0.00000E+00      965.64  0
 1.80410E-02   0.00000E+00   0.00000E+00   0.00000E+00   0.00000E+00      964.08  0
 1.80610E-02   0.00000E+00   0.00000E+00   0.00000E+00   0.00000E+00      962.54  0
 1.80810E-02   0.00000E+00   0.00000E+00   0.00000E+00   0.00000E+00      961.00  0
 1.81010E-02   0.00000E+00   0.00000E+00   0.00000E+00   0.00000E+00      959.47  0
 1.81210E-02   0.00000E+00   0.00000E+00   0.00000E+00   0.00000E+00      957.95  0
 1.81410E-02   0.00000E+00   0.00000E+00   0.00000E+00   0.00000E+00      956.43  0
 1.81610E-02   0.00000E+00   0.00000E+00   0.00000E+00   0.00000E+00      954.92  0
 1.81810E-02   0.00000E+00   0.00000E+00   0.00000E+00   0.00000E+00      953.42  0
 1.82010E-02   0.00000E+00   0.00000E+00   0.00000E+00   0.00000E+00      951.93  0
 1.82210E-02   0.00000E+00   0.00000E+00   0.00000E+00   0.00000E+00      950.46  0
 1.82410E-02   0.00000E+00   0.00000E+00   0.00000E+00   0.00000E+00      949.02  0
 1.82610E-02   0.00000E+00   0.00000E+00   0.00000E+00   0.00000E+00      947.58  0
 1.82810E-02   0.00000E+00   0.00000E+00   0.00000E+00   0.00000E+00      946.16  0
 1.83010E-02   0.00000E+00   0.00000E+00   0.00000E+00   0.00000E+00      944.74  0
 1.83210E-02   0.00000E+00   0.00000E+00   0.00000E+00   0.00000E+00      943.33  0
 1.83410E-02   0.00000E+00   0.00000E+00   0.00000E+00   0.00000E+00      941.92  0
 1.83610E-02   0.00000E+00   0.00000E+00   0.00000E+00   0.00000E+00      940.52  0
 1.83810E-02   0.00000E+00   0.00000E+00   0.00000E+00   0.00000E+00      939.14  0
 1.84010E-02   0.00000E+00   0.00000E+00   0.00000E+00   0.00000E+00      937.77  0
 1.84210E-02   0.00000E+00   0.00000E+00   0.00000E+00   0.00000E+00      936.40  0
 1.84410E-02   0.00000E+00   0.00000E+00   0.00000E+00   0.00000E+00      935.04  0
 1.84610E-02   0.00000E+00   0.00000E+00   0.00000E+00   0.00000E+00      933.71  0
 1.84810E-02   0.00000E+00   0.00000E+00   0.00000E+00   0.00000E+00      932.40  0
 1.85010E-02   0.00000E+00   0.00000E+00   0.00000E+00   0.00000E+00      931.09  0
 1.85210E-02   0.00000E+00   0.00000E+00   0.00000E+00   0.00000E+00      929.78  0
 1.85410E-02   0.00000E+00   0.00000E+00   0.00000E+00   0.00000E+00      928.48  0
 1.85610E-02   0.00000E+00   0.00000E+00   0.00000E+00   0.00000E+00      927.18  0
 1.85810E-02   0.00000E+00   0.00000E+00   0.00000E+00   0.00000E+00      925.89  0
 1.86010E-02   0.00000E+00   0.00000E+00   0.00000E+00   0.00000E+00      924.61  0
 1.86210E-02   0.00000E+00   0.00000E+00   0.00000E+00   0.00000E+00      923.33  0
 1.86410E-02   0.00000E+00   0.00000E+00   0.00000E+00   0.00000E+00      922.06  0
 1.86610E-02   0.00000E+00   0.00000E+00   0.00000E+00   0.00000E+00      920.79  0
 1.86810E-02   0.00000E+00   0.00000E+00   0.00000E+00   0.00000E+00      919.53  0
 1.87010E-02   0.00000E+00   0.00000E+00   0.00000E+00   0.00000E+00      918.29  0
 1.87210E-02   0.00000E+00   0.00000E+00   0.00000E+00   0.00000E+00      917.07  0
 1.87410E-02   0.00000E+00   0.00000E+00   0.00000E+00   0.00000E+00      915.85  0
 1.87610E-02   0.00000E+00   0.00000E+00   0.00000E+00   0.00000E+00      914.64  0
 1.87810E-02   0.00000E+00   0.00000E+00   0.00000E+00   0.00000E+00      913.44  0
 1.88010E-02   0.00000E+00   0.00000E+00   0.00000E+00   0.00000E+00      912.24  0
 1.88210E-02   0.00000E+00   0.00000E+00   0.00000E+00   0.00000E+00      911.04  0
 1.88410E-02   0.00000E+00   0.00000E+00   0.00000E+00   0.00000E+00      909.85  0
 1.88610E-02   0.00000E+00   0.00000E+00   0.00000E+00   0.00000E+00      908.67  0
 1.88810E-02   0.00000E+00   0.00000E+00   0.00000E+00   0.00000E+00      907.49  0
 1.89010E-02   0.00000E+00   0.00000E+00   0.00000E+00   0.00000E+00      906.31  0
 1.89210E-02   0.00000E+00   0.00000E+00   0.00000E+00   0.00000E+00      905.14  0
 1.89410E-02   0.00000E+00   0.00000E+00   0.00000E+00   0.00000E+00      903.97  0
 1.89610E-02   0.00000E+00   0.00000E+00   0.00000E+00   0.00000E+00      902.81  0
 1.89810E-02   0.00000E+00   0.00000E+00   0.00000E+00   0.00000E+00      901.67  0
 1.90010E-02   0.00000E+00   0.00000E+00   0.00000E+00   0.00000E+00      900.55  0
 1.90210E-02   0.00000E+00   0.00000E+00   0.00000E+00   0.00000E+00      899.43  0
 1.90409E-02   0.00000E+00   0.00000E+00   0.00000E+00   0.00000E+00      898.32  0
 1.90609E-02   0.00000E+00   0.00000E+00   0.00000E+00   0.00000E+00      897.21  0
 1.90809E-02   0.00000E+00   0.00000E+00   0.00000E+00   0.00000E+00      896.10  0
 1.91009E-02   0.00000E+00   0.00000E+00   0.00000E+00   0.00000E+00      895.00  0
 1.91209E-02   0.00000E+00   0.00000E+00   0.00000E+00   0.00000E+00      893.90  0
 1.91409E-02   0.00000E+00   0.00000E+00   0.00000E+00   0.00000E+00      892.81  0
 1.91609E-02   0.00000E+00   0.00000E+00   0.00000E+00   0.00000E+00      891.72  0
 1.91809E-02   0.00000E+00   0.00000E+00   0.00000E+00   0.00000E+00      890.63  0
 1.92009E-02   0.00000E+00   0.00000E+00   0.00000E+00   0.00000E+00      889.56  0
 1.92209E-02   0.00000E+00   0.00000E+00   0.00000E+00   0.00000E+00      888.49  0
 1.92409E-02   0.00000E+00   0.00000E+00   0.00000E+00   0.00000E+00      887.43  0
 1.92609E-02   0.00000E+00   0.00000E+00   0.00000E+00   0.00000E+00      886.37  0
 1.92809E-02   0.00000E+00   0.00000E+00   0.00000E+00   0.00000E+00      885.32  0
 1.93009E-02   0.00000E+00   0.00000E+00   0.00000E+00   0.00000E+00      884.29  0
 1.93209E-02   0.00000E+00   0.00000E+00   0.00000E+00   0.00000E+00      883.27  0
 1.93409E-02   0.00000E+00   0.00000E+00   0.00000E+00   0.00000E+00      882.25  0
 1.93609E-02   0.00000E+00   0.00000E+00   0.00000E+00   0.00000E+00      881.23  0
 1.93809E-02   0.00000E+00   0.00000E+00   0.00000E+00   0.00000E+00      880.22  0
 1.94009E-02   0.00000E+00   0.00000E+00   0.00000E+00   0.00000E+00      879.21  0
 1.94209E-02   0.00000E+00   0.00000E+00   0.00000E+00   0.00000E+00      878.20  0
 1.94409E-02   0.00000E+00   0.00000E+00   0.00000E+00   0.00000E+00      877.20  0
 1.94609E-02   0.00000E+00   0.00000E+00   0.00000E+00   0.00000E+00      876.20  0
 1.94809E-02   0.00000E+00   0.00000E+00   0.00000E+00   0.00000E+00      875.20  0
 1.95009E-02   0.00000E+00   0.00000E+00   0.00000E+00   0.00000E+00      874.21  0
 1.95209E-02   0.00000E+00   0.00000E+00   0.00000E+00   0.00000E+00      873.22  0
 1.95409E-02   0.00000E+00   0.00000E+00   0.00000E+00   0.00000E+00      872.23  0
 1.95609E-02   0.00000E+00   0.00000E+00   0.00000E+00   0.00000E+00      871.25  0
 1.95809E-02   0.00000E+00   0.00000E+00   0.00000E+00   0.00000E+00      870.27  0
 1.96009E-02   0.00000E+00   0.00000E+00   0.00000E+00   0.00000E+00      869.30  0
 1.96209E-02   0.00000E+00   0.00000E+00   0.00000E+00   0.00000E+00      868.32  0
 1.96409E-02   0.00000E+00   0.00000E+00   0.00000E+00   0.00000E+00      867.38  0
 1.96609E-02   0.00000E+00   0.00000E+00   0.00000E+00   0.00000E+00      866.44  0
 1.96809E-02   0.00000E+00   0.00000E+00   0.00000E+00   0.00000E+00      865.50  0
 1.97009E-02   0.00000E+00   0.00000E+00   0.00000E+00   0.00000E+00      864.56  0
 1.97209E-02   0.00000E+00   0.00000E+00   0.00000E+00   0.00000E+00      863.63  0
 1.97409E-02   0.00000E+00   0.00000E+00   0.00000E+00   0.00000E+00      862.70  0
 1.97609E-02   0.00000E+00   0.00000E+00   0.00000E+00   0.00000E+00      861.77  0
 1.97809E-02   0.00000E+00   0.00000E+00   0.00000E+00   0.00000E+00      860.85  0
 1.98009E-02   0.00000E+00   0.00000E+00   0.00000E+00   0.00000E+00      859.93  0
 1.98209E-02   0.00000E+00   0.00000E+00   0.00000E+00   0.00000E+00      859.01  0
 1.98409E-02   0.00000E+00   0.00000E+00   0.00000E+00   0.00000E+00      858.09  0
 1.98609E-02   0.00000E+00   0.00000E+00   0.00000E+00   0.00000E+00      857.18  0
 1.98809E-02   0.00000E+00   0.00000E+00   0.00000E+00   0.00000E+00      856.27  0
 1.99009E-02   0.00000E+00   0.00000E+00   0.00000E+00   0.00000E+00      855.37  0
 1.99209E-02   0.00000E+00   0.00000E+00   0.00000E+00   0.00000E+00      854.46  0
 1.99409E-02   0.00000E+00   0.00000E+00   0.00000E+00   0.00000E+00      853.56  0
 1.99609E-02   0.00000E+00   0.00000E+00   0.00000E+00   0.00000E+00      852.67  0
 1.99809E-02   0.00000E+00   0.00000E+00   0.00000E+00   0.00000E+00      851.77  0
 2.00009E-02   0.00000E+00   0.00000E+00   0.00000E+00   0.00000E+00      850.88  0
 2.00209E-02   0.00000E+00   0.00000E+00   0.00000E+00   0.00000E+00      850.01  0
 2.00409E-02   0.00000E+00   0.00000E+00   0.00000E+00   0.00000E+00      849.14  0
 2.00609E-02   0.00000E+00   0.00000E+00   0.00000E+00   0.00000E+00      848.28  0
 2.00809E-02   0.00000E+00   0.00000E+00   0.00000E+00   0.00000E+00      847.42  0
 2.01009E-02   0.00000E+00   0.00000E+00   0.00000E+00   0.00000E+00      846.56  0
 2.01209E-02   0.00000E+00   0.00000E+00   0.00000E+00   0.00000E+00      845.71  0
 2.01409E-02   0.00000E+00   0.00000E+00   0.00000E+00   0.00000E+00      844.86  0
 2.01609E-02   0.00000E+00   0.00000E+00   0.00000E+00   0.00000E+00      844.01  0
 2.01809E-02   0.00000E+00   0.00000E+00   0.00000E+00   0.00000E+00      843.16  0
 2.02009E-02   0.00000E+00   0.00000E+00   0.00000E+00   0.00000E+00      842.33  0
 2.02209E-02   0.00000E+00   0.00000E+00   0.00000E+00   0.00000E+00      841.50  0
 2.02409E-02   0.00000E+00   0.00000E+00   0.00000E+00   0.00000E+00      840.67  0
 2.02609E-02   0.00000E+00   0.00000E+00   0.00000E+00   0.00000E+00      839.84  0
 2.02809E-02   0.00000E+00   0.00000E+00   0.00000E+00   0.00000E+00      839.02  0
 2.03009E-02   0.00000E+00   0.00000E+00   0.00000E+00   0.00000E+00      838.19  0
 2.03209E-02   0.00000E+00   0.00000E+00   0.00000E+00   0.00000E+00      837.37  0
 2.03409E-02   0.00000E+00   0.00000E+00   0.00000E+00   0.00000E+00      836.55  0
 2.03609E-02   0.00000E+00   0.00000E+00   0.00000E+00   0.00000E+00      835.73  0
 2.03809E-02   0.00000E+00   0.00000E+00   0.00000E+00   0.00000E+00      834.92  0
 2.04009E-02   0.00000E+00   0.00000E+00   0.00000E+00   0.00000E+00      834.11  0
 2.04209E-02   0.00000E+00   0.00000E+00   0.00000E+00   0.00000E+00      833.30  0
 2.04409E-02   0.00000E+00   0.00000E+00   0.00000E+00   0.00000E+00      832.49  0
 2.04609E-02   0.00000E+00   0.00000E+00   0.00000E+00   0.00000E+00      831.69  0
 2.04809E-02   0.00000E+00   0.00000E+00   0.00000E+00   0.00000E+00      830.91  0
 2.05009E-02   0.00000E+00   0.00000E+00   0.00000E+00   0.00000E+00      830.13  0
