# Melt Pool Geometry History
# time(s)  length(m)  depth(m)  width(m)  volume(m3)  Tpeak(K)  laser_on
 2.10000E-05   0.00000E+00   0.00000E+00   0.00000E+00   7.40221E-14      293.00  1
 4.10000E-05   4.46395E-05   1.03797E-04   4.39171E-05   2.41636E-13     1925.47  1
 6.10000E-05   7.21533E-05   1.09793E-04   5.85417E-05   3.73075E-13     2844.00  1
 8.10000E-05   9.23912E-05   1.11968E-04   6.51514E-05   4.92787E-13     3247.23  1
 1.01000E-04   1.12980E-04   1.12690E-04   6.75480E-05   6.09321E-13     3492.79  1
 1.21000E-04   1.34359E-04   1.13055E-04   6.88718E-05   7.19918E-13     3547.92  1
 1.41000E-04   1.55745E-04   1.13160E-04   6.96488E-05   8.35442E-13     3566.39  1
 1.61000E-04   1.76228E-04   1.13206E-04   7.01685E-05   9.34733E-13     3599.57  1
 1.81000E-04   1.93211E-04   1.13325E-04   7.06051E-05   1.03696E-12     3626.06  1
 2.01000E-04   2.12679E-04   1.12043E-04   7.13623E-05   1.06454E-12     3523.30  0
 2.21000E-04   2.17157E-04   1.10544E-04   8.04541E-05   1.03992E-12     2998.90  0
 2.41000E-04   2.18503E-04   1.08249E-04   8.30532E-05   1.00137E-12     2679.23  0
 2.61000E-04   2.18855E-04   1.04780E-04   8.41785E-05   9.59564E-13     2462.00  0
 2.81000E-04   2.18839E-04   1.02261E-04   8.48881E-05   9.16855E-13     2307.91  0
 3.01000E-04   2.18675E-04   9.82982E-05   8.53850E-05   8.73388E-13     2191.93  0
 3.21000E-04   2.18453E-04   9.44186E-05   8.57173E-05   8.32641E-13     2101.75  0
 3.41000E-04   2.18115E-04   9.09668E-05   8.58933E-05   7.91980E-13     2029.06  0
 3.61000E-04   2.17722E-04   8.76620E-05   8.59037E-05   7.53554E-13     1967.49  0
 3.81000E-04   2.17270E-04   8.34190E-05   8.57417E-05   7.17711E-13     1914.52  0
 4.01000E-04   2.16712E-04   7.94064E-05   8.53986E-05   6.82440E-13     1868.34  0
 4.21000E-04   2.16096E-04   7.58040E-05   8.48773E-05   6.47758E-13     1828.00  0
 4.41000E-04   2.15447E-04   7.26362E-05   8.41882E-05   6.12841E-13     1792.73  0
 4.61000E-04   2.14854E-04   6.83918E-05   8.33386E-05   5.77873E-13     1761.70  0
 4.81000E-04   2.14403E-04   6.44271E-05   8.23675E-05   5.42431E-13     1734.90  0
 5.01000E-04   2.14013E-04   6.12709E-05   8.13042E-05   5.06233E-13     1711.41  0
 5.21000E-04   2.13808E-04   5.80792E-05   8.01888E-05   4.69766E-13     1690.93  0
 5.41000E-04   2.13684E-04   5.42983E-05   7.90796E-05   4.32793E-13     1673.41  0
 5.61000E-04   2.13539E-04   5.14839E-05   7.80234E-05   3.95925E-13     1658.38  0
 5.81000E-04   2.13372E-04   4.83337E-05   7.71072E-05   3.59370E-13     1646.08  0
 6.01000E-04   2.06357E-04   4.44714E-05   7.32869E-05   2.95644E-13     1635.76  0
 6.21000E-04   2.18264E-04   4.25052E-05   8.16799E-05   2.59817E-13     1628.49  0
 6.41000E-04   2.11256E-04   3.90357E-05   8.19857E-05   2.26159E-13     1623.89  0
 6.61000E-04   2.06999E-04   3.68054E-05   8.21837E-05   1.94655E-13     1622.58  0
 6.81000E-04   2.03239E-04   3.39038E-05   8.23030E-05   1.65163E-13     1621.68  0
 7.01000E-04   1.94971E-04   3.17281E-05   8.23599E-05   2.16807E-13     1620.42  1
 7.21000E-04   4.83650E-05   1.03377E-04   4.21060E-05   3.57426E-13     1832.36  1
 7.41000E-04   7.53117E-05   1.09704E-04   6.16508E-05   4.70552E-13     2796.00  1
 7.61000E-04   9.66471E-05   1.11834E-04   7.04557E-05   5.87763E-13     3165.38  1
 7.81000E-04   1.17328E-04   1.12810E-04   7.37167E-05   7.04308E-13     3350.26  1
 8.01000E-04   1.36678E-04   1.12807E-04   7.66770E-05   8.46625E-13     3367.15  1
 8.21000E-04   1.57413E-04   1.13332E-04   8.30820E-05   9.80163E-13     3415.73  1
 8.41000E-04   1.77629E-04   1.13785E-04   9.59426E-05   1.12495E-12     3452.85  1
 8.61000E-04   2.37297E-04   1.14532E-04   1.67342E-04   1.27649E-12     3475.27  1
 8.81000E-04   2.26979E-04   1.14996E-04   1.58850E-04   1.42952E-12     3487.68  1
 9.01000E-04   2.36979E-04   1.15285E-04   1.49644E-04   1.58455E-12     3488.72  1
 9.21000E-04   2.56474E-04   1.15431E-04   1.40017E-04   1.73900E-12     3490.38  1
 9.41000E-04   2.76066E-04   1.15435E-04   1.35609E-04   1.88871E-12     3498.11  1
 9.61000E-04   2.95841E-04   1.15318E-04   1.35025E-04   2.03240E-12     3503.53  1
 9.81000E-04   3.14825E-04   1.15104E-04   1.35291E-04   2.17508E-12     3501.31  1
 1.00100E-03   3.32169E-04   1.14770E-04   1.37731E-04   2.30945E-12     3469.59  1
 1.02100E-03   3.54206E-04   1.14253E-04   1.39309E-04   2.43720E-12     3457.29  1
 1.04100E-03   3.73963E-04   1.13933E-04   1.40383E-04   2.55906E-12     3434.95  1
 1.06100E-03   3.93443E-04   1.13681E-04   1.41002E-04   2.67509E-12     3416.18  1
 1.08100E-03   4.13197E-04   1.13421E-04   1.41338E-04   2.63259E-12     3398.66  0
 1.10100E-03   4.15469E-04   1.12800E-04   1.41451E-04   2.57675E-12     2897.20  0
 1.12100E-03   4.16209E-04   1.09846E-04   1.41420E-04   2.50747E-12     2622.51  0
 1.14100E-03   4.16541E-04   1.08118E-04   1.41260E-04   2.43371E-12     2451.31  0
 1.16100E-03   4.16143E-04   1.04753E-04   1.41080E-04   2.35100E-12     2328.35  0
 1.18100E-03   4.16151E-04   1.02698E-04   1.40867E-04   2.26855E-12     2226.77  0
 1.20100E-03   4.15560E-04   9.88122E-05   1.40429E-04   2.15995E-12     2136.97  0
 1.22100E-03   4.16420E-04   9.60819E-05   1.43241E-04   2.07179E-12     2053.72  0
 1.24100E-03   4.15919E-04   9.32502E-05   1.41553E-04   1.97851E-12     1982.51  0
 1.26100E-03   4.15362E-04   8.99378E-05   1.39890E-04   1.88446E-12     1920.31  0
 1.28100E-03   4.14756E-04   8.77226E-05   1.39280E-04   1.79055E-12     1869.23  0
 1.30100E-03   4.14076E-04   8.41516E-05   1.38789E-04   1.69741E-12     1826.81  0
 1.32100E-03   4.13277E-04   8.17757E-05   1.38271E-04   1.60513E-12     1790.70  0
 1.34100E-03   4.06018E-04   7.86498E-05   1.37595E-04   1.51437E-12     1759.99  0
 1.36100E-03   3.99327E-04   7.58340E-05   1.36853E-04   1.42509E-12     1733.91  0
 1.38100E-03   3.92935E-04   7.33166E-05   1.36070E-04   1.33790E-12     1712.10  0
 1.40100E-03   3.84647E-04   7.02687E-05   1.35028E-04   1.25258E-12     1693.32  0
 1.42100E-03   3.78004E-04   6.80388E-05   1.33746E-04   1.16948E-12     1677.37  0
 1.44100E-03   3.73004E-04   6.48865E-05   1.31545E-04   1.08828E-12     1664.00  0
 1.46100E-03   3.65704E-04   6.29093E-05   1.27802E-04   1.00968E-12     1652.77  0
 1.48100E-03   3.62093E-04   5.98872E-05   1.26470E-04   9.33299E-13     1643.51  0
 1.50100E-03   3.54758E-04   5.80596E-05   1.25499E-04   8.60352E-13     1636.06  0
 1.52100E-03   3.51390E-04   5.52558E-05   1.24439E-04   7.90234E-13     1630.42  0
 1.54100E-03   3.44388E-04   5.33537E-05   1.24003E-04   7.23469E-13     1626.31  0
 1.56100E-03   3.41343E-04   5.09045E-05   1.23698E-04   6.59502E-13     1623.76  0
 1.58100E-03   3.34267E-04   4.87653E-05   1.23387E-04   6.75060E-13     1622.88  1
 1.60100E-03   3.95214E-05   1.00551E-04   3.98709E-05   7.70209E-13     1784.12  1
 1.62100E-03   7.17964E-05   1.09278E-04   6.04435E-05   8.42209E-13     2714.55  1
 1.64100E-03   9.55970E-05   1.11492E-04   6.66828E-05   9.16477E-13     3115.45  1
 1.66100E-03   1.17516E-04   1.12559E-04   6.88565E-05   1.00660E-12     3338.05  1
 1.68100E-03   1.38438E-04   1.13048E-04   7.80231E-05   1.11697E-12     3447.58  1
 1.70100E-03   1.58213E-04   1.13452E-04   8.20890E-05   1.22718E-12     3484.14  1
 1.72100E-03   1.78336E-04   1.13973E-04   8.54116E-05   1.34923E-12     3497.56  1
 1.74100E-03   4.07626E-04   1.14704E-04   1.99930E-04   1.48574E-12     3509.09  1
 1.76100E-03   4.01667E-04   1.15221E-04   1.98659E-04   1.63106E-12     3523.84  1
 1.78100E-03   3.97090E-04   1.15649E-04   1.98516E-04   1.78567E-12     3541.65  1
 1.80100E-03   3.89926E-04   1.15884E-04   1.92532E-04   1.94188E-12     3534.85  1
 1.82100E-03   3.85729E-04   1.16146E-04   1.85743E-04   2.09355E-12     3544.40  1
 1.84100E-03   3.82359E-04   1.16495E-04   1.81811E-04   2.24831E-12     3555.00  1
 1.86100E-03   3.74825E-04   1.16797E-04   1.80281E-04   2.40680E-12     3578.54  1
 1.88100E-03   3.67900E-04   1.16925E-04   1.77008E-04   2.57187E-12     3587.34  1
 1.90100E-03   3.63129E-04   1.16971E-04   1.78039E-04   2.73724E-12     3595.51  1
 1.92100E-03   3.77933E-04   1.17003E-04   1.78750E-04   2.90013E-12     3599.10  1
 1.94100E-03   3.97490E-04   1.17010E-04   1.79268E-04   3.05819E-12     3594.07  1
 1.96100E-03   4.16864E-04   1.16975E-04   1.79545E-04   3.21022E-12     3585.57  1
 1.98100E-03   4.36019E-04   1.16878E-04   1.79717E-04   3.35602E-12     3565.17  1
 2.00100E-03   4.52064E-04   1.16650E-04   1.79661E-04   3.48969E-12     3533.58  1
 2.02100E-03   4.76443E-04   1.16388E-04   1.79587E-04   3.61523E-12     3535.29  1
 2.04100E-03   4.95817E-04   1.16157E-04   1.79222E-04   3.73351E-12     3535.70  1
 2.06100E-03   5.15302E-04   1.15952E-04   1.78936E-04   3.83957E-12     3522.46  1
 2.08100E-03   5.34563E-04   1.15596E-04   1.78866E-04   3.93767E-12     3494.08  1
 2.10100E-03   5.53599E-04   1.15169E-04   1.78928E-04   4.02805E-12     3461.96  1
 2.12100E-03   5.72881E-04   1.14716E-04   1.78847E-04   4.11170E-12     3433.96  1
 2.14100E-03   5.92282E-04   1.14220E-04   1.78772E-04   4.18483E-12     3423.30  1
 2.16100E-03   6.11764E-04   1.13806E-04   1.77690E-04   4.09622E-12     3398.41  0
 2.18100E-03   6.11487E-04   1.13234E-04   1.76682E-04   3.99482E-12     2913.66  0
 2.20100E-03   6.06811E-04   1.10586E-04   1.73312E-04   3.86435E-12     2639.64  0
 2.22100E-03   6.01400E-04   1.08522E-04   1.75959E-04   3.74957E-12     2453.44  0
 2.24100E-03   5.95756E-04   1.05700E-04   1.76672E-04   3.61895E-12     2307.12  0
 2.26100E-03   5.90959E-04   1.03182E-04   1.76925E-04   3.48082E-12     2193.80  0
 2.28100E-03   5.85921E-04   9.98988E-05   1.76974E-04   3.34142E-12     2101.03  0
 2.30100E-03   5.80938E-04   9.78551E-05   1.76787E-04   3.20168E-12     2025.74  0
 2.32100E-03   5.75531E-04   9.44204E-05   1.76100E-04   3.06152E-12     1963.72  0
 2.34100E-03   5.70608E-04   9.25954E-05   1.75293E-04   2.92371E-12     1912.11  0
 2.36100E-03   5.65147E-04   8.90919E-05   1.73996E-04   2.78708E-12     1868.08  0
 2.38100E-03   5.60877E-04   8.71391E-05   1.70625E-04   2.65257E-12     1830.27  0
 2.40100E-03   5.51038E-04   8.34210E-05   1.67122E-04   2.45894E-12     1796.43  0
 2.42100E-03   5.53505E-04   8.10950E-05   1.69353E-04   2.31706E-12     1766.94  0
 2.44100E-03   5.49341E-04   7.86367E-05   1.70095E-04   2.17999E-12     1740.27  0
 2.46100E-03   5.41541E-04   7.63538E-05   1.70503E-04   2.04761E-12     1716.29  0
 2.48100E-03   5.38249E-04   7.38723E-05   1.66941E-04   1.91903E-12     1695.82  0
 2.50100E-03   5.30846E-04   7.19758E-05   1.65151E-04   1.79390E-12     1678.48  0
 2.52100E-03   5.27189E-04   6.92329E-05   1.64172E-04   1.67341E-12     1664.15  0
 2.54100E-03   5.19633E-04   6.76651E-05   1.63187E-04   1.55689E-12     1652.50  0
 2.56100E-03   5.15410E-04   6.47586E-05   1.62079E-04   1.44503E-12     1643.11  0
 2.58100E-03   5.07506E-04   6.31489E-05   1.59755E-04   1.33757E-12     1635.76  0
 2.60100E-03   4.99077E-04   6.02922E-05   1.54243E-04   1.21105E-12     1629.96  0
 2.62100E-03   4.92400E-04   5.86075E-05   1.54065E-04   1.11053E-12     1626.04  0
 2.64100E-03   4.78836E-04   5.66214E-05   1.52887E-04   1.01687E-12     1623.66  0
 2.66100E-03   4.72180E-04   5.42832E-05   1.50382E-04   1.00690E-12     1622.88  1
 2.68100E-03   4.85776E-05   1.02711E-04   4.66554E-05   1.09080E-12     1810.39  1
 2.70100E-03   7.49369E-05   1.09424E-04   6.05218E-05   1.14111E-12     2751.93  1
 2.72100E-03   9.62109E-05   1.11582E-04   6.66067E-05   1.19439E-12     3145.93  1
 2.74100E-03   1.17457E-04   1.12597E-04   6.87803E-05   1.26099E-12     3391.49  1
 2.76100E-03   1.38214E-04   1.13065E-04   7.44053E-05   1.35969E-12     3485.34  1
 2.78100E-03   1.58256E-04   1.13508E-04   8.46876E-05   1.45754E-12     3506.14  1
 2.80100E-03   1.77816E-04   1.14061E-04   9.49575E-05   1.56906E-12     3481.57  1
 2.82100E-03   5.49265E-04   1.14638E-04   2.11502E-04   1.69026E-12     3492.33  1
 2.84100E-03   5.44595E-04   1.15428E-04   2.10044E-04   1.82504E-12     3521.23  1
 2.86100E-03   5.36987E-04   1.15957E-04   2.08909E-04   1.97050E-12     3572.46  1
 2.88100E-03   5.30973E-04   1.16350E-04   2.05979E-04   2.12330E-12     3602.29  1
 2.90100E-03   5.25347E-04   1.16674E-04   2.03628E-04   2.27715E-12     3627.56  1
 2.92100E-03   5.17741E-04   1.16956E-04   2.02680E-04   2.43070E-12     3654.30  1
 2.94100E-03   5.12172E-04   1.17188E-04   2.01834E-04   2.58252E-12     3676.58  1
 2.96100E-03   5.05305E-04   1.17392E-04   2.00749E-04   2.74206E-12     3687.71  1
 2.98100E-03   4.97234E-04   1.17571E-04   2.00160E-04   2.90210E-12     3691.88  1
 3.00100E-03   4.88884E-04   1.17582E-04   1.98303E-04   3.06575E-12     3655.07  1
 3.02100E-03   4.83643E-04   1.17645E-04   1.97465E-04   3.22707E-12     3660.51  1
 3.04100E-03   4.74892E-04   1.17680E-04   1.96467E-04   3.39014E-12     3688.21  1
 3.06100E-03   4.65856E-04   1.17776E-04   1.93555E-04   3.55385E-12     3704.99  1
 3.08100E-03   4.57895E-04   1.17831E-04   1.90207E-04   3.71092E-12     3698.73  1
 3.10100E-03   4.77467E-04   1.17840E-04   1.90055E-04   3.86678E-12     3683.52  1
 3.12100E-03   4.97060E-04   1.17832E-04   1.90449E-04   4.01865E-12     3667.56  1
 3.14100E-03   5.16723E-04   1.17807E-04   1.90840E-04   4.16180E-12     3654.80  1
 3.16100E-03   5.36339E-04   1.17766E-04   1.91078E-04   4.29913E-12     3644.22  1
 3.18100E-03   5.55883E-04   1.17708E-04   1.91368E-04   4.42892E-12     3632.90  1
 3.20100E-03   5.71404E-04   1.17622E-04   1.91438E-04   4.54852E-12     3590.27  1
 3.22100E-03   5.99374E-04   1.17485E-04   1.91570E-04   4.66222E-12     3590.75  1
 3.24100E-03   6.10391E-04   1.17259E-04   1.91549E-04   4.76860E-12     3613.79  1
 3.26100E-03   6.27442E-04   1.17142E-04   1.91497E-04   4.86819E-12     3618.77  1
 3.28100E-03   6.42211E-04   1.16930E-04   1.91505E-04   4.95708E-12     3593.87  1
 3.30100E-03   6.57014E-04   1.16635E-04   1.91538E-04   5.03894E-12     3568.75  1
 3.32100E-03   6.73383E-04   1.16297E-04   1.91526E-04   5.11159E-12     3548.88  1
 3.34100E-03   6.85979E-04   1.15913E-04   1.91391E-04   5.17684E-12     3525.46  1
 3.36100E-03   7.02447E-04   1.15492E-04   1.91180E-04   5.23452E-12     3508.89  1
 3.38100E-03   7.15501E-04   1.15093E-04   1.90970E-04   5.28220E-12     3499.56  1
 3.40100E-03   7.28413E-04   1.14661E-04   1.90631E-04   5.31702E-12     3452.45  1
 3.42100E-03   7.46193E-04   1.14080E-04   1.90095E-04   5.34958E-12     3448.80  1
 3.44100E-03   7.58480E-04   1.13785E-04   1.88976E-04   5.22576E-12     3440.52  0
 3.46100E-03   7.57543E-04   1.13218E-04   1.86854E-04   5.08713E-12     2928.32  0
 3.48100E-03   7.51992E-04   1.11074E-04   1.84757E-04   4.93696E-12     2652.48  0
 3.50099E-03   7.48923E-04   1.08655E-04   1.83932E-04   4.78090E-12     2477.99  0
 3.52099E-03   7.45581E-04   1.06105E-04   1.83288E-04   4.61962E-12     2345.37  0
 3.54099E-03   7.39817E-04   1.03394E-04   1.82573E-04   4.45615E-12     2238.48  0
 3.56099E-03   7.37450E-04   1.00335E-04   1.81851E-04   4.29283E-12     2145.83  0
 3.58099E-03   7.31106E-04   9.80428E-05   1.81133E-04   4.12904E-12     2065.66  0
 3.60099E-03   7.26628E-04   9.44337E-05   1.78646E-04   3.95511E-12     1993.83  0
 3.62099E-03   7.23755E-04   9.25348E-05   1.78110E-04   3.79295E-12     1931.79  0
 3.64099E-03   7.16244E-04   8.89697E-05   1.77112E-04   3.62806E-12     1878.17  0
 3.66099E-03   7.12751E-04   8.65194E-05   1.76208E-04   3.46460E-12     1832.47  0
 3.68099E-03   7.07126E-04   8.36374E-05   1.74868E-04   3.30280E-12     1794.35  0
 3.70099E-03   7.01516E-04   8.09281E-05   1.71764E-04   3.14174E-12     1762.03  0
 3.72099E-03   6.98416E-04   7.84536E-05   1.69416E-04   2.98336E-12     1735.35  0
 3.74099E-03   6.90462E-04   7.57187E-05   1.68073E-04   2.82676E-12     1713.13  0
 3.76099E-03   6.87485E-04   7.34636E-05   1.66936E-04   2.67287E-12     1694.71  0
 3.78099E-03   6.80007E-04   7.09635E-05   1.65704E-04   2.52192E-12     1678.97  0
 3.80099E-03   6.74286E-04   6.86271E-05   1.62654E-04   2.31411E-12     1665.64  0
 3.82099E-03   6.71114E-04   6.67248E-05   1.67303E-04   2.15744E-12     1654.46  0
 3.84099E-03   6.63231E-04   6.43028E-05   1.64746E-04   2.00868E-12     1644.95  0
 3.86099E-03   6.59708E-04   6.28455E-05   1.63668E-04   1.86708E-12     1637.23  0
 3.88099E-03   6.51555E-04   6.02840E-05   1.62647E-04   1.73170E-12     1631.42  0
 3.90099E-03   6.47992E-04   5.87184E-05   1.61375E-04   1.60286E-12     1627.17  0
 3.92099E-03   6.39912E-04   5.73084E-05   1.58529E-04   1.48005E-12     1624.35  0
 3.94099E-03   6.36250E-04   5.47717E-05   1.55737E-04   1.44401E-12     1623.02  1
 3.96099E-03   4.60729E-05   1.03755E-04   4.32443E-05   1.49604E-12     1847.07  1
 3.98099E-03   7.19897E-05   1.09894E-04   6.28973E-05   1.53502E-12     2810.00  1
 4.00099E-03   9.45797E-05   1.11426E-04   7.05915E-05   1.56673E-12     3075.46  1
 4.02099E-03   1.16301E-04   1.12716E-04   7.90925E-05   1.61753E-12     3230.79  1
 4.04099E-03   1.37374E-04   1.13286E-04   8.31953E-05   1.67572E-12     3349.23  1
 4.06099E-03   1.57879E-04   1.13884E-04   9.45771E-05   1.75270E-12     3410.29  1
 4.08099E-03   6.85580E-04   1.14745E-04   2.27431E-04   1.85069E-12     3449.38  1
 4.10099E-03   6.78023E-04   1.15406E-04   2.23361E-04   1.96621E-12     3493.67  1
 4.12099E-03   6.71721E-04   1.15930E-04   2.21783E-04   2.09169E-12     3528.00  1
 4.14099E-03   6.65108E-04   1.16365E-04   2.20867E-04   2.22364E-12     3558.13  1
 4.16100E-03   6.56809E-04   1.16729E-04   2.19852E-04   2.35883E-12     3584.59  1
 4.18100E-03   6.49103E-04   1.17040E-04   2.17455E-04   2.49740E-12     3606.30  1
 4.20100E-03   6.40907E-04   1.17144E-04   2.14060E-04   2.64589E-12     3586.76  1
 4.22100E-03   6.35483E-04   1.17319E-04   2.14639E-04   2.78247E-12     3611.71  1
 4.24100E-03   6.28411E-04   1.17615E-04   2.12405E-04   2.92278E-12     3661.13  1
 4.26100E-03   6.21559E-04   1.17819E-04   2.11336E-04   3.06332E-12     3681.32  1
 4.28100E-03   6.12385E-04   1.17981E-04   2.10423E-04   3.20720E-12     3675.36  1
 4.30100E-03   6.03089E-04   1.18092E-04   2.08712E-04   3.35369E-12     3674.50  1
 4.32100E-03   5.93528E-04   1.18172E-04   2.04544E-04   3.50236E-12     3673.46  1
 4.34100E-03   5.83576E-04   1.18248E-04   2.03076E-04   3.66564E-12     3671.01  1
 4.36100E-03   5.73200E-04   1.18325E-04   2.04529E-04   3.82383E-12     3666.61  1
 4.38100E-03   5.62463E-04   1.18390E-04   2.03322E-04   3.97951E-12     3662.42  1
 4.40100E-03   5.43760E-04   1.17916E-04   1.98348E-04   4.15092E-12     3572.33  1
 4.42100E-03   5.38614E-04   1.17907E-04   1.98914E-04   4.29383E-12     3596.75  1
 4.44100E-03   5.38423E-04   1.17880E-04   1.97540E-04   4.43569E-12     3655.85  1
 4.46100E-03   5.55082E-04   1.18067E-04   1.98406E-04   4.57455E-12     3682.74  1
 4.48100E-03   5.70099E-04   1.18170E-04   1.98772E-04   4.71124E-12     3661.69  1
 4.50100E-03   5.87218E-04   1.18184E-04   1.99228E-04   4.84249E-12     3656.54  1
 4.52100E-03   6.00690E-04   1.18161E-04   1.99478E-04   4.96825E-12     3649.54  1
 4.54100E-03   6.17398E-04   1.18130E-04   1.99649E-04   5.09068E-12     3645.73  1
 4.56100E-03   6.30914E-04   1.18093E-04   1.99825E-04   5.20798E-12     3637.68  1
 4.58100E-03   6.47151E-04   1.18045E-04   1.99958E-04   5.31909E-12     3632.73  1
 4.60100E-03   6.60282E-04   1.17799E-04   1.99382E-04   5.42810E-12     3529.81  1
 4.62100E-03   6.74990E-04   1.17728E-04   2.02284E-04   5.52191E-12     3545.02  1
 4.64100E-03   6.89395E-04   1.17631E-04   2.00974E-04   5.61286E-12     3596.54  1
 4.66100E-03   7.04840E-04   1.17651E-04   2.00880E-04   5.69833E-12     3592.12  1
 4.68100E-03   7.19031E-04   1.17594E-04   2.00929E-04   5.77611E-12     3581.95  1
 4.70100E-03   7.36081E-04   1.17437E-04   2.00924E-04   5.84562E-12     3567.17  1
 4.72100E-03   7.48944E-04   1.17179E-04   2.00854E-04   5.90653E-12     3553.90  1
 4.74100E-03   7.65776E-04   1.16899E-04   2.00739E-04   5.96070E-12     3539.83  1
 4.76100E-03   7.78987E-04   1.16598E-04   2.00508E-04   6.00705E-12     3520.41  1
 4.78100E-03   7.94972E-04   1.16260E-04   2.00166E-04   6.04741E-12     3492.23  1
 4.80100E-03   8.08559E-04   1.15811E-04   1.99690E-04   6.07350E-12     3458.69  1
 4.82100E-03   8.24494E-04   1.15362E-04   1.99409E-04   6.09910E-12     3451.19  1
 4.84100E-03   8.38307E-04   1.15065E-04   1.98970E-04   6.11555E-12     3435.21  1
 4.86100E-03   8.55398E-04   1.14774E-04   1.98261E-04   6.12659E-12     3424.36  1
 4.88100E-03   8.68816E-04   1.14368E-04   1.97527E-04   6.12946E-12     3426.21  1
 4.90100E-03   8.83920E-04   1.13909E-04   1.96303E-04   5.96730E-12     3408.12  0
 4.92100E-03   8.83805E-04   1.13330E-04   1.94472E-04   5.79400E-12     2912.51  0
 4.94100E-03   8.77742E-04   1.11491E-04   1.91673E-04   5.61151E-12     2619.99  0
 4.96100E-03   8.75225E-04   1.08809E-04   1.90482E-04   5.42279E-12     2434.14  0
 4.98100E-03   8.71713E-04   1.06508E-04   1.89507E-04   5.23284E-12     2293.77  0
 5.00100E-03   8.65440E-04   1.03477E-04   1.88296E-04   5.03434E-12     2185.33  0
 5.02100E-03   8.63432E-04   1.00556E-04   1.87606E-04   4.83986E-12     2096.10  0
 5.04100E-03   8.55666E-04   9.80825E-05   1.86608E-04   4.64531E-12     2020.29  0
 5.06100E-03   8.52808E-04   9.46136E-05   1.85585E-04   4.45371E-12     1958.70  0
 5.08100E-03   8.46969E-04   9.25580E-05   1.84048E-04   4.26300E-12     1905.39  0
 5.10100E-03   8.42027E-04   8.88495E-05   1.80267E-04   4.07546E-12     1860.35  0
 5.12100E-03   8.39271E-04   8.61968E-05   1.78672E-04   3.88978E-12     1822.51  0
 5.14100E-03   8.31504E-04   8.34031E-05   1.77506E-04   3.70702E-12     1789.41  0
 5.16100E-03   8.28200E-04   8.03421E-05   1.76311E-04   3.52741E-12     1760.34  0
 5.18100E-03   8.22233E-04   7.80652E-05   1.75116E-04   3.35058E-12     1735.60  0
 5.20100E-03   8.12328E-04   7.43238E-05   1.71374E-04   3.08035E-12     1713.36  0
 5.22100E-03   8.15422E-04   7.25670E-05   1.75099E-04   2.88684E-12     1693.49  0
 5.24100E-03   8.09966E-04   6.92954E-05   1.74047E-04   2.70382E-12     1676.27  0
 5.26100E-03   8.01689E-04   6.76161E-05   1.73084E-04   2.52822E-12     1661.45  0
 5.28100E-03   7.97393E-04   6.44726E-05   1.72160E-04   2.36018E-12     1649.39  0
 5.30100E-03   7.89844E-04   6.28098E-05   1.70835E-04   2.19943E-12     1639.83  0
 5.32100E-03   7.83778E-04   5.98748E-05   1.67157E-04   2.04438E-12     1632.67  0
 5.34100E-03   7.76051E-04   5.81764E-05   1.65435E-04   1.89617E-12     1627.57  0
 5.36100E-03   7.67650E-04   5.57238E-05   1.64340E-04   1.75464E-12     1624.37  0
 5.38100E-03   7.55715E-04   5.38705E-05   1.63251E-04   1.61997E-12     1622.98  0
 5.40100E-03   7.45211E-04   5.17478E-05   1.57889E-04   1.54357E-12     1622.60  1
 5.42100E-03   4.15650E-05   1.03254E-04   4.72651E-05   1.58720E-12     1822.73  1
 5.44100E-03   7.08938E-05   1.09417E-04   6.06736E-05   1.60680E-12     2665.67  1
 5.46101E-03   9.29647E-05   1.11662E-04   6.65320E-05   1.62909E-12     3120.93  1
 5.48101E-03   1.13638E-04   1.12683E-04   6.89532E-05   1.66696E-12     3356.93  1
 5.50101E-03   1.34342E-04   1.13319E-04   7.62166E-05   1.72882E-12     3469.23  1
 5.52101E-03   1.54803E-04   1.13848E-04   8.62570E-05   1.80148E-12     3511.12  1
 5.54101E-03   1.76406E-04   1.14752E-04   9.61036E-05   1.89036E-12     3527.87  1
 5.56101E-03   7.98686E-04   1.15390E-04   2.20109E-04   1.99371E-12     3545.74  1
 5.58101E-03   7.89525E-04   1.15862E-04   2.19212E-04   2.11106E-12     3596.27  1
 5.60101E-03   7.80217E-04   1.16165E-04   2.17840E-04   2.24077E-12     3605.88  1
 5.62101E-03   7.74220E-04   1.16483E-04   2.14618E-04   2.36954E-12     3634.81  1
 5.64101E-03   7.64945E-04   1.16917E-04   2.12708E-04   2.50043E-12     3654.71  1
 5.66101E-03   7.55664E-04   1.17330E-04   2.11674E-04   2.63550E-12     3677.47  1
 5.68101E-03   7.46148E-04   1.17574E-04   2.10827E-04   2.77302E-12     3704.81  1
 5.70101E-03   7.36494E-04   1.17709E-04   2.09629E-04   2.91220E-12     3729.90  1
 5.72101E-03   7.26548E-04   1.17815E-04   2.05528E-04   3.06260E-12     3745.48  1
 5.74101E-03   7.16017E-04   1.17959E-04   2.06727E-04   3.21343E-12     3755.93  1
 5.76101E-03   7.05127E-04   1.18092E-04   2.06494E-04   3.36611E-12     3764.74  1
 5.78101E-03   6.93899E-04   1.18204E-04   2.05507E-04   3.52271E-12     3774.98  1
 5.80101E-03   6.76876E-04   1.18009E-04   2.01787E-04   3.69817E-12     3729.06  1
 5.82101E-03   6.69371E-04   1.18067E-04   2.02744E-04   3.84690E-12     3733.47  1
 5.84101E-03   6.54350E-04   1.18139E-04   1.98183E-04   3.99764E-12     3755.59  1
 5.86101E-03   6.41056E-04   1.18383E-04   1.96526E-04   4.14782E-12     3763.86  1
 5.88101E-03   6.22810E-04   1.18544E-04   1.94078E-04   4.29866E-12     3763.92  1
 5.90101E-03   6.03090E-04   1.18606E-04   1.89667E-04   4.44781E-12     3765.47  1
 5.92101E-03   5.80618E-04   1.18665E-04   1.90114E-04   4.59512E-12     3765.38  1
 5.94101E-03   5.81542E-04   1.18705E-04   1.90421E-04   4.73894E-12     3763.33  1
 5.96101E-03   6.00920E-04   1.18735E-04   1.91003E-04   4.87996E-12     3747.73  1
 5.98101E-03   6.13386E-04   1.18760E-04   1.91481E-04   5.01815E-12     3735.54  1
 6.00101E-03   6.27079E-04   1.18461E-04   1.92049E-04   5.16507E-12     3620.39  1
 6.02101E-03   6.41241E-04   1.18494E-04   1.95890E-04   5.29324E-12     3629.97  1
 6.04101E-03   6.53238E-04   1.18458E-04   1.97368E-04   5.41659E-12     3667.92  1
 6.06101E-03   6.67301E-04   1.18578E-04   1.98018E-04   5.53592E-12     3684.72  1
 6.08101E-03   6.79156E-04   1.18708E-04   1.98509E-04   5.64957E-12     3678.10  1
 6.10101E-03   6.92831E-04   1.18726E-04   1.98847E-04   5.75816E-12     3675.22  1
 6.12101E-03   7.08521E-04   1.18699E-04   1.99057E-04   5.86200E-12     3670.59  1
 6.14101E-03   7.22515E-04   1.18640E-04   1.99183E-04   5.95955E-12     3662.33  1
 6.16101E-03   7.38394E-04   1.18572E-04   1.99245E-04   6.05295E-12     3656.76  1
 6.18101E-03   7.54062E-04   1.18500E-04   1.99298E-04   6.14246E-12     3650.62  1
 6.20101E-03   7.67432E-04   1.18417E-04   1.99205E-04   6.22075E-12     3609.34  1
 6.22101E-03   7.87814E-04   1.18307E-04   1.99146E-04   6.29597E-12     3610.11  1
 6.24101E-03   8.01384E-04   1.18143E-04   1.98970E-04   6.36695E-12     3635.87  1
 6.26101E-03   8.12478E-04   1.18071E-04   1.98835E-04   6.43402E-12     3649.53  1
 6.28101E-03   8.28669E-04   1.18009E-04   1.98554E-04   6.49460E-12     3644.08  1
 6.30101E-03   8.43973E-04   1.17849E-04   1.98206E-04   6.54948E-12     3621.89  1
 6.32101E-03   8.58234E-04   1.17657E-04   1.97212E-04   6.59659E-12     3600.22  1
 6.34101E-03   8.75165E-04   1.17486E-04   1.96323E-04   6.63626E-12     3583.29  1
 6.36101E-03   8.87936E-04   1.17241E-04   1.93982E-04   6.67087E-12     3568.50  1
 6.38101E-03   9.04329E-04   1.16965E-04   1.92906E-04   6.69713E-12     3546.43  1
 6.40101E-03   9.16715E-04   1.16627E-04   1.92265E-04   6.72044E-12     3496.22  1
 6.42101E-03   9.39567E-04   1.16239E-04   1.91759E-04   6.73459E-12     3494.19  1
 6.44101E-03   9.47099E-04   1.15943E-04   1.91203E-04   6.74070E-12     3512.45  1
 6.46101E-03   9.60561E-04   1.15735E-04   1.90615E-04   6.73909E-12     3520.22  1
 6.48101E-03   9.77338E-04   1.15397E-04   1.90045E-04   6.73139E-12     3506.37  1
 6.50101E-03   9.89354E-04   1.15007E-04   1.89464E-04   6.71900E-12     3484.81  1
 6.52101E-03   1.00507E-03   1.14621E-04   1.88647E-04   6.70144E-12     3461.12  1
 6.54101E-03   1.02199E-03   1.14206E-04   1.87812E-04   6.67430E-12     3451.48  1
 6.56101E-03   1.03308E-03   1.13819E-04   1.86505E-04   6.48231E-12     3439.52  0
 6.58101E-03   1.03272E-03   1.13273E-04   1.84178E-04   6.28121E-12     2920.74  0
 6.60101E-03   1.02706E-03   1.11096E-04   1.81796E-04   6.05886E-12     2622.57  0
 6.62101E-03   1.02388E-03   1.08595E-04   1.80974E-04   5.84593E-12     2433.90  0
 6.64101E-03   1.02002E-03   1.05963E-04   1.80039E-04   5.62808E-12     2292.87  0
 6.66101E-03   1.01311E-03   1.03261E-04   1.79200E-04   5.41254E-12     2182.35  0
 6.68101E-03   1.00975E-03   9.99513E-05   1.78205E-04   5.19484E-12     2093.90  0
 6.70101E-03   1.00185E-03   9.77714E-05   1.77180E-04   4.98024E-12     2019.57  0
 6.72101E-03   9.98272E-04   9.40395E-05   1.75772E-04   4.76665E-12     1957.55  0
 6.74101E-03   9.91911E-04   9.14395E-05   1.72955E-04   4.55680E-12     1904.74  0
 6.76101E-03   9.86423E-04   8.83716E-05   1.70553E-04   4.34998E-12     1859.00  0
 6.78102E-03   9.81997E-04   8.50762E-05   1.69195E-04   4.14634E-12     1819.87  0
 6.80102E-03   9.72401E-04   8.22099E-05   1.67122E-04   3.85515E-12     1785.84  0
 6.82102E-03   9.68725E-04   7.87718E-05   1.72155E-04   3.63840E-12     1755.89  0
 6.84102E-03   9.60983E-04   7.59824E-05   1.71170E-04   3.42891E-12     1728.50  0
 6.86102E-03   9.56078E-04   7.33111E-05   1.68203E-04   3.22655E-12     1704.27  0
 6.88102E-03   9.48082E-04   7.02125E-05   1.66196E-04   3.02918E-12     1683.85  0
 6.90102E-03   9.43286E-04   6.80252E-05   1.65147E-04   2.83840E-12     1667.21  0
 6.92102E-03   9.34278E-04   6.48929E-05   1.64279E-04   2.65340E-12     1653.56  0
 6.94102E-03   9.29430E-04   6.29584E-05   1.63304E-04   2.47498E-12     1642.88  0
 6.96102E-03   9.20104E-04   5.99388E-05   1.62087E-04   2.30348E-12     1634.78  0
 6.98102E-03   9.11418E-04   5.80708E-05   1.59609E-04   2.13886E-12     1628.92  0
 7.00102E-03   9.03187E-04   5.50678E-05   1.54981E-04   1.94350E-12     1624.95  0
 7.02102E-03   8.94532E-04   5.32393E-05   1.55334E-04   1.78555E-12     1623.10  0
 7.04102E-03   8.88424E-04   5.07267E-05   1.54610E-04   1.63840E-12     1622.66  0
 7.06102E-03   8.78339E-04   4.89298E-05   1.53336E-04   1.57890E-12     1622.15  1
 7.08102E-03   4.55837E-05   1.03374E-04   4.65589E-05   1.61053E-12     1837.08  1
 7.10102E-03   7.19009E-05   1.09687E-04   6.07327E-05   1.61710E-12     2734.85  1
 7.12102E-03   9.35710E-05   1.11896E-04   6.68439E-05   1.63503E-12     3134.84  1
 7.14102E-03   1.14345E-04   1.12916E-04   7.31682E-05   1.67138E-12     3335.74  1
 7.16102E-03   1.36681E-04   1.13411E-04   7.92844E-05   1.72385E-12     3440.82  1
 7.18102E-03   1.59073E-04   1.14088E-04   9.39998E-05   1.79302E-12     3482.10  1
 7.20102E-03   9.05622E-04   1.14705E-04   2.14705E-04   1.89105E-12     3512.26  1
 7.22102E-03   8.97608E-04   1.15320E-04   2.15003E-04   2.00083E-12     3541.02  1
 7.24102E-03   8.86923E-04   1.15911E-04   2.16198E-04   2.11913E-12     3583.78  1
 7.26102E-03   8.76068E-04   1.16388E-04   2.16120E-04   2.24457E-12     3618.46  1
 7.28102E-03   8.64952E-04   1.16780E-04   2.15135E-04   2.37128E-12     3654.27  1
 7.30102E-03   8.53490E-04   1.17112E-04   2.11078E-04   2.50648E-12     3685.21  1
 7.32102E-03   8.41755E-04   1.17381E-04   2.09701E-04   2.64589E-12     3709.20  1
 7.34102E-03   8.29935E-04   1.17613E-04   2.08694E-04   2.78902E-12     3725.75  1
 7.36102E-03   8.15512E-04   1.17754E-04   2.07467E-04   2.93298E-12     3736.90  1
 7.38102E-03   8.01274E-04   1.17877E-04   2.04192E-04   3.08039E-12     3744.13  1
 7.40102E-03   7.83070E-04   1.17707E-04   2.01439E-04   3.25227E-12     3737.58  1
 7.42102E-03   7.68513E-04   1.17800E-04   2.03835E-04   3.40286E-12     3755.18  1
 7.44102E-03   7.52860E-04   1.17948E-04   2.00009E-04   3.55461E-12     3744.98  1
 7.46102E-03   7.34362E-04   1.18142E-04   1.97936E-04   3.70621E-12     3735.48  1
 7.48102E-03   7.14922E-04   1.18319E-04   1.96411E-04   3.85824E-12     3728.17  1
 7.50102E-03   6.93635E-04   1.18445E-04   1.91489E-04   4.01031E-12     3728.94  1
 7.52102E-03   6.68506E-04   1.18537E-04   1.88357E-04   4.16295E-12     3732.42  1
 7.54102E-03   6.35390E-04   1.18612E-04   1.83723E-04   4.31601E-12     3730.04  1
 7.56102E-03   5.73800E-04   1.18677E-04   1.84181E-04   4.46756E-12     3731.18  1
 7.58102E-03   5.56583E-04   1.18730E-04   1.84611E-04   4.61689E-12     3731.14  1
 7.60102E-03   5.75460E-04   1.18562E-04   1.84924E-04   4.77536E-12     3639.30  1
 7.62102E-03   5.95655E-04   1.18668E-04   1.88361E-04   4.90985E-12     3648.65  1
 7.64102E-03   6.14849E-04   1.18714E-04   1.89855E-04   5.04348E-12     3670.34  1
 7.66102E-03   6.33879E-04   1.18837E-04   1.90683E-04   5.17270E-12     3685.19  1
 7.68102E-03   6.52994E-04   1.18980E-04   1.91174E-04   5.30015E-12     3685.63  1
 7.70102E-03   6.65103E-04   1.19060E-04   1.91598E-04   5.42382E-12     3683.45  1
 7.72102E-03   6.76629E-04   1.19106E-04   1.91884E-04   5.54450E-12     3671.88  1
 7.74102E-03   6.89911E-04   1.19120E-04   1.92001E-04   5.66194E-12     3643.96  1
 7.76102E-03   7.03120E-04   1.19123E-04   1.92204E-04   5.77511E-12     3641.72  1
 7.78102E-03   7.16489E-04   1.19121E-04   1.92345E-04   5.88514E-12     3653.82  1
 7.80102E-03   7.30388E-04   1.19073E-04   1.92385E-04   5.98865E-12     3634.65  1
 7.82102E-03   7.44962E-04   1.19050E-04   1.92425E-04   6.08762E-12     3638.61  1
 7.84102E-03   7.58869E-04   1.18986E-04   1.92439E-04   6.18369E-12     3655.41  1
 7.86102E-03   7.74111E-04   1.18949E-04   1.92388E-04   6.27637E-12     3646.94  1
 7.88102E-03   7.89053E-04   1.19018E-04   1.92339E-04   6.36632E-12     3648.60  1
 7.90102E-03   8.03278E-04   1.19033E-04   1.92261E-04   6.45128E-12     3648.48  1
 7.92102E-03   8.20335E-04   1.18967E-04   1.92139E-04   6.53188E-12     3652.28  1
 7.94102E-03   8.33580E-04   1.18882E-04   1.91989E-04   6.60870E-12     3644.80  1
 7.96102E-03   8.48082E-04   1.18797E-04   1.91825E-04   6.68013E-12     3642.44  1
 7.98102E-03   8.61643E-04   1.18713E-04   1.91661E-04   6.74712E-12     3639.45  1
 8.00102E-03   8.78578E-04   1.18607E-04   1.91433E-04   6.80398E-12     3597.82  1
 8.02102E-03   8.94404E-04   1.18504E-04   1.91164E-04   6.85769E-12     3590.41  1
 8.04102E-03   9.08762E-04   1.18353E-04   1.90805E-04   6.90928E-12     3615.84  1
 8.06102E-03   9.24844E-04   1.18285E-04   1.90224E-04   6.95624E-12     3624.95  1
 8.08102E-03   9.38921E-04   1.18243E-04   1.89664E-04   6.99757E-12     3622.35  1
 8.10102E-03   9.50847E-04   1.18107E-04   1.89132E-04   7.03412E-12     3600.63  1
 8.12102E-03   9.67941E-04   1.17938E-04   1.88058E-04   7.06286E-12     3583.61  1
 8.14102E-03   9.80381E-04   1.17766E-04   1.86392E-04   7.08461E-12     3569.15  1
 8.16103E-03   9.96199E-04   1.17594E-04   1.84332E-04   7.09993E-12     3549.74  1
 8.18103E-03   1.01297E-03   1.17449E-04   1.83465E-04   7.11036E-12     3535.92  1
 8.20103E-03   1.02385E-03   1.17171E-04   1.82859E-04   7.11330E-12     3499.08  1
 8.22103E-03   1.04026E-03   1.16872E-04   1.82349E-04   7.10994E-12     3482.03  1
 8.24103E-03   1.05605E-03   1.16616E-04   1.81776E-04   7.10004E-12     3491.18  1
 8.26103E-03   1.06846E-03   1.16365E-04   1.81223E-04   7.08342E-12     3475.15  1
 8.28103E-03   1.08497E-03   1.16083E-04   1.80678E-04   7.06414E-12     3470.01  1
 8.30103E-03   1.09428E-03   1.15782E-04   1.79907E-04   7.03548E-12     3483.09  1
 8.32103E-03   1.10947E-03   1.15458E-04   1.79103E-04   7.00031E-12     3486.65  1
 8.34103E-03   1.12605E-03   1.15104E-04   1.78262E-04   6.96147E-12     3465.27  1
 8.36103E-03   1.13694E-03   1.14737E-04   1.76964E-04   6.91373E-12     3447.64  1
 8.38103E-03   1.15358E-03   1.14391E-04   1.74067E-04   6.85952E-12     3436.88  1
 8.40103E-03   1.16453E-03   1.14036E-04   1.72356E-04   6.65174E-12     3407.33  0
 8.42103E-03   1.16527E-03   1.13345E-04   1.71590E-04   6.42226E-12     2880.42  0
 8.44103E-03   1.15897E-03   1.11520E-04   1.70648E-04   6.18599E-12     2589.83  0
 8.46103E-03   1.15633E-03   1.08836E-04   1.69817E-04   5.94332E-12     2396.14  0
 8.48103E-03   1.14876E-03   1.06427E-04   1.69055E-04   5.70061E-12     2255.63  0
 8.50103E-03   1.14492E-03   1.03514E-04   1.68120E-04   5.45695E-12     2144.36  0
 8.52103E-03   1.13686E-03   1.00480E-04   1.67137E-04   5.21212E-12     2057.93  0
 8.54103E-03   1.13242E-03   9.79745E-05   1.65720E-04   4.97341E-12     1985.54  0
 8.56103E-03   1.12369E-03   9.44178E-05   1.62231E-04   4.73580E-12     1923.82  0
 8.58103E-03   1.11918E-03   9.20324E-05   1.60598E-04   4.50389E-12     1871.68  0
 8.60103E-03   1.10982E-03   8.85488E-05   1.59411E-04   4.27654E-12     1828.63  0
 8.62103E-03   1.10557E-03   8.54062E-05   1.58326E-04   4.05352E-12     1792.16  0
 8.64103E-03   1.09581E-03   8.29054E-05   1.57109E-04   3.83620E-12     1760.56  0
 8.66103E-03   1.08799E-03   7.93089E-05   1.55868E-04   3.62394E-12     1733.53  0
 8.68103E-03   1.08194E-03   7.69501E-05   1.54252E-04   3.41674E-12     1710.67  0
 8.70103E-03   1.07235E-03   7.36141E-05   1.50732E-04   3.21499E-12     1691.36  0
 8.72103E-03   1.06483E-03   7.07277E-05   1.48588E-04   3.01846E-12     1674.93  0
 8.74103E-03   1.05744E-03   6.81992E-05   1.47237E-04   2.82717E-12     1661.22  0
 8.76103E-03   1.04736E-03   6.50870E-05   1.46273E-04   2.64205E-12     1650.03  0
 8.78103E-03   1.03801E-03   6.29780E-05   1.45247E-04   2.46301E-12     1640.86  0
 8.80103E-03   1.02719E-03   5.92372E-05   1.40947E-04   2.22631E-12     1633.66  0
 8.82103E-03   1.01973E-03   5.75929E-05   1.45118E-04   2.05297E-12     1628.39  0
 8.84103E-03   1.00842E-03   5.44685E-05   1.43770E-04   1.88742E-12     1624.70  0
 8.86103E-03   9.97278E-04   5.28393E-05   1.42786E-04   1.73059E-12     1622.99  0
 8.88103E-03   9.86091E-04   4.99808E-05   1.41535E-04   1.58175E-12     1622.61  0
 8.90103E-03   9.69682E-04   4.82489E-05   1.38244E-04   1.54537E-12     1622.08  1
 8.92103E-03   4.68025E-05   1.06017E-04   4.64583E-05   1.58771E-12     1894.73  1
 8.94103E-03   9.62391E-04   1.10900E-04   1.98244E-04   1.62723E-12     2792.40  1
 8.96103E-03   9.50988E-04   1.13001E-04   2.00284E-04   1.69253E-12     3177.94  1
 8.98103E-03   9.41603E-04   1.14191E-04   2.00236E-04   1.76907E-12     3378.41  1
 9.00103E-03   9.27242E-04   1.14998E-04   1.99012E-04   1.86482E-12     3449.67  1
 9.02103E-03   9.16267E-04   1.15794E-04   2.00046E-04   1.96040E-12     3533.48  1
 9.04103E-03   9.03850E-04   1.16454E-04   1.99898E-04   2.06535E-12     3593.80  1
 9.06103E-03   8.88585E-04   1.16932E-04   1.99454E-04   2.17954E-12     3632.63  1
 9.08103E-03   8.72967E-04   1.17326E-04   1.98661E-04   2.30250E-12     3661.65  1
 9.10103E-03   8.59148E-04   1.17563E-04   1.95582E-04   2.42971E-12     3685.27  1
 9.12103E-03   8.40672E-04   1.17703E-04   1.93624E-04   2.56246E-12     3705.04  1
 9.14103E-03   8.25043E-04   1.17848E-04   1.92617E-04   2.70072E-12     3719.88  1
 9.16103E-03   8.06262E-04   1.17993E-04   1.91731E-04   2.85401E-12     3730.48  1
 9.18103E-03   7.86438E-04   1.18132E-04   1.93481E-04   3.00795E-12     3737.54  1
 9.20103E-03   7.65236E-04   1.18266E-04   1.89860E-04   3.16213E-12     3728.16  1
 9.22103E-03   7.45370E-04   1.18395E-04   1.88527E-04   3.31949E-12     3738.21  1
 9.24103E-03   7.20206E-04   1.18511E-04   1.87325E-04   3.48268E-12     3740.10  1
 9.26103E-03   6.96708E-04   1.18675E-04   1.84347E-04   3.64447E-12     3735.50  1
 9.28103E-03   6.68489E-04   1.18818E-04   1.82795E-04   3.80763E-12     3729.75  1
 9.30103E-03   6.32907E-04   1.18913E-04   1.83465E-04   3.97241E-12     3725.90  1
 9.32103E-03   5.90351E-04   1.19010E-04   1.83914E-04   4.13729E-12     3715.27  1
 9.34103E-03   5.13720E-04   1.19092E-04   1.84359E-04   4.30032E-12     3705.21  1
 9.36103E-03   5.04797E-04   1.19161E-04   1.84678E-04   4.45955E-12     3699.23  1
 9.38103E-03   5.23951E-04   1.19216E-04   1.84938E-04   4.61717E-12     3696.62  1
 9.40103E-03   5.43293E-04   1.19254E-04   1.85190E-04   4.76761E-12     3700.70  1
 9.42103E-03   5.61705E-04   1.19285E-04   1.85433E-04   4.91533E-12     3706.68  1
 9.44103E-03   5.79082E-04   1.19307E-04   1.85656E-04   5.05851E-12     3708.30  1
 9.46104E-03   5.97723E-04   1.19340E-04   1.85841E-04   5.19772E-12     3710.74  1
 9.48104E-03   6.15547E-04   1.19398E-04   1.85959E-04   5.33558E-12     3711.30  1
 9.50104E-03   6.33792E-04   1.19430E-04   1.86053E-04   5.46887E-12     3719.98  1
 9.52104E-03   6.51482E-04   1.19438E-04   1.86112E-04   5.59796E-12     3724.75  1
 9.54104E-03   6.65887E-04   1.19439E-04   1.86265E-04   5.72359E-12     3719.40  1
 9.56104E-03   6.80695E-04   1.19434E-04   1.86393E-04   5.84706E-12     3713.84  1
 9.58104E-03   6.98102E-04   1.19430E-04   1.86517E-04   5.96692E-12     3712.36  1
 9.60104E-03   7.13347E-04   1.19395E-04   1.86511E-04   6.08234E-12     3676.06  1
 9.62104E-03   7.32472E-04   1.19380E-04   1.86558E-04   6.19212E-12     3676.10  1
 9.64104E-03   7.46092E-04   1.19330E-04   1.86601E-04   6.29884E-12     3696.86  1
 9.66104E-03   7.63307E-04   1.19298E-04   1.86610E-04   6.40168E-12     3705.89  1
 9.68104E-03   7.77595E-04   1.19383E-04   1.86620E-04   6.49961E-12     3701.74  1
 9.70104E-03   7.93132E-04   1.19411E-04   1.86586E-04   6.59527E-12     3704.48  1
 9.72104E-03   8.10703E-04   1.19366E-04   1.86526E-04   6.68595E-12     3707.80  1
 9.74104E-03   8.21997E-04   1.19306E-04   1.86439E-04   6.77167E-12     3701.50  1
 9.76104E-03   8.39060E-04   1.19250E-04   1.86356E-04   6.85358E-12     3693.03  1
 9.78104E-03   8.56043E-04   1.19196E-04   1.86259E-04   6.93156E-12     3690.61  1
 9.80104E-03   8.69239E-04   1.19109E-04   1.86152E-04   7.00309E-12     3656.38  1
 9.82104E-03   8.86997E-04   1.19043E-04   1.86041E-04   7.07573E-12     3657.81  1
 9.84104E-03   9.04892E-04   1.18933E-04   1.86837E-04   7.14615E-12     3680.46  1
 9.86104E-03   9.18485E-04   1.18843E-04   1.87525E-04   7.21024E-12     3688.04  1
 9.88104E-03   9.34088E-04   1.18870E-04   1.87877E-04   7.27175E-12     3682.61  1
 9.90104E-03   9.49247E-04   1.18840E-04   1.88046E-04   7.32700E-12     3679.97  1
 9.92104E-03   9.66873E-04   1.18725E-04   1.88025E-04   7.37856E-12     3675.38  1
 9.94104E-03   9.79419E-04   1.18595E-04   1.87805E-04   7.42248E-12     3663.96  1
 9.96104E-03   9.96260E-04   1.18467E-04   1.87471E-04   7.46078E-12     3656.05  1
 9.98104E-03   1.01393E-03   1.18343E-04   1.87076E-04   7.49454E-12     3648.55  1
 1.00010E-02   1.02783E-03   1.18226E-04   1.86418E-04   7.52575E-12     3628.57  1
 1.00210E-02   1.04498E-03   1.18097E-04   1.85722E-04   7.54799E-12     3626.07  1
 1.00410E-02   1.05800E-03   1.17943E-04   1.85005E-04   7.56286E-12     3629.86  1
 1.00610E-02   1.07516E-03   1.17826E-04   1.83751E-04   7.57241E-12     3619.78  1
 1.00810E-02   1.09239E-03   1.17707E-04   1.81068E-04   7.57659E-12     3599.62  1
 1.01010E-02   1.10392E-03   1.17553E-04   1.79688E-04   7.57377E-12     3578.40  1
 1.01210E-02   1.11992E-03   1.17335E-04   1.79055E-04   7.56698E-12     3568.18  1
 1.01410E-02   1.13718E-03   1.17081E-04   1.78437E-04   7.55241E-12     3567.45  1
 1.01610E-02   1.14925E-03   1.16832E-04   1.77802E-04   7.53186E-12     3538.71  1
 1.01810E-02   1.16519E-03   1.16575E-04   1.77185E-04   7.50548E-12     3540.43  1
 1.02010E-02   1.17755E-03   1.16309E-04   1.76357E-04   7.47513E-12     3533.50  1
 1.02210E-02   1.19431E-03   1.16048E-04   1.75522E-04   7.43912E-12     3520.15  1
 1.02410E-02   1.20614E-03   1.15765E-04   1.74303E-04   7.39768E-12     3513.25  1
 1.02610E-02   1.22208E-03   1.15460E-04   1.72006E-04   7.20006E-12     3508.06  0
 1.02810E-02   1.21995E-03   1.14283E-04   1.69753E-04   6.98060E-12     2968.96  0
 1.03010E-02   1.21235E-03   1.13375E-04   1.68785E-04   6.75053E-12     2670.35  0
 1.03210E-02   1.20979E-03   1.11057E-04   1.67985E-04   6.51385E-12     2466.59  0
 1.03410E-02   1.20211E-03   1.08802E-04   1.67236E-04   6.27480E-12     2319.18  0
 1.03610E-02   1.19831E-03   1.06687E-04   1.66503E-04   6.03173E-12     2201.17  0
 1.03810E-02   1.19142E-03   1.03761E-04   1.65588E-04   5.78791E-12     2106.98  0
 1.04010E-02   1.18412E-03   1.00794E-04   1.63773E-04   5.47210E-12     2026.94  0
 1.04210E-02   1.17837E-03   9.83457E-05   1.64613E-04   5.21218E-12     1959.72  0
 1.04410E-02   1.17375E-03   9.54016E-05   1.64056E-04   4.95457E-12     1900.38  0
 1.04610E-02   1.16387E-03   9.31703E-05   1.64407E-04   4.70236E-12     1850.04  0
 1.04810E-02   1.15897E-03   9.00661E-05   1.63721E-04   4.45526E-12     1808.13  0
 1.05010E-02   1.14929E-03   8.80048E-05   1.62998E-04   4.21399E-12     1772.88  0
 1.05210E-02   1.14136E-03   8.48408E-05   1.62259E-04   3.97769E-12     1743.31  0
 1.05410E-02   1.13473E-03   8.28779E-05   1.61084E-04   3.74740E-12     1718.48  0
 1.05610E-02   1.12519E-03   7.97135E-05   1.57823E-04   3.52358E-12     1698.06  0
 1.05810E-02   1.11890E-03   7.78516E-05   1.56196E-04   3.30610E-12     1680.90  0
 1.06010E-02   1.10699E-03   7.41130E-05   1.53380E-04   3.04059E-12     1666.25  0
 1.06210E-02   1.10165E-03   7.25423E-05   1.54120E-04   2.82924E-12     1654.40  0
 1.06410E-02   1.09106E-03   6.93362E-05   1.53311E-04   2.63017E-12     1644.76  0
 1.06610E-02   1.08075E-03   6.77307E-05   1.50681E-04   2.44171E-12     1637.02  0
 1.06810E-02   1.07090E-03   6.47234E-05   1.48336E-04   2.26163E-12     1631.12  0
 1.07010E-02   1.06199E-03   6.30184E-05   1.47027E-04   2.09016E-12     1626.90  0
 1.07210E-02   1.05216E-03   6.03012E-05   1.45903E-04   1.92712E-12     1624.18  0
 1.07410E-02   1.04031E-03   5.83995E-05   1.44620E-04   1.77235E-12     1622.98  0
 1.07610E-02   1.02802E-03   5.61050E-05   1.43114E-04   1.78649E-12     1622.69  1
 1.07810E-02   1.00707E-03   1.08558E-04   1.95308E-04   1.86600E-12     2076.75  1
 1.08010E-02   9.83208E-04   1.12361E-04   2.00053E-04   1.92844E-12     2791.85  1
 1.08210E-02   9.64161E-04   1.14446E-04   2.06666E-04   2.00943E-12     3256.31  1
 1.08410E-02   9.47156E-04   1.16182E-04   2.07722E-04   2.10327E-12     3474.95  1
 1.08610E-02   9.26863E-04   1.17283E-04   2.07450E-04   2.21006E-12     3585.90  1
 1.08810E-02   9.08801E-04   1.17766E-04   2.05409E-04   2.32817E-12     3642.05  1
 1.09010E-02   8.85276E-04   1.18076E-04   2.03132E-04   2.45446E-12     3685.71  1
 1.09210E-02   8.68070E-04   1.18362E-04   2.02368E-04   2.58683E-12     3744.04  1
 1.09410E-02   8.44044E-04   1.18571E-04   2.01743E-04   2.72540E-12     3774.40  1
 1.09610E-02   8.24832E-04   1.18712E-04   2.01126E-04   2.86799E-12     3788.37  1
 1.09810E-02   8.04894E-04   1.18818E-04   2.00152E-04   3.02250E-12     3799.09  1
 1.10010E-02   7.83658E-04   1.18896E-04   2.00207E-04   3.18088E-12     3801.81  1
 1.10210E-02   7.62470E-04   1.18987E-04   2.00668E-04   3.34519E-12     3805.97  1
 1.10410E-02   7.39702E-04   1.19059E-04   2.01660E-04   3.51109E-12     3809.98  1
 1.10610E-02   7.18277E-04   1.19119E-04   2.02547E-04   3.67725E-12     3809.12  1
 1.10810E-02   6.96101E-04   1.19194E-04   2.03278E-04   3.84460E-12     3803.80  1
 1.11010E-02   6.68307E-04   1.19257E-04   2.03878E-04   4.01263E-12     3801.68  1
 1.11210E-02   6.39126E-04   1.19312E-04   2.04385E-04   4.18226E-12     3789.42  1
 1.11410E-02   6.10540E-04   1.19357E-04   2.04862E-04   4.35027E-12     3782.46  1
 1.11610E-02   5.79696E-04   1.19392E-04   2.05280E-04   4.51879E-12     3772.64  1
 1.11810E-02   5.46493E-04   1.19424E-04   2.05632E-04   4.68680E-12     3760.64  1
 1.12010E-02   5.04727E-04   1.19072E-04   2.05921E-04   4.89080E-12     3713.69  1
 1.12210E-02   5.20815E-04   1.19139E-04   2.09308E-04   5.04586E-12     3707.61  1
 1.12410E-02   5.37813E-04   1.19143E-04   2.10883E-04   5.20072E-12     3736.83  1
 1.12610E-02   5.56313E-04   1.19262E-04   2.11683E-04   5.35154E-12     3746.27  1
 1.12810E-02   5.75565E-04   1.19482E-04   2.12176E-04   5.49842E-12     3738.06  1
 1.13010E-02   5.94207E-04   1.19568E-04   2.12494E-04   5.64159E-12     3725.33  1
 1.13210E-02   6.13692E-04   1.19580E-04   2.12847E-04   5.78044E-12     3725.25  1
 1.13410E-02   6.33294E-04   1.19581E-04   2.13061E-04   5.91632E-12     3727.11  1
 1.13610E-02   6.52762E-04   1.19577E-04   2.13193E-04   6.04743E-12     3701.11  1
 1.13810E-02   6.72048E-04   1.19572E-04   2.13255E-04   6.17383E-12     3694.06  1
 1.14010E-02   6.85792E-04   1.19112E-04   2.12442E-04   6.31852E-12     3619.35  1
 1.14210E-02   7.04638E-04   1.19086E-04   2.14665E-04   6.42784E-12     3632.65  1
 1.14411E-02   7.23159E-04   1.19029E-04   2.12831E-04   6.53580E-12     3670.88  1
 1.14611E-02   7.42565E-04   1.19093E-04   2.12450E-04   6.64081E-12     3673.97  1
 1.14811E-02   7.58407E-04   1.19253E-04   2.12278E-04   6.74176E-12     3660.44  1
 1.15011E-02   7.74212E-04   1.19298E-04   2.12053E-04   6.83809E-12     3659.49  1
 1.15211E-02   7.90995E-04   1.19278E-04   2.11779E-04   6.93051E-12     3656.96  1
 1.15411E-02   8.03773E-04   1.19229E-04   2.11543E-04   7.01888E-12     3659.03  1
 1.15611E-02   8.18047E-04   1.19177E-04   2.11341E-04   7.10264E-12     3654.85  1
 1.15811E-02   8.32773E-04   1.19123E-04   2.10838E-04   7.18097E-12     3649.25  1
 1.16011E-02   8.48269E-04   1.18862E-04   2.09191E-04   7.27358E-12     3546.34  1
 1.16211E-02   8.65897E-04   1.18827E-04   2.09452E-04   7.33731E-12     3573.31  1
 1.16411E-02   8.83550E-04   1.18726E-04   2.08949E-04   7.39741E-12     3574.62  1
 1.16611E-02   8.96968E-04   1.18734E-04   2.08537E-04   7.45497E-12     3578.70  1
 1.16811E-02   9.13382E-04   1.18812E-04   2.07966E-04   7.50873E-12     3581.21  1
 1.17011E-02   9.31276E-04   1.18773E-04   2.06903E-04   7.55467E-12     3582.88  1
 1.17211E-02   9.48782E-04   1.18692E-04   2.04189E-04   7.59633E-12     3577.88  1
 1.17411E-02   9.61951E-04   1.18585E-04   2.02913E-04   7.63333E-12     3571.34  1
 1.17611E-02   9.78997E-04   1.18475E-04   2.02147E-04   7.66590E-12     3572.27  1
 1.17811E-02   9.96514E-04   1.18361E-04   2.01500E-04   7.69160E-12     3575.38  1
 1.18011E-02   1.00970E-03   1.18088E-04   2.00786E-04   7.67549E-12     3566.63  1
 1.18211E-02   1.02461E-03   1.17985E-04   2.03213E-04   7.69859E-12     3583.01  1
 1.18411E-02   1.04187E-03   1.17791E-04   2.03129E-04   7.71069E-12     3596.66  1
 1.18611E-02   1.05978E-03   1.17697E-04   2.02636E-04   7.70873E-12     3597.41  1
 1.18811E-02   1.07620E-03   1.17609E-04   2.00324E-04   7.69937E-12     3590.21  1
 1.19011E-02   1.08934E-03   1.17506E-04   1.99044E-04   7.68484E-12     3575.32  1
 1.19211E-02   1.10621E-03   1.17287E-04   1.98330E-04   7.50495E-12     3549.11  0
 1.19411E-02   1.10625E-03   1.16533E-04   1.97749E-04   7.30549E-12     3002.44  0
 1.19611E-02   1.10085E-03   1.14980E-04   1.97053E-04   7.08837E-12     2691.52  0
 1.19811E-02   1.09724E-03   1.13991E-04   1.96308E-04   6.86180E-12     2485.41  0
 1.20011E-02   1.09496E-03   1.12565E-04   1.94768E-04   6.58383E-12     2334.27  0
 1.20211E-02   1.09276E-03   1.09846E-04   1.93154E-04   6.33443E-12     2214.93  0
 1.20411E-02   1.08526E-03   1.08211E-04   1.93001E-04   6.08539E-12     2117.68  0
 1.20611E-02   1.08239E-03   1.05610E-04   1.94085E-04   5.83776E-12     2036.68  0
 1.20811E-02   1.07987E-03   1.03583E-04   1.93684E-04   5.59112E-12     1967.83  0
 1.21011E-02   1.07201E-03   1.01350E-04   1.93056E-04   5.34648E-12     1911.30  0
 1.21211E-02   1.06853E-03   9.88521E-05   1.92088E-04   5.10483E-12     1863.81  0
 1.21411E-02   1.06564E-03   9.68591E-05   1.90203E-04   4.86667E-12     1824.23  0
 1.21611E-02   1.05725E-03   9.40998E-05   1.87281E-04   4.63244E-12     1790.43  0
 1.21811E-02   1.05414E-03   9.24570E-05   1.86060E-04   4.40231E-12     1761.35  0
 1.22011E-02   1.04474E-03   8.88796E-05   1.83379E-04   4.10929E-12     1736.03  0
 1.22211E-02   1.04760E-03   8.70251E-05   1.84942E-04   3.87887E-12     1714.97  0
 1.22411E-02   1.03949E-03   8.41544E-05   1.84599E-04   3.65923E-12     1696.82  0
 1.22611E-02   1.03625E-03   8.26075E-05   1.81874E-04   3.44822E-12     1681.15  0
 1.22811E-02   1.02827E-03   7.95320E-05   1.80966E-04   3.24405E-12     1667.88  0
 1.23011E-02   1.02423E-03   7.78788E-05   1.80480E-04   3.04806E-12     1656.70  0
 1.23211E-02   1.01603E-03   7.49808E-05   1.79827E-04   2.85862E-12     1647.35  0
 1.23411E-02   1.01139E-03   7.32348E-05   1.79029E-04   2.67681E-12     1639.67  0
 1.23611E-02   1.00236E-03   7.06425E-05   1.77716E-04   2.50236E-12     1633.56  0
 1.23811E-02   9.91831E-04   6.86405E-05   1.73947E-04   2.33490E-12     1628.94  0
 1.24011E-02   9.75991E-04   6.58198E-05   1.72055E-04   2.15392E-12     1625.55  0
 1.24211E-02   9.66320E-04   6.37956E-05   1.72501E-04   2.20359E-12     1623.55  1
 1.24411E-02   9.51522E-04   1.08593E-04   2.11285E-04   2.26922E-12     2162.20  1
 1.24611E-02   9.38384E-04   1.12770E-04   2.17166E-04   2.33721E-12     2990.23  1
 1.24811E-02   9.27057E-04   1.15042E-04   2.18209E-04   2.42234E-12     3408.24  1
 1.25011E-02   9.15161E-04   1.16855E-04   2.19822E-04   2.51484E-12     3640.35  1
 1.25211E-02   8.99250E-04   1.17696E-04   2.19831E-04   2.62267E-12     3764.14  1
 1.25411E-02   8.87750E-04   1.18090E-04   2.19581E-04   2.73896E-12     3839.02  1
 1.25611E-02   8.75229E-04   1.18485E-04   2.18894E-04   2.86214E-12     3884.59  1
 1.25811E-02   8.62235E-04   1.18793E-04   2.16124E-04   2.99490E-12     3912.15  1
 1.26011E-02   8.45066E-04   1.18666E-04   2.14914E-04   3.15431E-12     3890.45  1
 1.26211E-02   8.34291E-04   1.18833E-04   2.17359E-04   3.29712E-12     3918.63  1
 1.26411E-02   8.21620E-04   1.18925E-04   2.14846E-04   3.44278E-12     3905.31  1
 1.26611E-02   8.05904E-04   1.19143E-04   2.13573E-04   3.58968E-12     3901.37  1
 1.26811E-02   7.89219E-04   1.19340E-04   2.14576E-04   3.73960E-12     3898.89  1
 1.27011E-02   7.75367E-04   1.19452E-04   2.15430E-04   3.89439E-12     3890.23  1
 1.27211E-02   7.57910E-04   1.19525E-04   2.16296E-04   4.06340E-12     3880.50  1
 1.27411E-02   7.42129E-04   1.19578E-04   2.20419E-04   4.23262E-12     3871.44  1
 1.27611E-02   7.24056E-04   1.19622E-04   2.22025E-04   4.40461E-12     3860.76  1
 1.27811E-02   7.04415E-04   1.19661E-04   2.22902E-04   4.57504E-12     3855.82  1
 1.28011E-02   6.76647E-04   1.19174E-04   2.24011E-04   4.77513E-12     3756.75  1
 1.28211E-02   6.54076E-04   1.19227E-04   2.28094E-04   4.93925E-12     3750.41  1
 1.28411E-02   6.27050E-04   1.19228E-04   2.29680E-04   5.10167E-12     3766.71  1
 1.28611E-02   5.98879E-04   1.19276E-04   2.30553E-04   5.26327E-12     3765.39  1
 1.28811E-02   5.68033E-04   1.19466E-04   2.31058E-04   5.42411E-12     3759.88  1
 1.29011E-02   5.55200E-04   1.19600E-04   2.31466E-04   5.58034E-12     3758.23  1
 1.29211E-02   5.74251E-04   1.19623E-04   2.31763E-04   5.73623E-12     3752.87  1
 1.29411E-02   5.92150E-04   1.19609E-04   2.31971E-04   5.88825E-12     3750.40  1
 1.29611E-02   6.08721E-04   1.19590E-04   2.32104E-04   6.03768E-12     3749.86  1
 1.29811E-02   6.26381E-04   1.19565E-04   2.32177E-04   6.18169E-12     3740.58  1
 1.30011E-02   6.45206E-04   1.19524E-04   2.31834E-04   6.32591E-12     3676.97  1
 1.30211E-02   6.64296E-04   1.19506E-04   2.32122E-04   6.45637E-12     3684.09  1
 1.30411E-02   6.82983E-04   1.19436E-04   2.31868E-04   6.58275E-12     3705.36  1
 1.30611E-02   7.02151E-04   1.19399E-04   2.31718E-04   6.70354E-12     3711.86  1
 1.30811E-02   7.20732E-04   1.19502E-04   2.31582E-04   6.82146E-12     3714.55  1
 1.31011E-02   7.36131E-04   1.19548E-04   2.31386E-04   6.93353E-12     3710.62  1
 1.31211E-02   7.53295E-04   1.19497E-04   2.31164E-04   7.04162E-12     3706.73  1
 1.31411E-02   7.70976E-04   1.19423E-04   2.30647E-04   7.14689E-12     3700.45  1
 1.31611E-02   7.82768E-04   1.19350E-04   2.30126E-04   7.24587E-12     3700.08  1
 1.31811E-02   7.99324E-04   1.19275E-04   2.29642E-04   7.33955E-12     3700.40  1
 1.32011E-02   8.14845E-04   1.19166E-04   2.27524E-04   7.44448E-12     3646.38  1
 1.32211E-02   8.29830E-04   1.19128E-04   2.27427E-04   7.52166E-12     3660.08  1
 1.32411E-02   8.45325E-04   1.19071E-04   2.27323E-04   7.59477E-12     3666.04  1
 1.32611E-02   8.63016E-04   1.19045E-04   2.26415E-04   7.66261E-12     3654.84  1
 1.32811E-02   8.79367E-04   1.19047E-04   2.24164E-04   7.72577E-12     3640.28  1
 1.33011E-02   8.93139E-04   1.18978E-04   2.22632E-04   7.78129E-12     3629.68  1
 1.33211E-02   9.10661E-04   1.18862E-04   2.21875E-04   7.83140E-12     3621.15  1
 1.33411E-02   9.27943E-04   1.18720E-04   2.21230E-04   7.87299E-12     3614.71  1
 1.33611E-02   9.43196E-04   1.18556E-04   2.20638E-04   7.90811E-12     3595.65  1
 1.33811E-02   9.59407E-04   1.18362E-04   2.19894E-04   7.77483E-12     3590.26  0
 1.34011E-02   9.58185E-04   1.17755E-04   2.18038E-04   7.61105E-12     3023.28  0
 1.34211E-02   9.57096E-04   1.16560E-04   2.18918E-04   7.43739E-12     2700.15  0
 1.34411E-02   9.55602E-04   1.14964E-04   2.17946E-04   7.24703E-12     2492.11  0
 1.34611E-02   9.49863E-04   1.13841E-04   2.17571E-04   7.04456E-12     2342.10  0
 1.34811E-02   9.46811E-04   1.12567E-04   2.16972E-04   6.83678E-12     2232.19  0
 1.35011E-02   9.44978E-04   1.09817E-04   2.16234E-04   6.62212E-12     2142.14  0
 1.35211E-02   9.43127E-04   1.08323E-04   2.15054E-04   6.40799E-12     2069.97  0
 1.35411E-02   9.37225E-04   1.06183E-04   2.11820E-04   6.19004E-12     2008.38  0
 1.35611E-02   9.33727E-04   1.04037E-04   2.10224E-04   5.97203E-12     1954.88  0
 1.35811E-02   9.31692E-04   1.02645E-04   2.09153E-04   5.75487E-12     1909.90  0
 1.36011E-02   9.27309E-04   9.95017E-05   2.07629E-04   5.47188E-12     1870.39  0
 1.36211E-02   9.23209E-04   9.79930E-05   2.10698E-04   5.23927E-12     1835.55  0
 1.36411E-02   9.20881E-04   9.53587E-05   2.10734E-04   5.01342E-12     1804.39  0
 1.36611E-02   9.18792E-04   9.35890E-05   2.07709E-04   4.79285E-12     1776.64  0
 1.36811E-02   9.11858E-04   9.16295E-05   2.06016E-04   4.57688E-12     1751.64  0
 1.37011E-02   9.09458E-04   8.92354E-05   2.05076E-04   4.36531E-12     1730.04  0
 1.37211E-02   9.07448E-04   8.77464E-05   2.04155E-04   4.15817E-12     1711.15  0
 1.37411E-02   9.01285E-04   8.50062E-05   2.03229E-04   3.95568E-12     1694.58  0
 1.37611E-02   8.97634E-04   8.34112E-05   2.01987E-04   3.75849E-12     1680.38  0
 1.37811E-02   8.95421E-04   8.11992E-05   1.99021E-04   3.56626E-12     1668.23  0
 1.38011E-02   8.88862E-04   7.86661E-05   1.94512E-04   3.34207E-12     1657.76  0
 1.38211E-02   8.85899E-04   7.70296E-05   1.97179E-04   3.15922E-12     1649.03  0
 1.38411E-02   8.83386E-04   7.45376E-05   1.97069E-04   2.98373E-12     1641.70  0
 1.38611E-02   8.75862E-04   7.30983E-05   1.95817E-04   2.81439E-12     1635.72  0
 1.38811E-02   8.73029E-04   7.07251E-05   1.92920E-04   2.84844E-12     1631.00  1
 1.39011E-02   8.67108E-04   1.08785E-04   2.35471E-04   2.91002E-12     2139.82  1
 1.39211E-02   8.62097E-04   1.12897E-04   2.43255E-04   2.97165E-12     2984.44  1
 1.39411E-02   8.51579E-04   1.15101E-04   2.47265E-04   3.04116E-12     3397.01  1
 1.39611E-02   8.36431E-04   1.16761E-04   2.47677E-04   3.12577E-12     3607.38  1
 1.39811E-02   8.29189E-04   1.17606E-04   2.45864E-04   3.21687E-12     3716.95  1
 1.40011E-02   8.15336E-04   1.18013E-04   2.44254E-04   3.32361E-12     3773.36  1
 1.40211E-02   8.09615E-04   1.18399E-04   2.47716E-04   3.43536E-12     3835.73  1
 1.40411E-02   7.97068E-04   1.18717E-04   2.47990E-04   3.55415E-12     3874.28  1
 1.40611E-02   7.87877E-04   1.18962E-04   2.47375E-04   3.68134E-12     3900.18  1
 1.40811E-02   7.81533E-04   1.19118E-04   2.44147E-04   3.81331E-12     3920.37  1
 1.41011E-02   7.69840E-04   1.19267E-04   2.43111E-04   3.95004E-12     3931.00  1
 1.41211E-02   7.60584E-04   1.19352E-04   2.42513E-04   4.09110E-12     3934.03  1
 1.41411E-02   7.54329E-04   1.19442E-04   2.41871E-04   4.23439E-12     3931.35  1
 1.41611E-02   7.44759E-04   1.19510E-04   2.41066E-04   4.38609E-12     3920.94  1
 1.41811E-02   7.35499E-04   1.19563E-04   2.42177E-04   4.54043E-12     3908.59  1
 1.42011E-02   7.22486E-04   1.19223E-04   2.41256E-04   4.72860E-12     3791.12  1
 1.42211E-02   7.14668E-04   1.19273E-04   2.46048E-04   4.88026E-12     3781.93  1
 1.42411E-02   7.04156E-04   1.19281E-04   2.47560E-04   5.03405E-12     3781.11  1
 1.42611E-02   6.93070E-04   1.19339E-04   2.48426E-04   5.18800E-12     3772.34  1
 1.42811E-02   6.80586E-04   1.19545E-04   2.49072E-04   5.34593E-12     3761.04  1
 1.43011E-02   6.67212E-04   1.19679E-04   2.49534E-04   5.49946E-12     3752.38  1
 1.43211E-02   6.55294E-04   1.19704E-04   2.50143E-04   5.65349E-12     3745.55  1
 1.43411E-02   6.42951E-04   1.19698E-04   2.50665E-04   5.80528E-12     3737.59  1
 1.43611E-02   6.27662E-04   1.19683E-04   2.51052E-04   5.95509E-12     3729.00  1
 1.43811E-02   6.13072E-04   1.19661E-04   2.51343E-04   6.10349E-12     3709.84  1
 1.44011E-02   5.94890E-04   1.19602E-04   2.51289E-04   6.25599E-12     3654.39  1
 1.44211E-02   6.06738E-04   1.19570E-04   2.52128E-04   6.39482E-12     3664.85  1
 1.44411E-02   6.25774E-04   1.19500E-04   2.52073E-04   6.52946E-12     3692.01  1
 1.44611E-02   6.44218E-04   1.19472E-04   2.52180E-04   6.66216E-12     3687.23  1
 1.44811E-02   6.60823E-04   1.19566E-04   2.52203E-04   6.79111E-12     3681.87  1
 1.45011E-02   6.78263E-04   1.19600E-04   2.52149E-04   6.91373E-12     3683.59  1
 1.45211E-02   6.96756E-04   1.19541E-04   2.51982E-04   7.03092E-12     3664.36  1
 1.45411E-02   7.14842E-04   1.19459E-04   2.51744E-04   7.14373E-12     3654.43  1
 1.45611E-02   7.33085E-04   1.19361E-04   2.51519E-04   7.24960E-12     3651.16  1
 1.45811E-02   7.49660E-04   1.19249E-04   2.51300E-04   7.35063E-12     3658.95  1
 1.46011E-02   7.68403E-04   1.19110E-04   2.51086E-04   7.44055E-12     3621.55  1
 1.46211E-02   7.89382E-04   1.18967E-04   2.50889E-04   7.52474E-12     3618.92  1
 1.46411E-02   8.02198E-04   1.18775E-04   2.50359E-04   7.60154E-12     3593.94  1
 1.46611E-02   8.17916E-04   1.18574E-04   2.49791E-04   7.50951E-12     3584.33  0
 1.46811E-02   8.14747E-04   1.18394E-04   2.49250E-04   7.39654E-12     3049.83  0
 1.47011E-02   8.11787E-04   1.17859E-04   2.48184E-04   7.26600E-12     2746.18  0
 1.47211E-02   8.10163E-04   1.16108E-04   2.46712E-04   7.11995E-12     2547.31  0
 1.47411E-02   8.06693E-04   1.14789E-04   2.44287E-04   6.96347E-12     2403.89  0
 1.47611E-02   8.02706E-04   1.13592E-04   2.43263E-04   6.79759E-12     2296.91  0
 1.47811E-02   8.01017E-04   1.11986E-04   2.42440E-04   6.62627E-12     2207.45  0
 1.48011E-02   7.99474E-04   1.09476E-04   2.41542E-04   6.41156E-12     2130.74  0
 1.48211E-02   7.95289E-04   1.08146E-04   2.43765E-04   6.22860E-12     2062.88  0
 1.48411E-02   7.91685E-04   1.05762E-04   2.43456E-04   6.04015E-12     2001.06  0
 1.48611E-02   7.89635E-04   1.03970E-04   2.42755E-04   5.84787E-12     1947.59  0
 1.48811E-02   7.87597E-04   1.02583E-04   2.40882E-04   5.65383E-12     1900.16  0
 1.49011E-02   7.82558E-04   9.97760E-05   2.38392E-04   5.45844E-12     1859.83  0
 1.49211E-02   7.79171E-04   9.83105E-05   2.37242E-04   5.26360E-12     1826.45  0
 1.49411E-02   7.77231E-04   9.60897E-05   2.36327E-04   5.06892E-12     1797.17  0
 1.49611E-02   7.75423E-04   9.40882E-05   2.35332E-04   4.87608E-12     1771.47  0
 1.49811E-02   7.70141E-04   9.26672E-05   2.34311E-04   4.68476E-12     1749.24  0
 1.50011E-02   7.64855E-04   8.97083E-05   2.29489E-04   4.42224E-12     1728.25  0
 1.50211E-02   7.68571E-04   8.83132E-05   2.34901E-04   4.22711E-12     1711.36  0
 1.50411E-02   7.64412E-04   8.62246E-05   2.33702E-04   4.03690E-12     1696.44  0
 1.50611E-02   7.62565E-04   8.42494E-05   2.32783E-04   3.85202E-12     1683.54  0
 1.50811E-02   7.58396E-04   8.28958E-05   2.31575E-04   3.67221E-12     1672.20  0
 1.51011E-02   7.54551E-04   8.04340E-05   2.28757E-04   3.49689E-12     1662.37  0
 1.51211E-02   7.52478E-04   7.88580E-05   2.26522E-04   3.32656E-12     1653.87  0
 1.51411E-02   7.48839E-04   7.75402E-05   2.25328E-04   3.16105E-12     1646.63  0
 1.51611E-02   7.44062E-04   7.49227E-05   2.24241E-04   3.20129E-12     1640.44  1
 1.51811E-02   7.40038E-04   1.08924E-04   2.73202E-04   3.26092E-12     2105.65  1
 1.52011E-02   7.28473E-04   1.12477E-04   2.76943E-04   3.30243E-12     2885.57  1
 1.52211E-02   7.21839E-04   1.14915E-04   2.80604E-04   3.37713E-12     3324.37  1
 1.52411E-02   7.11747E-04   1.16742E-04   2.80618E-04   3.46225E-12     3528.50  1
 1.52611E-02   7.04345E-04   1.17600E-04   2.80331E-04   3.55350E-12     3670.49  1
 1.52811E-02   6.96208E-04   1.18055E-04   2.79923E-04   3.65092E-12     3745.75  1
 1.53011E-02   6.89651E-04   1.18436E-04   2.79121E-04   3.75552E-12     3798.58  1
 1.53211E-02   6.81979E-04   1.18679E-04   2.75964E-04   3.86744E-12     3833.65  1
 1.53411E-02   6.74907E-04   1.18873E-04   2.74771E-04   3.99702E-12     3856.50  1
 1.53611E-02   6.67917E-04   1.18997E-04   2.77929E-04   4.13480E-12     3872.44  1
 1.53811E-02   6.62706E-04   1.19091E-04   2.78152E-04   4.28242E-12     3882.85  1
 1.54011E-02   6.53052E-04   1.19033E-04   2.77103E-04   4.45013E-12     3810.00  1
 1.54211E-02   6.50877E-04   1.19095E-04   2.78563E-04   4.59760E-12     3818.35  1
 1.54411E-02   6.40384E-04   1.19103E-04   2.77975E-04   4.74280E-12     3840.27  1
 1.54611E-02   6.35364E-04   1.19207E-04   2.77409E-04   4.88951E-12     3844.27  1
 1.54811E-02   6.27549E-04   1.19412E-04   2.76459E-04   5.03826E-12     3839.77  1
 1.55011E-02   6.23280E-04   1.19492E-04   2.73061E-04   5.18796E-12     3834.07  1
 1.55211E-02   6.14960E-04   1.19518E-04   2.72728E-04   5.33641E-12     3825.99  1
 1.55411E-02   6.07850E-04   1.19516E-04   2.73197E-04   5.48554E-12     3809.81  1
 1.55611E-02   5.98502E-04   1.19511E-04   2.73607E-04   5.63408E-12     3794.15  1
 1.55811E-02   5.93828E-04   1.19498E-04   2.73963E-04   5.78220E-12     3783.70  1
 1.56011E-02   5.81712E-04   1.18891E-04   2.74035E-04   5.95549E-12     3688.30  1
 1.56211E-02   5.76858E-04   1.18890E-04   2.77065E-04   6.09134E-12     3688.08  1
 1.56411E-02   5.66453E-04   1.18828E-04   2.77798E-04   6.22651E-12     3718.22  1
 1.56611E-02   5.82366E-04   1.18919E-04   2.77388E-04   6.35670E-12     3728.26  1
 1.56811E-02   6.00457E-04   1.19028E-04   2.76978E-04   6.48493E-12     3724.48  1
 1.57011E-02   6.13580E-04   1.19031E-04   2.76358E-04   6.60965E-12     3717.51  1
 1.57211E-02   6.31161E-04   1.18943E-04   2.75728E-04   6.56247E-12     3701.91  0
 1.57411E-02   6.31390E-04   1.18732E-04   2.75565E-04   6.49231E-12     3115.38  0
 1.57611E-02   6.31222E-04   1.18194E-04   2.75497E-04   6.40495E-12     2798.59  0
 1.57811E-02   6.29727E-04   1.16939E-04   2.75400E-04   6.30186E-12     2596.90  0
 1.58011E-02   6.27267E-04   1.15070E-04   2.74984E-04   6.19012E-12     2439.89  0
 1.58211E-02   6.30776E-04   1.13917E-04   2.77156E-04   6.06250E-12     2324.20  0
 1.58411E-02   6.27146E-04   1.12681E-04   2.77472E-04   5.92269E-12     2227.44  0
 1.58611E-02   6.25999E-04   1.10193E-04   2.77334E-04   5.77722E-12     2144.76  0
 1.58811E-02   6.24716E-04   1.08739E-04   2.76499E-04   5.62748E-12     2077.42  0
 1.59011E-02   6.21344E-04   1.07244E-04   2.74762E-04   5.47474E-12     2019.23  0
 1.59211E-02   6.17519E-04   1.04636E-04   2.73148E-04   5.31993E-12     1968.52  0
 1.59411E-02   6.15804E-04   1.03212E-04   2.72327E-04   5.16348E-12     1925.41  0
 1.59611E-02   6.14412E-04   1.01014E-04   2.71647E-04   5.00751E-12     1888.79  0
 1.59811E-02   6.11812E-04   9.90908E-05   2.70893E-04   4.85096E-12     1856.46  0
 1.60011E-02   6.07281E-04   9.77661E-05   2.69208E-04   4.68042E-12     1827.08  0
 1.60211E-02   6.05488E-04   9.53088E-05   2.69160E-04   4.52200E-12     1801.70  0
 1.60411E-02   6.03935E-04   9.38126E-05   2.67857E-04   4.36377E-12     1778.58  0
 1.60611E-02   6.01131E-04   9.25129E-05   2.67026E-04   4.20698E-12     1757.60  0
 1.60811E-02   5.96683E-04   8.98808E-05   2.66046E-04   4.05096E-12     1739.14  0
 1.61011E-02   5.94774E-04   8.85163E-05   2.65062E-04   3.89700E-12     1723.12  0
 1.61211E-02   5.93133E-04   8.68163E-05   2.63653E-04   3.74546E-12     1708.71  0
 1.61411E-02   5.89694E-04   8.46331E-05   2.60943E-04   3.59587E-12     1695.80  0
 1.61611E-02   5.85881E-04   8.33052E-05   2.58635E-04   3.44841E-12     1684.33  0
 1.61811E-02   5.84059E-04   8.13888E-05   2.57370E-04   3.30343E-12     1674.20  0
 1.62011E-02   5.77953E-04   7.94005E-05   2.56292E-04   3.14503E-12     1664.95  0
 1.62211E-02   5.80904E-04   7.82030E-05   2.55993E-04   3.17923E-12     1656.91  1
 1.62411E-02   5.75757E-04   1.08577E-04   3.12591E-04   3.25111E-12     2062.13  1
 1.62611E-02   5.71612E-04   1.12733E-04   3.18932E-04   3.30563E-12     2831.62  1
 1.62811E-02   5.65979E-04   1.14804E-04   3.18171E-04   3.38284E-12     3284.17  1
 1.63011E-02   5.61386E-04   1.16578E-04   3.20728E-04   3.47011E-12     3490.07  1
 1.63211E-02   5.56119E-04   1.17571E-04   3.21143E-04   3.56544E-12     3584.32  1
 1.63411E-02   5.53596E-04   1.17963E-04   3.20887E-04   3.66737E-12     3643.53  1
 1.63611E-02   5.49101E-04   1.18295E-04   3.20482E-04   3.77796E-12     3684.37  1
 1.63811E-02   5.40629E-04   1.18579E-04   3.19730E-04   3.89438E-12     3710.20  1
 1.64011E-02   5.34286E-04   1.18623E-04   3.17699E-04   4.03039E-12     3724.52  1
 1.64211E-02   5.27359E-04   1.18737E-04   3.16829E-04   4.15874E-12     3743.08  1
 1.64411E-02   5.23525E-04   1.18804E-04   3.14459E-04   4.29727E-12     3755.59  1
 1.64611E-02   5.16668E-04   1.18870E-04   3.13540E-04   4.43751E-12     3764.50  1
 1.64810E-02   5.11358E-04   1.18928E-04   3.12760E-04   4.59338E-12     3766.50  1
 1.65010E-02   5.06743E-04   1.18975E-04   3.15161E-04   4.74960E-12     3766.86  1
 1.65210E-02   5.00724E-04   1.18992E-04   3.14934E-04   4.90691E-12     3764.58  1
 1.65410E-02   4.96812E-04   1.18987E-04   3.11627E-04   5.06537E-12     3742.60  1
 1.65610E-02   4.93907E-04   1.18959E-04   3.10539E-04   5.22060E-12     3727.29  1
 1.65810E-02   4.87302E-04   1.18912E-04   3.09807E-04   5.37107E-12     3709.18  1
 1.66010E-02   4.80218E-04   1.18808E-04   3.09104E-04   5.51453E-12     3659.22  1
 1.66210E-02   4.83689E-04   1.18721E-04   3.08329E-04   5.49697E-12     3646.21  0
 1.66410E-02   4.85537E-04   1.18510E-04   3.07375E-04   5.45622E-12     3116.40  0
 1.66610E-02   4.85368E-04   1.17921E-04   3.05147E-04   5.39830E-12     2836.06  0
 1.66810E-02   4.82421E-04   1.16228E-04   3.04461E-04   5.32799E-12     2657.12  0
 1.67010E-02   4.80822E-04   1.14815E-04   3.03981E-04   5.24373E-12     2510.22  0
 1.67210E-02   4.80466E-04   1.13669E-04   3.03550E-04   5.14892E-12     2388.13  0
 1.67410E-02   4.79922E-04   1.12242E-04   3.03129E-04   5.04775E-12     2287.06  0
 1.67610E-02   4.78866E-04   1.09800E-04   3.02727E-04   4.93864E-12     2202.07  0
 1.67810E-02   4.75830E-04   1.08407E-04   3.02281E-04   4.82404E-12     2129.91  0
 1.68010E-02   4.73082E-04   1.06408E-04   3.01603E-04   4.70473E-12     2067.21  0
 1.68210E-02   4.72188E-04   1.04274E-04   3.00877E-04   4.58251E-12     2013.14  0
 1.68410E-02   4.71428E-04   1.02962E-04   3.00154E-04   4.45786E-12     1966.52  0
 1.68610E-02   4.70892E-04   1.00668E-04   2.98929E-04   4.33133E-12     1925.49  0
 1.68810E-02   4.70531E-04   9.89959E-05   2.96971E-04   4.20381E-12     1889.56  0
 1.69010E-02   4.70034E-04   9.77180E-05   2.94906E-04   4.07544E-12     1857.54  0
 1.69210E-02   4.69466E-04   9.51944E-05   2.93776E-04   3.94655E-12     1828.95  0
 1.69410E-02   4.68820E-04   9.37326E-05   2.92719E-04   3.81721E-12     1803.18  0
 1.69610E-02   4.68134E-04   9.23094E-05   2.91661E-04   3.68811E-12     1779.96  0
 1.69810E-02   4.67424E-04   8.97689E-05   2.90587E-04   3.55901E-12     1759.24  0
 1.70010E-02   4.61681E-04   8.80168E-05   2.87744E-04   3.40006E-12     1740.44  0
 1.70210E-02   4.59067E-04   8.58900E-05   2.87330E-04   3.26704E-12     1723.67  0
 1.70410E-02   4.57662E-04   8.41989E-05   2.86141E-04   3.13511E-12     1708.42  0
 1.70610E-02   4.56458E-04   8.29630E-05   2.85195E-04   3.00496E-12     1694.73  0
 1.70810E-02   4.53779E-04   8.06746E-05   2.84261E-04   2.87723E-12     1682.62  0
 1.71010E-02   4.48479E-04   7.90402E-05   2.82961E-04   2.75170E-12     1671.80  0
 1.71210E-02   4.46070E-04   7.77862E-05   2.79773E-04   2.78077E-12     1662.26  1
 1.71410E-02   4.41754E-04   1.08530E-04   3.46486E-04   2.87873E-12     2056.81  1
 1.71610E-02   4.37102E-04   1.12652E-04   3.50708E-04   2.95566E-12     2785.95  1
 1.71810E-02   4.34823E-04   1.14612E-04   3.52335E-04   3.03949E-12     3218.52  1
 1.72010E-02   4.28390E-04   1.15935E-04   3.56162E-04   3.12790E-12     3392.87  1
 1.72210E-02   4.28427E-04   1.16830E-04   3.60536E-04   3.23793E-12     3512.83  1
 1.72410E-02   4.25403E-04   1.17467E-04   3.59166E-04   3.35157E-12     3586.40  1
 1.72610E-02   4.19340E-04   1.17736E-04   3.58889E-04   3.46861E-12     3632.17  1
 1.72810E-02   4.14733E-04   1.17873E-04   3.58459E-04   3.59157E-12     3658.16  1
 1.73010E-02   4.07247E-04   1.17964E-04   3.57857E-04   3.55851E-12     3672.72  0
 1.73210E-02   4.02938E-04   1.17789E-04   3.56834E-04   3.50519E-12     3114.05  0
 1.73410E-02   3.96012E-04   1.16799E-04   3.53384E-04   3.43923E-12     2811.70  0
 1.73610E-02   3.88235E-04   1.15127E-04   3.51631E-04   3.36676E-12     2592.51  0
 1.73810E-02   3.84644E-04   1.14121E-04   3.50462E-04   3.28858E-12     2427.89  0
 1.74010E-02   3.77663E-04   1.12579E-04   3.48522E-04   3.20543E-12     2293.71  0
 1.74210E-02   3.73697E-04   1.10046E-04   3.47566E-04   3.11697E-12     2182.40  0
 1.74410E-02   3.67610E-04   1.08433E-04   3.46035E-04   3.02280E-12     2089.49  0
 1.74610E-02   3.61620E-04   1.06113E-04   3.41450E-04   2.92432E-12     2013.82  0
 1.74810E-02   3.56650E-04   1.03840E-04   3.39564E-04   2.82345E-12     1950.31  0
 1.75010E-02   3.53339E-04   1.02008E-04   3.37988E-04   2.72107E-12     1896.56  0
 1.75210E-02   3.46892E-04   9.92852E-05   3.36220E-04   2.61739E-12     1851.11  0
 1.75410E-02   3.43284E-04   9.77294E-05   3.31830E-04   2.51389E-12     1812.28  0
 1.75610E-02   3.37341E-04   9.47049E-05   3.29071E-04   2.41063E-12     1778.98  0
 1.75810E-02   3.33105E-04   9.30345E-05   3.27161E-04   2.30798E-12     1750.45  0
 1.76010E-02   3.27274E-04   8.96766E-05   3.23897E-04   2.18821E-12     1725.25  0
 1.76210E-02   3.24106E-04   8.79400E-05   3.23058E-04   2.08427E-12     1703.37  0
 1.76410E-02   3.19046E-04   8.48009E-05   3.21167E-04   1.98146E-12     1684.27  0
 1.76610E-02   3.13905E-04   8.29577E-05   3.16811E-04   1.88081E-12     1668.39  0
 1.76810E-02   3.08120E-04   7.97831E-05   3.15073E-04   1.78182E-12     1655.22  0
 1.77010E-02   3.04999E-04   7.79151E-05   3.13684E-04   1.68581E-12     1644.45  0
 1.77210E-02   3.01852E-04   7.46496E-05   3.12053E-04   1.59281E-12     1635.92  0
 1.77410E-02   2.95267E-04   7.27671E-05   3.07666E-04   1.50235E-12     1629.57  0
 1.77610E-02   2.88588E-04   6.93980E-05   3.05610E-04   1.41485E-12     1625.26  0
 1.77810E-02   2.85309E-04   6.75534E-05   3.04124E-04   1.33051E-12     1623.10  0
 1.78010E-02   2.82002E-04   6.38021E-05   2.98803E-04   1.23826E-12     1622.65  0
 1.78210E-02   2.74674E-04   6.12927E-05   3.02138E-04   1.15854E-12     1622.13  0
 1.78410E-02   2.68156E-04   5.86095E-05   2.99352E-04   1.08210E-12     1621.49  0
 1.78610E-02   2.64794E-04   5.60994E-05   2.95631E-04   1.00863E-12     1620.74  0
 1.78810E-02   2.61536E-04   5.37729E-05   2.93836E-04   9.38602E-13     1619.89  0
 1.79010E-02   2.56180E-04   5.18360E-05   2.92281E-04   8.71140E-13     1618.99  0
 1.79210E-02   2.53546E-04   4.92944E-05   2.89926E-04   8.06626E-13     1618.10  0
 1.79410E-02   2.48770E-04   4.79951E-05   2.85338E-04   7.45475E-13     1617.20  0
 1.79610E-02   2.43178E-04   4.56469E-05   2.83288E-04   6.87220E-13     1616.40  0
 1.79810E-02   2.36411E-04   4.40386E-05   2.78294E-04   6.31567E-13     1615.62  0
 1.80010E-02   2.32862E-04   4.28710E-05   2.71118E-04   5.75984E-13     1614.74  0
 1.80210E-02   2.24793E-04   4.08881E-05   2.64441E-04   5.26012E-13     1613.89  0
 1.80410E-02   2.17492E-04   3.96008E-05   2.60222E-04   4.78817E-13     1613.02  0
 1.80610E-02   2.10342E-04   3.86386E-05   2.49195E-04   4.33989E-13     1612.15  0
 1.80810E-02   2.05432E-04   3.77360E-05   2.45003E-04   3.91933E-13     1611.23  0
 1.81010E-02   2.00511E-04   3.58883E-05   2.40896E-04   3.52463E-13     1610.24  0
 1.81210E-02   1.94419E-04   3.47783E-05   2.31509E-04   3.15457E-13     1609.21  0
 1.81410E-02   1.87633E-04   3.38916E-05   2.25962E-04   2.80687E-13     1608.11  0
 1.81610E-02   1.83434E-04   3.30676E-05   2.22131E-04   2.48431E-13     1606.93  0
 1.81810E-02   1.76130E-04   3.18159E-05   2.13686E-04   2.18428E-13     1605.78  0
 1.82010E-02   1.71265E-04   3.03254E-05   2.04599E-04   1.89339E-13     1604.43  0
 1.82210E-02   1.64471E-04   2.93915E-05   2.00897E-04   1.63782E-13     1603.10  0
 1.82410E-02   1.56636E-04   2.85840E-05   1.94333E-04   1.40325E-13     1601.75  0
 1.82610E-02   1.52630E-04   2.78049E-05   1.87912E-04   1.19054E-13     1600.31  0
 1.82810E-02   1.44780E-04   2.62127E-05   1.77488E-04   9.95000E-14     1598.77  0
 1.83010E-02   1.36374E-04   2.49633E-05   1.72803E-04   8.19915E-14     1597.20  0
 1.83210E-02   1.32176E-04   2.40591E-05   1.62539E-04   6.63741E-14     1595.60  0
 1.83410E-02   1.21542E-04   2.32169E-05   1.54846E-04   5.26004E-14     1593.90  0
 1.83610E-02   1.14903E-04   2.20387E-05   1.48711E-04   4.05536E-14     1592.06  0
 1.83810E-02   1.10344E-04   2.02667E-05   1.35904E-04   3.02325E-14     1590.21  0
 1.84010E-02   9.68702E-05   1.91299E-05   1.26239E-04   2.11800E-14     1588.09  0
 1.84210E-02   9.16924E-05   1.81311E-05   1.17399E-04   1.42986E-14     1586.04  0
 1.84410E-02   7.84447E-05   1.63292E-05   1.04671E-04   8.69717E-15     1583.80  0
 1.84610E-02   7.17547E-05   1.44676E-05   9.26397E-05   4.62702E-15     1581.23  0
 1.84810E-02   5.70840E-05   1.30855E-05   7.87869E-05   1.87805E-15     1578.50  0
 1.85010E-02   4.58964E-05   1.01418E-05   6.24591E-05   3.65807E-16     1575.11  0
 1.85210E-02   2.99987E-05   7.72160E-06   3.89867E-05   0.00000E+00     1570.25  0
 1.85410E-02   0.00000E+00   0.00000E+00   0.00000E+00   0.00000E+00     1556.76  0
 1.85610E-02   0.00000E+00   0.00000E+00   0.00000E+00   0.00000E+00     1529.42  0
 1.85810E-02   0.00000E+00   0.00000E+00   0.00000E+00   0.00000E+00     1511.19  0
 1.86010E-02   0.00000E+00   0.00000E+00   0.00000E+00   0.00000E+00     1497.25  0
 1.86210E-02   0.00000E+00   0.00000E+00   0.00000E+00   0.00000E+00     1485.45  0
 1.86410E-02   0.00000E+00   0.00000E+00   0.00000E+00   0.00000E+00     1474.76  0
 1.86610E-02   0.00000E+00   0.00000E+00   0.00000E+00   0.00000E+00     1465.02  0
 1.86810E-02   0.00000E+00   0.00000E+00   0.00000E+00   0.00000E+00     1456.24  0
 1.87010E-02   0.00000E+00   0.00000E+00   0.00000E+00   0.00000E+00     1447.94  0
 1.87210E-02   0.00000E+00   0.00000E+00   0.00000E+00   0.00000E+00     1440.00  0
 1.87410E-02   0.00000E+00   0.00000E+00   0.00000E+00   0.00000E+00     1432.49  0
 1.87610E-02   0.00000E+00   0.00000E+00   0.00000E+00   0.00000E+00     1425.46  0
 1.87810E-02   0.00000E+00   0.00000E+00   0.00000E+00   0.00000E+00     1418.65  0
 1.88010E-02   0.00000E+00   0.00000E+00   0.00000E+00   0.00000E+00     1412.03  0
 1.88210E-02   0.00000E+00   0.00000E+00   0.00000E+00   0.00000E+00     1405.59  0
 1.88410E-02   0.00000E+00   0.00000E+00   0.00000E+00   0.00000E+00     1399.54  0
 1.88610E-02   0.00000E+00   0.00000E+00   0.00000E+00   0.00000E+00     1393.67  0
 1.88810E-02   0.00000E+00   0.00000E+00   0.00000E+00   0.00000E+00     1387.91  0
 1.89010E-02   0.00000E+00   0.00000E+00   0.00000E+00   0.00000E+00     1382.28  0
 1.89210E-02   0.00000E+00   0.00000E+00   0.00000E+00   0.00000E+00     1376.75  0
 1.89410E-02   0.00000E+00   0.00000E+00   0.00000E+00   0.00000E+00     1371.53  0
 1.89610E-02   0.00000E+00   0.00000E+00   0.00000E+00   0.00000E+00     1366.41  0
 1.89810E-02   0.00000E+00   0.00000E+00   0.00000E+00   0.00000E+00     1361.38  0
 1.90010E-02   0.00000E+00   0.00000E+00   0.00000E+00   0.00000E+00     1356.43  0
 1.90210E-02   0.00000E+00   0.00000E+00   0.00000E+00   0.00000E+00     1351.59  0
 1.90409E-02   0.00000E+00   0.00000E+00   0.00000E+00   0.00000E+00     1346.90  0
 1.90609E-02   0.00000E+00   0.00000E+00   0.00000E+00   0.00000E+00     1342.37  0
 1.90809E-02   0.00000E+00   0.00000E+00   0.00000E+00   0.00000E+00     1337.90  0
 1.91009E-02   0.00000E+00   0.00000E+00   0.00000E+00   0.00000E+00     1333.49  0
 1.91209E-02   0.00000E+00   0.00000E+00   0.00000E+00   0.00000E+00     1329.13  0
 1.91409E-02   0.00000E+00   0.00000E+00   0.00000E+00   0.00000E+00     1324.83  0
 1.91609E-02   0.00000E+00   0.00000E+00   0.00000E+00   0.00000E+00     1320.67  0
 1.91809E-02   0.00000E+00   0.00000E+00   0.00000E+00   0.00000E+00     1316.62  0
 1.92009E-02   0.00000E+00   0.00000E+00   0.00000E+00   0.00000E+00     1312.62  0
 1.92209E-02   0.00000E+00   0.00000E+00   0.00000E+00   0.00000E+00     1308.66  0
 1.92409E-02   0.00000E+00   0.00000E+00   0.00000E+00   0.00000E+00     1304.75  0
 1.92609E-02   0.00000E+00   0.00000E+00   0.00000E+00   0.00000E+00     1300.88  0
 1.92809E-02   0.00000E+00   0.00000E+00   0.00000E+00   0.00000E+00     1297.07  0
 1.93009E-02   0.00000E+00   0.00000E+00   0.00000E+00   0.00000E+00     1293.41  0
 1.93209E-02   0.00000E+00   0.00000E+00   0.00000E+00   0.00000E+00     1289.78  0
 1.93409E-02   0.00000E+00   0.00000E+00   0.00000E+00   0.00000E+00     1286.20  0
 1.93609E-02   0.00000E+00   0.00000E+00   0.00000E+00   0.00000E+00     1282.64  0
 1.93809E-02   0.00000E+00   0.00000E+00   0.00000E+00   0.00000E+00     1279.12  0
 1.94009E-02   0.00000E+00   0.00000E+00   0.00000E+00   0.00000E+00     1275.64  0
 1.94209E-02   0.00000E+00   0.00000E+00   0.00000E+00   0.00000E+00     1272.25  0
 1.94409E-02   0.00000E+00   0.00000E+00   0.00000E+00   0.00000E+00     1268.96  0
 1.94609E-02   0.00000E+00   0.00000E+00   0.00000E+00   0.00000E+00     1265.70  0
 1.94809E-02   0.00000E+00   0.00000E+00   0.00000E+00   0.00000E+00     1262.46  0
 1.95009E-02   0.00000E+00   0.00000E+00   0.00000E+00   0.00000E+00     1259.25  0
 1.95209E-02   0.00000E+00   0.00000E+00   0.00000E+00   0.00000E+00     1256.07  0
 1.95409E-02   0.00000E+00   0.00000E+00   0.00000E+00   0.00000E+00     1252.92  0
 1.95609E-02   0.00000E+00   0.00000E+00   0.00000E+00   0.00000E+00     1249.80  0
 1.95809E-02   0.00000E+00   0.00000E+00   0.00000E+00   0.00000E+00     1246.77  0
 1.96009E-02   0.00000E+00   0.00000E+00   0.00000E+00   0.00000E+00     1243.79  0
 1.96209E-02   0.00000E+00   0.00000E+00   0.00000E+00   0.00000E+00     1240.83  0
 1.96409E-02   0.00000E+00   0.00000E+00   0.00000E+00   0.00000E+00     1237.89  0
 1.96609E-02   0.00000E+00   0.00000E+00   0.00000E+00   0.00000E+00     1234.98  0
 1.96809E-02   0.00000E+00   0.00000E+00   0.00000E+00   0.00000E+00     1232.08  0
 1.97009E-02   0.00000E+00   0.00000E+00   0.00000E+00   0.00000E+00     1229.22  0
 1.97209E-02   0.00000E+00   0.00000E+00   0.00000E+00   0.00000E+00     1226.37  0
 1.97409E-02   0.00000E+00   0.00000E+00   0.00000E+00   0.00000E+00     1223.62  0
 1.97609E-02   0.00000E+00   0.00000E+00   0.00000E+00   0.00000E+00     1220.89  0
 1.97809E-02   0.00000E+00   0.00000E+00   0.00000E+00   0.00000E+00     1218.19  0
 1.98009E-02   0.00000E+00   0.00000E+00   0.00000E+00   0.00000E+00     1215.50  0
 1.98209E-02   0.00000E+00   0.00000E+00   0.00000E+00   0.00000E+00     1212.83  0
 1.98409E-02   0.00000E+00   0.00000E+00   0.00000E+00   0.00000E+00     1210.18  0
 1.98609E-02   0.00000E+00   0.00000E+00   0.00000E+00   0.00000E+00     1207.55  0
 1.98809E-02   0.00000E+00   0.00000E+00   0.00000E+00   0.00000E+00     1204.94  0
 1.99009E-02   0.00000E+00   0.00000E+00   0.00000E+00   0.00000E+00     1202.39  0
 1.99209E-02   0.00000E+00   0.00000E+00   0.00000E+00   0.00000E+00     1199.91  0
 1.99409E-02   0.00000E+00   0.00000E+00   0.00000E+00   0.00000E+00     1197.44  0
 1.99609E-02   0.00000E+00   0.00000E+00   0.00000E+00   0.00000E+00     1194.98  0
 1.99809E-02   0.00000E+00   0.00000E+00   0.00000E+00   0.00000E+00     1192.54  0
 2.00009E-02   0.00000E+00   0.00000E+00   0.00000E+00   0.00000E+00     1190.11  0
 2.00209E-02   0.00000E+00   0.00000E+00   0.00000E+00   0.00000E+00     1187.70  0
 2.00409E-02   0.00000E+00   0.00000E+00   0.00000E+00   0.00000E+00     1185.31  0
 2.00609E-02   0.00000E+00   0.00000E+00   0.00000E+00   0.00000E+00     1182.93  0
 2.00809E-02   0.00000E+00   0.00000E+00   0.00000E+00   0.00000E+00     1180.58  0
 2.01009E-02   0.00000E+00   0.00000E+00   0.00000E+00   0.00000E+00     1178.29  0
 2.01209E-02   0.00000E+00   0.00000E+00   0.00000E+00   0.00000E+00     1176.02  0
 2.01409E-02   0.00000E+00   0.00000E+00   0.00000E+00   0.00000E+00     1173.76  0
 2.01609E-02   0.00000E+00   0.00000E+00   0.00000E+00   0.00000E+00     1171.51  0
 2.01809E-02   0.00000E+00   0.00000E+00   0.00000E+00   0.00000E+00     1169.28  0
 2.02009E-02   0.00000E+00   0.00000E+00   0.00000E+00   0.00000E+00     1167.06  0
 2.02209E-02   0.00000E+00   0.00000E+00   0.00000E+00   0.00000E+00     1164.86  0
 2.02409E-02   0.00000E+00   0.00000E+00   0.00000E+00   0.00000E+00     1162.67  0
 2.02609E-02   0.00000E+00   0.00000E+00   0.00000E+00   0.00000E+00     1160.49  0
 2.02809E-02   0.00000E+00   0.00000E+00   0.00000E+00   0.00000E+00     1158.32  0
 2.03009E-02   0.00000E+00   0.00000E+00   0.00000E+00   0.00000E+00     1156.22  0
 2.03209E-02   0.00000E+00   0.00000E+00   0.00000E+00   0.00000E+00     1154.13  0
 2.03409E-02   0.00000E+00   0.00000E+00   0.00000E+00   0.00000E+00     1152.06  0
 2.03609E-02   0.00000E+00   0.00000E+00   0.00000E+00   0.00000E+00     1150.00  0
 2.03809E-02   0.00000E+00   0.00000E+00   0.00000E+00   0.00000E+00     1147.95  0
 2.04009E-02   0.00000E+00   0.00000E+00   0.00000E+00   0.00000E+00     1145.91  0
 2.04209E-02   0.00000E+00   0.00000E+00   0.00000E+00   0.00000E+00     1143.88  0
 2.04409E-02   0.00000E+00   0.00000E+00   0.00000E+00   0.00000E+00     1141.87  0
 2.04609E-02   0.00000E+00   0.00000E+00   0.00000E+00   0.00000E+00     1139.86  0
 2.04809E-02   0.00000E+00   0.00000E+00   0.00000E+00   0.00000E+00     1137.87  0
 2.05009E-02   0.00000E+00   0.00000E+00   0.00000E+00   0.00000E+00     1135.88  0
 2.05209E-02   0.00000E+00   0.00000E+00   0.00000E+00   0.00000E+00     1133.97  0
 2.05409E-02   0.00000E+00   0.00000E+00   0.00000E+00   0.00000E+00     1132.07  0
 2.05609E-02   0.00000E+00   0.00000E+00   0.00000E+00   0.00000E+00     1130.18  0
 2.05809E-02   0.00000E+00   0.00000E+00   0.00000E+00   0.00000E+00     1128.30  0
 2.06009E-02   0.00000E+00   0.00000E+00   0.00000E+00   0.00000E+00     1126.43  0
 2.06209E-02   0.00000E+00   0.00000E+00   0.00000E+00   0.00000E+00     1124.57  0
 2.06409E-02   0.00000E+00   0.00000E+00   0.00000E+00   0.00000E+00     1122.72  0
 2.06609E-02   0.00000E+00   0.00000E+00   0.00000E+00   0.00000E+00     1120.87  0
 2.06809E-02   0.00000E+00   0.00000E+00   0.00000E+00   0.00000E+00     1119.04  0
 2.07009E-02   0.00000E+00   0.00000E+00   0.00000E+00   0.00000E+00     1117.22  0
 2.07209E-02   0.00000E+00   0.00000E+00   0.00000E+00   0.00000E+00     1115.40  0
 2.07409E-02   0.00000E+00   0.00000E+00   0.00000E+00   0.00000E+00     1113.59  0
 2.07609E-02   0.00000E+00   0.00000E+00   0.00000E+00   0.00000E+00     1111.81  0
 2.07809E-02   0.00000E+00   0.00000E+00   0.00000E+00   0.00000E+00     1110.06  0
 2.08009E-02   0.00000E+00   0.00000E+00   0.00000E+00   0.00000E+00     1108.33  0
 2.08209E-02   0.00000E+00   0.00000E+00   0.00000E+00   0.00000E+00     1106.60  0
 2.08409E-02   0.00000E+00   0.00000E+00   0.00000E+00   0.00000E+00     1104.88  0
 2.08609E-02   0.00000E+00   0.00000E+00   0.00000E+00   0.00000E+00     1103.17  0
 2.08809E-02   0.00000E+00   0.00000E+00   0.00000E+00   0.00000E+00     1101.47  0
 2.09009E-02   0.00000E+00   0.00000E+00   0.00000E+00   0.00000E+00     1099.77  0
 2.09209E-02   0.00000E+00   0.00000E+00   0.00000E+00   0.00000E+00     1098.09  0
 2.09409E-02   0.00000E+00   0.00000E+00   0.00000E+00   0.00000E+00     1096.41  0
 2.09609E-02   0.00000E+00   0.00000E+00   0.00000E+00   0.00000E+00     1094.74  0
 2.09809E-02   0.00000E+00   0.00000E+00   0.00000E+00   0.00000E+00     1093.08  0
 2.10009E-02   0.00000E+00   0.00000E+00   0.00000E+00   0.00000E+00     1091.42  0
 2.10209E-02   0.00000E+00   0.00000E+00   0.00000E+00   0.00000E+00     1089.78  0
 2.10409E-02   0.00000E+00   0.00000E+00   0.00000E+00   0.00000E+00     1088.15  0
 2.10609E-02   0.00000E+00   0.00000E+00   0.00000E+00   0.00000E+00     1086.56  0
 2.10809E-02   0.00000E+00   0.00000E+00   0.00000E+00   0.00000E+00     1084.98  0
 2.11009E-02   0.00000E+00   0.00000E+00   0.00000E+00   0.00000E+00     1083.40  0
 2.11209E-02   0.00000E+00   0.00000E+00   0.00000E+00   0.00000E+00     1081.83  0
 2.11409E-02   0.00000E+00   0.00000E+00   0.00000E+00   0.00000E+00     1080.27  0
 2.11609E-02   0.00000E+00   0.00000E+00   0.00000E+00   0.00000E+00     1078.71  0
 2.11809E-02   0.00000E+00   0.00000E+00   0.00000E+00   0.00000E+00     1077.16  0
 2.12009E-02   0.00000E+00   0.00000E+00   0.00000E+00   0.00000E+00     1075.62  0
 2.12209E-02   0.00000E+00   0.00000E+00   0.00000E+00   0.00000E+00     1074.10  0
 2.12409E-02   0.00000E+00   0.00000E+00   0.00000E+00   0.00000E+00     1072.58  0
 2.12609E-02   0.00000E+00   0.00000E+00   0.00000E+00   0.00000E+00     1071.07  0
 2.12809E-02   0.00000E+00   0.00000E+00   0.00000E+00   0.00000E+00     1069.56  0
 2.13009E-02   0.00000E+00   0.00000E+00   0.00000E+00   0.00000E+00     1068.06  0
 2.13209E-02   0.00000E+00   0.00000E+00   0.00000E+00   0.00000E+00     1066.57  0
 2.13409E-02   0.00000E+00   0.00000E+00   0.00000E+00   0.00000E+00     1065.09  0
 2.13609E-02   0.00000E+00   0.00000E+00   0.00000E+00   0.00000E+00     1063.64  0
 2.13809E-02   0.00000E+00   0.00000E+00   0.00000E+00   0.00000E+00     1062.20  0
 2.14009E-02   0.00000E+00   0.00000E+00   0.00000E+00   0.00000E+00     1060.77  0
 2.14209E-02   0.00000E+00   0.00000E+00   0.00000E+00   0.00000E+00     1059.34  0
 2.14409E-02   0.00000E+00   0.00000E+00   0.00000E+00   0.00000E+00     1057.91  0
 2.14609E-02   0.00000E+00   0.00000E+00   0.00000E+00   0.00000E+00     1056.50  0
 2.14809E-02   0.00000E+00   0.00000E+00   0.00000E+00   0.00000E+00     1055.09  0
 2.15009E-02   0.00000E+00   0.00000E+00   0.00000E+00   0.00000E+00     1053.68  0
 2.15209E-02   0.00000E+00   0.00000E+00   0.00000E+00   0.00000E+00     1052.28  0
 2.15409E-02   0.00000E+00   0.00000E+00   0.00000E+00   0.00000E+00     1050.89  0
 2.15609E-02   0.00000E+00   0.00000E+00   0.00000E+00   0.00000E+00     1049.50  0
 2.15809E-02   0.00000E+00   0.00000E+00   0.00000E+00   0.00000E+00     1048.11  0
 2.16008E-02   0.00000E+00   0.00000E+00   0.00000E+00   0.00000E+00     1046.74  0
 2.16208E-02   0.00000E+00   0.00000E+00   0.00000E+00   0.00000E+00     1045.37  0
 2.16408E-02   0.00000E+00   0.00000E+00   0.00000E+00   0.00000E+00     1044.00  0
 2.16608E-02   0.00000E+00   0.00000E+00   0.00000E+00   0.00000E+00     1042.64  0
 2.16808E-02   0.00000E+00   0.00000E+00   0.00000E+00   0.00000E+00     1041.28  0
 2.17008E-02   0.00000E+00   0.00000E+00   0.00000E+00   0.00000E+00     1039.96  0
 2.17208E-02   0.00000E+00   0.00000E+00   0.00000E+00   0.00000E+00     1038.65  0
 2.17408E-02   0.00000E+00   0.00000E+00   0.00000E+00   0.00000E+00     1037.34  0
 2.17608E-02   0.00000E+00   0.00000E+00   0.00000E+00   0.00000E+00     1036.04  0
 2.17808E-02   0.00000E+00   0.00000E+00   0.00000E+00   0.00000E+00     1034.74  0
 2.18008E-02   0.00000E+00   0.00000E+00   0.00000E+00   0.00000E+00     1033.44  0
 2.18208E-02   0.00000E+00   0.00000E+00   0.00000E+00   0.00000E+00     1032.15  0
 2.18408E-02   0.00000E+00   0.00000E+00   0.00000E+00   0.00000E+00     1030.87  0
 2.18608E-02   0.00000E+00   0.00000E+00   0.00000E+00   0.00000E+00     1029.59  0
 2.18808E-02   0.00000E+00   0.00000E+00   0.00000E+00   0.00000E+00     1028.32  0
 2.19008E-02   0.00000E+00   0.00000E+00   0.00000E+00   0.00000E+00     1027.05  0
 2.19208E-02   0.00000E+00   0.00000E+00   0.00000E+00   0.00000E+00     1025.78  0
 2.19408E-02   0.00000E+00   0.00000E+00   0.00000E+00   0.00000E+00     1024.52  0
 2.19608E-02   0.00000E+00   0.00000E+00   0.00000E+00   0.00000E+00     1023.27  0
 2.19808E-02   0.00000E+00   0.00000E+00   0.00000E+00   0.00000E+00     1022.02  0
 2.20008E-02   0.00000E+00   0.00000E+00   0.00000E+00   0.00000E+00     1020.77  0
 2.20208E-02   0.00000E+00   0.00000E+00   0.00000E+00   0.00000E+00     1019.53  0
 2.20408E-02   0.00000E+00   0.00000E+00   0.00000E+00   0.00000E+00     1018.29  0
 2.20608E-02   0.00000E+00   0.00000E+00   0.00000E+00   0.00000E+00     1017.07  0
 2.20808E-02   0.00000E+00   0.00000E+00   0.00000E+00   0.00000E+00     1015.88  0
 2.21008E-02   0.00000E+00   0.00000E+00   0.00000E+00   0.00000E+00     1014.69  0
 2.21208E-02   0.00000E+00   0.00000E+00   0.00000E+00   0.00000E+00     1013.51  0
 2.21408E-02   0.00000E+00   0.00000E+00   0.00000E+00   0.00000E+00     1012.33  0
 2.21608E-02   0.00000E+00   0.00000E+00   0.00000E+00   0.00000E+00     1011.16  0
 2.21808E-02   0.00000E+00   0.00000E+00   0.00000E+00   0.00000E+00     1009.99  0
 2.22008E-02   0.00000E+00   0.00000E+00   0.00000E+00   0.00000E+00     1008.82  0
 2.22208E-02   0.00000E+00   0.00000E+00   0.00000E+00   0.00000E+00     1007.66  0
 2.22408E-02   0.00000E+00   0.00000E+00   0.00000E+00   0.00000E+00     1006.50  0
 2.22608E-02   0.00000E+00   0.00000E+00   0.00000E+00   0.00000E+00     1005.34  0
 2.22808E-02   0.00000E+00   0.00000E+00   0.00000E+00   0.00000E+00     1004.19  0
 2.23008E-02   0.00000E+00   0.00000E+00   0.00000E+00   0.00000E+00     1003.04  0
 2.23208E-02   0.00000E+00   0.00000E+00   0.00000E+00   0.00000E+00     1001.90  0
 2.23408E-02   0.00000E+00   0.00000E+00   0.00000E+00   0.00000E+00     1000.76  0
 2.23608E-02   0.00000E+00   0.00000E+00   0.00000E+00   0.00000E+00      999.62  0
 2.23808E-02   0.00000E+00   0.00000E+00   0.00000E+00   0.00000E+00      998.49  0
 2.24008E-02   0.00000E+00   0.00000E+00   0.00000E+00   0.00000E+00      997.36  0
 2.24208E-02   0.00000E+00   0.00000E+00   0.00000E+00   0.00000E+00      996.24  0
 2.24408E-02   0.00000E+00   0.00000E+00   0.00000E+00   0.00000E+00      995.12  0
 2.24608E-02   0.00000E+00   0.00000E+00   0.00000E+00   0.00000E+00      994.00  0
 2.24808E-02   0.00000E+00   0.00000E+00   0.00000E+00   0.00000E+00      992.89  0
 2.25008E-02   0.00000E+00   0.00000E+00   0.00000E+00   0.00000E+00      991.79  0
 2.25208E-02   0.00000E+00   0.00000E+00   0.00000E+00   0.00000E+00      990.70  0
 2.25408E-02   0.00000E+00   0.00000E+00   0.00000E+00   0.00000E+00      989.63  0
 2.25608E-02   0.00000E+00   0.00000E+00   0.00000E+00   0.00000E+00      988.55  0
 2.25808E-02   0.00000E+00   0.00000E+00   0.00000E+00   0.00000E+00      987.48  0
 2.26008E-02   0.00000E+00   0.00000E+00   0.00000E+00   0.00000E+00      986.41  0
 2.26208E-02   0.00000E+00   0.00000E+00   0.00000E+00   0.00000E+00      985.35  0
 2.26408E-02   0.00000E+00   0.00000E+00   0.00000E+00   0.00000E+00      984.29  0
 2.26608E-02   0.00000E+00   0.00000E+00   0.00000E+00   0.00000E+00      983.23  0
 2.26808E-02   0.00000E+00   0.00000E+00   0.00000E+00   0.00000E+00      982.18  0
 2.27008E-02   0.00000E+00   0.00000E+00   0.00000E+00   0.00000E+00      981.13  0
 2.27208E-02   0.00000E+00   0.00000E+00   0.00000E+00   0.00000E+00      980.08  0
 2.27408E-02   0.00000E+00   0.00000E+00   0.00000E+00   0.00000E+00      979.04  0
 2.27608E-02   0.00000E+00   0.00000E+00   0.00000E+00   0.00000E+00      978.00  0
 2.27808E-02   0.00000E+00   0.00000E+00   0.00000E+00   0.00000E+00      976.96  0
 2.28008E-02   0.00000E+00   0.00000E+00   0.00000E+00   0.00000E+00      975.93  0
