# Melt Pool Geometry History
# time(s)  length(m)  depth(m)  width(m)  volume(m3)  Tpeak(K)  laser_on
 2.10000E-05   0.00000E+00   0.00000E+00   0.00000E+00   7.67656E-14      293.00  1
 4.10000E-05   4.54854E-05   1.03938E-04   4.32226E-05   2.43582E-13     1934.84  1
 6.10000E-05   7.18274E-05   1.09814E-04   5.70667E-05   3.88254E-13     2760.87  1
 8.10000E-05   9.59822E-05   1.11855E-04   6.35494E-05   5.08979E-13     3198.90  1
 1.01000E-04   1.17794E-04   1.12844E-04   6.64161E-05   6.17461E-13     3392.88  1
 1.21000E-04   1.35696E-04   1.13077E-04   6.81271E-05   7.29388E-13     3539.25  1
 1.41000E-04   1.56266E-04   1.13246E-04   6.88913E-05   8.40848E-13     3627.53  1
 1.61000E-04   1.77874E-04   1.13401E-04   6.96665E-05   9.50328E-13     3640.44  1
 1.81000E-04   1.99079E-04   1.13328E-04   7.01183E-05   1.04768E-12     3694.66  1
 2.01000E-04   2.14914E-04   1.11944E-04   7.07470E-05   1.20891E-12     3531.91  1
 2.21000E-04   2.36134E-04   1.12303E-04   8.07137E-05   1.33422E-12     3398.20  1
 2.41000E-04   2.56083E-04   1.12601E-04   8.33409E-05   1.44900E-12     3372.61  1
 2.61000E-04   2.75553E-04   1.12738E-04   8.47890E-05   1.55939E-12     3354.83  1
 2.81000E-04   2.95320E-04   1.12765E-04   8.59022E-05   1.66244E-12     3345.40  1
 3.01000E-04   3.14821E-04   1.12766E-04   8.68607E-05   1.76377E-12     3355.46  1
 3.21000E-04   3.34410E-04   1.12761E-04   8.77361E-05   1.85962E-12     3368.72  1
 3.41000E-04   3.54057E-04   1.12757E-04   8.85343E-05   1.80732E-12     3364.73  0
 3.61000E-04   3.56124E-04   1.11218E-04   8.92652E-05   1.75396E-12     2880.35  0
 3.81000E-04   3.56580E-04   1.08545E-04   9.19164E-05   1.70179E-12     2610.50  0
 4.01000E-04   3.55152E-04   1.05430E-04   9.30477E-05   1.66464E-12     2438.13  0
 4.21000E-04   3.56022E-04   1.02826E-04   1.01760E-04   1.60429E-12     2298.85  0
 4.41000E-04   3.55694E-04   9.89318E-05   1.04148E-04   1.53608E-12     2185.00  0
 4.61000E-04   3.55485E-04   9.54004E-05   1.05332E-04   1.46859E-12     2091.06  0
 4.81000E-04   3.55287E-04   9.25770E-05   1.05293E-04   1.40021E-12     2016.62  0
 5.01000E-04   3.55035E-04   8.84681E-05   1.05599E-04   1.33347E-12     1954.43  0
 5.21000E-04   3.54733E-04   8.46850E-05   1.05785E-04   1.26810E-12     1902.66  0
 5.41000E-04   3.54378E-04   8.15532E-05   1.05673E-04   1.20410E-12     1859.12  0
 5.61000E-04   3.53983E-04   7.81316E-05   1.05366E-04   1.14180E-12     1821.47  0
 5.81000E-04   3.53552E-04   7.43261E-05   1.04866E-04   1.07933E-12     1788.71  0
 6.01000E-04   3.48083E-04   7.02132E-05   1.01303E-04   9.77495E-13     1759.36  0
 6.21000E-04   3.53266E-04   6.77229E-05   1.05387E-04   9.15278E-13     1732.57  0
 6.41000E-04   3.52637E-04   6.39328E-05   1.04772E-04   8.51667E-13     1707.85  0
 6.61000E-04   3.52021E-04   6.11859E-05   1.04338E-04   7.88204E-13     1686.20  0
 6.81000E-04   3.51284E-04   5.83515E-05   1.04124E-04   7.25769E-13     1668.04  0
 7.01000E-04   3.43532E-04   5.51631E-05   1.03973E-04   6.64892E-13     1653.46  0
 7.21000E-04   3.32820E-04   5.29091E-05   1.03842E-04   6.06397E-13     1642.09  0
 7.41000E-04   3.24076E-04   4.95146E-05   1.03725E-04   5.50186E-13     1633.47  0
 7.61000E-04   3.17476E-04   4.76368E-05   1.03619E-04   4.96571E-13     1627.44  0
 7.81000E-04   3.11562E-04   4.42713E-05   1.03518E-04   4.45626E-13     1623.83  0
 8.01000E-04   2.99726E-04   4.14100E-05   9.78482E-05   3.79505E-13     1622.68  0
 8.21000E-04   2.93519E-04   3.87758E-05   1.06531E-04   3.34695E-13     1622.04  0
 8.41000E-04   2.82895E-04   3.66480E-05   1.05449E-04   3.66497E-13     1621.18  1
 8.61000E-04   4.97190E-05   1.03171E-04   4.27266E-05   4.90671E-13     1836.57  1
 8.81000E-04   7.52166E-05   1.09524E-04   6.18962E-05   5.93001E-13     2794.86  1
 9.01000E-04   9.61360E-05   1.11541E-04   7.01888E-05   6.84698E-13     3163.26  1
 9.21000E-04   1.16529E-04   1.12413E-04   7.33510E-05   7.76699E-13     3344.45  1
 9.41000E-04   1.36855E-04   1.12760E-04   7.49408E-05   8.72996E-13     3430.77  1
 9.61000E-04   1.56771E-04   1.12964E-04   7.61445E-05   9.67362E-13     3464.55  1
 9.81000E-04   1.76754E-04   1.13069E-04   7.71746E-05   1.06359E-12     3486.37  1
 1.00100E-03   1.95117E-04   1.12569E-04   7.88294E-05   1.19559E-12     3406.79  1
 1.02100E-03   2.15588E-04   1.12777E-04   8.22808E-05   1.30124E-12     3398.07  1
 1.04100E-03   2.35548E-04   1.12970E-04   8.40245E-05   1.40553E-12     3396.00  1
 1.06100E-03   2.55051E-04   1.13119E-04   8.51660E-05   1.51098E-12     3399.97  1
 1.08100E-03   2.74832E-04   1.13224E-04   8.61454E-05   1.61759E-12     3389.09  1
 1.10100E-03   2.94710E-04   1.13320E-04   8.70281E-05   1.72545E-12     3395.60  1
 1.12100E-03   3.14520E-04   1.13398E-04   8.78528E-05   1.83230E-12     3408.72  1
 1.14100E-03   3.33715E-04   1.13463E-04   8.86313E-05   1.93802E-12     3415.24  1
 1.16100E-03   3.51615E-04   1.13512E-04   8.93577E-05   2.05106E-12     3437.79  1
 1.18100E-03   3.71009E-04   1.13546E-04   9.26157E-05   2.16389E-12     3434.50  1
 1.20100E-03   3.88958E-04   1.13524E-04   9.60772E-05   2.26869E-12     3404.84  1
 1.22100E-03   4.13746E-04   1.13467E-04   9.79115E-05   2.37863E-12     3399.67  1
 1.24100E-03   4.33337E-04   1.13500E-04   9.90298E-05   2.48563E-12     3395.91  1
 1.26100E-03   4.52949E-04   1.13559E-04   9.97664E-05   2.58875E-12     3397.57  1
 1.28100E-03   4.73003E-04   1.13509E-04   1.00329E-04   2.68754E-12     3387.83  1
 1.30100E-03   4.92864E-04   1.13421E-04   1.00786E-04   2.78223E-12     3388.13  1
 1.32100E-03   5.12722E-04   1.13327E-04   1.01197E-04   2.86996E-12     3398.79  1
 1.34100E-03   5.31969E-04   1.13230E-04   1.01548E-04   2.95228E-12     3405.45  1
 1.36100E-03   5.49777E-04   1.13131E-04   1.01855E-04   3.02955E-12     3418.68  1
 1.38100E-03   5.69146E-04   1.13038E-04   1.02185E-04   3.10313E-12     3409.91  1
 1.40100E-03   5.86389E-04   1.12930E-04   1.02493E-04   3.17240E-12     3366.19  1
 1.42100E-03   6.06692E-04   1.12809E-04   1.02799E-04   3.23635E-12     3363.40  1
 1.44100E-03   6.24992E-04   1.12843E-04   1.03061E-04   3.29920E-12     3360.18  1
 1.46100E-03   6.38458E-04   1.12850E-04   1.03285E-04   3.35939E-12     3366.18  1
 1.48100E-03   6.55266E-04   1.12822E-04   1.03490E-04   3.27161E-12     3363.32  0
 1.50100E-03   6.52577E-04   1.11450E-04   1.03666E-04   3.17416E-12     2865.02  0
 1.52100E-03   6.47746E-04   1.08692E-04   1.03795E-04   3.07035E-12     2602.24  0
 1.54100E-03   6.42578E-04   1.05880E-04   1.03894E-04   2.96225E-12     2438.53  0
 1.56100E-03   6.37387E-04   1.03088E-04   1.03941E-04   2.85335E-12     2320.84  0
 1.58100E-03   6.30543E-04   9.92136E-05   1.03935E-04   2.74684E-12     2225.00  0
 1.60100E-03   6.26455E-04   9.60481E-05   1.03200E-04   2.63514E-12     2143.06  0
 1.62100E-03   6.18481E-04   9.29882E-05   1.03913E-04   2.53459E-12     2060.11  0
 1.64100E-03   6.12511E-04   8.89968E-05   1.05181E-04   2.42405E-12     1984.19  0
 1.66100E-03   6.06372E-04   8.57269E-05   1.05659E-04   2.31185E-12     1917.01  0
 1.68100E-03   5.99066E-04   8.28328E-05   1.05817E-04   2.20019E-12     1862.49  0
 1.70100E-03   5.94553E-04   7.88913E-05   1.05801E-04   2.08876E-12     1817.35  0
 1.72100E-03   5.86712E-04   7.57501E-05   1.05709E-04   1.97815E-12     1780.05  0
 1.74100E-03   5.82837E-04   7.29401E-05   1.05692E-04   1.86877E-12     1748.77  0
 1.76100E-03   5.74950E-04   6.92017E-05   1.05633E-04   1.76080E-12     1722.36  0
 1.78100E-03   5.69913E-04   6.65152E-05   1.05548E-04   1.65420E-12     1700.32  0
 1.80100E-03   5.63855E-04   6.29845E-05   1.02686E-04   1.47738E-12     1681.89  0
 1.82100E-03   5.57454E-04   5.97041E-05   1.11585E-04   1.36404E-12     1666.16  0
 1.84100E-03   5.53578E-04   5.76251E-05   1.11995E-04   1.25696E-12     1652.94  0
 1.86100E-03   5.45823E-04   5.41334E-05   1.12300E-04   1.15519E-12     1642.31  0
 1.88100E-03   5.42115E-04   5.19315E-05   1.12527E-04   1.05800E-12     1633.99  0
 1.90100E-03   5.34104E-04   4.89127E-05   1.12699E-04   9.65990E-13     1628.05  0
 1.92100E-03   5.27345E-04   4.67570E-05   1.12827E-04   8.78149E-13     1624.30  0
 1.94100E-03   5.22037E-04   4.39688E-05   1.12922E-04   7.94716E-13     1622.90  0
 1.96100E-03   5.13545E-04   4.21830E-05   1.12984E-04   7.15897E-13     1622.43  0
 1.98100E-03   5.05834E-04   3.93118E-05   1.13014E-04   7.12421E-13     1621.77  1
 2.00100E-03   4.05995E-05   1.02757E-04   4.21974E-05   8.04631E-13     1824.24  1
 2.02100E-03   6.82391E-05   1.08975E-04   6.07770E-05   8.62458E-13     2668.40  1
 2.04100E-03   9.09501E-05   1.11101E-04   6.64253E-05   9.20822E-13     3083.14  1
 2.06100E-03   1.12025E-04   1.12138E-04   6.87042E-05   9.76862E-13     3272.93  1
 2.08100E-03   1.32598E-04   1.12550E-04   7.08586E-05   1.05396E-12     3365.77  1
 2.10100E-03   1.52790E-04   1.12671E-04   7.89582E-05   1.13442E-12     3415.11  1
 2.12100E-03   1.72746E-04   1.12768E-04   8.16872E-05   1.21650E-12     3436.09  1
 2.14100E-03   1.92525E-04   1.12852E-04   8.31121E-05   1.30128E-12     3449.30  1
 2.16100E-03   2.12268E-04   1.12933E-04   8.42434E-05   1.38636E-12     3458.72  1
 2.18100E-03   2.31953E-04   1.13012E-04   8.51915E-05   1.47156E-12     3460.97  1
 2.20100E-03   2.51514E-04   1.13088E-04   8.60038E-05   1.55960E-12     3461.67  1
 2.22100E-03   2.71224E-04   1.13163E-04   8.67306E-05   1.64892E-12     3461.81  1
 2.24100E-03   2.90662E-04   1.13270E-04   8.73789E-05   1.74203E-12     3461.39  1
 2.26100E-03   3.10100E-04   1.13374E-04   8.79691E-05   1.83693E-12     3457.91  1
 2.28100E-03   3.29608E-04   1.13463E-04   8.85833E-05   1.93513E-12     3448.06  1
 2.30100E-03   3.48798E-04   1.13543E-04   8.91271E-05   2.03837E-12     3450.28  1
 2.32100E-03   3.68350E-04   1.13613E-04   8.96308E-05   2.15546E-12     3465.12  1
 2.34100E-03   3.88000E-04   1.13678E-04   9.42179E-05   2.27492E-12     3454.64  1
 2.36100E-03   4.07511E-04   1.13737E-04   9.65710E-05   2.39034E-12     3449.50  1
 2.38100E-03   4.27021E-04   1.13801E-04   9.77548E-05   2.50447E-12     3443.87  1
 2.40100E-03   4.45216E-04   1.13823E-04   9.85460E-05   2.61548E-12     3425.81  1
 2.42100E-03   4.65497E-04   1.13786E-04   9.92387E-05   2.72377E-12     3438.16  1
 2.44100E-03   4.85382E-04   1.13920E-04   9.98321E-05   2.82778E-12     3445.31  1
 2.46100E-03   5.05143E-04   1.14124E-04   1.00286E-04   2.92647E-12     3451.50  1
 2.48100E-03   5.24583E-04   1.14177E-04   1.00698E-04   3.02288E-12     3439.34  1
 2.50100E-03   5.44165E-04   1.14193E-04   1.01196E-04   3.11492E-12     3418.25  1
 2.52100E-03   5.63960E-04   1.14218E-04   1.01658E-04   3.20518E-12     3415.93  1
 2.54100E-03   5.83756E-04   1.14247E-04   1.02053E-04   3.29246E-12     3436.65  1
 2.56100E-03   6.03467E-04   1.14273E-04   1.02407E-04   3.37700E-12     3429.41  1
 2.58100E-03   6.23165E-04   1.14286E-04   1.02728E-04   3.45721E-12     3422.84  1
 2.60100E-03   6.38522E-04   1.14202E-04   1.03042E-04   3.53152E-12     3404.76  1
 2.62100E-03   6.60434E-04   1.14082E-04   1.03334E-04   3.60321E-12     3410.13  1
 2.64100E-03   6.77157E-04   1.14165E-04   1.03593E-04   3.67193E-12     3428.79  1
 2.66100E-03   6.93800E-04   1.14254E-04   1.03830E-04   3.73861E-12     3436.39  1
 2.68100E-03   7.06304E-04   1.14170E-04   1.04046E-04   3.80223E-12     3418.41  1
 2.70100E-03   7.22334E-04   1.14038E-04   1.04245E-04   3.86331E-12     3402.09  1
 2.72100E-03   7.34747E-04   1.13908E-04   1.04536E-04   3.92264E-12     3402.60  1
 2.74100E-03   7.50336E-04   1.13775E-04   1.04796E-04   3.97866E-12     3409.45  1
 2.76100E-03   7.63474E-04   1.13673E-04   1.05031E-04   4.02912E-12     3395.57  1
 2.78100E-03   7.76378E-04   1.13561E-04   1.05320E-04   4.07698E-12     3393.02  1
 2.80100E-03   7.87453E-04   1.13419E-04   1.05564E-04   4.12753E-12     3379.43  1
 2.82100E-03   8.04440E-04   1.13261E-04   1.06786E-04   4.17512E-12     3379.15  1
 2.84100E-03   8.15961E-04   1.13166E-04   1.07272E-04   4.21909E-12     3365.58  1
 2.86100E-03   8.32398E-04   1.13123E-04   1.07837E-04   4.25962E-12     3369.52  1
 2.88100E-03   8.44226E-04   1.13030E-04   1.08230E-04   4.29660E-12     3362.85  1
 2.90100E-03   8.60662E-04   1.12953E-04   1.08587E-04   4.32877E-12     3348.73  1
 2.92100E-03   8.72812E-04   1.12905E-04   1.08831E-04   4.35763E-12     3338.74  1
 2.94100E-03   8.89171E-04   1.12866E-04   1.08995E-04   4.23330E-12     3339.33  0
 2.96100E-03   8.84007E-04   1.11619E-04   1.09113E-04   4.09992E-12     2850.57  0
 2.98100E-03   8.80559E-04   1.08770E-04   1.09172E-04   3.95942E-12     2595.78  0
 3.00100E-03   8.76110E-04   1.06071E-04   1.07673E-04   3.79588E-12     2433.49  0
 3.02100E-03   8.70579E-04   1.03191E-04   1.13737E-04   3.64983E-12     2299.47  0
 3.04100E-03   8.67004E-04   9.95379E-05   1.14735E-04   3.49185E-12     2188.47  0
 3.06100E-03   8.60514E-04   9.66052E-05   1.15331E-04   3.33242E-12     2096.51  0
 3.08100E-03   8.55259E-04   9.31975E-05   1.15710E-04   3.17594E-12     2022.81  0
 3.10100E-03   8.48482E-04   8.93995E-05   1.15943E-04   3.02227E-12     1960.08  0
 3.12100E-03   8.42646E-04   8.62649E-05   1.16074E-04   2.87136E-12     1906.66  0
 3.14100E-03   8.34319E-04   8.31123E-05   1.16115E-04   2.72436E-12     1861.69  0
 3.16100E-03   8.29229E-04   7.93585E-05   1.16089E-04   2.58094E-12     1822.72  0
 3.18100E-03   8.19302E-04   7.64137E-05   1.16018E-04   2.44029E-12     1789.02  0
 3.20100E-03   8.07111E-04   7.27847E-05   1.14086E-04   2.20919E-12     1759.26  0
 3.22100E-03   8.05627E-04   6.93760E-05   1.21463E-04   2.05976E-12     1732.29  0
 3.24100E-03   7.96057E-04   6.68734E-05   1.21818E-04   1.91614E-12     1708.00  0
 3.26100E-03   7.87649E-04   6.36022E-05   1.22085E-04   1.77711E-12     1687.42  0
 3.28100E-03   7.75951E-04   6.06125E-05   1.22302E-04   1.64353E-12     1669.93  0
 3.30100E-03   7.64041E-04   5.81872E-05   1.22476E-04   1.51482E-12     1655.70  0
 3.32100E-03   7.51867E-04   5.50485E-05   1.22612E-04   1.39113E-12     1644.29  0
 3.34100E-03   7.39436E-04   5.29266E-05   1.22716E-04   1.27230E-12     1635.37  0
 3.36100E-03   7.26491E-04   4.97946E-05   1.22792E-04   1.15944E-12     1628.86  0
 3.38100E-03   7.10599E-04   4.78980E-05   1.22840E-04   1.05224E-12     1624.63  0
 3.40100E-03   6.92240E-04   4.42520E-05   1.18334E-04   9.13591E-13     1622.86  0
 3.42100E-03   6.76991E-04   4.27188E-05   1.22998E-04   8.11308E-13     1622.35  0
 3.44100E-03   6.58339E-04   3.98096E-05   1.22989E-04   7.89922E-13     1621.66  1
 3.46100E-03   4.21065E-05   1.03353E-04   4.43377E-05   8.66830E-13     1843.53  1
 3.48100E-03   6.93565E-05   1.09314E-04   6.08817E-05   9.10797E-13     2739.45  1
 3.50099E-03   9.12156E-05   1.11225E-04   6.66187E-05   9.61383E-13     3136.67  1
 3.52099E-03   1.11988E-04   1.12305E-04   7.22877E-05   1.01723E-12     3299.94  1
 3.54099E-03   1.32296E-04   1.12640E-04   7.45999E-05   1.07407E-12     3397.32  1
 3.56099E-03   1.52443E-04   1.12799E-04   7.59766E-05   1.14396E-12     3457.09  1
 3.58099E-03   1.72391E-04   1.12905E-04   8.11261E-05   1.21837E-12     3488.58  1
 3.60099E-03   1.92037E-04   1.12705E-04   8.25632E-05   1.30531E-12     3467.78  1
 3.62099E-03   2.11291E-04   1.12857E-04   8.71595E-05   1.39703E-12     3452.08  1
 3.64099E-03   2.30503E-04   1.12975E-04   9.05099E-05   1.48350E-12     3441.74  1
 3.66099E-03   2.50197E-04   1.13075E-04   9.21156E-05   1.57406E-12     3441.72  1
 3.68099E-03   2.69264E-04   1.13163E-04   9.30405E-05   1.66701E-12     3444.36  1
 3.70099E-03   2.88630E-04   1.13279E-04   9.37677E-05   1.76307E-12     3440.71  1
 3.72099E-03   3.07910E-04   1.13384E-04   9.43841E-05   1.86494E-12     3438.35  1
 3.74099E-03   3.26993E-04   1.13479E-04   9.49744E-05   1.96708E-12     3452.60  1
 3.76099E-03   3.44483E-04   1.13562E-04   9.54797E-05   2.07273E-12     3460.62  1
 3.78099E-03   3.63568E-04   1.13636E-04   9.59533E-05   2.18844E-12     3464.23  1
 3.80099E-03   3.82500E-04   1.13677E-04   9.85221E-05   2.29932E-12     3443.00  1
 3.82099E-03   4.02978E-04   1.13716E-04   1.00052E-04   2.41014E-12     3446.95  1
 3.84099E-03   4.21919E-04   1.13817E-04   1.00811E-04   2.51848E-12     3448.50  1
 3.86099E-03   4.40945E-04   1.13887E-04   1.01310E-04   2.62715E-12     3443.64  1
 3.88099E-03   4.60155E-04   1.13984E-04   1.01741E-04   2.73188E-12     3437.77  1
 3.90099E-03   4.79387E-04   1.14056E-04   1.02122E-04   2.83624E-12     3432.59  1
 3.92099E-03   4.98734E-04   1.14129E-04   1.02504E-04   2.93543E-12     3432.87  1
 3.94099E-03   5.18166E-04   1.14201E-04   1.02855E-04   3.03097E-12     3434.68  1
 3.96099E-03   5.37649E-04   1.14273E-04   1.03162E-04   3.12415E-12     3435.27  1
 3.98099E-03   5.57190E-04   1.14349E-04   1.03502E-04   3.21448E-12     3438.32  1
 4.00099E-03   5.76641E-04   1.14416E-04   1.03857E-04   3.30169E-12     3438.11  1
 4.02099E-03   5.96295E-04   1.14476E-04   1.04187E-04   3.38461E-12     3441.19  1
 4.04099E-03   6.15650E-04   1.14540E-04   1.04476E-04   3.46611E-12     3442.88  1
 4.06099E-03   6.34995E-04   1.14601E-04   1.04736E-04   3.54254E-12     3434.72  1
 4.08099E-03   6.54394E-04   1.14645E-04   1.04998E-04   3.61762E-12     3430.70  1
 4.10099E-03   6.73596E-04   1.14679E-04   1.05303E-04   3.69136E-12     3438.35  1
 4.12099E-03   6.92843E-04   1.14711E-04   1.05577E-04   3.76087E-12     3428.34  1
 4.14099E-03   7.12437E-04   1.14742E-04   1.05823E-04   3.82839E-12     3434.15  1
 4.16100E-03   7.31974E-04   1.14773E-04   1.06038E-04   3.89251E-12     3445.73  1
 4.18100E-03   7.43383E-04   1.14799E-04   1.06259E-04   3.95461E-12     3454.57  1
 4.20100E-03   7.54619E-04   1.14712E-04   1.06457E-04   4.01583E-12     3446.21  1
 4.22100E-03   7.64798E-04   1.14621E-04   1.06664E-04   4.07152E-12     3449.16  1
 4.24100E-03   7.76239E-04   1.14706E-04   1.06861E-04   4.12620E-12     3455.50  1
 4.26100E-03   7.89633E-04   1.14833E-04   1.07040E-04   4.18030E-12     3464.39  1
 4.28100E-03   8.04014E-04   1.14843E-04   1.07194E-04   4.23525E-12     3450.56  1
 4.30100E-03   8.17034E-04   1.14813E-04   1.08409E-04   4.28941E-12     3440.64  1
 4.32100E-03   8.32465E-04   1.14783E-04   1.08957E-04   4.34260E-12     3451.52  1
 4.34100E-03   8.45244E-04   1.14759E-04   1.09576E-04   4.39346E-12     3443.33  1
 4.36100E-03   8.61963E-04   1.14736E-04   1.09982E-04   4.43987E-12     3443.42  1
 4.38100E-03   8.73833E-04   1.14705E-04   1.10249E-04   4.48578E-12     3443.37  1
 4.40100E-03   8.86518E-04   1.14487E-04   1.10438E-04   4.52991E-12     3428.12  1
 4.42100E-03   9.01309E-04   1.14328E-04   1.10603E-04   4.56789E-12     3431.43  1
 4.44100E-03   9.15804E-04   1.14345E-04   1.10734E-04   4.60291E-12     3434.34  1
 4.46100E-03   9.28087E-04   1.14351E-04   1.10913E-04   4.63574E-12     3442.50  1
 4.48100E-03   9.44829E-04   1.14248E-04   1.11218E-04   4.66431E-12     3438.24  1
 4.50100E-03   9.55360E-04   1.14113E-04   1.11454E-04   4.68969E-12     3434.40  1
 4.52100E-03   9.71816E-04   1.13950E-04   1.11646E-04   4.71362E-12     3427.55  1
 4.54100E-03   9.83103E-04   1.13796E-04   1.11790E-04   4.73284E-12     3417.45  1
 4.56100E-03   9.98907E-04   1.13679E-04   1.11935E-04   4.75087E-12     3404.26  1
 4.58100E-03   1.01018E-03   1.13563E-04   1.12064E-04   4.76587E-12     3402.94  1
 4.60100E-03   1.02372E-03   1.13446E-04   1.12157E-04   4.77945E-12     3393.36  1
 4.62100E-03   1.03653E-03   1.13334E-04   1.12213E-04   4.79002E-12     3396.70  1
 4.64100E-03   1.04973E-03   1.13231E-04   1.12238E-04   4.79693E-12     3401.31  1
 4.66100E-03   1.05919E-03   1.13130E-04   1.12263E-04   4.80179E-12     3409.35  1
 4.68100E-03   1.07137E-03   1.13039E-04   1.12232E-04   4.80437E-12     3413.81  1
 4.70100E-03   1.08101E-03   1.12950E-04   1.12179E-04   4.80445E-12     3400.82  1
 4.72100E-03   1.09032E-03   1.12877E-04   1.12104E-04   4.64707E-12     3392.01  0
 4.74100E-03   1.08279E-03   1.11648E-04   1.12025E-04   4.48402E-12     2893.85  0
 4.76100E-03   1.07583E-03   1.08864E-04   1.11993E-04   4.31550E-12     2615.84  0
 4.78100E-03   1.06517E-03   1.06459E-04   1.11984E-04   4.14405E-12     2437.91  0
 4.80100E-03   1.05407E-03   1.03251E-04   1.11691E-04   3.94132E-12     2305.60  0
 4.82100E-03   1.04483E-03   9.97103E-05   1.14107E-04   3.77076E-12     2190.42  0
 4.84100E-03   1.03628E-03   9.69594E-05   1.15386E-04   3.59287E-12     2090.85  0
 4.86100E-03   1.02552E-03   9.32597E-05   1.15833E-04   3.41615E-12     2009.76  0
 4.88100E-03   1.01359E-03   8.94535E-05   1.16042E-04   3.24174E-12     1943.45  0
 4.90100E-03   1.00134E-03   8.63171E-05   1.16166E-04   3.07081E-12     1887.91  0
 4.92100E-03   9.88757E-04   8.30410E-05   1.16231E-04   2.90388E-12     1841.38  0
 4.94100E-03   9.75831E-04   7.91709E-05   1.16236E-04   2.74140E-12     1803.29  0
 4.96100E-03   9.62614E-04   7.59969E-05   1.16191E-04   2.58252E-12     1771.19  0
 4.98100E-03   9.46507E-04   7.30050E-05   1.16106E-04   2.42827E-12     1744.51  0
 5.00100E-03   9.30053E-04   6.87352E-05   1.13748E-04   2.18471E-12     1721.18  0
 5.02100E-03   9.15659E-04   6.57477E-05   1.21579E-04   2.02063E-12     1701.06  0
 5.04100E-03   9.02227E-04   6.31550E-05   1.21982E-04   1.86381E-12     1682.92  0
 5.06100E-03   8.88059E-04   5.98760E-05   1.22273E-04   1.71366E-12     1667.25  0
 5.08100E-03   8.71741E-04   5.78350E-05   1.22495E-04   1.57079E-12     1653.95  0
 5.10100E-03   8.56677E-04   5.45852E-05   1.22661E-04   1.43403E-12     1643.06  0
 5.12100E-03   8.40794E-04   5.27900E-05   1.22784E-04   1.30392E-12     1634.53  0
 5.14100E-03   8.22199E-04   4.97072E-05   1.22867E-04   1.18087E-12     1628.37  0
 5.16100E-03   8.02607E-04   4.79614E-05   1.22915E-04   1.06461E-12     1624.46  0
 5.18100E-03   7.84542E-04   4.51033E-05   1.22930E-04   9.54777E-13     1622.90  0
 5.20100E-03   7.61264E-04   4.30993E-05   1.17810E-04   8.16472E-13     1622.39  0
 5.22100E-03   7.39590E-04   4.05111E-05   1.23728E-04   7.92206E-13     1621.73  1
 5.24100E-03   4.38422E-05   1.03758E-04   4.09653E-05   8.58780E-13     1854.88  1
 5.26100E-03   7.18060E-05   1.09634E-04   6.25916E-05   9.14101E-13     2746.58  1
 5.28100E-03   9.32931E-05   1.11751E-04   7.00668E-05   9.64015E-13     3132.00  1
 5.30100E-03   1.13689E-04   1.12611E-04   7.31220E-05   1.02083E-12     3334.34  1
 5.32100E-03   1.33735E-04   1.13067E-04   7.48900E-05   1.08250E-12     3424.10  1
 5.34100E-03   1.53661E-04   1.13276E-04   7.61171E-05   1.14750E-12     3470.74  1
 5.36100E-03   1.73583E-04   1.13463E-04   7.71566E-05   1.21745E-12     3493.32  1
 5.38100E-03   1.93464E-04   1.13594E-04   7.81126E-05   1.29205E-12     3503.96  1
 5.40100E-03   2.12545E-04   1.13169E-04   7.98868E-05   1.42849E-12     3428.40  1
 5.42100E-03   2.32113E-04   1.13280E-04   8.30368E-05   1.51602E-12     3414.39  1
 5.44100E-03   2.51828E-04   1.13409E-04   8.47321E-05   1.60941E-12     3411.99  1
 5.46101E-03   2.71384E-04   1.13569E-04   8.58941E-05   1.70362E-12     3404.01  1
 5.48101E-03   2.90868E-04   1.13705E-04   8.69215E-05   1.80250E-12     3406.65  1
 5.50101E-03   3.10421E-04   1.13801E-04   8.78682E-05   1.90586E-12     3408.83  1
 5.52101E-03   3.29980E-04   1.13899E-04   8.87746E-05   2.02139E-12     3405.99  1
 5.54101E-03   3.49535E-04   1.14017E-04   9.28598E-05   2.14190E-12     3402.44  1
 5.56101E-03   3.69113E-04   1.14130E-04   9.46202E-05   2.27409E-12     3402.59  1
 5.58101E-03   3.88681E-04   1.14221E-04   9.79669E-05   2.40035E-12     3402.98  1
 5.60101E-03   4.08162E-04   1.14304E-04   9.97814E-05   2.51962E-12     3402.46  1
 5.62101E-03   4.27658E-04   1.14382E-04   1.00804E-04   2.63591E-12     3396.30  1
 5.64101E-03   4.46809E-04   1.14458E-04   1.01575E-04   2.74955E-12     3392.03  1
 5.66101E-03   4.66137E-04   1.14525E-04   1.02203E-04   2.85963E-12     3380.94  1
 5.68101E-03   4.85675E-04   1.14585E-04   1.02744E-04   2.96542E-12     3368.51  1
 5.70101E-03   5.05066E-04   1.14640E-04   1.03198E-04   3.06753E-12     3380.63  1
 5.72101E-03   5.24864E-04   1.14691E-04   1.03576E-04   3.16674E-12     3401.23  1
 5.74101E-03   5.44549E-04   1.14746E-04   1.03941E-04   3.26476E-12     3415.53  1
 5.76101E-03   5.64249E-04   1.14798E-04   1.04274E-04   3.35688E-12     3414.50  1
 5.78101E-03   5.84044E-04   1.14846E-04   1.04575E-04   3.44622E-12     3409.02  1
 5.80101E-03   5.99993E-04   1.14775E-04   1.04844E-04   3.53091E-12     3399.43  1
 5.82101E-03   6.25078E-04   1.14712E-04   1.05105E-04   3.61328E-12     3423.87  1
 5.84101E-03   6.44961E-04   1.14821E-04   1.05351E-04   3.69357E-12     3432.16  1
 5.86101E-03   6.64556E-04   1.14971E-04   1.05597E-04   3.77694E-12     3440.67  1
 5.88101E-03   6.84113E-04   1.15009E-04   1.06889E-04   3.86022E-12     3428.20  1
 5.90101E-03   7.03240E-04   1.15010E-04   1.07527E-04   3.94156E-12     3416.86  1
 5.92101E-03   7.18667E-04   1.15019E-04   1.08266E-04   4.02212E-12     3403.76  1
 5.94101E-03   7.33042E-04   1.15033E-04   1.08905E-04   4.10023E-12     3413.93  1
 5.96101E-03   7.44624E-04   1.15052E-04   1.09383E-04   4.17434E-12     3420.80  1
 5.98101E-03   7.57269E-04   1.15076E-04   1.09773E-04   4.24656E-12     3421.07  1
 6.00101E-03   7.69278E-04   1.15002E-04   1.10049E-04   4.31681E-12     3406.46  1
 6.02101E-03   7.84901E-04   1.14923E-04   1.10265E-04   4.38034E-12     3414.82  1
 6.04101E-03   7.97059E-04   1.15007E-04   1.10447E-04   4.44158E-12     3444.39  1
 6.06101E-03   8.12330E-04   1.15134E-04   1.10644E-04   4.50035E-12     3460.45  1
 6.08101E-03   8.26234E-04   1.15151E-04   1.10813E-04   4.55635E-12     3450.22  1
 6.10101E-03   8.42763E-04   1.15133E-04   1.10968E-04   4.61092E-12     3434.33  1
 6.12101E-03   8.55708E-04   1.15118E-04   1.11194E-04   4.66186E-12     3411.72  1
 6.14101E-03   8.72664E-04   1.15106E-04   1.11399E-04   4.71045E-12     3408.29  1
 6.16101E-03   8.85692E-04   1.15095E-04   1.11581E-04   4.75676E-12     3431.63  1
 6.18101E-03   9.04354E-04   1.15091E-04   1.11792E-04   4.80116E-12     3431.69  1
 6.20101E-03   9.23187E-04   1.14960E-04   1.11967E-04   4.84064E-12     3404.98  1
 6.22101E-03   9.35639E-04   1.14894E-04   1.12097E-04   4.87720E-12     3414.80  1
 6.24101E-03   9.49653E-04   1.14986E-04   1.12197E-04   4.91350E-12     3460.01  1
 6.26101E-03   9.65909E-04   1.14984E-04   1.12272E-04   4.94685E-12     3466.73  1
 6.28101E-03   9.76816E-04   1.14903E-04   1.12321E-04   4.97648E-12     3454.23  1
 6.30101E-03   9.94004E-04   1.14830E-04   1.12406E-04   5.00458E-12     3454.37  1
 6.32101E-03   1.00570E-03   1.14757E-04   1.12513E-04   5.02949E-12     3450.59  1
 6.34101E-03   1.02186E-03   1.14687E-04   1.12599E-04   5.05213E-12     3443.90  1
 6.36101E-03   1.03770E-03   1.14616E-04   1.12667E-04   5.07259E-12     3437.94  1
 6.38101E-03   1.04950E-03   1.14538E-04   1.12729E-04   5.08918E-12     3434.50  1
 6.40101E-03   1.06380E-03   1.14404E-04   1.12791E-04   5.10452E-12     3418.35  1
 6.42101E-03   1.07913E-03   1.14241E-04   1.12861E-04   5.11783E-12     3411.92  1
 6.44101E-03   1.09248E-03   1.14146E-04   1.12879E-04   5.12907E-12     3398.43  1
 6.46101E-03   1.10600E-03   1.14063E-04   1.12857E-04   5.13708E-12     3407.96  1
 6.48101E-03   1.12046E-03   1.13902E-04   1.12802E-04   5.14015E-12     3406.48  1
 6.50101E-03   1.13289E-03   1.13741E-04   1.12764E-04   4.98785E-12     3401.37  0
 6.52101E-03   1.13187E-03   1.13231E-04   1.12744E-04   4.82659E-12     2928.09  0
 6.54101E-03   1.12335E-03   1.11080E-04   1.12741E-04   4.66288E-12     2671.71  0
 6.56101E-03   1.11795E-03   1.08581E-04   1.12729E-04   4.49441E-12     2499.88  0
 6.58101E-03   1.11052E-03   1.05867E-04   1.12717E-04   4.32514E-12     2371.73  0
 6.60101E-03   1.10130E-03   1.03173E-04   1.11977E-04   4.11749E-12     2261.17  0
 6.62101E-03   1.09737E-03   9.97595E-05   1.15570E-04   3.94441E-12     2162.77  0
 6.64101E-03   1.08708E-03   9.76156E-05   1.16337E-04   3.76721E-12     2077.13  0
 6.66101E-03   1.07787E-03   9.39014E-05   1.16750E-04   3.59099E-12     2001.45  0
 6.68101E-03   1.07046E-03   9.09361E-05   1.16992E-04   3.41552E-12     1937.04  0
 6.70101E-03   1.06041E-03   8.82043E-05   1.17127E-04   3.24304E-12     1885.03  0
 6.72101E-03   1.04836E-03   8.48213E-05   1.17177E-04   3.07436E-12     1841.70  0
 6.74101E-03   1.03564E-03   8.25933E-05   1.17166E-04   2.90950E-12     1805.59  0
 6.76101E-03   1.02083E-03   7.90301E-05   1.17091E-04   2.74906E-12     1775.36  0
 6.78102E-03   1.00323E-03   7.64912E-05   1.16964E-04   2.59241E-12     1750.05  0
 6.80102E-03   9.82941E-04   7.30704E-05   1.14807E-04   2.34590E-12     1727.92  0
 6.82102E-03   9.70350E-04   7.00522E-05   1.21839E-04   2.18231E-12     1708.81  0
 6.84102E-03   9.51919E-04   6.79020E-05   1.22264E-04   2.02691E-12     1691.55  0
 6.86102E-03   9.31118E-04   6.47001E-05   1.22570E-04   1.87851E-12     1676.01  0
 6.88102E-03   9.11277E-04   6.28083E-05   1.22804E-04   1.73651E-12     1662.46  0
 6.90102E-03   8.92444E-04   5.96011E-05   1.22986E-04   1.60077E-12     1650.97  0
 6.92102E-03   8.70666E-04   5.78479E-05   1.23127E-04   1.47107E-12     1641.63  0
 6.94102E-03   8.49040E-04   5.48025E-05   1.23236E-04   1.34745E-12     1634.20  0
 6.96102E-03   8.26169E-04   5.30098E-05   1.23318E-04   1.22993E-12     1628.60  0
 6.98102E-03   7.99848E-04   5.02291E-05   1.23378E-04   1.11861E-12     1624.86  0
 7.00102E-03   7.73925E-04   4.81104E-05   1.20746E-04   1.06451E-12     1622.98  1
 7.02102E-03   4.62452E-05   1.03565E-04   4.48297E-05   1.13079E-12     1814.19  1
 7.04102E-03   7.45985E-05   1.09853E-04   6.07423E-05   1.16656E-12     2738.96  1
 7.06102E-03   9.59131E-05   1.12013E-04   6.68390E-05   1.20124E-12     3141.42  1
 7.08102E-03   1.17227E-04   1.12797E-04   6.89654E-05   1.25344E-12     3374.55  1
 7.10102E-03   1.37804E-04   1.13209E-04   7.46199E-05   1.32025E-12     3476.41  1
 7.12102E-03   1.57537E-04   1.13465E-04   8.07139E-05   1.39393E-12     3514.77  1
 7.14102E-03   1.76937E-04   1.13679E-04   8.29828E-05   1.46752E-12     3537.47  1
 7.16102E-03   1.96688E-04   1.13805E-04   8.43246E-05   1.54326E-12     3533.65  1
 7.18102E-03   2.16491E-04   1.13927E-04   8.54484E-05   1.61892E-12     3528.19  1
 7.20102E-03   2.35174E-04   1.13983E-04   8.64062E-05   1.69535E-12     3509.87  1
 7.22102E-03   2.53691E-04   1.14024E-04   8.73166E-05   1.77358E-12     3537.74  1
 7.24102E-03   2.74383E-04   1.14142E-04   8.81612E-05   1.85454E-12     3531.79  1
 7.26102E-03   2.95595E-04   1.14233E-04   8.89591E-05   1.94829E-12     3518.80  1
 7.28102E-03   3.16068E-04   1.14249E-04   9.27391E-05   2.04854E-12     3509.85  1
 7.30102E-03   3.36679E-04   1.14289E-04   9.44327E-05   2.15255E-12     3508.77  1
 7.32102E-03   3.56696E-04   1.14347E-04   9.71042E-05   2.26506E-12     3508.79  1
 7.34102E-03   3.76727E-04   1.14407E-04   9.89457E-05   2.37596E-12     3507.05  1
 7.36102E-03   3.96491E-04   1.14464E-04   1.00023E-04   2.48809E-12     3501.19  1
 7.38102E-03   4.16222E-04   1.14523E-04   1.00949E-04   2.59987E-12     3499.05  1
 7.40102E-03   4.35863E-04   1.14579E-04   1.01693E-04   2.71289E-12     3495.45  1
 7.42102E-03   4.55622E-04   1.14630E-04   1.02286E-04   2.82483E-12     3496.13  1
 7.44102E-03   4.75304E-04   1.14702E-04   1.02769E-04   2.93457E-12     3497.81  1
 7.46102E-03   4.94897E-04   1.14762E-04   1.03255E-04   3.04121E-12     3500.64  1
 7.48102E-03   5.14636E-04   1.14803E-04   1.03684E-04   3.14267E-12     3495.53  1
 7.50102E-03   5.34085E-04   1.14841E-04   1.04048E-04   3.24169E-12     3495.63  1
 7.52102E-03   5.53840E-04   1.14873E-04   1.04382E-04   3.33861E-12     3501.11  1
 7.54102E-03   5.73468E-04   1.14905E-04   1.04752E-04   3.43304E-12     3499.66  1
 7.56102E-03   5.93350E-04   1.14940E-04   1.05073E-04   3.52533E-12     3499.21  1
 7.58102E-03   6.13163E-04   1.14977E-04   1.05349E-04   3.61466E-12     3498.56  1
 7.60102E-03   6.28510E-04   1.14906E-04   1.05568E-04   3.70445E-12     3478.51  1
 7.62102E-03   6.53572E-04   1.14836E-04   1.06820E-04   3.79295E-12     3487.93  1
 7.64102E-03   6.69149E-04   1.14934E-04   1.07429E-04   3.87920E-12     3489.06  1
 7.66102E-03   6.87146E-04   1.15082E-04   1.08089E-04   3.96559E-12     3491.24  1
 7.68102E-03   7.05802E-04   1.15109E-04   1.08530E-04   4.04847E-12     3482.66  1
 7.70102E-03   7.23249E-04   1.15102E-04   1.08836E-04   4.12465E-12     3479.34  1
 7.72102E-03   7.39956E-04   1.15097E-04   1.09090E-04   4.20131E-12     3476.70  1
 7.74102E-03   7.54833E-04   1.15096E-04   1.09512E-04   4.27446E-12     3485.69  1
 7.76102E-03   7.72543E-04   1.15103E-04   1.09915E-04   4.34432E-12     3488.28  1
 7.78102E-03   7.90214E-04   1.15115E-04   1.10237E-04   4.40911E-12     3481.95  1
 7.80102E-03   7.99576E-04   1.14984E-04   1.10446E-04   4.47349E-12     3450.22  1
 7.82102E-03   8.13031E-04   1.14908E-04   1.10640E-04   4.53322E-12     3461.21  1
 7.84102E-03   8.25027E-04   1.14986E-04   1.10798E-04   4.58976E-12     3464.84  1
 7.86102E-03   8.41205E-04   1.15088E-04   1.10919E-04   4.64292E-12     3469.85  1
 7.88102E-03   8.55347E-04   1.15074E-04   1.11014E-04   4.69363E-12     3468.73  1
 7.90102E-03   8.71285E-04   1.15030E-04   1.11114E-04   4.74126E-12     3467.68  1
 7.92102E-03   8.90336E-04   1.14993E-04   1.11316E-04   4.78543E-12     3464.94  1
 7.94102E-03   9.09036E-04   1.14958E-04   1.11501E-04   4.82703E-12     3461.70  1
 7.96102E-03   9.27341E-04   1.14914E-04   1.11655E-04   4.86560E-12     3455.18  1
 7.98102E-03   9.40405E-04   1.14853E-04   1.11786E-04   4.75687E-12     3443.02  0
 8.00102E-03   9.35047E-04   1.13845E-04   1.11186E-04   4.62838E-12     2949.80  0
 8.02102E-03   9.30300E-04   1.12869E-04   1.15646E-04   4.49683E-12     2673.95  0
 8.04102E-03   9.22404E-04   1.09836E-04   1.16517E-04   4.34742E-12     2489.83  0
 8.06102E-03   9.19262E-04   1.08015E-04   1.17083E-04   4.19224E-12     2353.66  0
 8.08102E-03   9.12970E-04   1.04860E-04   1.17644E-04   4.03283E-12     2249.34  0
 8.10102E-03   9.08233E-04   1.02848E-04   1.18504E-04   3.87507E-12     2163.02  0
 8.12102E-03   9.05023E-04   9.93527E-05   1.18801E-04   3.71680E-12     2088.21  0
 8.14102E-03   8.96946E-04   9.73968E-05   1.18859E-04   3.56084E-12     2022.74  0
 8.16103E-03   8.94033E-04   9.39198E-05   1.18857E-04   3.40687E-12     1964.48  0
 8.18103E-03   8.85708E-04   9.12624E-05   1.18941E-04   3.25556E-12     1915.32  0
 8.20103E-03   8.79569E-04   8.80515E-05   1.17172E-04   3.05124E-12     1872.57  0
 8.22103E-03   8.75605E-04   8.50018E-05   1.22672E-04   2.90052E-12     1833.70  0
 8.24103E-03   8.66723E-04   8.28611E-05   1.23578E-04   2.74895E-12     1798.47  0
 8.26103E-03   8.60105E-04   7.94451E-05   1.23971E-04   2.59908E-12     1767.55  0
 8.28103E-03   8.53173E-04   7.76080E-05   1.24154E-04   2.45229E-12     1740.65  0
 8.30103E-03   8.44289E-04   7.41803E-05   1.24231E-04   2.30833E-12     1717.94  0
 8.32103E-03   8.38494E-04   7.22766E-05   1.24247E-04   2.16812E-12     1698.60  0
 8.34103E-03   8.29711E-04   6.89867E-05   1.24231E-04   2.03113E-12     1682.19  0
 8.36103E-03   8.20094E-04   6.71254E-05   1.24212E-04   1.89813E-12     1668.43  0
 8.38103E-03   8.11109E-04   6.41108E-05   1.24293E-04   1.76881E-12     1656.78  0
 8.40103E-03   8.01476E-04   6.24150E-05   1.20963E-04   1.58691E-12     1646.63  0
 8.42103E-03   7.92556E-04   5.94045E-05   1.28941E-04   1.45816E-12     1638.58  0
 8.44103E-03   7.80396E-04   5.77721E-05   1.30453E-04   1.33746E-12     1632.26  0
 8.46103E-03   7.66205E-04   5.48221E-05   1.31545E-04   1.22353E-12     1627.49  0
 8.48103E-03   7.52949E-04   5.31519E-05   1.31683E-04   1.20413E-12     1624.35  1
 8.50103E-03   4.30378E-05   1.04218E-04   5.02649E-05   1.26642E-12     1835.31  1
 8.52103E-03   7.03303E-05   1.09919E-04   6.07207E-05   1.30243E-12     2724.13  1
 8.54103E-03   9.23398E-05   1.11978E-04   6.68126E-05   1.33729E-12     3139.36  1
 8.56103E-03   1.13226E-04   1.12880E-04   6.89792E-05   1.38667E-12     3332.12  1
 8.58103E-03   1.33593E-04   1.13206E-04   7.43788E-05   1.45045E-12     3446.42  1
 8.60103E-03   1.53432E-04   1.13403E-04   8.07469E-05   1.51717E-12     3492.43  1
 8.62103E-03   1.73348E-04   1.13644E-04   8.28883E-05   1.58678E-12     3508.11  1
 8.64103E-03   1.93128E-04   1.13770E-04   8.42724E-05   1.65785E-12     3518.12  1
 8.66103E-03   2.12817E-04   1.13903E-04   8.53821E-05   1.72845E-12     3522.50  1
 8.68103E-03   2.32421E-04   1.14008E-04   8.63605E-05   1.80116E-12     3518.23  1
 8.70103E-03   2.52056E-04   1.14093E-04   8.72577E-05   1.87607E-12     3511.43  1
 8.72103E-03   2.71515E-04   1.14166E-04   8.80755E-05   1.95843E-12     3509.65  1
 8.74103E-03   2.91072E-04   1.14234E-04   9.18020E-05   2.04480E-12     3503.10  1
 8.76103E-03   3.10126E-04   1.14302E-04   9.35766E-05   2.13651E-12     3499.58  1
 8.78103E-03   3.29565E-04   1.14366E-04   9.46005E-05   2.23142E-12     3502.68  1
 8.80103E-03   3.47252E-04   1.14329E-04   9.54048E-05   2.33462E-12     3473.27  1
 8.82103E-03   3.66553E-04   1.14271E-04   9.81656E-05   2.43426E-12     3460.98  1
 8.84103E-03   3.86851E-04   1.14436E-04   9.97429E-05   2.53257E-12     3461.51  1
 8.86103E-03   4.06636E-04   1.14604E-04   1.00778E-04   2.63376E-12     3463.23  1
 8.88103E-03   4.26239E-04   1.14655E-04   1.01557E-04   2.73500E-12     3449.69  1
 8.90103E-03   4.45618E-04   1.14671E-04   1.02221E-04   2.83627E-12     3435.19  1
 8.92103E-03   4.64949E-04   1.14693E-04   1.02793E-04   2.94023E-12     3437.21  1
 8.94103E-03   4.84806E-04   1.14727E-04   1.03278E-04   3.04573E-12     3448.51  1
 8.96103E-03   5.04570E-04   1.14769E-04   1.03689E-04   3.14992E-12     3446.81  1
 8.98103E-03   5.24300E-04   1.14809E-04   1.04075E-04   3.25056E-12     3442.02  1
 9.00103E-03   5.40711E-04   1.14734E-04   1.04395E-04   3.34414E-12     3423.44  1
 9.02103E-03   5.65414E-04   1.14660E-04   1.04698E-04   3.43770E-12     3427.60  1
 9.04103E-03   5.85182E-04   1.14751E-04   1.04991E-04   3.52534E-12     3451.44  1
 9.06103E-03   6.04952E-04   1.14878E-04   1.05268E-04   3.61184E-12     3464.23  1
 9.08103E-03   6.24455E-04   1.14885E-04   1.05516E-04   3.70237E-12     3451.61  1
 9.10103E-03   6.43856E-04   1.14852E-04   1.06746E-04   3.78956E-12     3434.50  1
 9.12103E-03   6.63472E-04   1.14815E-04   1.07678E-04   3.73104E-12     3421.18  0
 9.14103E-03   6.65306E-04   1.13869E-04   1.08428E-04   3.65892E-12     2952.17  0
 9.16103E-03   6.65694E-04   1.12909E-04   1.08824E-04   3.57605E-12     2701.88  0
 9.18103E-03   6.64859E-04   1.09898E-04   1.09147E-04   3.48748E-12     2532.11  0
 9.20103E-03   6.58285E-04   1.07946E-04   1.09448E-04   3.38791E-12     2400.13  0
 9.22103E-03   6.60167E-04   1.04858E-04   1.09998E-04   3.28935E-12     2288.92  0
 9.24103E-03   6.54888E-04   1.02889E-04   1.10285E-04   3.18849E-12     2191.32  0
 9.26103E-03   6.52056E-04   9.94666E-05   1.10470E-04   3.08520E-12     2107.84  0
 9.28103E-03   6.46153E-04   9.75906E-05   1.10585E-04   2.98166E-12     2037.23  0
 9.30103E-03   6.43316E-04   9.41376E-05   1.10647E-04   2.87711E-12     1979.74  0
 9.32103E-03   6.37726E-04   9.19224E-05   1.10670E-04   2.77209E-12     1931.02  0
 9.34103E-03   6.34224E-04   8.88546E-05   1.10643E-04   2.66843E-12     1889.87  0
 9.36103E-03   6.31105E-04   8.64176E-05   1.10547E-04   2.56468E-12     1853.66  0
 9.38103E-03   6.25405E-04   8.37031E-05   1.10385E-04   2.46127E-12     1821.34  0
 9.40103E-03   6.20262E-04   8.03184E-05   1.08841E-04   2.29364E-12     1791.66  0
 9.42103E-03   6.21483E-04   7.82248E-05   1.12776E-04   2.18122E-12     1764.09  0
 9.44103E-03   6.14461E-04   7.53013E-05   1.13640E-04   2.06839E-12     1738.74  0
 9.46104E-03   6.11422E-04   7.32019E-05   1.14057E-04   1.95716E-12     1715.95  0
 9.48104E-03   6.04532E-04   7.04214E-05   1.14266E-04   1.84743E-12     1696.04  0
 9.50104E-03   6.01592E-04   6.83225E-05   1.14389E-04   1.73971E-12     1679.16  0
 9.52104E-03   5.94580E-04   6.56819E-05   1.14578E-04   1.63422E-12     1664.92  0
 9.54104E-03   5.91365E-04   6.35952E-05   1.14755E-04   1.53121E-12     1653.27  0
 9.56104E-03   5.84151E-04   6.14922E-05   1.14909E-04   1.43135E-12     1643.85  0
 9.58104E-03   5.80866E-04   5.90130E-05   1.15046E-04   1.33464E-12     1636.32  0
 9.60104E-03   5.70693E-04   5.73185E-05   1.12005E-04   1.18499E-12     1630.22  0
 9.62104E-03   5.57486E-04   5.44341E-05   1.21951E-04   1.17255E-12     1626.15  1
 9.64104E-03   4.21628E-05   1.04369E-04   4.35915E-05   1.23972E-12     1860.60  1
 9.66104E-03   6.97093E-05   1.09772E-04   6.13073E-05   1.28849E-12     2703.52  1
 9.68104E-03   9.18404E-05   1.11819E-04   6.69189E-05   1.34074E-12     3151.83  1
 9.70104E-03   1.12533E-04   1.12814E-04   7.26888E-05   1.39252E-12     3316.69  1
 9.72104E-03   1.32723E-04   1.13169E-04   7.50701E-05   1.44505E-12     3395.13  1
 9.74104E-03   1.52780E-04   1.13344E-04   7.65017E-05   1.51133E-12     3435.23  1
 9.76104E-03   1.72650E-04   1.13490E-04   8.18720E-05   1.58568E-12     3466.61  1
 9.78104E-03   1.92465E-04   1.13608E-04   8.35734E-05   1.66021E-12     3480.82  1
 9.80104E-03   2.11808E-04   1.13467E-04   8.46039E-05   1.74758E-12     3436.18  1
 9.82104E-03   2.34072E-04   1.13540E-04   9.03448E-05   1.83385E-12     3418.41  1
 9.84104E-03   2.54277E-04   1.13702E-04   9.25699E-05   1.91333E-12     3418.85  1
 9.86104E-03   2.74109E-04   1.13917E-04   9.38021E-05   1.99527E-12     3415.77  1
 9.88104E-03   2.93530E-04   1.14006E-04   9.47708E-05   2.07474E-12     3422.61  1
 9.90104E-03   3.13405E-04   1.14048E-04   9.56361E-05   2.15762E-12     3416.53  1
 9.92104E-03   3.33589E-04   1.14079E-04   9.63904E-05   2.24157E-12     3428.92  1
 9.94104E-03   3.53505E-04   1.14100E-04   9.71052E-05   2.17286E-12     3423.07  0
 9.96104E-03   3.55529E-04   1.13461E-04   9.78012E-05   2.10382E-12     2936.01  0
 9.98104E-03   3.56386E-04   1.12017E-04   1.00293E-04   2.03364E-12     2664.25  0
 1.00010E-02   3.54366E-04   1.08960E-04   1.01841E-04   1.96230E-12     2485.75  0
 1.00210E-02   3.62533E-04   1.06913E-04   1.02750E-04   1.89332E-12     2356.33  0
 1.00410E-02   3.63430E-04   1.03746E-04   1.03402E-04   1.82239E-12     2254.59  0
 1.00610E-02   3.63783E-04   1.00957E-04   1.03967E-04   1.75789E-12     2168.15  0
 1.00810E-02   3.63922E-04   9.83438E-05   1.04393E-04   1.69994E-12     2091.29  0
 1.01010E-02   3.63926E-04   9.50902E-05   1.05689E-04   1.64335E-12     2022.44  0
 1.01210E-02   3.63829E-04   9.28040E-05   1.06917E-04   1.58802E-12     1965.71  0
 1.01410E-02   3.63646E-04   8.93674E-05   1.07482E-04   1.53188E-12     1916.63  0
 1.01610E-02   3.63291E-04   8.72576E-05   1.07722E-04   1.47521E-12     1874.38  0
 1.01810E-02   3.62863E-04   8.38873E-05   1.07800E-04   1.41865E-12     1837.68  0
 1.02010E-02   3.60180E-04   8.13137E-05   1.07773E-04   1.36129E-12     1805.07  0
 1.02210E-02   3.57773E-04   7.86433E-05   1.07655E-04   1.30337E-12     1776.30  0
 1.02410E-02   3.56021E-04   7.59478E-05   1.07461E-04   1.24484E-12     1750.84  0
 1.02610E-02   3.54360E-04   7.34850E-05   1.07214E-04   1.18607E-12     1728.42  0
 1.02810E-02   3.52500E-04   7.07589E-05   1.06937E-04   1.12708E-12     1709.04  0
 1.03010E-02   3.51884E-04   6.84866E-05   1.06640E-04   1.06833E-12     1692.17  0
 1.03210E-02   3.47874E-04   6.58932E-05   1.06345E-04   1.00997E-12     1677.54  0
 1.03410E-02   3.44126E-04   6.35611E-05   1.06085E-04   9.52160E-13     1664.99  0
 1.03610E-02   3.41852E-04   6.11020E-05   1.05927E-04   8.95025E-13     1654.23  0
 1.03810E-02   3.37489E-04   5.87235E-05   1.06017E-04   8.38939E-13     1645.23  0
 1.04010E-02   3.32999E-04   5.66641E-05   1.06107E-04   7.84565E-13     1637.89  0
 1.04210E-02   3.27610E-04   5.40721E-05   1.06194E-04   7.31443E-13     1632.03  0
 1.04410E-02   3.23991E-04   5.25880E-05   1.06282E-04   6.80473E-13     1627.61  0
 1.04610E-02   3.22679E-04   4.96579E-05   1.06366E-04   6.31089E-13     1624.61  0
 1.04810E-02   3.21891E-04   4.81151E-05   1.06446E-04   5.83725E-13     1623.10  0
 1.05010E-02   3.18945E-04   4.56973E-05   1.06520E-04   5.38283E-13     1622.75  0
 1.05210E-02   3.11364E-04   4.38613E-05   1.06586E-04   4.94600E-13     1622.37  0
 1.05410E-02   3.03221E-04   4.25056E-05   1.06643E-04   4.52812E-13     1621.88  0
 1.05610E-02   2.97266E-04   3.98096E-05   1.06689E-04   4.12648E-13     1621.28  0
 1.05810E-02   2.92083E-04   3.84551E-05   1.06725E-04   3.74555E-13     1620.56  0
 1.06010E-02   2.78585E-04   3.67209E-05   1.06747E-04   3.38224E-13     1619.72  0
 1.06210E-02   2.72200E-04   3.46696E-05   1.06753E-04   3.03827E-13     1618.76  0
 1.06410E-02   2.58764E-04   3.34700E-05   1.06741E-04   2.71346E-13     1617.68  0
 1.06610E-02   2.46560E-04   3.31234E-05   1.06710E-04   2.40741E-13     1616.45  0
 1.06810E-02   2.35691E-04   3.29542E-05   1.06656E-04   2.11737E-13     1615.09  0
 1.07010E-02   2.24076E-04   3.27881E-05   1.06577E-04   1.84563E-13     1613.59  0
 1.07210E-02   2.13366E-04   3.26164E-05   1.06469E-04   1.59246E-13     1611.94  0
 1.07410E-02   2.04120E-04   3.12903E-05   1.06324E-04   1.35565E-13     1610.14  0
 1.07610E-02   1.98993E-04   2.91688E-05   1.06141E-04   1.13627E-13     1608.16  0
 1.07810E-02   1.83387E-04   2.78713E-05   1.05915E-04   9.37222E-14     1606.02  0
 1.08010E-02   1.72908E-04   2.74841E-05   1.05623E-04   7.58329E-14     1603.75  0
 1.08210E-02   1.62242E-04   2.43433E-05   1.05265E-04   5.97768E-14     1601.44  0
 1.08410E-02   1.54994E-04   2.27990E-05   1.04764E-04   4.58613E-14     1598.95  0
 1.08610E-02   1.46591E-04   2.06111E-05   9.82244E-05   3.40345E-14     1596.28  0
 1.08810E-02   1.40413E-04   1.91572E-05   8.82514E-05   2.42728E-14     1593.55  0
 1.09010E-02   1.23113E-04   1.79472E-05   7.92955E-05   1.63011E-14     1590.65  0
 1.09210E-02   1.07492E-04   1.56855E-05   7.14990E-05   1.00080E-14     1587.66  0
 1.09410E-02   9.68591E-05   1.39925E-05   6.37153E-05   5.37267E-15     1584.47  0
 1.09610E-02   8.72344E-05   1.26424E-05   5.37698E-05   2.22557E-15     1580.87  0
 1.09810E-02   6.89958E-05   9.53506E-06   4.28198E-05   5.01490E-16     1576.51  0
 1.10010E-02   4.49854E-05   7.60314E-06   2.56007E-05   0.00000E+00     1571.44  0
 1.10210E-02   0.00000E+00   0.00000E+00   0.00000E+00   0.00000E+00     1560.12  0
 1.10410E-02   0.00000E+00   0.00000E+00   0.00000E+00   0.00000E+00     1527.46  0
 1.10610E-02   0.00000E+00   0.00000E+00   0.00000E+00   0.00000E+00     1504.31  0
 1.10810E-02   0.00000E+00   0.00000E+00   0.00000E+00   0.00000E+00     1495.79  0
 1.11010E-02   0.00000E+00   0.00000E+00   0.00000E+00   0.00000E+00     1487.46  0
 1.11210E-02   0.00000E+00   0.00000E+00   0.00000E+00   0.00000E+00     1478.83  0
 1.11410E-02   0.00000E+00   0.00000E+00   0.00000E+00   0.00000E+00     1470.03  0
 1.11610E-02   0.00000E+00   0.00000E+00   0.00000E+00   0.00000E+00     1461.14  0
 1.11810E-02   0.00000E+00   0.00000E+00   0.00000E+00   0.00000E+00     1452.24  0
 1.12010E-02   0.00000E+00   0.00000E+00   0.00000E+00   0.00000E+00     1443.35  0
 1.12210E-02   0.00000E+00   0.00000E+00   0.00000E+00   0.00000E+00     1434.51  0
 1.12410E-02   0.00000E+00   0.00000E+00   0.00000E+00   0.00000E+00     1425.75  0
 1.12610E-02   0.00000E+00   0.00000E+00   0.00000E+00   0.00000E+00     1417.07  0
 1.12810E-02   0.00000E+00   0.00000E+00   0.00000E+00   0.00000E+00     1408.50  0
 1.13010E-02   0.00000E+00   0.00000E+00   0.00000E+00   0.00000E+00     1400.03  0
 1.13210E-02   0.00000E+00   0.00000E+00   0.00000E+00   0.00000E+00     1391.67  0
 1.13410E-02   0.00000E+00   0.00000E+00   0.00000E+00   0.00000E+00     1383.43  0
 1.13610E-02   0.00000E+00   0.00000E+00   0.00000E+00   0.00000E+00     1375.31  0
 1.13810E-02   0.00000E+00   0.00000E+00   0.00000E+00   0.00000E+00     1367.31  0
 1.14010E-02   0.00000E+00   0.00000E+00   0.00000E+00   0.00000E+00     1362.49  0
 1.14210E-02   0.00000E+00   0.00000E+00   0.00000E+00   0.00000E+00     1357.81  0
 1.14411E-02   0.00000E+00   0.00000E+00   0.00000E+00   0.00000E+00     1353.06  0
 1.14611E-02   0.00000E+00   0.00000E+00   0.00000E+00   0.00000E+00     1348.23  0
 1.14811E-02   0.00000E+00   0.00000E+00   0.00000E+00   0.00000E+00     1343.34  0
 1.15011E-02   0.00000E+00   0.00000E+00   0.00000E+00   0.00000E+00     1338.40  0
 1.15211E-02   0.00000E+00   0.00000E+00   0.00000E+00   0.00000E+00     1333.41  0
 1.15411E-02   0.00000E+00   0.00000E+00   0.00000E+00   0.00000E+00     1328.39  0
 1.15611E-02   0.00000E+00   0.00000E+00   0.00000E+00   0.00000E+00     1323.34  0
 1.15811E-02   0.00000E+00   0.00000E+00   0.00000E+00   0.00000E+00     1318.25  0
 1.16011E-02   0.00000E+00   0.00000E+00   0.00000E+00   0.00000E+00     1313.15  0
 1.16211E-02   0.00000E+00   0.00000E+00   0.00000E+00   0.00000E+00     1308.03  0
 1.16411E-02   0.00000E+00   0.00000E+00   0.00000E+00   0.00000E+00     1302.90  0
 1.16611E-02   0.00000E+00   0.00000E+00   0.00000E+00   0.00000E+00     1297.77  0
 1.16811E-02   0.00000E+00   0.00000E+00   0.00000E+00   0.00000E+00     1292.63  0
 1.17011E-02   0.00000E+00   0.00000E+00   0.00000E+00   0.00000E+00     1287.49  0
 1.17211E-02   0.00000E+00   0.00000E+00   0.00000E+00   0.00000E+00     1282.36  0
 1.17411E-02   0.00000E+00   0.00000E+00   0.00000E+00   0.00000E+00     1277.23  0
 1.17611E-02   0.00000E+00   0.00000E+00   0.00000E+00   0.00000E+00     1272.11  0
 1.17811E-02   0.00000E+00   0.00000E+00   0.00000E+00   0.00000E+00     1267.01  0
 1.18011E-02   0.00000E+00   0.00000E+00   0.00000E+00   0.00000E+00     1261.92  0
 1.18211E-02   0.00000E+00   0.00000E+00   0.00000E+00   0.00000E+00     1256.85  0
 1.18411E-02   0.00000E+00   0.00000E+00   0.00000E+00   0.00000E+00     1251.79  0
 1.18611E-02   0.00000E+00   0.00000E+00   0.00000E+00   0.00000E+00     1246.76  0
 1.18811E-02   0.00000E+00   0.00000E+00   0.00000E+00   0.00000E+00     1241.75  0
 1.19011E-02   0.00000E+00   0.00000E+00   0.00000E+00   0.00000E+00     1236.76  0
 1.19211E-02   0.00000E+00   0.00000E+00   0.00000E+00   0.00000E+00     1231.80  0
 1.19411E-02   0.00000E+00   0.00000E+00   0.00000E+00   0.00000E+00     1226.87  0
 1.19611E-02   0.00000E+00   0.00000E+00   0.00000E+00   0.00000E+00     1221.97  0
 1.19811E-02   0.00000E+00   0.00000E+00   0.00000E+00   0.00000E+00     1217.09  0
 1.20011E-02   0.00000E+00   0.00000E+00   0.00000E+00   0.00000E+00     1212.25  0
 1.20211E-02   0.00000E+00   0.00000E+00   0.00000E+00   0.00000E+00     1207.44  0
 1.20411E-02   0.00000E+00   0.00000E+00   0.00000E+00   0.00000E+00     1202.66  0
 1.20611E-02   0.00000E+00   0.00000E+00   0.00000E+00   0.00000E+00     1197.91  0
 1.20811E-02   0.00000E+00   0.00000E+00   0.00000E+00   0.00000E+00     1193.20  0
 1.21011E-02   0.00000E+00   0.00000E+00   0.00000E+00   0.00000E+00     1188.52  0
 1.21211E-02   0.00000E+00   0.00000E+00   0.00000E+00   0.00000E+00     1183.87  0
 1.21411E-02   0.00000E+00   0.00000E+00   0.00000E+00   0.00000E+00     1179.27  0
 1.21611E-02   0.00000E+00   0.00000E+00   0.00000E+00   0.00000E+00     1174.70  0
 1.21811E-02   0.00000E+00   0.00000E+00   0.00000E+00   0.00000E+00     1170.16  0
 1.22011E-02   0.00000E+00   0.00000E+00   0.00000E+00   0.00000E+00     1165.67  0
 1.22211E-02   0.00000E+00   0.00000E+00   0.00000E+00   0.00000E+00     1161.21  0
 1.22411E-02   0.00000E+00   0.00000E+00   0.00000E+00   0.00000E+00     1156.79  0
 1.22611E-02   0.00000E+00   0.00000E+00   0.00000E+00   0.00000E+00     1152.40  0
 1.22811E-02   0.00000E+00   0.00000E+00   0.00000E+00   0.00000E+00     1148.06  0
 1.23011E-02   0.00000E+00   0.00000E+00   0.00000E+00   0.00000E+00     1143.75  0
 1.23211E-02   0.00000E+00   0.00000E+00   0.00000E+00   0.00000E+00     1139.48  0
 1.23411E-02   0.00000E+00   0.00000E+00   0.00000E+00   0.00000E+00     1135.25  0
 1.23611E-02   0.00000E+00   0.00000E+00   0.00000E+00   0.00000E+00     1131.43  0
 1.23811E-02   0.00000E+00   0.00000E+00   0.00000E+00   0.00000E+00     1127.75  0
 1.24011E-02   0.00000E+00   0.00000E+00   0.00000E+00   0.00000E+00     1124.09  0
 1.24211E-02   0.00000E+00   0.00000E+00   0.00000E+00   0.00000E+00     1120.46  0
 1.24411E-02   0.00000E+00   0.00000E+00   0.00000E+00   0.00000E+00     1116.85  0
 1.24611E-02   0.00000E+00   0.00000E+00   0.00000E+00   0.00000E+00     1113.27  0
 1.24811E-02   0.00000E+00   0.00000E+00   0.00000E+00   0.00000E+00     1109.71  0
 1.25011E-02   0.00000E+00   0.00000E+00   0.00000E+00   0.00000E+00     1106.18  0
 1.25211E-02   0.00000E+00   0.00000E+00   0.00000E+00   0.00000E+00     1102.68  0
 1.25411E-02   0.00000E+00   0.00000E+00   0.00000E+00   0.00000E+00     1099.21  0
 1.25611E-02   0.00000E+00   0.00000E+00   0.00000E+00   0.00000E+00     1095.76  0
 1.25811E-02   0.00000E+00   0.00000E+00   0.00000E+00   0.00000E+00     1092.34  0
 1.26011E-02   0.00000E+00   0.00000E+00   0.00000E+00   0.00000E+00     1088.94  0
 1.26211E-02   0.00000E+00   0.00000E+00   0.00000E+00   0.00000E+00     1085.57  0
 1.26411E-02   0.00000E+00   0.00000E+00   0.00000E+00   0.00000E+00     1082.23  0
 1.26611E-02   0.00000E+00   0.00000E+00   0.00000E+00   0.00000E+00     1078.92  0
 1.26811E-02   0.00000E+00   0.00000E+00   0.00000E+00   0.00000E+00     1075.64  0
 1.27011E-02   0.00000E+00   0.00000E+00   0.00000E+00   0.00000E+00     1072.38  0
 1.27211E-02   0.00000E+00   0.00000E+00   0.00000E+00   0.00000E+00     1069.15  0
 1.27411E-02   0.00000E+00   0.00000E+00   0.00000E+00   0.00000E+00     1065.94  0
 1.27611E-02   0.00000E+00   0.00000E+00   0.00000E+00   0.00000E+00     1062.76  0
 1.27811E-02   0.00000E+00   0.00000E+00   0.00000E+00   0.00000E+00     1059.61  0
 1.28011E-02   0.00000E+00   0.00000E+00   0.00000E+00   0.00000E+00     1056.49  0
 1.28211E-02   0.00000E+00   0.00000E+00   0.00000E+00   0.00000E+00     1053.39  0
 1.28411E-02   0.00000E+00   0.00000E+00   0.00000E+00   0.00000E+00     1050.32  0
 1.28611E-02   0.00000E+00   0.00000E+00   0.00000E+00   0.00000E+00     1047.27  0
 1.28811E-02   0.00000E+00   0.00000E+00   0.00000E+00   0.00000E+00     1044.25  0
 1.29011E-02   0.00000E+00   0.00000E+00   0.00000E+00   0.00000E+00     1041.26  0
 1.29211E-02   0.00000E+00   0.00000E+00   0.00000E+00   0.00000E+00     1038.29  0
 1.29411E-02   0.00000E+00   0.00000E+00   0.00000E+00   0.00000E+00     1035.34  0
 1.29611E-02   0.00000E+00   0.00000E+00   0.00000E+00   0.00000E+00     1032.43  0
 1.29811E-02   0.00000E+00   0.00000E+00   0.00000E+00   0.00000E+00     1029.53  0
 1.30011E-02   0.00000E+00   0.00000E+00   0.00000E+00   0.00000E+00     1026.66  0
 1.30211E-02   0.00000E+00   0.00000E+00   0.00000E+00   0.00000E+00     1023.82  0
 1.30411E-02   0.00000E+00   0.00000E+00   0.00000E+00   0.00000E+00     1021.00  0
 1.30611E-02   0.00000E+00   0.00000E+00   0.00000E+00   0.00000E+00     1018.20  0
 1.30811E-02   0.00000E+00   0.00000E+00   0.00000E+00   0.00000E+00     1015.43  0
 1.31011E-02   0.00000E+00   0.00000E+00   0.00000E+00   0.00000E+00     1012.68  0
 1.31211E-02   0.00000E+00   0.00000E+00   0.00000E+00   0.00000E+00     1009.96  0
 1.31411E-02   0.00000E+00   0.00000E+00   0.00000E+00   0.00000E+00     1007.26  0
 1.31611E-02   0.00000E+00   0.00000E+00   0.00000E+00   0.00000E+00     1004.58  0
 1.31811E-02   0.00000E+00   0.00000E+00   0.00000E+00   0.00000E+00     1001.92  0
 1.32011E-02   0.00000E+00   0.00000E+00   0.00000E+00   0.00000E+00      999.29  0
 1.32211E-02   0.00000E+00   0.00000E+00   0.00000E+00   0.00000E+00      996.68  0
 1.32411E-02   0.00000E+00   0.00000E+00   0.00000E+00   0.00000E+00      994.09  0
 1.32611E-02   0.00000E+00   0.00000E+00   0.00000E+00   0.00000E+00      991.53  0
 1.32811E-02   0.00000E+00   0.00000E+00   0.00000E+00   0.00000E+00      988.98  0
 1.33011E-02   0.00000E+00   0.00000E+00   0.00000E+00   0.00000E+00      986.46  0
 1.33211E-02   0.00000E+00   0.00000E+00   0.00000E+00   0.00000E+00      983.96  0
 1.33411E-02   0.00000E+00   0.00000E+00   0.00000E+00   0.00000E+00      981.48  0
 1.33611E-02   0.00000E+00   0.00000E+00   0.00000E+00   0.00000E+00      979.02  0
 1.33811E-02   0.00000E+00   0.00000E+00   0.00000E+00   0.00000E+00      976.59  0
 1.34011E-02   0.00000E+00   0.00000E+00   0.00000E+00   0.00000E+00      974.17  0
 1.34211E-02   0.00000E+00   0.00000E+00   0.00000E+00   0.00000E+00      971.77  0
 1.34411E-02   0.00000E+00   0.00000E+00   0.00000E+00   0.00000E+00      969.39  0
 1.34611E-02   0.00000E+00   0.00000E+00   0.00000E+00   0.00000E+00      967.04  0
 1.34811E-02   0.00000E+00   0.00000E+00   0.00000E+00   0.00000E+00      964.70  0
 1.35011E-02   0.00000E+00   0.00000E+00   0.00000E+00   0.00000E+00      962.38  0
 1.35211E-02   0.00000E+00   0.00000E+00   0.00000E+00   0.00000E+00      960.08  0
 1.35411E-02   0.00000E+00   0.00000E+00   0.00000E+00   0.00000E+00      957.80  0
 1.35611E-02   0.00000E+00   0.00000E+00   0.00000E+00   0.00000E+00      955.54  0
 1.35811E-02   0.00000E+00   0.00000E+00   0.00000E+00   0.00000E+00      953.30  0
 1.36011E-02   0.00000E+00   0.00000E+00   0.00000E+00   0.00000E+00      951.07  0
 1.36211E-02   0.00000E+00   0.00000E+00   0.00000E+00   0.00000E+00      948.87  0
 1.36411E-02   0.00000E+00   0.00000E+00   0.00000E+00   0.00000E+00      946.68  0
 1.36611E-02   0.00000E+00   0.00000E+00   0.00000E+00   0.00000E+00      944.51  0
 1.36811E-02   0.00000E+00   0.00000E+00   0.00000E+00   0.00000E+00      942.36  0
 1.37011E-02   0.00000E+00   0.00000E+00   0.00000E+00   0.00000E+00      940.23  0
 1.37211E-02   0.00000E+00   0.00000E+00   0.00000E+00   0.00000E+00      938.11  0
 1.37411E-02   0.00000E+00   0.00000E+00   0.00000E+00   0.00000E+00      936.01  0
 1.37611E-02   0.00000E+00   0.00000E+00   0.00000E+00   0.00000E+00      933.92  0
 1.37811E-02   0.00000E+00   0.00000E+00   0.00000E+00   0.00000E+00      931.85  0
 1.38011E-02   0.00000E+00   0.00000E+00   0.00000E+00   0.00000E+00      929.80  0
 1.38211E-02   0.00000E+00   0.00000E+00   0.00000E+00   0.00000E+00      928.17  0
 1.38411E-02   0.00000E+00   0.00000E+00   0.00000E+00   0.00000E+00      926.77  0
 1.38611E-02   0.00000E+00   0.00000E+00   0.00000E+00   0.00000E+00      925.39  0
 1.38811E-02   0.00000E+00   0.00000E+00   0.00000E+00   0.00000E+00      924.01  0
 1.39011E-02   0.00000E+00   0.00000E+00   0.00000E+00   0.00000E+00      922.64  0
 1.39211E-02   0.00000E+00   0.00000E+00   0.00000E+00   0.00000E+00      921.28  0
 1.39411E-02   0.00000E+00   0.00000E+00   0.00000E+00   0.00000E+00      919.93  0
 1.39611E-02   0.00000E+00   0.00000E+00   0.00000E+00   0.00000E+00      918.60  0
 1.39811E-02   0.00000E+00   0.00000E+00   0.00000E+00   0.00000E+00      917.27  0
 1.40011E-02   0.00000E+00   0.00000E+00   0.00000E+00   0.00000E+00      915.94  0
 1.40211E-02   0.00000E+00   0.00000E+00   0.00000E+00   0.00000E+00      914.63  0
 1.40411E-02   0.00000E+00   0.00000E+00   0.00000E+00   0.00000E+00      913.31  0
 1.40611E-02   0.00000E+00   0.00000E+00   0.00000E+00   0.00000E+00      912.01  0
 1.40811E-02   0.00000E+00   0.00000E+00   0.00000E+00   0.00000E+00      910.71  0
 1.41011E-02   0.00000E+00   0.00000E+00   0.00000E+00   0.00000E+00      909.41  0
 1.41211E-02   0.00000E+00   0.00000E+00   0.00000E+00   0.00000E+00      908.12  0
 1.41411E-02   0.00000E+00   0.00000E+00   0.00000E+00   0.00000E+00      906.84  0
 1.41611E-02   0.00000E+00   0.00000E+00   0.00000E+00   0.00000E+00      905.56  0
 1.41811E-02   0.00000E+00   0.00000E+00   0.00000E+00   0.00000E+00      904.29  0
 1.42011E-02   0.00000E+00   0.00000E+00   0.00000E+00   0.00000E+00      903.02  0
 1.42211E-02   0.00000E+00   0.00000E+00   0.00000E+00   0.00000E+00      901.76  0
 1.42411E-02   0.00000E+00   0.00000E+00   0.00000E+00   0.00000E+00      900.50  0
 1.42611E-02   0.00000E+00   0.00000E+00   0.00000E+00   0.00000E+00      899.25  0
 1.42811E-02   0.00000E+00   0.00000E+00   0.00000E+00   0.00000E+00      898.00  0
 1.43011E-02   0.00000E+00   0.00000E+00   0.00000E+00   0.00000E+00      896.76  0
 1.43211E-02   0.00000E+00   0.00000E+00   0.00000E+00   0.00000E+00      895.52  0
 1.43411E-02   0.00000E+00   0.00000E+00   0.00000E+00   0.00000E+00      894.29  0
 1.43611E-02   0.00000E+00   0.00000E+00   0.00000E+00   0.00000E+00      893.08  0
 1.43811E-02   0.00000E+00   0.00000E+00   0.00000E+00   0.00000E+00      891.94  0
 1.44011E-02   0.00000E+00   0.00000E+00   0.00000E+00   0.00000E+00      890.80  0
 1.44211E-02   0.00000E+00   0.00000E+00   0.00000E+00   0.00000E+00      889.67  0
 1.44411E-02   0.00000E+00   0.00000E+00   0.00000E+00   0.00000E+00      888.54  0
 1.44611E-02   0.00000E+00   0.00000E+00   0.00000E+00   0.00000E+00      887.41  0
 1.44811E-02   0.00000E+00   0.00000E+00   0.00000E+00   0.00000E+00      886.29  0
 1.45011E-02   0.00000E+00   0.00000E+00   0.00000E+00   0.00000E+00      885.17  0
 1.45211E-02   0.00000E+00   0.00000E+00   0.00000E+00   0.00000E+00      884.06  0
 1.45411E-02   0.00000E+00   0.00000E+00   0.00000E+00   0.00000E+00      882.95  0
 1.45611E-02   0.00000E+00   0.00000E+00   0.00000E+00   0.00000E+00      881.84  0
 1.45811E-02   0.00000E+00   0.00000E+00   0.00000E+00   0.00000E+00      880.74  0
 1.46011E-02   0.00000E+00   0.00000E+00   0.00000E+00   0.00000E+00      879.65  0
 1.46211E-02   0.00000E+00   0.00000E+00   0.00000E+00   0.00000E+00      878.56  0
 1.46411E-02   0.00000E+00   0.00000E+00   0.00000E+00   0.00000E+00      877.47  0
 1.46611E-02   0.00000E+00   0.00000E+00   0.00000E+00   0.00000E+00      876.38  0
 1.46811E-02   0.00000E+00   0.00000E+00   0.00000E+00   0.00000E+00      875.30  0
 1.47011E-02   0.00000E+00   0.00000E+00   0.00000E+00   0.00000E+00      874.23  0
 1.47211E-02   0.00000E+00   0.00000E+00   0.00000E+00   0.00000E+00      873.15  0
 1.47411E-02   0.00000E+00   0.00000E+00   0.00000E+00   0.00000E+00      872.09  0
 1.47611E-02   0.00000E+00   0.00000E+00   0.00000E+00   0.00000E+00      871.02  0
 1.47811E-02   0.00000E+00   0.00000E+00   0.00000E+00   0.00000E+00      869.97  0
 1.48011E-02   0.00000E+00   0.00000E+00   0.00000E+00   0.00000E+00      868.92  0
 1.48211E-02   0.00000E+00   0.00000E+00   0.00000E+00   0.00000E+00      867.87  0
 1.48411E-02   0.00000E+00   0.00000E+00   0.00000E+00   0.00000E+00      866.83  0
 1.48611E-02   0.00000E+00   0.00000E+00   0.00000E+00   0.00000E+00      865.79  0
 1.48811E-02   0.00000E+00   0.00000E+00   0.00000E+00   0.00000E+00      864.75  0
 1.49011E-02   0.00000E+00   0.00000E+00   0.00000E+00   0.00000E+00      863.72  0
 1.49211E-02   0.00000E+00   0.00000E+00   0.00000E+00   0.00000E+00      862.69  0
 1.49411E-02   0.00000E+00   0.00000E+00   0.00000E+00   0.00000E+00      861.67  0
 1.49611E-02   0.00000E+00   0.00000E+00   0.00000E+00   0.00000E+00      860.67  0
 1.49811E-02   0.00000E+00   0.00000E+00   0.00000E+00   0.00000E+00      859.66  0
 1.50011E-02   0.00000E+00   0.00000E+00   0.00000E+00   0.00000E+00      858.67  0
 1.50211E-02   0.00000E+00   0.00000E+00   0.00000E+00   0.00000E+00      857.67  0
 1.50411E-02   0.00000E+00   0.00000E+00   0.00000E+00   0.00000E+00      856.68  0
 1.50611E-02   0.00000E+00   0.00000E+00   0.00000E+00   0.00000E+00      855.69  0
 1.50811E-02   0.00000E+00   0.00000E+00   0.00000E+00   0.00000E+00      854.71  0
 1.51011E-02   0.00000E+00   0.00000E+00   0.00000E+00   0.00000E+00      853.72  0
 1.51211E-02   0.00000E+00   0.00000E+00   0.00000E+00   0.00000E+00      852.75  0
 1.51411E-02   0.00000E+00   0.00000E+00   0.00000E+00   0.00000E+00      851.77  0
 1.51611E-02   0.00000E+00   0.00000E+00   0.00000E+00   0.00000E+00      850.80  0
 1.51811E-02   0.00000E+00   0.00000E+00   0.00000E+00   0.00000E+00      849.83  0
 1.52011E-02   0.00000E+00   0.00000E+00   0.00000E+00   0.00000E+00      848.87  0
 1.52211E-02   0.00000E+00   0.00000E+00   0.00000E+00   0.00000E+00      847.91  0
 1.52411E-02   0.00000E+00   0.00000E+00   0.00000E+00   0.00000E+00      846.95  0
 1.52611E-02   0.00000E+00   0.00000E+00   0.00000E+00   0.00000E+00      846.00  0
 1.52811E-02   0.00000E+00   0.00000E+00   0.00000E+00   0.00000E+00      845.05  0
 1.53011E-02   0.00000E+00   0.00000E+00   0.00000E+00   0.00000E+00      844.10  0
 1.53211E-02   0.00000E+00   0.00000E+00   0.00000E+00   0.00000E+00      843.16  0
 1.53411E-02   0.00000E+00   0.00000E+00   0.00000E+00   0.00000E+00      842.22  0
 1.53611E-02   0.00000E+00   0.00000E+00   0.00000E+00   0.00000E+00      841.28  0
 1.53811E-02   0.00000E+00   0.00000E+00   0.00000E+00   0.00000E+00      840.34  0
 1.54011E-02   0.00000E+00   0.00000E+00   0.00000E+00   0.00000E+00      839.41  0
 1.54211E-02   0.00000E+00   0.00000E+00   0.00000E+00   0.00000E+00      838.49  0
 1.54411E-02   0.00000E+00   0.00000E+00   0.00000E+00   0.00000E+00      837.56  0
