# Melt Pool Geometry History
# time(s)  length(m)  depth(m)  width(m)  volume(m3)  Tpeak(K)  laser_on
 2.10000E-05   0.00000E+00   0.00000E+00   0.00000E+00   7.71602E-14      293.00  1
 4.10000E-05   4.25214E-05   1.03539E-04   4.45090E-05   2.32521E-13     1921.70  1
 6.10000E-05   7.26006E-05   1.09660E-04   5.65664E-05   3.76662E-13     2780.28  1
 8.10000E-05   9.51422E-05   1.11544E-04   6.32646E-05   5.05344E-13     3146.69  1
 1.01000E-04   1.17055E-04   1.12164E-04   6.52954E-05   6.27069E-13     3334.23  1
 1.21000E-04   1.38845E-04   1.12555E-04   6.65946E-05   7.45467E-13     3420.98  1
 1.41000E-04   1.60899E-04   1.12636E-04   6.73407E-05   8.59689E-13     3445.06  1
 1.61000E-04   1.82753E-04   1.12664E-04   6.77183E-05   9.71362E-13     3448.43  1
 1.81000E-04   2.04571E-04   1.12672E-04   6.80700E-05   1.07792E-12     3447.33  1
 2.01000E-04   2.23252E-04   1.11291E-04   6.83362E-05   1.19721E-12     3302.52  1
 2.21000E-04   2.45950E-04   1.11233E-04   7.86727E-05   1.32135E-12     3222.95  1
 2.41000E-04   2.67824E-04   1.11702E-04   8.16468E-05   1.44181E-12     3219.80  1
 2.61000E-04   2.88165E-04   1.11805E-04   8.30617E-05   1.55156E-12     3236.11  1
 2.81000E-04   3.09207E-04   1.11846E-04   8.40767E-05   1.65376E-12     3208.90  1
 3.01000E-04   3.30183E-04   1.11855E-04   8.49135E-05   1.60570E-12     3224.58  0
 3.21000E-04   3.30775E-04   1.09288E-04   8.56397E-05   1.54333E-12     2770.16  0
 3.41000E-04   3.30765E-04   1.07551E-04   8.62423E-05   1.47662E-12     2508.25  0
 3.61000E-04   3.30603E-04   1.03372E-04   8.67290E-05   1.41045E-12     2341.14  0
 3.81000E-04   3.30350E-04   9.92937E-05   8.70991E-05   1.34491E-12     2221.94  0
 4.01000E-04   3.27664E-04   9.54585E-05   8.63656E-05   1.29109E-12     2127.80  0
 4.21000E-04   3.31075E-04   9.21454E-05   8.71588E-05   1.23750E-12     2038.83  0
 4.41000E-04   3.29464E-04   8.80077E-05   8.84809E-05   1.17739E-12     1961.80  0
 4.61000E-04   3.28335E-04   8.36871E-05   8.87939E-05   1.11673E-12     1897.85  0
 4.81000E-04   3.27381E-04   7.94977E-05   8.87521E-05   1.05727E-12     1845.35  0
 5.01000E-04   3.26512E-04   7.58831E-05   8.85119E-05   9.98342E-13     1803.01  0
 5.21000E-04   3.25696E-04   7.26478E-05   8.81404E-05   9.40320E-13     1768.09  0
 5.41000E-04   3.24937E-04   6.83852E-05   8.76675E-05   8.82642E-13     1739.30  0
 5.61000E-04   3.24282E-04   6.45926E-05   8.71221E-05   8.25074E-13     1715.30  0
 5.81000E-04   3.23805E-04   6.16045E-05   8.65282E-05   7.67911E-13     1694.68  0
 6.01000E-04   3.17099E-04   5.77766E-05   8.40955E-05   6.67171E-13     1676.97  0
 6.21000E-04   3.21629E-04   5.42594E-05   8.77840E-05   6.09842E-13     1661.93  0
 6.41000E-04   3.11982E-04   5.15724E-05   8.68977E-05   5.55144E-13     1649.15  0
 6.61000E-04   3.04110E-04   4.85828E-05   8.62041E-05   5.02457E-13     1638.88  0
 6.81000E-04   2.95151E-04   4.57125E-05   8.57722E-05   4.51839E-13     1631.33  0
 7.01000E-04   2.86910E-04   4.33279E-05   8.55008E-05   4.03790E-13     1626.02  0
 7.21000E-04   2.81729E-04   4.04060E-05   8.52731E-05   3.58305E-13     1623.19  0
 7.41000E-04   2.74262E-04   3.83293E-05   8.50652E-05   3.15236E-13     1622.53  0
 7.61000E-04   2.67580E-04   3.56471E-05   8.48655E-05   2.74383E-13     1621.80  0
 7.81000E-04   2.62449E-04   3.35896E-05   8.46669E-05   2.36120E-13     1620.84  0
 8.01000E-04   2.52992E-04   3.11221E-05   8.38605E-05   2.66326E-13     1619.62  1
 8.21000E-04   4.17910E-05   1.02863E-04   4.49843E-05   3.99392E-13     1820.76  1
 8.41000E-04   7.19418E-05   1.08876E-04   5.97648E-05   4.93886E-13     2629.54  1
 8.61000E-04   9.76378E-05   1.10536E-04   6.54499E-05   5.89353E-13     3038.31  1
 8.81000E-04   1.18737E-04   1.11469E-04   6.74247E-05   6.90091E-13     3188.92  1
 9.01000E-04   1.39162E-04   1.11746E-04   6.85529E-05   7.86418E-13     3275.97  1
 9.21000E-04   1.60775E-04   1.11872E-04   6.96756E-05   9.01474E-13     3266.24  1
 9.41000E-04   1.82398E-04   1.11945E-04   7.81374E-05   1.01363E-12     3276.24  1
 9.61000E-04   2.03697E-04   1.11987E-04   8.06678E-05   1.13037E-12     3298.05  1
 9.81000E-04   2.25186E-04   1.12033E-04   8.19360E-05   1.24766E-12     3334.21  1
 1.00100E-03   2.49295E-04   1.12087E-04   8.28765E-05   1.36278E-12     3343.78  1
 1.02100E-03   2.69645E-04   1.12158E-04   8.36496E-05   1.47399E-12     3345.88  1
 1.04100E-03   2.90185E-04   1.12293E-04   8.42622E-05   1.59105E-12     3363.38  1
 1.06100E-03   3.10109E-04   1.12393E-04   8.48417E-05   1.70147E-12     3359.34  1
 1.08100E-03   3.30871E-04   1.12476E-04   8.54332E-05   1.80746E-12     3308.62  1
 1.10100E-03   3.51708E-04   1.12525E-04   8.59246E-05   1.91305E-12     3292.71  1
 1.12100E-03   3.72614E-04   1.12549E-04   8.63209E-05   2.01439E-12     3310.27  1
 1.14100E-03   3.93826E-04   1.12563E-04   8.66578E-05   2.11149E-12     3344.93  1
 1.16100E-03   4.17878E-04   1.12564E-04   8.69782E-05   2.20449E-12     3355.89  1
 1.18100E-03   4.37576E-04   1.12545E-04   8.73833E-05   2.29815E-12     3351.24  1
 1.20100E-03   4.56466E-04   1.12485E-04   8.76985E-05   2.38264E-12     3348.03  1
 1.22100E-03   4.83140E-04   1.12377E-04   8.80519E-05   2.46253E-12     3331.89  1
 1.24100E-03   5.04214E-04   1.12437E-04   8.83956E-05   2.54207E-12     3321.79  1
 1.26100E-03   5.24767E-04   1.12341E-04   8.87070E-05   2.61620E-12     3304.30  1
 1.28100E-03   5.45937E-04   1.12234E-04   8.89568E-05   2.69476E-12     3273.21  1
 1.30100E-03   5.67071E-04   1.12158E-04   9.05612E-05   2.76677E-12     3272.58  1
 1.32100E-03   5.88114E-04   1.12071E-04   9.17380E-05   2.83673E-12     3292.66  1
 1.34100E-03   6.06516E-04   1.11980E-04   9.23460E-05   2.90485E-12     3310.00  1
 1.36100E-03   6.27753E-04   1.11898E-04   9.27194E-05   2.96639E-12     3334.88  1
 1.38100E-03   6.45686E-04   1.11839E-04   9.30218E-05   3.02486E-12     3328.34  1
 1.40100E-03   6.61849E-04   1.11782E-04   9.20036E-05   2.97981E-12     3335.20  0
 1.42100E-03   6.58726E-04   1.09345E-04   9.51066E-05   2.87340E-12     2828.97  0
 1.44100E-03   6.56558E-04   1.07653E-04   9.68536E-05   2.75357E-12     2536.58  0
 1.46100E-03   6.51083E-04   1.03488E-04   9.78280E-05   2.63120E-12     2342.24  0
 1.48100E-03   6.47438E-04   9.96906E-05   9.83889E-05   2.50741E-12     2205.31  0
 1.50100E-03   6.42070E-04   9.62461E-05   9.86495E-05   2.38721E-12     2099.73  0
 1.52100E-03   6.37253E-04   9.27441E-05   9.87330E-05   2.26959E-12     2018.45  0
 1.54100E-03   6.31075E-04   8.84387E-05   9.87031E-05   2.15439E-12     1952.71  0
 1.56100E-03   6.26130E-04   8.43065E-05   9.85986E-05   2.04409E-12     1899.86  0
 1.58100E-03   6.18670E-04   8.05780E-05   9.83798E-05   1.93756E-12     1855.70  0
 1.60100E-03   6.12393E-04   7.58453E-05   9.62032E-05   1.77496E-12     1817.99  0
 1.62100E-03   6.04926E-04   7.27561E-05   1.02236E-04   1.66398E-12     1782.29  0
 1.64100E-03   5.96480E-04   6.87259E-05   1.02938E-04   1.55279E-12     1749.53  0
 1.66100E-03   5.90170E-04   6.52642E-05   1.03179E-04   1.44347E-12     1720.26  0
 1.68100E-03   5.82715E-04   6.27836E-05   1.03237E-04   1.33718E-12     1695.44  0
 1.70100E-03   5.73853E-04   5.90683E-05   1.03220E-04   1.23324E-12     1675.02  0
 1.72100E-03   5.65359E-04   5.66213E-05   1.03193E-04   1.13301E-12     1658.61  0
 1.74100E-03   5.57232E-04   5.35854E-05   1.03284E-04   1.03650E-12     1645.75  0
 1.76100E-03   5.49934E-04   5.08496E-05   1.03362E-04   9.44145E-13     1636.03  0
 1.78100E-03   5.41668E-04   4.83921E-05   1.03418E-04   8.56272E-13     1629.15  0
 1.80100E-03   5.30518E-04   4.54539E-05   9.92616E-05   7.32583E-13     1624.59  0
 1.82100E-03   5.23105E-04   4.33496E-05   1.05448E-04   6.47298E-13     1622.88  0
 1.84100E-03   5.12806E-04   4.06873E-05   1.06343E-04   5.69830E-13     1622.33  0
 1.86100E-03   4.96122E-04   3.85635E-05   1.06963E-04   4.98797E-13     1621.55  0
 1.88100E-03   4.78619E-04   3.63190E-05   1.07197E-04   4.33161E-13     1620.56  0
 1.90100E-03   4.62640E-04   3.40068E-05   1.07062E-04   4.52930E-13     1619.35  1
 1.92100E-03   4.17145E-05   1.03686E-04   4.20176E-05   5.47853E-13     1865.34  1
 1.94100E-03   7.25546E-05   1.09239E-04   6.17197E-05   6.38770E-13     2697.03  1
 1.96100E-03   9.50327E-05   1.10924E-04   6.91242E-05   7.26809E-13     3062.82  1
 1.98100E-03   1.18208E-04   1.11764E-04   7.21379E-05   8.07744E-13     3175.57  1
 2.00100E-03   1.39435E-04   1.11369E-04   7.46303E-05   9.13079E-13     3116.57  1
 2.02100E-03   1.59960E-04   1.11664E-04   7.95876E-05   1.00956E-12     3155.45  1
 2.04100E-03   1.81015E-04   1.11933E-04   8.16274E-05   1.10319E-12     3164.12  1
 2.06100E-03   2.02080E-04   1.12055E-04   8.27122E-05   1.20243E-12     3199.41  1
 2.08100E-03   2.23200E-04   1.12133E-04   8.35524E-05   1.30030E-12     3236.36  1
 2.10100E-03   2.44465E-04   1.12217E-04   8.42923E-05   1.40252E-12     3268.71  1
 2.12100E-03   2.67504E-04   1.12305E-04   8.49525E-05   1.50457E-12     3268.72  1
 2.14100E-03   2.88603E-04   1.12384E-04   8.54938E-05   1.61488E-12     3251.31  1
 2.16100E-03   3.08801E-04   1.12473E-04   8.59554E-05   1.72197E-12     3272.03  1
 2.18100E-03   3.29788E-04   1.12550E-04   8.63674E-05   1.82635E-12     3232.78  1
 2.20100E-03   3.50747E-04   1.12578E-04   8.67081E-05   1.93084E-12     3246.99  1
 2.22100E-03   3.74060E-04   1.12561E-04   8.70753E-05   2.02818E-12     3256.34  1
 2.24100E-03   3.95392E-04   1.12676E-04   8.74264E-05   2.12520E-12     3244.89  1
 2.26100E-03   4.16464E-04   1.12724E-04   8.77696E-05   2.21978E-12     3260.50  1
 2.28100E-03   4.37603E-04   1.12736E-04   8.81219E-05   2.31120E-12     3247.34  1
 2.30100E-03   4.58815E-04   1.12771E-04   8.84382E-05   2.40317E-12     3274.06  1
 2.32100E-03   4.80020E-04   1.12803E-04   8.87397E-05   2.48872E-12     3303.32  1
 2.34100E-03   5.01500E-04   1.12834E-04   8.90124E-05   2.57469E-12     3333.43  1
 2.36100E-03   5.22195E-04   1.12854E-04   9.05089E-05   2.66484E-12     3350.40  1
 2.38100E-03   5.45953E-04   1.12867E-04   9.16683E-05   2.75332E-12     3338.97  1
 2.40100E-03   5.64267E-04   1.12844E-04   9.22519E-05   2.83389E-12     3309.12  1
 2.42100E-03   5.88013E-04   1.12828E-04   9.26473E-05   2.91421E-12     3290.21  1
 2.44100E-03   6.07445E-04   1.12922E-04   9.29579E-05   2.99226E-12     3294.65  1
 2.46100E-03   6.26627E-04   1.12924E-04   9.32782E-05   3.06718E-12     3299.08  1
 2.48100E-03   6.41847E-04   1.12896E-04   9.35881E-05   3.14014E-12     3286.16  1
 2.50100E-03   6.59170E-04   1.12875E-04   9.38996E-05   3.21067E-12     3306.40  1
 2.52100E-03   6.74151E-04   1.12868E-04   9.41615E-05   3.27583E-12     3332.99  1
 2.54100E-03   6.91600E-04   1.12851E-04   9.43682E-05   3.33549E-12     3358.64  1
 2.56100E-03   7.06221E-04   1.12816E-04   9.45812E-05   3.39695E-12     3369.47  1
 2.58100E-03   7.25791E-04   1.12771E-04   9.47673E-05   3.45603E-12     3350.69  1
 2.60100E-03   7.39478E-04   1.12676E-04   9.49124E-05   3.51288E-12     3294.97  1
 2.62100E-03   7.56721E-04   1.12581E-04   9.51017E-05   3.56303E-12     3295.39  1
 2.64100E-03   7.71974E-04   1.12609E-04   9.52916E-05   3.60740E-12     3344.67  1
 2.66100E-03   7.88511E-04   1.12538E-04   9.54460E-05   3.65118E-12     3350.13  1
 2.68100E-03   8.05999E-04   1.12410E-04   9.55962E-05   3.69143E-12     3327.76  1
 2.70100E-03   8.21655E-04   1.12263E-04   9.57323E-05   3.72944E-12     3294.44  1
 2.72100E-03   8.36992E-04   1.12157E-04   9.58038E-05   3.76280E-12     3289.66  1
 2.74100E-03   8.52237E-04   1.12106E-04   9.58734E-05   3.78957E-12     3260.17  1
 2.76100E-03   8.68847E-04   1.12045E-04   9.59355E-05   3.81668E-12     3282.58  1
 2.78100E-03   8.83483E-04   1.11968E-04   9.59773E-05   3.69288E-12     3309.14  0
 2.80100E-03   8.78162E-04   1.09419E-04   9.55776E-05   3.55874E-12     2838.21  0
 2.82100E-03   8.75967E-04   1.07748E-04   9.60712E-05   3.42122E-12     2559.54  0
 2.84100E-03   8.71449E-04   1.03626E-04   9.60297E-05   3.27999E-12     2373.07  0
 2.86100E-03   8.64971E-04   9.99901E-05   9.60339E-05   3.13814E-12     2243.07  0
 2.88100E-03   8.59728E-04   9.68653E-05   9.60085E-05   2.99991E-12     2146.69  0
 2.90100E-03   8.52675E-04   9.30897E-05   9.59043E-05   2.86385E-12     2072.40  0
 2.92100E-03   8.45439E-04   8.89286E-05   9.57217E-05   2.73014E-12     2009.93  0
 2.94100E-03   8.39553E-04   8.52246E-05   9.54610E-05   2.59955E-12     1955.85  0
 2.96100E-03   8.30528E-04   8.24762E-05   9.51224E-05   2.47269E-12     1908.00  0
 2.98100E-03   8.25725E-04   7.83349E-05   9.46991E-05   2.34793E-12     1866.14  0
 3.00100E-03   8.13329E-04   7.43952E-05   9.26938E-05   2.16966E-12     1828.29  0
 3.02100E-03   8.09876E-04   7.18186E-05   9.41940E-05   2.03694E-12     1791.08  0
 3.04100E-03   8.04021E-04   6.84393E-05   9.48737E-05   1.90444E-12     1756.46  0
 3.06100E-03   7.94250E-04   6.52514E-05   9.50758E-05   1.77355E-12     1726.72  0
 3.08100E-03   7.85865E-04   6.28868E-05   9.50794E-05   1.64576E-12     1701.73  0
 3.10100E-03   7.79978E-04   5.94758E-05   9.49823E-05   1.52101E-12     1681.19  0
 3.12100E-03   7.69528E-04   5.75242E-05   9.48324E-05   1.40051E-12     1664.39  0
 3.14100E-03   7.59104E-04   5.40906E-05   9.46908E-05   1.28404E-12     1650.95  0
 3.16100E-03   7.48421E-04   5.19351E-05   9.46864E-05   1.17245E-12     1640.36  0
 3.18100E-03   7.33564E-04   4.89700E-05   9.47171E-05   1.06554E-12     1632.33  0
 3.20100E-03   7.15276E-04   4.59521E-05   9.20519E-05   9.13914E-13     1626.72  0
 3.22100E-03   6.99399E-04   4.36341E-05   9.97478E-05   8.10205E-13     1623.47  0
 3.24100E-03   6.75208E-04   4.13031E-05   1.00527E-04   7.16112E-13     1622.66  0
 3.26100E-03   6.56072E-04   3.89025E-05   1.01085E-04   6.29687E-13     1622.01  0
 3.28100E-03   6.26640E-04   3.71500E-05   1.01296E-04   6.23784E-13     1621.14  1
 3.30100E-03   4.72299E-05   1.02749E-04   4.39314E-05   7.11369E-13     1841.64  1
 3.32100E-03   7.25081E-05   1.09064E-04   5.99166E-05   7.67616E-13     2689.12  1
 3.34100E-03   9.38359E-05   1.10645E-04   6.55538E-05   8.31023E-13     3035.57  1
 3.36100E-03   1.15546E-04   1.11542E-04   6.74783E-05   8.97793E-13     3173.41  1
 3.38100E-03   1.38911E-04   1.11838E-04   7.25420E-05   9.71191E-13     3246.33  1
 3.40100E-03   1.59705E-04   1.11666E-04   7.46785E-05   1.05755E-12     3243.76  1
 3.42100E-03   1.82994E-04   1.11768E-04   7.96859E-05   1.14477E-12     3284.12  1
 3.44100E-03   2.05508E-04   1.12002E-04   8.16658E-05   1.23248E-12     3289.69  1
 3.46100E-03   2.31534E-04   1.12098E-04   8.27990E-05   1.31852E-12     3323.45  1
 3.48100E-03   2.52988E-04   1.12174E-04   8.36625E-05   1.40826E-12     3330.12  1
 3.50099E-03   2.74024E-04   1.12284E-04   8.44044E-05   1.50587E-12     3348.30  1
 3.52099E-03   2.95274E-04   1.12402E-04   8.50559E-05   1.60532E-12     3337.33  1
 3.54099E-03   3.16578E-04   1.12502E-04   8.56047E-05   1.70369E-12     3294.99  1
 3.56099E-03   3.37954E-04   1.12561E-04   8.61065E-05   1.80904E-12     3300.12  1
 3.58099E-03   3.59366E-04   1.12611E-04   8.65104E-05   1.91406E-12     3318.79  1
 3.60099E-03   3.79839E-04   1.12599E-04   8.68466E-05   2.01679E-12     3326.07  1
 3.62099E-03   4.05587E-04   1.12602E-04   8.71826E-05   2.11377E-12     3310.03  1
 3.64099E-03   4.26413E-04   1.12741E-04   8.74753E-05   2.21048E-12     3314.35  1
 3.66099E-03   4.47673E-04   1.12790E-04   8.77602E-05   2.30594E-12     3317.01  1
 3.68099E-03   4.69149E-04   1.12818E-04   8.80263E-05   2.39581E-12     3330.63  1
 3.70099E-03   4.94122E-04   1.12843E-04   8.82904E-05   2.48215E-12     3358.65  1
 3.72099E-03   5.13862E-04   1.12861E-04   8.85323E-05   2.56932E-12     3364.09  1
 3.74099E-03   5.34584E-04   1.12883E-04   8.87903E-05   2.66224E-12     3376.98  1
 3.76099E-03   5.54889E-04   1.12896E-04   9.04081E-05   2.74935E-12     3361.66  1
 3.78099E-03   5.75953E-04   1.12909E-04   9.15361E-05   2.83493E-12     3322.41  1
 3.80099E-03   5.91609E-04   1.12929E-04   9.21920E-05   2.92261E-12     3315.50  1
 3.82099E-03   6.08452E-04   1.12898E-04   9.26819E-05   3.00261E-12     3318.60  1
 3.84099E-03   6.25149E-04   1.12996E-04   9.31066E-05   3.08038E-12     3318.45  1
 3.86099E-03   6.40104E-04   1.13027E-04   9.34624E-05   3.15898E-12     3334.93  1
 3.88099E-03   6.57655E-04   1.13022E-04   9.37583E-05   3.23722E-12     3310.33  1
 3.90099E-03   6.73190E-04   1.13030E-04   9.40146E-05   3.30724E-12     3313.71  1
 3.92099E-03   6.91139E-04   1.13049E-04   9.42394E-05   3.37350E-12     3331.35  1
 3.94099E-03   7.14575E-04   1.13066E-04   9.44472E-05   3.43714E-12     3363.84  1
 3.96099E-03   7.33337E-04   1.13086E-04   9.46488E-05   3.50070E-12     3372.27  1
 3.98099E-03   7.45846E-04   1.13094E-04   9.48080E-05   3.56395E-12     3388.69  1
 4.00099E-03   7.58875E-04   1.13088E-04   9.49167E-05   3.62271E-12     3359.54  1
 4.02099E-03   7.76307E-04   1.13026E-04   9.50916E-05   3.68075E-12     3320.38  1
 4.04099E-03   7.94361E-04   1.13115E-04   9.52547E-05   3.73477E-12     3308.82  1
 4.06099E-03   8.08400E-04   1.13150E-04   9.54390E-05   3.78449E-12     3302.48  1
 4.08099E-03   8.26497E-04   1.13115E-04   9.56092E-05   3.83236E-12     3296.93  1
 4.10099E-03   8.40383E-04   1.13060E-04   9.57349E-05   3.87823E-12     3321.32  1
 4.12099E-03   8.57611E-04   1.13056E-04   9.58877E-05   3.92255E-12     3342.56  1
 4.14099E-03   8.75630E-04   1.13043E-04   9.60761E-05   3.96382E-12     3372.73  1
 4.16100E-03   8.89340E-04   1.13024E-04   9.62889E-05   4.00184E-12     3370.88  1
 4.18100E-03   9.05390E-04   1.12985E-04   9.64442E-05   4.03860E-12     3380.87  1
 4.20100E-03   9.16980E-04   1.12936E-04   9.66131E-05   4.07859E-12     3341.12  1
 4.22100E-03   9.38368E-04   1.12824E-04   9.67502E-05   4.10510E-12     3315.74  1
 4.24100E-03   9.49058E-04   1.12879E-04   9.68677E-05   4.12962E-12     3357.23  1
 4.26100E-03   9.65743E-04   1.12831E-04   9.69521E-05   4.15231E-12     3374.22  1
 4.28100E-03   9.78100E-04   1.12752E-04   9.70254E-05   4.17418E-12     3352.67  1
 4.30100E-03   9.93813E-04   1.12665E-04   9.70713E-05   4.19102E-12     3334.71  1
 4.32100E-03   1.00607E-03   1.12571E-04   9.71229E-05   4.20803E-12     3296.36  1
 4.34100E-03   1.02275E-03   1.12481E-04   9.72346E-05   4.21710E-12     3280.75  1
 4.36100E-03   1.03434E-03   1.12377E-04   9.73312E-05   4.22771E-12     3291.61  1
 4.38100E-03   1.04985E-03   1.12266E-04   9.73933E-05   4.23622E-12     3304.34  1
 4.40100E-03   1.06352E-03   1.12154E-04   9.74383E-05   4.23825E-12     3326.23  1
 4.42100E-03   1.07941E-03   1.12058E-04   9.74747E-05   4.23676E-12     3321.91  1
 4.44100E-03   1.09072E-03   1.11984E-04   9.74676E-05   4.23913E-12     3333.02  1
 4.46100E-03   1.10625E-03   1.11970E-04   9.74186E-05   4.09131E-12     3324.84  0
 4.48100E-03   1.09938E-03   1.09531E-04   9.73952E-05   3.93072E-12     2862.54  0
 4.50100E-03   1.09683E-03   1.07825E-04   9.73378E-05   3.76551E-12     2579.82  0
 4.52100E-03   1.08781E-03   1.03738E-04   9.72227E-05   3.59906E-12     2389.48  0
 4.54100E-03   1.08198E-03   1.00069E-04   9.70624E-05   3.43495E-12     2259.12  0
 4.56100E-03   1.07418E-03   9.71848E-05   9.68367E-05   3.27572E-12     2161.13  0
 4.58100E-03   1.06429E-03   9.30765E-05   9.65688E-05   3.12056E-12     2083.65  0
 4.60100E-03   1.05464E-03   8.88446E-05   9.55426E-05   2.95332E-12     2020.18  0
 4.62100E-03   1.04554E-03   8.50598E-05   9.57229E-05   2.79776E-12     1959.02  0
 4.64100E-03   1.02955E-03   8.20252E-05   9.68711E-05   2.64045E-12     1903.38  0
 4.66100E-03   1.00950E-03   7.82140E-05   9.71392E-05   2.48510E-12     1853.85  0
 4.68100E-03   9.84923E-04   7.43089E-05   9.70826E-05   2.33323E-12     1811.46  0
 4.70100E-03   9.62811E-04   7.13887E-05   9.68628E-05   2.18477E-12     1776.00  0
 4.72100E-03   9.46728E-04   6.82021E-05   9.65377E-05   2.03966E-12     1746.14  0
 4.74100E-03   9.26677E-04   6.46383E-05   9.61553E-05   1.89828E-12     1720.48  0
 4.76100E-03   9.11318E-04   6.25285E-05   9.59469E-05   1.76080E-12     1698.48  0
 4.78100E-03   8.91847E-04   5.87907E-05   9.58253E-05   1.62781E-12     1680.26  0
 4.80100E-03   8.76115E-04   5.60995E-05   9.22303E-05   1.43096E-12     1664.68  0
 4.82100E-03   8.55528E-04   5.34889E-05   1.01563E-04   1.30098E-12     1650.63  0
 4.84100E-03   8.35056E-04   5.06390E-05   1.01936E-04   1.17876E-12     1639.74  0
 4.86100E-03   8.14698E-04   4.83507E-05   1.02190E-04   1.06362E-12     1631.55  0
 4.88100E-03   7.93949E-04   4.55334E-05   1.02354E-04   9.55554E-13     1626.00  0
 4.90100E-03   7.72283E-04   4.33820E-05   1.02455E-04   8.53993E-13     1623.17  0
 4.92100E-03   7.49503E-04   4.07607E-05   1.02508E-04   7.58264E-13     1622.54  0
 4.94100E-03   7.25776E-04   3.86411E-05   1.02523E-04   6.69032E-13     1621.82  0
 4.96100E-03   7.02380E-04   3.64989E-05   1.02503E-04   6.74466E-13     1620.89  1
 4.98100E-03   4.38384E-05   1.03985E-04   4.43027E-05   7.48064E-13     1863.78  1
 5.00100E-03   7.15896E-05   1.08848E-04   6.14593E-05   7.84723E-13     2618.16  1
 5.02100E-03   9.42327E-05   1.10779E-04   7.47469E-05   8.47566E-13     2992.67  1
 5.04100E-03   1.18063E-04   1.11795E-04   7.75150E-05   9.21410E-13     3152.32  1
 5.06100E-03   1.38938E-04   1.12151E-04   7.91284E-05   9.95158E-13     3211.01  1
 5.08100E-03   1.60328E-04   1.12343E-04   8.06886E-05   1.07502E-12     3226.95  1
 5.10100E-03   1.81561E-04   1.12456E-04   8.17613E-05   1.16445E-12     3258.02  1
 5.12100E-03   2.02621E-04   1.12523E-04   8.26558E-05   1.25665E-12     3295.33  1
 5.14100E-03   2.24002E-04   1.12575E-04   8.34282E-05   1.35293E-12     3332.44  1
 5.16100E-03   2.45031E-04   1.12629E-04   8.41090E-05   1.45320E-12     3349.87  1
 5.18100E-03   2.68553E-04   1.12670E-04   8.47558E-05   1.55934E-12     3342.46  1
 5.20100E-03   2.89096E-04   1.12699E-04   8.53249E-05   1.66777E-12     3324.25  1
 5.22100E-03   3.09855E-04   1.12718E-04   8.58661E-05   1.77650E-12     3311.56  1
 5.24100E-03   3.30792E-04   1.12766E-04   8.63817E-05   1.88687E-12     3294.67  1
 5.26100E-03   3.51612E-04   1.12810E-04   8.69192E-05   1.99756E-12     3322.61  1
 5.28100E-03   3.72758E-04   1.12851E-04   8.74129E-05   2.10129E-12     3353.87  1
 5.30100E-03   3.94020E-04   1.12884E-04   8.78633E-05   2.20633E-12     3366.90  1
 5.32100E-03   4.17150E-04   1.12908E-04   8.82652E-05   2.30764E-12     3360.61  1
 5.34100E-03   4.38062E-04   1.12928E-04   8.86430E-05   2.41292E-12     3330.26  1
 5.36100E-03   4.58242E-04   1.12939E-04   9.03909E-05   2.51609E-12     3340.11  1
 5.38100E-03   4.79057E-04   1.12953E-04   9.17071E-05   2.61716E-12     3301.93  1
 5.40100E-03   4.98953E-04   1.12975E-04   9.23425E-05   2.71614E-12     3310.67  1
 5.42100E-03   5.24513E-04   1.12942E-04   9.27967E-05   2.81135E-12     3319.53  1
 5.44100E-03   5.45636E-04   1.13040E-04   9.31388E-05   2.90510E-12     3301.86  1
 5.46101E-03   5.66628E-04   1.13075E-04   9.35070E-05   2.99251E-12     3308.75  1
 5.48101E-03   5.87657E-04   1.13079E-04   9.38260E-05   3.07957E-12     3295.59  1
 5.50101E-03   6.08681E-04   1.13078E-04   9.41097E-05   3.16125E-12     3319.71  1
 5.52101E-03   6.29848E-04   1.13102E-04   9.44401E-05   3.23543E-12     3352.69  1
 5.54101E-03   6.51398E-04   1.13122E-04   9.47091E-05   3.31262E-12     3371.25  1
 5.56101E-03   6.74509E-04   1.13165E-04   9.49085E-05   3.38598E-12     3373.96  1
 5.58101E-03   6.95312E-04   1.13177E-04   9.51041E-05   3.45925E-12     3346.96  1
 5.60101E-03   7.12534E-04   1.13167E-04   9.52500E-05   3.52777E-12     3343.98  1
 5.62101E-03   7.26548E-04   1.13103E-04   9.53705E-05   3.59110E-12     3305.09  1
 5.64101E-03   7.42448E-04   1.13185E-04   9.56575E-05   3.65429E-12     3297.94  1
 5.66101E-03   7.58064E-04   1.13263E-04   9.59467E-05   3.71211E-12     3301.77  1
 5.68101E-03   7.74033E-04   1.13251E-04   9.61628E-05   3.76965E-12     3303.19  1
 5.70101E-03   7.89427E-04   1.13211E-04   9.63282E-05   3.82393E-12     3334.24  1
 5.72101E-03   8.04832E-04   1.13202E-04   9.64371E-05   3.87551E-12     3369.42  1
 5.74101E-03   8.21836E-04   1.13249E-04   9.65119E-05   3.92780E-12     3379.88  1
 5.76101E-03   8.39194E-04   1.13274E-04   9.66268E-05   3.97725E-12     3369.84  1
 5.78101E-03   8.56286E-04   1.13273E-04   9.67521E-05   4.02631E-12     3346.54  1
 5.80101E-03   8.69680E-04   1.13216E-04   9.69042E-05   4.07421E-12     3341.20  1
 5.82101E-03   8.89525E-04   1.13140E-04   9.70335E-05   4.11219E-12     3321.41  1
 5.84101E-03   9.03129E-04   1.13219E-04   9.71537E-05   4.15174E-12     3351.84  1
 5.86101E-03   9.21626E-04   1.13314E-04   9.72446E-05   4.18909E-12     3312.47  1
 5.88101E-03   9.35537E-04   1.13285E-04   9.73163E-05   4.22200E-12     3318.52  1
 5.90101E-03   9.51509E-04   1.13239E-04   9.74406E-05   4.25338E-12     3318.80  1
 5.92101E-03   9.70027E-04   1.13189E-04   9.75548E-05   4.28189E-12     3301.84  1
 5.94101E-03   9.82630E-04   1.13133E-04   9.76099E-05   4.31130E-12     3328.85  1
 5.96101E-03   1.00068E-03   1.13076E-04   9.76436E-05   4.33431E-12     3355.54  1
 5.98101E-03   1.01508E-03   1.13061E-04   9.77410E-05   4.35517E-12     3377.95  1
 6.00101E-03   1.02940E-03   1.13031E-04   9.78345E-05   4.38037E-12     3361.98  1
 6.02101E-03   1.04871E-03   1.12931E-04   9.79446E-05   4.39386E-12     3326.35  1
 6.04101E-03   1.06723E-03   1.12924E-04   9.80219E-05   4.40763E-12     3312.21  1
 6.06101E-03   1.08699E-03   1.12887E-04   9.80791E-05   4.41987E-12     3338.73  1
 6.08101E-03   1.10085E-03   1.12827E-04   9.81687E-05   4.43269E-12     3359.92  1
 6.10101E-03   1.11789E-03   1.12765E-04   9.93403E-05   4.44362E-12     3365.81  1
 6.12101E-03   1.13407E-03   1.12698E-04   1.00408E-04   4.45287E-12     3348.21  1
 6.14101E-03   1.15012E-03   1.12623E-04   1.00836E-04   4.31658E-12     3320.53  0
 6.16101E-03   1.14692E-03   1.10830E-04   1.01064E-04   4.16331E-12     2857.45  0
 6.18101E-03   1.13920E-03   1.08516E-04   1.01190E-04   4.00391E-12     2587.19  0
 6.20101E-03   1.13263E-03   1.05311E-04   9.95748E-05   3.82857E-12     2409.34  0
 6.22101E-03   1.12473E-03   1.02848E-04   1.02953E-04   3.67063E-12     2266.43  0
 6.24101E-03   1.11330E-03   9.90401E-05   1.04473E-04   3.49755E-12     2152.66  0
 6.26101E-03   1.09939E-03   9.57032E-05   1.05379E-04   3.32055E-12     2061.82  0
 6.28101E-03   1.08056E-03   9.28778E-05   1.05986E-04   3.14639E-12     1989.23  0
 6.30101E-03   1.06458E-03   8.89791E-05   1.06315E-04   2.97630E-12     1930.76  0
 6.32101E-03   1.04976E-03   8.56668E-05   1.06286E-04   2.81076E-12     1882.31  0
 6.34101E-03   1.03030E-03   8.28755E-05   1.06267E-04   2.64986E-12     1841.49  0
 6.36101E-03   1.01442E-03   7.90548E-05   1.06197E-04   2.49387E-12     1807.33  0
 6.38101E-03   9.95563E-04   7.60682E-05   1.06065E-04   2.34227E-12     1777.64  0
 6.40101E-03   9.73520E-04   7.21018E-05   1.02445E-04   2.10073E-12     1751.55  0
 6.42101E-03   9.60678E-04   6.90102E-05   1.11499E-04   1.94244E-12     1727.10  0
 6.44101E-03   9.39894E-04   6.63208E-05   1.11961E-04   1.79151E-12     1704.85  0
 6.46101E-03   9.18822E-04   6.34477E-05   1.12268E-04   1.64801E-12     1685.40  0
 6.48101E-03   8.96768E-04   6.05475E-05   1.12492E-04   1.51133E-12     1668.86  0
 6.50101E-03   8.71657E-04   5.82049E-05   1.12656E-04   1.38178E-12     1655.13  0
 6.52101E-03   8.44646E-04   5.51986E-05   1.12778E-04   1.25852E-12     1644.14  0
 6.54101E-03   8.18523E-04   5.31293E-05   1.12870E-04   1.14214E-12     1635.51  0
 6.56101E-03   7.91109E-04   5.02058E-05   1.12938E-04   1.03241E-12     1629.09  0
 6.58101E-03   7.62289E-04   4.81792E-05   1.12981E-04   9.29472E-13     1624.82  0
 6.60101E-03   7.31920E-04   4.54456E-05   1.07247E-04   7.95375E-13     1622.91  0
 6.62101E-03   7.03699E-04   4.34866E-05   1.16092E-04   6.98973E-13     1622.43  0
 6.64101E-03   6.73945E-04   4.11633E-05   1.16958E-04   7.01594E-13     1621.77  1
 6.66101E-03   4.46164E-05   1.04744E-04   4.22188E-05   7.81632E-13     1870.67  1
 6.68101E-03   7.03158E-05   1.09688E-04   6.12282E-05   8.45792E-13     2736.56  1
 6.70101E-03   9.40296E-05   1.11502E-04   6.95495E-05   9.14775E-13     3074.16  1
 6.72101E-03   1.16277E-04   1.12301E-04   7.24014E-05   9.89728E-13     3206.52  1
 6.74101E-03   1.40729E-04   1.12664E-04   7.40456E-05   1.06852E-12     3281.75  1
 6.76101E-03   1.60766E-04   1.12791E-04   7.52406E-05   1.14889E-12     3297.19  1
 6.78102E-03   1.81404E-04   1.12858E-04   7.62960E-05   1.22899E-12     3314.68  1
 6.80102E-03   2.01911E-04   1.12452E-04   7.79484E-05   1.35179E-12     3245.95  1
 6.82102E-03   2.25579E-04   1.12661E-04   8.16432E-05   1.44657E-12     3224.97  1
 6.84102E-03   2.47476E-04   1.12797E-04   8.34435E-05   1.54321E-12     3216.96  1
 6.86102E-03   2.69062E-04   1.12857E-04   8.45412E-05   1.64084E-12     3242.19  1
 6.88102E-03   2.90665E-04   1.12893E-04   8.54790E-05   1.73757E-12     3266.71  1
 6.90102E-03   3.15399E-04   1.12915E-04   8.63229E-05   1.83582E-12     3299.88  1
 6.92102E-03   3.35385E-04   1.12931E-04   8.71043E-05   1.93888E-12     3304.41  1
 6.94102E-03   3.56113E-04   1.12951E-04   8.78118E-05   2.04379E-12     3323.76  1
 6.96102E-03   3.76468E-04   1.12963E-04   8.84691E-05   2.15623E-12     3303.20  1
 6.98102E-03   3.97594E-04   1.12976E-04   9.10371E-05   2.26774E-12     3265.79  1
 7.00102E-03   4.16513E-04   1.12998E-04   9.26176E-05   2.37567E-12     3279.27  1
 7.02102E-03   4.43218E-04   1.12971E-04   9.34304E-05   2.48041E-12     3283.13  1
 7.04102E-03   4.64646E-04   1.13059E-04   9.40111E-05   2.58194E-12     3280.03  1
 7.06102E-03   4.85821E-04   1.13091E-04   9.44545E-05   2.68129E-12     3290.64  1
 7.08102E-03   5.07061E-04   1.13097E-04   9.47939E-05   2.77817E-12     3280.57  1
 7.10102E-03   5.28369E-04   1.13088E-04   9.50643E-05   2.87066E-12     3299.63  1
 7.12102E-03   5.49723E-04   1.13113E-04   9.53079E-05   2.95761E-12     3321.53  1
 7.14102E-03   5.74869E-04   1.13137E-04   9.55323E-05   3.04353E-12     3355.26  1
 7.16102E-03   5.94629E-04   1.13177E-04   9.57330E-05   3.12884E-12     3363.49  1
 7.18102E-03   6.15361E-04   1.13190E-04   9.58932E-05   3.21298E-12     3380.03  1
 7.20102E-03   6.33214E-04   1.13182E-04   9.60301E-05   3.28769E-12     3350.97  1
 7.22102E-03   6.54979E-04   1.13123E-04   9.61680E-05   3.36162E-12     3311.61  1
 7.24102E-03   6.72145E-04   1.13202E-04   9.62624E-05   3.43251E-12     3300.52  1
 7.26102E-03   6.87630E-04   1.13283E-04   9.63246E-05   3.50191E-12     3300.42  1
 7.28102E-03   7.04182E-04   1.13268E-04   9.64060E-05   3.56828E-12     3298.87  1
 7.30102E-03   7.19875E-04   1.13228E-04   9.64465E-05   3.63362E-12     3324.98  1
 7.32102E-03   7.36642E-04   1.13218E-04   9.64925E-05   3.69719E-12     3346.85  1
 7.34102E-03   7.56284E-04   1.13263E-04   9.66277E-05   3.75701E-12     3372.98  1
 7.36102E-03   7.73220E-04   1.13282E-04   9.68212E-05   3.81678E-12     3372.50  1
 7.38102E-03   7.87170E-04   1.13283E-04   9.69820E-05   3.87513E-12     3385.96  1
 7.40102E-03   8.02377E-04   1.13226E-04   9.71010E-05   3.93337E-12     3352.40  1
 7.42102E-03   8.25281E-04   1.13149E-04   9.72034E-05   3.98061E-12     3330.20  1
 7.44102E-03   8.37587E-04   1.13216E-04   9.73056E-05   4.02806E-12     3375.10  1
 7.46102E-03   8.55445E-04   1.13310E-04   9.73970E-05   4.07257E-12     3390.03  1
 7.48102E-03   8.73997E-04   1.13278E-04   9.74624E-05   4.11556E-12     3367.60  1
 7.50102E-03   8.86998E-04   1.13222E-04   9.75215E-05   4.15394E-12     3348.38  1
 7.52102E-03   9.05903E-04   1.13157E-04   9.76076E-05   4.04978E-12     3322.63  0
 7.54102E-03   9.05051E-04   1.12550E-04   9.85941E-05   3.92853E-12     2869.44  0
 7.56102E-03   8.98587E-04   1.09519E-04   9.95015E-05   3.80000E-12     2602.92  0
 7.58102E-03   8.96496E-04   1.07884E-04   1.00069E-04   3.66775E-12     2432.33  0
 7.60102E-03   8.93198E-04   1.04151E-04   9.95606E-05   3.52686E-12     2306.48  0
 7.62102E-03   8.88136E-04   1.01784E-04   9.98393E-05   3.38303E-12     2203.73  0
 7.64102E-03   8.84600E-04   9.84358E-05   1.01991E-04   3.23184E-12     2109.33  0
 7.66102E-03   8.82127E-04   9.51583E-05   1.04410E-04   3.08116E-12     2027.26  0
 7.68102E-03   8.78482E-04   9.27518E-05   1.06576E-04   2.93153E-12     1960.21  0
 7.70102E-03   8.70558E-04   8.89963E-05   1.07508E-04   2.78468E-12     1903.78  0
 7.72102E-03   8.67396E-04   8.62734E-05   1.07733E-04   2.64050E-12     1857.18  0
 7.74102E-03   8.58508E-04   8.33053E-05   1.07832E-04   2.49936E-12     1818.68  0
 7.76102E-03   8.54392E-04   7.99660E-05   1.07833E-04   2.36159E-12     1786.67  0
 7.78102E-03   8.44676E-04   7.77695E-05   1.07752E-04   2.22675E-12     1759.55  0
 7.80102E-03   8.37137E-04   7.39149E-05   1.03372E-04   2.03588E-12     1735.93  0
 7.82102E-03   8.28947E-04   7.12998E-05   1.11443E-04   1.90352E-12     1714.31  0
 7.84102E-03   8.19019E-04   6.85740E-05   1.11910E-04   1.77377E-12     1695.03  0
 7.86102E-03   8.09580E-04   6.57564E-05   1.12225E-04   1.64772E-12     1677.87  0
 7.88102E-03   7.99739E-04   6.33321E-05   1.12457E-04   1.52597E-12     1663.11  0
 7.90102E-03   7.88948E-04   6.04459E-05   1.12636E-04   1.40839E-12     1650.78  0
 7.92102E-03   7.77140E-04   5.82822E-05   1.12778E-04   1.29595E-12     1640.84  0
 7.94102E-03   7.64673E-04   5.54309E-05   1.12891E-04   1.18816E-12     1633.19  0
 7.96102E-03   7.51655E-04   5.33063E-05   1.12981E-04   1.08572E-12     1627.71  0
 7.98102E-03   7.34322E-04   5.06378E-05   1.13051E-04   9.88085E-13     1624.23  0
 8.00102E-03   7.15422E-04   4.81626E-05   1.06811E-04   8.52670E-13     1622.86  0
 8.02102E-03   6.96900E-04   4.55916E-05   1.19241E-04   8.42744E-13     1622.42  1
 8.04102E-03   4.54988E-05   1.03994E-04   4.27685E-05   9.24841E-13     1842.04  1
 8.06102E-03   7.27909E-05   1.09715E-04   6.08164E-05   9.79332E-13     2731.61  1
 8.08102E-03   9.70059E-05   1.11519E-04   6.62932E-05   1.04468E-12     3071.59  1
 8.10102E-03   1.19368E-04   1.12296E-04   7.18234E-05   1.11342E-12     3179.94  1
 8.12102E-03   1.40689E-04   1.12592E-04   7.38832E-05   1.18386E-12     3247.21  1
 8.14102E-03   1.62071E-04   1.12704E-04   7.52026E-05   1.25617E-12     3277.49  1
 8.16103E-03   1.83390E-04   1.12771E-04   7.62580E-05   1.32644E-12     3306.28  1
 8.18103E-03   2.05157E-04   1.12813E-04   7.72013E-05   1.41308E-12     3338.55  1
 8.20103E-03   2.27385E-04   1.12576E-04   8.11343E-05   1.53023E-12     3283.22  1
 8.22103E-03   2.50042E-04   1.12658E-04   8.67220E-05   1.62072E-12     3233.57  1
 8.24103E-03   2.71978E-04   1.12780E-04   8.93761E-05   1.71202E-12     3247.86  1
 8.26103E-03   2.93997E-04   1.12831E-04   9.09597E-05   1.80240E-12     3247.72  1
 8.28103E-03   3.15907E-04   1.12850E-04   9.19306E-05   1.89510E-12     3228.56  1
 8.30103E-03   3.36573E-04   1.12889E-04   9.26007E-05   1.98967E-12     3254.95  1
 8.32103E-03   3.56325E-04   1.12922E-04   9.31940E-05   2.08537E-12     3287.15  1
 8.34103E-03   3.77164E-04   1.12948E-04   9.36850E-05   2.18264E-12     3314.05  1
 8.36103E-03   3.98354E-04   1.12965E-04   9.41507E-05   2.28626E-12     3329.17  1
 8.38103E-03   4.21850E-04   1.12977E-04   9.45198E-05   2.38907E-12     3317.50  1
 8.40103E-03   4.41746E-04   1.12962E-04   9.48530E-05   2.48802E-12     3283.14  1
 8.42103E-03   4.64192E-04   1.12944E-04   9.52320E-05   2.58738E-12     3271.11  1
 8.44103E-03   4.85257E-04   1.13047E-04   9.55502E-05   2.68085E-12     3279.73  1
 8.46103E-03   5.06250E-04   1.13067E-04   9.58210E-05   2.77384E-12     3279.71  1
 8.48103E-03   5.27209E-04   1.13060E-04   9.60369E-05   2.86272E-12     3278.62  1
 8.50103E-03   5.47802E-04   1.13054E-04   9.61985E-05   2.95034E-12     3304.88  1
 8.52103E-03   5.65390E-04   1.13072E-04   9.63258E-05   3.03103E-12     3334.12  1
 8.54103E-03   5.84194E-04   1.13083E-04   9.64561E-05   3.11265E-12     3363.56  1
 8.56103E-03   6.06638E-04   1.13107E-04   9.65673E-05   3.19095E-12     3367.75  1
 8.58103E-03   6.25828E-04   1.13102E-04   9.66502E-05   3.26995E-12     3339.37  1
 8.60103E-03   6.41896E-04   1.13056E-04   9.60325E-05   3.21041E-12     3333.98  0
 8.62103E-03   6.39507E-04   1.12259E-04   9.90515E-05   3.14176E-12     2841.79  0
 8.64103E-03   6.37103E-04   1.09307E-04   9.98143E-05   3.04492E-12     2552.28  0
 8.66103E-03   6.33592E-04   1.07744E-04   1.01029E-04   2.93524E-12     2364.45  0
 8.68103E-03   6.28569E-04   1.04167E-04   1.02106E-04   2.82289E-12     2234.02  0
 8.70103E-03   6.26284E-04   1.01562E-04   1.02561E-04   2.70884E-12     2136.69  0
 8.72103E-03   6.20501E-04   9.84227E-05   1.02815E-04   2.59679E-12     2062.17  0
 8.74103E-03   6.17314E-04   9.49975E-05   1.03004E-04   2.48620E-12     2000.70  0
 8.76103E-03   6.14105E-04   9.25941E-05   1.03119E-04   2.37926E-12     1949.58  0
 8.78103E-03   6.07944E-04   8.88355E-05   1.03039E-04   2.27484E-12     1905.33  0
 8.80103E-03   6.03261E-04   8.49318E-05   1.00899E-04   2.12862E-12     1865.82  0
 8.82103E-03   6.01909E-04   8.26889E-05   1.04632E-04   2.02431E-12     1829.05  0
 8.84103E-03   5.95747E-04   7.89701E-05   1.05359E-04   1.91852E-12     1793.55  0
 8.86103E-03   5.92745E-04   7.62842E-05   1.05613E-04   1.81387E-12     1761.30  0
 8.88103E-03   5.86918E-04   7.34336E-05   1.05664E-04   1.71038E-12     1733.59  0
 8.90103E-03   5.83179E-04   7.03727E-05   1.05611E-04   1.60855E-12     1710.21  0
 8.92103E-03   5.77646E-04   6.80678E-05   1.05496E-04   1.50902E-12     1690.49  0
 8.94103E-03   5.73175E-04   6.48974E-05   1.05359E-04   1.41122E-12     1674.03  0
 8.96103E-03   5.67509E-04   6.28981E-05   1.05222E-04   1.31601E-12     1660.65  0
 8.98103E-03   5.62827E-04   5.96472E-05   1.05121E-04   1.22382E-12     1649.62  0
 9.00103E-03   5.53441E-04   5.77931E-05   1.02824E-04   1.07850E-12     1640.18  0
 9.02103E-03   5.48870E-04   5.47891E-05   1.11543E-04   9.81821E-13     1633.10  0
 9.04103E-03   5.35420E-04   5.30084E-05   1.11876E-04   8.92228E-13     1627.94  0
 9.06103E-03   5.25779E-04   5.01264E-05   1.12134E-04   8.08436E-13     1624.51  0
 9.08103E-03   5.15252E-04   4.82707E-05   1.12327E-04   7.29898E-13     1622.97  0
 9.10103E-03   5.03984E-04   4.56664E-05   1.12462E-04   7.39298E-13     1622.59  1
 9.12103E-03   4.27455E-05   1.03783E-04   4.64328E-05   8.39276E-13     1852.23  1
 9.14103E-03   6.97614E-05   1.09268E-04   6.04199E-05   9.07453E-13     2672.63  1
 9.16103E-03   9.32226E-05   1.11185E-04   6.56320E-05   9.75455E-13     3018.22  1
 9.18103E-03   1.15821E-04   1.11904E-04   6.77452E-05   1.03943E-12     3190.67  1
 9.20103E-03   1.40672E-04   1.12300E-04   6.89495E-05   1.11251E-12     3270.39  1
 9.22103E-03   1.61134E-04   1.12481E-04   7.41879E-05   1.20494E-12     3318.76  1
 9.24103E-03   1.82148E-04   1.12591E-04   7.99481E-05   1.30026E-12     3353.96  1
 9.26103E-03   2.02462E-04   1.12633E-04   8.19329E-05   1.39388E-12     3355.02  1
 9.28103E-03   2.23371E-04   1.12669E-04   8.31565E-05   1.48620E-12     3312.33  1
 9.30103E-03   2.44350E-04   1.12711E-04   8.41065E-05   1.57755E-12     3301.28  1
 9.32103E-03   2.65270E-04   1.12744E-04   8.48959E-05   1.66972E-12     3321.00  1
 9.34103E-03   2.86468E-04   1.12776E-04   8.55837E-05   1.76296E-12     3353.67  1
 9.36103E-03   3.10595E-04   1.12791E-04   8.61995E-05   1.85249E-12     3364.64  1
 9.38103E-03   3.30300E-04   1.12799E-04   8.67900E-05   1.94802E-12     3364.47  1
 9.40103E-03   3.50353E-04   1.12771E-04   8.73335E-05   1.89786E-12     3366.18  0
 9.42103E-03   3.54692E-04   1.11386E-04   8.78409E-05   1.83524E-12     2899.57  0
 9.44103E-03   3.56205E-04   1.08828E-04   8.83065E-05   1.76875E-12     2610.58  0
 9.46104E-03   3.56961E-04   1.06552E-04   8.87056E-05   1.71230E-12     2424.56  0
 9.48104E-03   3.57220E-04   1.03479E-04   9.07028E-05   1.65765E-12     2292.94  0
 9.50104E-03   3.57144E-04   1.00128E-04   9.20626E-05   1.60102E-12     2194.20  0
 9.52104E-03   3.57027E-04   9.77323E-05   9.26767E-05   1.54584E-12     2118.23  0
 9.54104E-03   3.56833E-04   9.38355E-05   9.30324E-05   1.49042E-12     2052.95  0
 9.56104E-03   3.56659E-04   9.06911E-05   9.32288E-05   1.43563E-12     1995.78  0
 9.58104E-03   3.56442E-04   8.79908E-05   9.32774E-05   1.37928E-12     1943.27  0
 9.60104E-03   3.56167E-04   8.43401E-05   9.32083E-05   1.32357E-12     1896.78  0
 9.62104E-03   3.55838E-04   8.17824E-05   9.30355E-05   1.26781E-12     1856.18  0
 9.64104E-03   3.55442E-04   7.86089E-05   9.27396E-05   1.21195E-12     1820.28  0
 9.66104E-03   3.54997E-04   7.56042E-05   9.23278E-05   1.15618E-12     1788.60  0
 9.68104E-03   3.54512E-04   7.31378E-05   9.18087E-05   1.10029E-12     1760.59  0
 9.70104E-03   3.54014E-04   6.99997E-05   9.12002E-05   1.04435E-12     1736.47  0
 9.72104E-03   3.53554E-04   6.79104E-05   9.05222E-05   9.88334E-13     1715.35  0
 9.74104E-03   3.53235E-04   6.46815E-05   8.98002E-05   9.32437E-13     1696.85  0
 9.76104E-03   3.52927E-04   6.27729E-05   8.90652E-05   8.76773E-13     1681.01  0
 9.78104E-03   3.52526E-04   5.96240E-05   8.83400E-05   8.21532E-13     1667.69  0
 9.80104E-03   3.51967E-04   5.78079E-05   8.76643E-05   7.66937E-13     1656.19  0
 9.82104E-03   3.43520E-04   5.47193E-05   8.70939E-05   7.13234E-13     1646.44  0
 9.84104E-03   3.36192E-04   5.29456E-05   8.67908E-05   6.61053E-13     1638.39  0
 9.86104E-03   3.32494E-04   5.00830E-05   8.67009E-05   6.10276E-13     1632.05  0
 9.88104E-03   3.28553E-04   4.82773E-05   8.66202E-05   5.61368E-13     1627.33  0
 9.90104E-03   3.22040E-04   4.57448E-05   8.65505E-05   5.14750E-13     1624.25  0
 9.92104E-03   3.14630E-04   4.37276E-05   8.64852E-05   4.70268E-13     1622.95  0
 9.94104E-03   3.11093E-04   4.18963E-05   8.64200E-05   4.27592E-13     1622.58  0
 9.96104E-03   3.03635E-04   3.94293E-05   8.63519E-05   3.87083E-13     1622.07  0
 9.98104E-03   2.99144E-04   3.80091E-05   8.62778E-05   3.48406E-13     1621.42  0
 1.00010E-02   2.92662E-04   3.56334E-05   8.61952E-05   3.11665E-13     1620.62  0
 1.00210E-02   2.81343E-04   3.39971E-05   8.61000E-05   2.76931E-13     1619.66  0
 1.00410E-02   2.68518E-04   3.31728E-05   8.59899E-05   2.44372E-13     1618.55  0
 1.00610E-02   2.57233E-04   3.29500E-05   8.58590E-05   2.13737E-13     1617.27  0
 1.00810E-02   2.44512E-04   3.27188E-05   8.57043E-05   1.85266E-13     1615.82  0
 1.01010E-02   2.32708E-04   3.20327E-05   8.55160E-05   1.58865E-13     1614.18  0
 1.01210E-02   2.23007E-04   2.90629E-05   8.52918E-05   1.34389E-13     1612.35  0
 1.01410E-02   2.10713E-04   2.70044E-05   8.50274E-05   1.11836E-13     1610.31  0
 1.01610E-02   2.02907E-04   2.45744E-05   8.47067E-05   9.13862E-14     1608.05  0
 1.01810E-02   1.94407E-04   2.30762E-05   8.43153E-05   7.27067E-14     1605.59  0
 1.02010E-02   1.87055E-04   2.06825E-05   8.38664E-05   5.59410E-14     1602.86  0
 1.02210E-02   1.76164E-04   1.89722E-05   8.32821E-05   4.15855E-14     1599.87  0
 1.02410E-02   1.62025E-04   1.76231E-05   7.98533E-05   2.92934E-14     1596.64  0
 1.02610E-02   1.52803E-04   1.49175E-05   7.26298E-05   1.90543E-14     1593.01  0
 1.02810E-02   1.42684E-04   1.36022E-05   6.39560E-05   1.10394E-14     1589.02  0
 1.03010E-02   1.25271E-04   1.20716E-05   5.57344E-05   5.04641E-15     1584.79  0
 1.03210E-02   1.04116E-04   9.27137E-06   4.79482E-05   1.23112E-15     1579.62  0
 1.03410E-02   7.39088E-05   7.51455E-06   3.80259E-05   0.00000E+00     1573.45  0
 1.03610E-02   0.00000E+00   0.00000E+00   0.00000E+00   0.00000E+00     1561.02  0
 1.03810E-02   0.00000E+00   0.00000E+00   0.00000E+00   0.00000E+00     1524.36  0
 1.04010E-02   0.00000E+00   0.00000E+00   0.00000E+00   0.00000E+00     1499.49  0
 1.04210E-02   0.00000E+00   0.00000E+00   0.00000E+00   0.00000E+00     1479.01  0
 1.04410E-02   0.00000E+00   0.00000E+00   0.00000E+00   0.00000E+00     1460.94  0
 1.04610E-02   0.00000E+00   0.00000E+00   0.00000E+00   0.00000E+00     1445.53  0
 1.04810E-02   0.00000E+00   0.00000E+00   0.00000E+00   0.00000E+00     1436.98  0
 1.05010E-02   0.00000E+00   0.00000E+00   0.00000E+00   0.00000E+00     1428.27  0
 1.05210E-02   0.00000E+00   0.00000E+00   0.00000E+00   0.00000E+00     1419.49  0
 1.05410E-02   0.00000E+00   0.00000E+00   0.00000E+00   0.00000E+00     1410.69  0
 1.05610E-02   0.00000E+00   0.00000E+00   0.00000E+00   0.00000E+00     1401.90  0
 1.05810E-02   0.00000E+00   0.00000E+00   0.00000E+00   0.00000E+00     1393.18  0
 1.06010E-02   0.00000E+00   0.00000E+00   0.00000E+00   0.00000E+00     1384.59  0
 1.06210E-02   0.00000E+00   0.00000E+00   0.00000E+00   0.00000E+00     1376.10  0
 1.06410E-02   0.00000E+00   0.00000E+00   0.00000E+00   0.00000E+00     1367.72  0
 1.06610E-02   0.00000E+00   0.00000E+00   0.00000E+00   0.00000E+00     1359.44  0
 1.06810E-02   0.00000E+00   0.00000E+00   0.00000E+00   0.00000E+00     1351.29  0
 1.07010E-02   0.00000E+00   0.00000E+00   0.00000E+00   0.00000E+00     1343.26  0
 1.07210E-02   0.00000E+00   0.00000E+00   0.00000E+00   0.00000E+00     1335.35  0
 1.07410E-02   0.00000E+00   0.00000E+00   0.00000E+00   0.00000E+00     1327.57  0
 1.07610E-02   0.00000E+00   0.00000E+00   0.00000E+00   0.00000E+00     1319.90  0
 1.07810E-02   0.00000E+00   0.00000E+00   0.00000E+00   0.00000E+00     1312.36  0
 1.08010E-02   0.00000E+00   0.00000E+00   0.00000E+00   0.00000E+00     1304.93  0
 1.08210E-02   0.00000E+00   0.00000E+00   0.00000E+00   0.00000E+00     1299.49  0
 1.08410E-02   0.00000E+00   0.00000E+00   0.00000E+00   0.00000E+00     1295.88  0
 1.08610E-02   0.00000E+00   0.00000E+00   0.00000E+00   0.00000E+00     1292.20  0
 1.08810E-02   0.00000E+00   0.00000E+00   0.00000E+00   0.00000E+00     1288.46  0
 1.09010E-02   0.00000E+00   0.00000E+00   0.00000E+00   0.00000E+00     1284.65  0
 1.09210E-02   0.00000E+00   0.00000E+00   0.00000E+00   0.00000E+00     1280.78  0
 1.09410E-02   0.00000E+00   0.00000E+00   0.00000E+00   0.00000E+00     1276.87  0
 1.09610E-02   0.00000E+00   0.00000E+00   0.00000E+00   0.00000E+00     1272.91  0
 1.09810E-02   0.00000E+00   0.00000E+00   0.00000E+00   0.00000E+00     1268.92  0
 1.10010E-02   0.00000E+00   0.00000E+00   0.00000E+00   0.00000E+00     1264.89  0
 1.10210E-02   0.00000E+00   0.00000E+00   0.00000E+00   0.00000E+00     1260.83  0
 1.10410E-02   0.00000E+00   0.00000E+00   0.00000E+00   0.00000E+00     1256.74  0
 1.10610E-02   0.00000E+00   0.00000E+00   0.00000E+00   0.00000E+00     1252.64  0
 1.10810E-02   0.00000E+00   0.00000E+00   0.00000E+00   0.00000E+00     1248.51  0
 1.11010E-02   0.00000E+00   0.00000E+00   0.00000E+00   0.00000E+00     1244.36  0
 1.11210E-02   0.00000E+00   0.00000E+00   0.00000E+00   0.00000E+00     1240.20  0
 1.11410E-02   0.00000E+00   0.00000E+00   0.00000E+00   0.00000E+00     1236.03  0
 1.11610E-02   0.00000E+00   0.00000E+00   0.00000E+00   0.00000E+00     1231.86  0
 1.11810E-02   0.00000E+00   0.00000E+00   0.00000E+00   0.00000E+00     1227.67  0
 1.12010E-02   0.00000E+00   0.00000E+00   0.00000E+00   0.00000E+00     1224.66  0
 1.12210E-02   0.00000E+00   0.00000E+00   0.00000E+00   0.00000E+00     1221.86  0
 1.12410E-02   0.00000E+00   0.00000E+00   0.00000E+00   0.00000E+00     1219.00  0
 1.12610E-02   0.00000E+00   0.00000E+00   0.00000E+00   0.00000E+00     1216.10  0
 1.12810E-02   0.00000E+00   0.00000E+00   0.00000E+00   0.00000E+00     1213.14  0
 1.13010E-02   0.00000E+00   0.00000E+00   0.00000E+00   0.00000E+00     1210.15  0
 1.13210E-02   0.00000E+00   0.00000E+00   0.00000E+00   0.00000E+00     1207.11  0
 1.13410E-02   0.00000E+00   0.00000E+00   0.00000E+00   0.00000E+00     1204.04  0
 1.13610E-02   0.00000E+00   0.00000E+00   0.00000E+00   0.00000E+00     1200.93  0
 1.13810E-02   0.00000E+00   0.00000E+00   0.00000E+00   0.00000E+00     1197.79  0
 1.14010E-02   0.00000E+00   0.00000E+00   0.00000E+00   0.00000E+00     1194.62  0
 1.14210E-02   0.00000E+00   0.00000E+00   0.00000E+00   0.00000E+00     1191.42  0
 1.14411E-02   0.00000E+00   0.00000E+00   0.00000E+00   0.00000E+00     1188.20  0
 1.14611E-02   0.00000E+00   0.00000E+00   0.00000E+00   0.00000E+00     1184.95  0
 1.14811E-02   0.00000E+00   0.00000E+00   0.00000E+00   0.00000E+00     1181.68  0
 1.15011E-02   0.00000E+00   0.00000E+00   0.00000E+00   0.00000E+00     1178.40  0
 1.15211E-02   0.00000E+00   0.00000E+00   0.00000E+00   0.00000E+00     1175.09  0
 1.15411E-02   0.00000E+00   0.00000E+00   0.00000E+00   0.00000E+00     1171.77  0
 1.15611E-02   0.00000E+00   0.00000E+00   0.00000E+00   0.00000E+00     1168.43  0
 1.15811E-02   0.00000E+00   0.00000E+00   0.00000E+00   0.00000E+00     1165.08  0
 1.16011E-02   0.00000E+00   0.00000E+00   0.00000E+00   0.00000E+00     1161.73  0
 1.16211E-02   0.00000E+00   0.00000E+00   0.00000E+00   0.00000E+00     1158.36  0
 1.16411E-02   0.00000E+00   0.00000E+00   0.00000E+00   0.00000E+00     1154.98  0
 1.16611E-02   0.00000E+00   0.00000E+00   0.00000E+00   0.00000E+00     1151.60  0
 1.16811E-02   0.00000E+00   0.00000E+00   0.00000E+00   0.00000E+00     1148.21  0
 1.17011E-02   0.00000E+00   0.00000E+00   0.00000E+00   0.00000E+00     1144.82  0
 1.17211E-02   0.00000E+00   0.00000E+00   0.00000E+00   0.00000E+00     1141.42  0
 1.17411E-02   0.00000E+00   0.00000E+00   0.00000E+00   0.00000E+00     1138.03  0
 1.17611E-02   0.00000E+00   0.00000E+00   0.00000E+00   0.00000E+00     1134.63  0
 1.17811E-02   0.00000E+00   0.00000E+00   0.00000E+00   0.00000E+00     1131.23  0
 1.18011E-02   0.00000E+00   0.00000E+00   0.00000E+00   0.00000E+00     1127.84  0
 1.18211E-02   0.00000E+00   0.00000E+00   0.00000E+00   0.00000E+00     1124.45  0
 1.18411E-02   0.00000E+00   0.00000E+00   0.00000E+00   0.00000E+00     1121.06  0
 1.18611E-02   0.00000E+00   0.00000E+00   0.00000E+00   0.00000E+00     1117.68  0
 1.18811E-02   0.00000E+00   0.00000E+00   0.00000E+00   0.00000E+00     1114.30  0
 1.19011E-02   0.00000E+00   0.00000E+00   0.00000E+00   0.00000E+00     1110.92  0
 1.19211E-02   0.00000E+00   0.00000E+00   0.00000E+00   0.00000E+00     1107.56  0
 1.19411E-02   0.00000E+00   0.00000E+00   0.00000E+00   0.00000E+00     1104.20  0
 1.19611E-02   0.00000E+00   0.00000E+00   0.00000E+00   0.00000E+00     1101.11  0
 1.19811E-02   0.00000E+00   0.00000E+00   0.00000E+00   0.00000E+00     1098.11  0
 1.20011E-02   0.00000E+00   0.00000E+00   0.00000E+00   0.00000E+00     1095.12  0
 1.20211E-02   0.00000E+00   0.00000E+00   0.00000E+00   0.00000E+00     1092.13  0
 1.20411E-02   0.00000E+00   0.00000E+00   0.00000E+00   0.00000E+00     1089.13  0
 1.20611E-02   0.00000E+00   0.00000E+00   0.00000E+00   0.00000E+00     1086.15  0
 1.20811E-02   0.00000E+00   0.00000E+00   0.00000E+00   0.00000E+00     1083.16  0
 1.21011E-02   0.00000E+00   0.00000E+00   0.00000E+00   0.00000E+00     1080.18  0
 1.21211E-02   0.00000E+00   0.00000E+00   0.00000E+00   0.00000E+00     1077.21  0
 1.21411E-02   0.00000E+00   0.00000E+00   0.00000E+00   0.00000E+00     1074.24  0
 1.21611E-02   0.00000E+00   0.00000E+00   0.00000E+00   0.00000E+00     1071.28  0
 1.21811E-02   0.00000E+00   0.00000E+00   0.00000E+00   0.00000E+00     1068.32  0
 1.22011E-02   0.00000E+00   0.00000E+00   0.00000E+00   0.00000E+00     1065.37  0
 1.22211E-02   0.00000E+00   0.00000E+00   0.00000E+00   0.00000E+00     1062.43  0
 1.22411E-02   0.00000E+00   0.00000E+00   0.00000E+00   0.00000E+00     1059.50  0
 1.22611E-02   0.00000E+00   0.00000E+00   0.00000E+00   0.00000E+00     1056.58  0
 1.22811E-02   0.00000E+00   0.00000E+00   0.00000E+00   0.00000E+00     1053.67  0
 1.23011E-02   0.00000E+00   0.00000E+00   0.00000E+00   0.00000E+00     1050.77  0
 1.23211E-02   0.00000E+00   0.00000E+00   0.00000E+00   0.00000E+00     1047.88  0
 1.23411E-02   0.00000E+00   0.00000E+00   0.00000E+00   0.00000E+00     1045.00  0
 1.23611E-02   0.00000E+00   0.00000E+00   0.00000E+00   0.00000E+00     1042.13  0
 1.23811E-02   0.00000E+00   0.00000E+00   0.00000E+00   0.00000E+00     1039.27  0
 1.24011E-02   0.00000E+00   0.00000E+00   0.00000E+00   0.00000E+00     1036.42  0
 1.24211E-02   0.00000E+00   0.00000E+00   0.00000E+00   0.00000E+00     1033.59  0
 1.24411E-02   0.00000E+00   0.00000E+00   0.00000E+00   0.00000E+00     1030.77  0
 1.24611E-02   0.00000E+00   0.00000E+00   0.00000E+00   0.00000E+00     1027.96  0
 1.24811E-02   0.00000E+00   0.00000E+00   0.00000E+00   0.00000E+00     1025.16  0
 1.25011E-02   0.00000E+00   0.00000E+00   0.00000E+00   0.00000E+00     1022.38  0
 1.25211E-02   0.00000E+00   0.00000E+00   0.00000E+00   0.00000E+00     1019.61  0
 1.25411E-02   0.00000E+00   0.00000E+00   0.00000E+00   0.00000E+00     1016.85  0
 1.25611E-02   0.00000E+00   0.00000E+00   0.00000E+00   0.00000E+00     1014.11  0
 1.25811E-02   0.00000E+00   0.00000E+00   0.00000E+00   0.00000E+00     1011.38  0
 1.26011E-02   0.00000E+00   0.00000E+00   0.00000E+00   0.00000E+00     1008.67  0
 1.26211E-02   0.00000E+00   0.00000E+00   0.00000E+00   0.00000E+00     1005.97  0
 1.26411E-02   0.00000E+00   0.00000E+00   0.00000E+00   0.00000E+00     1003.29  0
 1.26611E-02   0.00000E+00   0.00000E+00   0.00000E+00   0.00000E+00     1000.62  0
 1.26811E-02   0.00000E+00   0.00000E+00   0.00000E+00   0.00000E+00      997.96  0
 1.27011E-02   0.00000E+00   0.00000E+00   0.00000E+00   0.00000E+00      995.32  0
 1.27211E-02   0.00000E+00   0.00000E+00   0.00000E+00   0.00000E+00      992.70  0
 1.27411E-02   0.00000E+00   0.00000E+00   0.00000E+00   0.00000E+00      990.09  0
 1.27611E-02   0.00000E+00   0.00000E+00   0.00000E+00   0.00000E+00      987.50  0
 1.27811E-02   0.00000E+00   0.00000E+00   0.00000E+00   0.00000E+00      984.92  0
 1.28011E-02   0.00000E+00   0.00000E+00   0.00000E+00   0.00000E+00      982.35  0
 1.28211E-02   0.00000E+00   0.00000E+00   0.00000E+00   0.00000E+00      979.80  0
 1.28411E-02   0.00000E+00   0.00000E+00   0.00000E+00   0.00000E+00      977.27  0
 1.28611E-02   0.00000E+00   0.00000E+00   0.00000E+00   0.00000E+00      974.75  0
 1.28811E-02   0.00000E+00   0.00000E+00   0.00000E+00   0.00000E+00      972.25  0
 1.29011E-02   0.00000E+00   0.00000E+00   0.00000E+00   0.00000E+00      969.77  0
 1.29211E-02   0.00000E+00   0.00000E+00   0.00000E+00   0.00000E+00      967.30  0
 1.29411E-02   0.00000E+00   0.00000E+00   0.00000E+00   0.00000E+00      964.84  0
 1.29611E-02   0.00000E+00   0.00000E+00   0.00000E+00   0.00000E+00      962.40  0
 1.29811E-02   0.00000E+00   0.00000E+00   0.00000E+00   0.00000E+00      959.98  0
 1.30011E-02   0.00000E+00   0.00000E+00   0.00000E+00   0.00000E+00      957.57  0
 1.30211E-02   0.00000E+00   0.00000E+00   0.00000E+00   0.00000E+00      955.18  0
 1.30411E-02   0.00000E+00   0.00000E+00   0.00000E+00   0.00000E+00      952.80  0
 1.30611E-02   0.00000E+00   0.00000E+00   0.00000E+00   0.00000E+00      950.44  0
 1.30811E-02   0.00000E+00   0.00000E+00   0.00000E+00   0.00000E+00      948.09  0
 1.31011E-02   0.00000E+00   0.00000E+00   0.00000E+00   0.00000E+00      945.76  0
 1.31211E-02   0.00000E+00   0.00000E+00   0.00000E+00   0.00000E+00      943.45  0
 1.31411E-02   0.00000E+00   0.00000E+00   0.00000E+00   0.00000E+00      941.15  0
 1.31611E-02   0.00000E+00   0.00000E+00   0.00000E+00   0.00000E+00      938.86  0
 1.31811E-02   0.00000E+00   0.00000E+00   0.00000E+00   0.00000E+00      936.59  0
 1.32011E-02   0.00000E+00   0.00000E+00   0.00000E+00   0.00000E+00      934.34  0
 1.32211E-02   0.00000E+00   0.00000E+00   0.00000E+00   0.00000E+00      932.10  0
 1.32411E-02   0.00000E+00   0.00000E+00   0.00000E+00   0.00000E+00      929.88  0
 1.32611E-02   0.00000E+00   0.00000E+00   0.00000E+00   0.00000E+00      927.67  0
 1.32811E-02   0.00000E+00   0.00000E+00   0.00000E+00   0.00000E+00      925.48  0
 1.33011E-02   0.00000E+00   0.00000E+00   0.00000E+00   0.00000E+00      923.30  0
 1.33211E-02   0.00000E+00   0.00000E+00   0.00000E+00   0.00000E+00      921.14  0
 1.33411E-02   0.00000E+00   0.00000E+00   0.00000E+00   0.00000E+00      918.99  0
 1.33611E-02   0.00000E+00   0.00000E+00   0.00000E+00   0.00000E+00      916.86  0
 1.33811E-02   0.00000E+00   0.00000E+00   0.00000E+00   0.00000E+00      914.74  0
 1.34011E-02   0.00000E+00   0.00000E+00   0.00000E+00   0.00000E+00      912.64  0
 1.34211E-02   0.00000E+00   0.00000E+00   0.00000E+00   0.00000E+00      910.55  0
 1.34411E-02   0.00000E+00   0.00000E+00   0.00000E+00   0.00000E+00      908.48  0
 1.34611E-02   0.00000E+00   0.00000E+00   0.00000E+00   0.00000E+00      906.42  0
 1.34811E-02   0.00000E+00   0.00000E+00   0.00000E+00   0.00000E+00      904.37  0
 1.35011E-02   0.00000E+00   0.00000E+00   0.00000E+00   0.00000E+00      902.34  0
 1.35211E-02   0.00000E+00   0.00000E+00   0.00000E+00   0.00000E+00      900.32  0
 1.35411E-02   0.00000E+00   0.00000E+00   0.00000E+00   0.00000E+00      898.32  0
 1.35611E-02   0.00000E+00   0.00000E+00   0.00000E+00   0.00000E+00      896.33  0
 1.35811E-02   0.00000E+00   0.00000E+00   0.00000E+00   0.00000E+00      894.35  0
 1.36011E-02   0.00000E+00   0.00000E+00   0.00000E+00   0.00000E+00      892.39  0
 1.36211E-02   0.00000E+00   0.00000E+00   0.00000E+00   0.00000E+00      890.45  0
 1.36411E-02   0.00000E+00   0.00000E+00   0.00000E+00   0.00000E+00      888.51  0
 1.36611E-02   0.00000E+00   0.00000E+00   0.00000E+00   0.00000E+00      886.59  0
 1.36811E-02   0.00000E+00   0.00000E+00   0.00000E+00   0.00000E+00      884.68  0
 1.37011E-02   0.00000E+00   0.00000E+00   0.00000E+00   0.00000E+00      882.79  0
 1.37211E-02   0.00000E+00   0.00000E+00   0.00000E+00   0.00000E+00      880.91  0
 1.37411E-02   0.00000E+00   0.00000E+00   0.00000E+00   0.00000E+00      879.04  0
 1.37611E-02   0.00000E+00   0.00000E+00   0.00000E+00   0.00000E+00      877.19  0
 1.37811E-02   0.00000E+00   0.00000E+00   0.00000E+00   0.00000E+00      875.34  0
 1.38011E-02   0.00000E+00   0.00000E+00   0.00000E+00   0.00000E+00      873.51  0
 1.38211E-02   0.00000E+00   0.00000E+00   0.00000E+00   0.00000E+00      871.70  0
 1.38411E-02   0.00000E+00   0.00000E+00   0.00000E+00   0.00000E+00      869.89  0
 1.38611E-02   0.00000E+00   0.00000E+00   0.00000E+00   0.00000E+00      868.10  0
 1.38811E-02   0.00000E+00   0.00000E+00   0.00000E+00   0.00000E+00      866.32  0
 1.39011E-02   0.00000E+00   0.00000E+00   0.00000E+00   0.00000E+00      864.56  0
 1.39211E-02   0.00000E+00   0.00000E+00   0.00000E+00   0.00000E+00      862.80  0
 1.39411E-02   0.00000E+00   0.00000E+00   0.00000E+00   0.00000E+00      861.06  0
 1.39611E-02   0.00000E+00   0.00000E+00   0.00000E+00   0.00000E+00      859.38  0
 1.39811E-02   0.00000E+00   0.00000E+00   0.00000E+00   0.00000E+00      857.78  0
 1.40011E-02   0.00000E+00   0.00000E+00   0.00000E+00   0.00000E+00      856.20  0
 1.40211E-02   0.00000E+00   0.00000E+00   0.00000E+00   0.00000E+00      854.62  0
 1.40411E-02   0.00000E+00   0.00000E+00   0.00000E+00   0.00000E+00      853.05  0
 1.40611E-02   0.00000E+00   0.00000E+00   0.00000E+00   0.00000E+00      851.49  0
 1.40811E-02   0.00000E+00   0.00000E+00   0.00000E+00   0.00000E+00      850.02  0
 1.41011E-02   0.00000E+00   0.00000E+00   0.00000E+00   0.00000E+00      849.01  0
 1.41211E-02   0.00000E+00   0.00000E+00   0.00000E+00   0.00000E+00      847.99  0
 1.41411E-02   0.00000E+00   0.00000E+00   0.00000E+00   0.00000E+00      846.98  0
 1.41611E-02   0.00000E+00   0.00000E+00   0.00000E+00   0.00000E+00      845.98  0
 1.41811E-02   0.00000E+00   0.00000E+00   0.00000E+00   0.00000E+00      844.97  0
 1.42011E-02   0.00000E+00   0.00000E+00   0.00000E+00   0.00000E+00      843.97  0
 1.42211E-02   0.00000E+00   0.00000E+00   0.00000E+00   0.00000E+00      842.98  0
 1.42411E-02   0.00000E+00   0.00000E+00   0.00000E+00   0.00000E+00      841.99  0
 1.42611E-02   0.00000E+00   0.00000E+00   0.00000E+00   0.00000E+00      841.00  0
 1.42811E-02   0.00000E+00   0.00000E+00   0.00000E+00   0.00000E+00      840.01  0
 1.43011E-02   0.00000E+00   0.00000E+00   0.00000E+00   0.00000E+00      839.03  0
 1.43211E-02   0.00000E+00   0.00000E+00   0.00000E+00   0.00000E+00      838.05  0
 1.43411E-02   0.00000E+00   0.00000E+00   0.00000E+00   0.00000E+00      837.08  0
 1.43611E-02   0.00000E+00   0.00000E+00   0.00000E+00   0.00000E+00      836.11  0
 1.43811E-02   0.00000E+00   0.00000E+00   0.00000E+00   0.00000E+00      835.14  0
 1.44011E-02   0.00000E+00   0.00000E+00   0.00000E+00   0.00000E+00      834.17  0
 1.44211E-02   0.00000E+00   0.00000E+00   0.00000E+00   0.00000E+00      833.21  0
 1.44411E-02   0.00000E+00   0.00000E+00   0.00000E+00   0.00000E+00      832.26  0
 1.44611E-02   0.00000E+00   0.00000E+00   0.00000E+00   0.00000E+00      831.30  0
 1.44811E-02   0.00000E+00   0.00000E+00   0.00000E+00   0.00000E+00      830.35  0
 1.45011E-02   0.00000E+00   0.00000E+00   0.00000E+00   0.00000E+00      829.40  0
 1.45211E-02   0.00000E+00   0.00000E+00   0.00000E+00   0.00000E+00      828.46  0
 1.45411E-02   0.00000E+00   0.00000E+00   0.00000E+00   0.00000E+00      827.52  0
 1.45611E-02   0.00000E+00   0.00000E+00   0.00000E+00   0.00000E+00      826.58  0
 1.45811E-02   0.00000E+00   0.00000E+00   0.00000E+00   0.00000E+00      825.64  0
 1.46011E-02   0.00000E+00   0.00000E+00   0.00000E+00   0.00000E+00      824.71  0
 1.46211E-02   0.00000E+00   0.00000E+00   0.00000E+00   0.00000E+00      823.78  0
 1.46411E-02   0.00000E+00   0.00000E+00   0.00000E+00   0.00000E+00      822.86  0
 1.46611E-02   0.00000E+00   0.00000E+00   0.00000E+00   0.00000E+00      821.94  0
 1.46811E-02   0.00000E+00   0.00000E+00   0.00000E+00   0.00000E+00      821.02  0
 1.47011E-02   0.00000E+00   0.00000E+00   0.00000E+00   0.00000E+00      820.10  0
 1.47211E-02   0.00000E+00   0.00000E+00   0.00000E+00   0.00000E+00      819.19  0
 1.47411E-02   0.00000E+00   0.00000E+00   0.00000E+00   0.00000E+00      818.28  0
 1.47611E-02   0.00000E+00   0.00000E+00   0.00000E+00   0.00000E+00      817.37  0
 1.47811E-02   0.00000E+00   0.00000E+00   0.00000E+00   0.00000E+00      816.47  0
 1.48011E-02   0.00000E+00   0.00000E+00   0.00000E+00   0.00000E+00      815.57  0
 1.48211E-02   0.00000E+00   0.00000E+00   0.00000E+00   0.00000E+00      814.68  0
 1.48411E-02   0.00000E+00   0.00000E+00   0.00000E+00   0.00000E+00      813.78  0
 1.48611E-02   0.00000E+00   0.00000E+00   0.00000E+00   0.00000E+00      812.90  0
 1.48811E-02   0.00000E+00   0.00000E+00   0.00000E+00   0.00000E+00      812.01  0
 1.49011E-02   0.00000E+00   0.00000E+00   0.00000E+00   0.00000E+00      811.13  0
