# Thermal History - 10 Monitoring Points
# Columns: time(s)  T1..T10 (K)
# Point physical coordinates:
#  P 1:  x= 4.000E-04m  y= 1.000E-03m  z= 6.950E-04m
#  P 2:  x= 1.000E-03m  y= 1.000E-03m  z= 6.950E-04m
#  P 3:  x= 1.600E-03m  y= 1.000E-03m  z= 6.950E-04m
#  P 4:  x= 1.000E-03m  y= 1.000E-03m  z= 6.600E-04m
#  P 5:  x= 1.000E-03m  y= 1.000E-03m  z= 6.000E-04m
#  P 6:  x= 1.000E-03m  y= 1.050E-03m  z= 6.950E-04m
#  P 7:  x= 1.000E-03m  y= 1.200E-03m  z= 6.950E-04m
#  P 8:  x= 1.000E-03m  y= 1.500E-03m  z= 6.950E-04m
#  P 9:  x= 1.000E-03m  y= 1.800E-03m  z= 6.950E-04m
#  P10:  x= 1.000E-03m  y= 1.000E-03m  z= 2.000E-04m
#  time(s)    T 1(K)       T 2(K)       T 3(K)       T 4(K)       T 5(K)       T 6(K)       T 7(K)       T 8(K)       T 9(K)       T10(K)       
 2.10000E-05     293.000     293.000     293.000     293.000     293.000     293.000     293.000     293.000     293.000     293.000
 4.10000E-05     293.000     293.000     293.000     293.000     293.000     293.000     293.000     293.000     293.000     293.000
 6.10000E-05     293.000     293.000     293.000     293.000     293.000     293.000     293.000     293.000     293.000     293.000
 8.10000E-05     293.000     293.000     293.000     293.000     293.000     293.000     293.000     293.000     293.000     293.000
 1.01000E-04     293.000     293.000     293.000     293.000     293.000     293.000     293.000     293.000     293.000     293.000
 1.21000E-04     293.000     292.999     293.000     292.996     292.996     292.999     292.999     292.999     292.999     293.000
 1.41000E-04     293.000     292.999     293.000     292.996     292.995     292.999     292.999     292.999     292.999     293.000
 1.61000E-04     293.000     292.999     293.000     292.997     292.996     293.000     292.999     293.000     292.999     293.000
 1.81000E-04     293.000     293.000     293.000     292.999     293.000     293.000     293.000     293.000     293.000     293.000
 2.01000E-04     293.000     292.999     293.000     292.997     292.997     292.999     292.999     292.999     292.999     293.000
 2.21000E-04     293.000     292.999     293.000     292.997     292.997     292.999     292.999     292.999     292.999     293.000
 2.41000E-04     293.000     292.999     293.000     293.000     293.000     292.999     292.999     292.999     292.999     293.000
 2.61000E-04     293.000     292.999     293.000     293.002     293.003     292.999     292.999     293.000     292.999     293.000
 2.81000E-04     293.000     293.000     293.000     293.005     293.007     293.000     293.000     293.000     293.000     293.000
 3.01000E-04     293.000     293.000     293.000     293.005     293.008     293.000     293.000     293.000     293.000     293.000
 3.21000E-04     293.000     292.999     293.000     293.006     293.008     292.999     293.000     293.000     292.999     293.000
 3.41000E-04     293.000     292.999     293.000     293.006     293.008     292.999     292.999     292.999     292.999     293.000
 3.61000E-04     293.000     292.999     293.000     293.006     293.009     292.999     292.999     292.999     292.999     293.000
 3.81000E-04     293.000     292.999     293.000     293.006     293.009     292.999     292.999     292.999     292.999     293.000
 4.01000E-04     293.000     292.999     293.000     293.007     293.010     292.999     292.999     292.999     292.999     293.000
 4.21000E-04     293.000     292.999     293.000     293.007     293.010     292.999     292.999     292.999     292.999     293.000
 4.41000E-04     293.000     292.999     293.000     293.007     293.010     292.999     292.999     292.999     292.999     293.000
 4.61000E-04     293.000     292.999     293.000     293.007     293.009     292.999     292.999     292.999     292.999     293.000
 4.81000E-04     293.000     292.999     293.000     293.007     293.009     292.999     292.999     292.999     292.999     293.000
 5.01000E-04     293.000     292.999     293.000     293.007     293.009     292.999     292.999     292.999     292.999     293.000
 5.21000E-04     293.000     292.999     293.000     293.006     293.009     292.999     292.999     292.999     292.999     293.000
 5.41000E-04     293.000     292.999     293.000     293.006     293.009     292.999     292.999     292.999     292.999     293.000
 5.61000E-04     293.000     292.999     293.000     293.006     293.008     292.999     292.999     292.999     292.999     293.000
 5.81000E-04     293.000     292.999     293.000     293.006     293.008     292.999     292.999     293.000     292.999     293.000
 6.01000E-04     293.000     293.000     293.000     293.007     293.009     292.999     292.999     293.000     293.000     293.000
 6.21000E-04     293.000     293.000     293.000     293.007     293.009     293.000     293.000     293.000     293.000     293.000
 6.41000E-04     293.000     293.000     293.000     293.007     293.009     293.000     293.000     293.000     293.000     293.000
 6.61000E-04     293.000     293.000     293.000     293.007     293.009     293.000     293.000     293.000     293.000     293.000
 6.81000E-04     293.000     293.000     293.000     293.008     293.009     293.000     293.000     293.000     293.000     293.000
 7.01000E-04     293.000     293.000     293.000     293.008     293.009     293.000     293.000     293.000     293.000     293.000
 7.21000E-04     293.000     293.000     293.000     293.008     293.010     293.000     293.000     293.000     293.000     293.000
 7.41000E-04     293.000     293.000     293.000     293.008     293.010     293.000     293.000     293.000     293.000     293.000
 7.61000E-04     293.000     293.001     293.000     293.008     293.010     293.000     293.000     293.000     293.000     293.000
 7.81000E-04     293.000     293.001     293.000     293.008     293.009     293.000     293.000     293.001     293.000     293.000
 8.01000E-04     293.000     293.001     293.000     293.009     293.010     293.001     293.000     293.001     293.001     293.000
 8.21000E-04     293.000     293.001     293.000     293.009     293.010     293.001     293.001     293.001     293.001     293.000
 8.41000E-04     293.000     293.001     293.000     293.009     293.010     293.001     293.001     293.001     293.001     293.000
 8.61000E-04     293.000     293.001     293.000     293.009     293.010     293.001     293.001     293.001     293.001     293.000
 8.81000E-04     293.000     293.001     293.000     293.009     293.010     293.001     293.001     293.001     293.001     293.000
 9.01000E-04     293.000     293.001     293.000     293.009     293.009     293.001     293.001     293.001     293.001     293.000
 9.21000E-04     293.000     293.001     293.000     293.009     293.009     293.001     293.001     293.001     293.001     293.000
 9.41000E-04     293.000     293.002     293.000     293.008     293.008     293.002     293.001     293.002     293.001     293.000
 9.61000E-04     293.000     293.002     293.000     293.007     293.007     293.002     293.002     293.002     293.002     293.000
 9.81000E-04     293.000     293.002     293.000     293.006     293.006     293.002     293.002     293.002     293.002     293.000
 1.00100E-03     293.000     293.002     293.000     293.005     293.005     293.002     293.002     293.002     293.002     293.000
 1.02100E-03     293.000     293.002     293.000     293.004     293.003     293.002     293.002     293.002     293.002     293.000
 1.04100E-03     293.000     293.002     293.000     293.003     293.002     293.002     293.002     293.002     293.002     293.000
 1.06100E-03     293.000     293.001     293.000     292.998     292.997     293.001     293.001     293.002     293.001     293.000
 1.08100E-03     293.000     293.001     293.000     292.999     292.998     293.001     293.001     293.002     293.002     293.000
 1.10100E-03     293.000     293.002     293.000     293.002     293.002     293.002     293.002     293.002     293.002     293.000
 1.12100E-03     293.000     293.002     293.000     293.003     293.003     293.002     293.002     293.002     293.002     293.000
 1.14100E-03     293.000     293.002     293.000     293.001     293.001     293.002     293.002     293.002     293.002     293.000
 1.16100E-03     293.000     293.002     293.000     293.002     293.001     293.002     293.002     293.002     293.002     293.000
 1.18100E-03     293.000     293.002     293.000     293.002     293.001     293.002     293.002     293.002     293.002     293.000
 1.20100E-03     293.000     293.002     293.000     293.002     293.002     293.002     293.002     293.002     293.002     293.000
 1.22100E-03     293.000     293.002     293.000     293.003     293.002     293.002     293.002     293.002     293.002     293.000
 1.24100E-03     293.000     293.002     293.000     293.003     293.002     293.002     293.002     293.002     293.002     293.000
 1.26100E-03     293.000     293.002     293.000     293.003     293.002     293.002     293.002     293.002     293.002     293.000
 1.28100E-03     293.000     293.002     293.000     293.003     293.003     293.002     293.002     293.002     293.002     293.000
 1.30100E-03     293.000     293.002     293.000     293.003     293.003     293.002     293.002     293.003     293.002     293.000
 1.32100E-03     293.000     293.002     293.000     293.003     293.002     293.002     293.002     293.003     293.002     293.000
 1.34100E-03     293.000     293.002     293.000     293.003     293.002     293.002     293.002     293.003     293.002     293.000
 1.36100E-03     293.000     293.002     293.000     293.003     293.002     293.002     293.002     293.003     293.003     293.000
 1.38100E-03     293.000     293.002     293.000     293.003     293.002     293.002     293.002     293.003     293.003     293.000
 1.40100E-03     293.000     293.002     293.000     293.003     293.003     293.003     293.003     293.003     293.003     293.000
 1.42100E-03     293.000     293.003     293.000     293.004     293.003     293.003     293.003     293.003     293.003     293.000
 1.44100E-03     293.000     293.003     293.000     293.003     293.003     293.003     293.003     293.003     293.003     293.000
 1.46100E-03     293.000     293.003     293.000     293.003     293.002     293.003     293.003     293.003     293.003     293.000
 1.48100E-03     293.000     293.003     293.000     293.003     293.002     293.003     293.003     293.003     293.003     293.000
 1.50100E-03     293.000     293.003     293.000     293.002     293.002     293.003     293.003     293.003     293.003     293.000
 1.52100E-03     293.000     293.003     293.000     293.002     293.001     293.003     293.003     293.003     293.003     293.000
 1.54100E-03     293.000     293.003     293.000     293.002     293.001     293.003     293.003     293.003     293.003     293.000
 1.56100E-03     293.000     293.003     293.000     293.002     293.001     293.003     293.003     293.003     293.003     293.000
 1.58100E-03     293.000     293.003     293.000     293.002     293.001     293.003     293.003     293.003     293.003     292.999
 1.60100E-03     293.000     293.003     293.000     293.002     293.001     293.003     293.003     293.003     293.003     292.999
 1.62100E-03     293.000     293.003     293.000     293.002     293.001     293.003     293.003     293.003     293.003     292.999
 1.64100E-03     293.000     293.003     293.000     293.001     293.000     293.003     293.003     293.003     293.003     292.999
 1.66100E-03     293.000     293.003     293.000     293.001     293.000     293.003     293.003     293.003     293.003     292.999
 1.68100E-03     293.000     293.003     293.000     293.001     293.000     293.003     293.003     293.003     293.003     292.999
 1.70100E-03     293.000     293.003     293.000     293.001     293.000     293.003     293.003     293.003     293.003     292.999
 1.72100E-03     293.000     293.003     293.000     293.001     293.000     293.003     293.003     293.004     293.003     292.999
 1.74100E-03     293.000     293.003     293.000     293.001     293.000     293.003     293.003     293.004     293.004     292.999
 1.76100E-03     293.000     293.003     293.000     293.001     293.000     293.003     293.003     293.004     293.004     292.999
 1.78100E-03     293.000     293.003     293.000     293.001     293.000     293.003     293.003     293.004     293.004     292.999
 1.80100E-03     293.000     293.003     293.000     293.001     293.000     293.003     293.003     293.004     293.004     292.999
 1.82100E-03     293.000     293.003     293.000     293.001     293.000     293.003     293.003     293.004     293.004     292.999
 1.84100E-03     293.000     293.003     293.000     293.001     292.999     293.003     293.003     293.004     293.004     292.999
 1.86100E-03     293.000     293.003     293.000     293.001     292.999     293.003     293.003     293.004     293.004     292.999
 1.88100E-03     293.000     293.003     293.000     293.001     292.999     293.003     293.003     293.004     293.004     292.999
 1.90100E-03     293.000     293.003     293.000     293.001     293.000     293.003     293.003     293.004     293.004     292.999
 1.92100E-03     293.000     293.003     293.000     293.001     293.000     293.003     293.003     293.004     293.004     292.999
 1.94100E-03     293.000     293.003     293.000     293.001     293.000     293.003     293.003     293.004     293.004     292.999
 1.96100E-03     293.000     293.003     293.000     293.001     293.000     293.003     293.003     293.004     293.004     292.999
 1.98100E-03     293.000     293.003     293.000     293.001     293.000     293.003     293.003     293.004     293.004     292.999
 2.00100E-03     293.000     293.003     293.000     293.002     293.000     293.003     293.003     293.004     293.004     292.999
 2.02100E-03     293.000     293.003     293.000     293.002     293.001     293.003     293.003     293.004     293.004     292.999
 2.04100E-03     293.000     293.003     293.000     293.002     293.000     293.003     293.003     293.004     293.004     292.999
 2.06100E-03     293.000     293.003     293.000     293.001     292.999     293.003     293.003     293.003     293.004     292.999
 2.08100E-03     293.000     293.003     293.000     293.000     292.998     293.003     293.003     293.003     293.003     292.999
 2.10100E-03     293.000     293.003     293.000     293.000     292.998     293.003     293.003     293.003     293.003     292.998
 2.12100E-03     293.000     293.003     293.000     292.999     292.997     293.002     293.003     293.003     293.003     292.998
 2.14100E-03     293.000     293.002     293.000     292.999     292.997     293.002     293.003     293.003     293.003     292.998
 2.16100E-03     293.000     293.002     293.000     293.000     292.998     293.002     293.002     293.003     293.003     292.998
 2.18100E-03     293.000     293.002     293.000     293.000     292.998     293.002     293.002     293.003     293.003     292.998
 2.20100E-03     293.000     293.002     293.000     293.001     292.999     293.002     293.002     293.003     293.003     292.998
 2.22100E-03     293.000     293.002     293.000     293.002     293.000     293.001     293.002     293.003     293.003     292.998
 2.24100E-03     293.000     293.002     293.000     293.003     293.001     293.001     293.002     293.002     293.002     292.998
 2.26100E-03     293.000     293.002     293.000     293.006     293.004     293.001     293.002     293.002     293.002     292.997
 2.28100E-03     293.000     293.002     293.000     293.009     293.008     293.001     293.002     293.002     293.002     292.997
 2.30100E-03     293.000     293.002     293.000     293.015     293.015     293.001     293.002     293.002     293.002     292.997
 2.32100E-03     293.000     293.003     293.000     293.027     293.029     293.001     293.002     293.002     293.003     292.998
 2.34100E-03     293.000     293.003     293.000     293.033     293.036     293.001     293.002     293.002     293.003     292.998
 2.36100E-03     293.000     293.003     293.000     293.038     293.042     293.001     293.002     293.002     293.002     292.998
 2.38100E-03     293.000     293.004     293.000     293.044     293.048     293.001     293.002     293.002     293.002     292.998
 2.40100E-03     293.001     293.004     293.000     293.049     293.055     293.001     293.001     293.002     293.002     292.998
 2.42100E-03     293.001     293.004     293.000     293.056     293.062     293.001     293.001     293.002     293.002     292.997
 2.44100E-03     293.001     293.004     293.000     293.063     293.070     293.001     293.001     293.002     293.002     292.997
 2.46100E-03     293.001     293.005     293.000     293.071     293.079     293.000     293.001     293.001     293.002     292.997
 2.48100E-03     293.001     293.005     293.001     293.080     293.088     293.000     293.001     293.001     293.001     292.997
 2.50100E-03     293.001     293.006     293.001     293.089     293.099     293.000     293.000     293.001     293.001     292.997
 2.52100E-03     293.001     293.007     293.001     293.101     293.112     293.000     293.000     293.001     293.001     292.997
 2.54100E-03     293.002     293.007     293.001     293.114     293.126     293.000     293.000     293.001     293.001     292.997
 2.56100E-03     293.002     293.008     293.001     293.130     293.143     293.000     293.000     293.000     293.001     292.997
 2.58100E-03     293.002     293.009     293.001     293.149     293.163     293.000     293.000     293.000     293.001     292.997
 2.60100E-03     293.003     293.010     293.001     293.172     293.187     293.000     293.000     293.000     293.000     292.997
 2.62100E-03     293.003     293.012     293.001     293.199     293.215     293.000     292.999     293.000     293.000     292.997
 2.64100E-03     293.004     293.013     293.001     293.231     293.248     292.999     292.999     293.000     293.000     292.997
 2.66100E-03     293.005     293.015     293.001     293.270     293.288     292.999     292.999     293.000     293.000     292.997
 2.68100E-03     293.005     293.017     293.001     293.317     293.335     293.000     292.999     293.000     293.000     292.997
 2.70100E-03     293.006     293.019     293.001     293.373     293.391     293.000     292.999     292.999     292.999     292.997
 2.72100E-03     293.007     293.022     293.001     293.439     293.458     293.000     292.998     292.999     292.999     292.997
 2.74100E-03     293.008     293.025     293.001     293.517     293.536     293.000     292.998     292.999     292.999     292.997
 2.76100E-03     293.010     293.029     293.001     293.607     293.627     293.000     292.998     292.999     292.999     292.997
 2.78100E-03     293.011     293.033     293.001     293.714     293.732     293.000     292.998     292.999     292.999     292.997
 2.80100E-03     293.013     293.038     293.002     293.835     293.853     293.001     292.998     292.999     292.999     292.997
 2.82100E-03     293.015     293.044     293.002     293.974     293.991     293.001     292.998     292.998     292.999     292.997
 2.84100E-03     293.017     293.050     293.002     294.133     294.149     293.001     292.997     292.998     292.998     292.997
 2.86100E-03     293.019     293.058     293.002     294.312     294.326     293.002     292.997     292.998     292.998     292.997
 2.88100E-03     293.022     293.068     293.002     294.513     294.525     293.002     292.997     292.998     292.998     292.997
 2.90100E-03     293.024     293.078     293.002     294.737     294.747     293.003     292.997     292.998     292.998     292.997
 2.92100E-03     293.028     293.091     293.002     294.985     294.993     293.004     292.997     292.998     292.998     292.997
 2.94100E-03     293.031     293.105     293.002     295.258     295.263     293.005     292.996     292.997     292.997     292.997
 2.96100E-03     293.035     293.122     293.002     295.557     295.558     293.006     292.996     292.997     292.997     292.997
 2.98100E-03     293.039     293.142     293.003     295.883     295.880     293.007     292.996     292.997     292.997     292.997
 3.00100E-03     293.045     293.171     293.003     296.343     296.330     293.010     292.996     292.997     292.997     292.997
 3.02100E-03     293.051     293.197     293.003     296.734     296.715     293.012     292.996     292.997     292.997     292.997
 3.04100E-03     293.056     293.227     293.003     297.152     297.128     293.014     292.996     292.997     292.997     292.997
 3.06100E-03     293.063     293.261     293.003     297.598     297.568     293.017     292.995     292.997     292.997     292.997
 3.08100E-03     293.070     293.300     293.003     298.072     298.035     293.020     292.995     292.996     292.997     292.997
 3.10100E-03     293.077     293.343     293.003     298.574     298.530     293.024     292.995     292.996     292.996     292.997
 3.12100E-03     293.085     293.391     293.004     299.103     299.053     293.028     292.995     292.996     292.996     292.997
 3.14100E-03     293.094     293.445     293.004     299.659     299.602     293.033     292.995     292.996     292.996     292.997
 3.16100E-03     293.103     293.504     293.004     300.243     300.178     293.038     292.995     292.996     292.996     292.997
 3.18100E-03     293.113     293.570     293.004     300.853     300.780     293.044     292.994     292.996     292.996     292.997
 3.20100E-03     293.126     293.660     293.004     301.645     301.553     293.053     292.994     292.995     292.996     292.997
 3.22100E-03     293.137     293.741     293.005     302.312     302.212     293.061     292.994     292.995     292.995     292.997
 3.24100E-03     293.150     293.830     293.005     303.005     302.895     293.070     292.994     292.995     292.995     292.997
 3.26100E-03     293.163     293.926     293.005     303.720     303.602     293.080     292.994     292.995     292.995     292.997
 3.28100E-03     293.177     294.031     293.192     304.461     304.333     293.091     292.994     292.995     292.995     292.997
 3.30100E-03     293.192     294.145     293.679     305.222     305.085     293.104     292.994     292.995     292.995     292.997
 3.32100E-03     293.208     294.267     294.371     306.002     305.855     293.118     292.993     292.994     292.995     292.997
 3.34100E-03     293.225     294.399     295.305     306.805     306.647     293.134     292.993     292.994     292.995     292.997
 3.36100E-03     293.242     294.541     296.527     307.625     307.458     293.151     292.993     292.994     292.994     292.997
 3.38100E-03     293.261     294.692     298.097     308.461     308.282     293.170     292.993     292.994     292.994     292.997
 3.40100E-03     293.286     294.863     300.227     309.372     309.178     293.192     292.993     292.994     292.994     292.997
 3.42100E-03     293.307     295.035     302.733     310.241     310.033     293.215     292.992     292.993     292.994     292.997
 3.44100E-03     293.329     295.218     305.764     311.127     310.908     293.240     292.992     292.993     292.993     292.997
 3.46100E-03     293.352     295.412     309.345     312.031     311.801     293.267     292.992     292.993     292.993     292.997
 3.48100E-03     293.376     295.616     313.485     312.947     312.704     293.297     292.991     292.992     292.993     292.997
 3.50099E-03     293.401     295.833     318.173     313.878     313.624     293.329     292.991     292.992     292.993     292.997
 3.52099E-03     293.428     296.060     323.386     314.822     314.555     293.363     292.991     292.992     292.992     292.998
 3.54099E-03     293.456     296.299     329.092     315.774     315.494     293.401     292.991     292.992     292.992     292.998
 3.56099E-03     293.484     296.550     335.250     316.733     316.439     293.441     292.990     292.991     292.992     292.998
 3.58099E-03     293.514     296.812     341.813     317.704     317.397     293.484     292.990     292.991     292.991     292.998
 3.60099E-03     293.546     297.087     348.512     318.688     318.368     293.530     292.990     292.991     292.991     292.998
 3.62099E-03     293.578     297.373     355.727     319.680     319.347     293.580     292.989     292.990     292.991     292.998
 3.64099E-03     293.612     297.672     363.207     320.678     320.330     293.633     292.989     292.990     292.991     292.999
 3.66099E-03     293.647     297.982     370.909     321.678     321.315     293.689     292.989     292.990     292.990     292.999
 3.68099E-03     293.683     298.304     378.790     322.685     322.307     293.749     292.988     292.989     292.990     292.999
 3.70099E-03     293.720     298.638     386.809     323.702     323.309     293.812     292.988     292.989     292.989     292.999
 3.72099E-03     293.759     298.984     394.931     324.723     324.315     293.880     292.988     292.988     292.989     293.000
 3.74099E-03     293.799     299.342     403.122     325.751     325.329     293.951     292.988     292.988     292.989     293.000
 3.76099E-03     293.840     299.712     411.352     326.785     326.348     294.026     292.987     292.988     292.988     293.001
 3.78099E-03     293.883     300.094     419.595     327.860     327.397     294.105     292.987     292.987     292.988     293.001
 3.80099E-03     293.937     300.489     426.955     329.250     328.686     294.189     292.987     292.987     292.988     293.002
 3.82099E-03     293.982     300.923     435.134     332.064     331.018     294.277     292.987     292.987     292.987     293.003
 3.84099E-03     294.029     301.538     443.264     339.463     336.616     294.367     292.985     292.985     292.986     293.002
 3.86099E-03     294.077     302.470     451.331     355.296     347.989     294.465     292.985     292.985     292.986     293.004
 3.88099E-03     294.126     303.698     459.320     380.890     365.725     294.566     292.985     292.984     292.985     293.004
 3.90099E-03     294.176     305.330     467.218     414.952     388.918     294.672     292.985     292.984     292.985     293.005
 3.92099E-03     294.228     307.493     475.015     454.659     415.909     294.784     292.985     292.984     292.984     293.006
 3.94099E-03     294.282     310.285     482.699     496.938     444.898     294.903     292.985     292.983     292.984     293.007
 3.96099E-03     294.336     313.777     490.262     539.268     474.263     295.030     292.985     292.983     292.984     293.009
 3.98099E-03     294.392     318.013     497.694     579.988     502.872     295.167     292.985     292.982     292.983     293.010
 4.00099E-03     294.451     323.022     504.758     618.042     529.962     295.319     292.985     292.982     292.983     293.011
 4.02099E-03     294.510     328.780     511.901     652.916     555.138     295.488     292.985     292.982     292.982     293.012
 4.04099E-03     294.570     335.274     518.888     684.470     578.285     295.679     292.985     292.981     292.982     293.014
 4.06099E-03     294.631     342.466     525.711     712.729     599.359     295.900     292.985     292.981     292.982     293.015
 4.08099E-03     294.694     350.307     532.365     737.873     618.446     296.157     292.986     292.980     292.981     293.017
 4.10099E-03     294.758     358.737     538.844     760.144     635.676     296.458     292.986     292.980     292.981     293.018
 4.12099E-03     294.823     367.695     545.142     779.793     651.175     296.810     292.987     292.980     292.981     293.020
 4.14099E-03     294.889     377.116     551.255     797.184     665.208     297.223     292.987     292.979     292.980     293.022
 4.16100E-03     294.957     386.934     557.180     812.506     677.842     297.704     292.988     292.979     292.980     293.024
 4.18100E-03     295.026     397.086     562.915     825.970     689.213     298.262     292.988     292.979     292.979     293.026
 4.20100E-03     295.106     407.499     567.047     837.743     699.429     298.909     292.989     292.978     292.979     293.028
 4.22100E-03     295.178     418.135     572.414     848.153     708.716     299.645     292.990     292.978     292.979     293.030
 4.24100E-03     295.251     428.930     577.590     857.281     717.099     300.479     292.991     292.978     292.978     293.033
 4.26100E-03     295.325     439.835     582.573     865.253     724.654     301.417     292.992     292.977     292.978     293.035
 4.28100E-03     295.400     450.805     587.365     872.214     731.478     302.464     292.994     292.977     292.978     293.038
 4.30100E-03     295.477     461.797     591.968     878.310     737.666     303.623     292.995     292.977     292.978     293.040
 4.32100E-03     295.554     472.777     596.383     883.632     743.250     304.897     292.997     292.976     292.977     293.043
 4.34100E-03     295.633     483.712     600.612     888.266     748.271     306.287     292.998     292.976     292.977     293.046
 4.36100E-03     295.714     494.572     604.659     892.285     752.778     307.794     293.000     292.976     292.977     293.049
 4.38100E-03     295.816     505.335     608.526     895.783     756.873     309.418     293.002     292.975     292.976     293.052
 4.40100E-03     296.066     515.977     611.725     898.824     760.616     311.159     293.005     292.975     292.976     293.056
 4.42100E-03     296.623     526.483     615.253     901.427     763.986     313.013     293.008     292.975     292.976     293.059
 4.44100E-03     297.450     536.836     618.613     903.662     767.048     314.978     293.010     292.975     292.976     293.063
 4.46100E-03     298.604     547.025     621.810     905.606     769.874     317.053     293.014     292.974     292.975     293.067
 4.48100E-03     300.208     557.038     624.847     907.253     772.434     319.232     293.017     292.974     292.975     293.071
 4.50100E-03     302.353     566.869     627.730     908.630     774.754     321.513     293.021     292.974     292.975     293.075
 4.52100E-03     305.111     576.512     630.462     909.766     776.853     323.891     293.026     292.974     292.975     293.079
 4.54100E-03     308.528     585.962     633.048     910.689     778.754     326.362     293.031     292.973     292.974     293.084
 4.56100E-03     312.624     595.217     635.493     911.422     780.473     328.920     293.036     292.973     292.974     293.088
 4.58100E-03     317.396     604.275     637.800     911.984     782.026     331.562     293.042     292.973     292.974     293.093
 4.60100E-03     327.362     618.681     641.066     913.630     783.473     334.789     293.050     292.973     292.974     293.098
 4.62100E-03     334.571     627.409     643.046     914.961     784.758     337.600     293.058     292.973     292.974     293.104
 4.64100E-03     342.724     636.071     644.918     916.403     785.951     340.478     293.067     292.972     292.974     293.109
 4.66100E-03     351.738     644.673     646.686     917.799     787.071     343.420     293.076     292.972     292.973     293.115
 4.68100E-03     361.503     653.215     648.354     919.062     788.130     346.420     293.086     292.972     292.973     293.121
 4.70100E-03     371.900     661.689     649.925     920.153     789.132     349.473     293.098     292.972     292.973     293.127
 4.72100E-03     382.808     670.084     651.402     921.064     790.078     352.574     293.111     292.972     292.973     293.133
 4.74100E-03     394.113     678.386     652.787     921.799     790.970     355.720     293.125     292.971     292.973     293.140
 4.76100E-03     405.712     686.582     654.081     922.368     791.805     358.906     293.141     292.971     292.972     293.146
 4.78100E-03     417.510     694.659     655.286     922.784     792.583     362.127     293.158     292.971     292.972     293.153
 4.80100E-03     433.971     706.504     657.838     923.216     793.429     365.794     293.177     292.971     292.972     293.161
 4.82100E-03     446.478     714.246     658.812     922.404     794.065     369.086     293.198     292.971     292.972     293.169
 4.84100E-03     459.061     721.763     659.697     921.315     794.616     372.403     293.221     292.970     292.972     293.176
 4.86100E-03     471.653     729.043     660.495     920.104     795.079     375.741     293.245     292.970     292.971     293.184
 4.88100E-03     484.188     736.082     661.208     918.854     795.452     379.097     293.273     292.970     292.971     293.193
 4.90100E-03     496.610     742.878     661.837     917.597     795.741     382.466     293.302     292.970     292.971     293.201
 4.92100E-03     508.871     749.432     662.387     916.347     795.954     385.848     293.334     292.970     292.971     293.210
 4.94100E-03     520.927     755.747     662.859     915.103     796.097     389.239     293.369     292.970     292.971     293.220
 4.96100E-03     532.927     761.829     663.257     913.856     796.178     392.636     293.406     292.969     292.971     293.229
 4.98100E-03     544.897     767.682     663.585     912.620     796.200     396.036     293.447     292.969     292.970     293.239
 5.00100E-03     578.235     781.780     665.056     912.471     796.119     400.970     293.505     292.969     292.970     293.250
 5.02100E-03     591.044     786.897     665.154     911.663     796.054     404.386     293.552     292.969     292.970     293.261
 5.04100E-03     604.103     791.837     665.200     910.932     795.962     407.798     293.604     292.969     292.970     293.271
 5.06100E-03     617.320     796.607     665.198     910.195     795.848     411.203     293.658     292.968     292.969     293.283
 5.08100E-03     630.623     801.215     665.150     909.413     795.714     414.600     293.717     292.968     292.969     293.294
 5.10100E-03     643.950     805.665     665.058     908.562     795.559     417.986     293.779     292.968     292.969     293.306
 5.12100E-03     657.255     809.962     664.925     907.635     795.383     421.360     293.845     292.967     292.969     293.318
 5.14100E-03     670.494     814.108     664.751     906.614     795.181     424.720     293.916     292.967     292.968     293.331
 5.16100E-03     683.633     818.107     664.538     905.512     794.950     428.065     293.990     292.967     292.968     293.344
 5.18100E-03     696.642     821.960     664.287     904.334     794.686     431.393     294.069     292.966     292.968     293.358
 5.20100E-03     709.495     825.753     663.705     903.073     794.384     434.701     294.153     292.966     292.968     293.371
 5.22100E-03     722.167     829.327     663.389     901.755     794.051     437.990     294.241     292.966     292.967     293.386
 5.24100E-03     734.638     832.761     663.039     900.385     793.682     441.258     294.334     292.966     292.967     293.401
 5.26100E-03     746.890     836.054     662.654     898.966     793.279     444.503     294.431     292.965     292.967     293.416
 5.28100E-03     758.904     839.210     662.236     897.496     792.838     447.726     294.534     292.965     292.966     293.431
 5.30100E-03     770.664     842.229     661.786     895.972     792.359     450.924     294.642     292.965     292.966     293.448
 5.32100E-03     782.157     845.114     661.304     894.416     791.845     454.097     294.755     292.964     292.966     293.464
 5.34100E-03     793.370     847.867     660.792     892.819     791.296     457.244     294.873     292.964     292.965     293.482
 5.36100E-03     804.290     850.490     660.251     891.189     790.713     460.364     294.996     292.963     292.965     293.499
 5.38100E-03     814.907     852.985     659.680     889.541     790.100     463.456     295.125     292.963     292.965     293.517
 5.40100E-03     824.485     855.407     659.067     887.868     789.455     466.521     295.259     292.963     292.964     293.536
 5.42100E-03     834.480     857.655     658.419     886.180     788.786     469.556     295.399     292.962     292.964     293.555
 5.44100E-03     844.158     859.783     657.749     884.484     788.096     472.562     295.544     292.962     292.963     293.575
 5.46101E-03     853.519     861.795     657.058     882.854     787.439     475.586     295.696     292.961     292.963     293.595
 5.48101E-03     862.563     863.694     656.345     881.649     787.070     482.767     295.852     292.961     292.962     293.616
 5.50101E-03     871.292     865.499     655.612     882.185     787.936     601.515     296.015     292.961     292.962     293.638
 5.52101E-03     879.709     867.308     654.859     887.362     792.095    1313.638     296.184     292.961     292.962     293.660
 5.54101E-03     887.819     869.188     654.087     899.787     801.308    2022.526     296.359     292.960     292.962     293.683
 5.56101E-03     895.627     871.119     653.297     919.348     815.403    2317.775     296.540     292.960     292.962     293.707
 5.58101E-03     903.138     873.177     652.490     944.047     833.156    2392.917     296.728     292.960     292.961     293.730
 5.60101E-03     908.474     875.569     651.374     971.697     853.090    2402.849     296.924     292.959     292.961     293.755
 5.62101E-03     915.426     878.090     650.541    1000.313     873.718    2386.494     297.131     292.959     292.960     293.780
 5.64101E-03     922.099     880.919     649.692    1028.530     894.106    2350.206     297.350     292.958     292.960     293.805
 5.66101E-03     928.498     884.093     648.830    1055.292     913.565    2303.368     297.587     292.958     292.960     293.832
 5.68101E-03     934.626     887.734     647.953    1079.893     931.720    2218.790     297.846     292.957     292.959     293.858
 5.70101E-03     940.489     892.013     647.065    1101.943     948.402    2120.036     298.135     292.957     292.959     293.886
 5.72101E-03     946.089     897.023     646.164    1121.335     963.557    2058.563     298.462     292.957     292.958     293.914
 5.74101E-03     951.430     902.784     645.252    1138.192     977.225    2013.946     298.836     292.956     292.958     293.943
 5.76101E-03     956.515     909.260     644.330    1152.991     989.468    1978.498     299.268     292.956     292.958     293.973
 5.78101E-03     961.347     916.389     643.398    1166.191    1000.388    1948.221     299.767     292.956     292.957     294.003
 5.80101E-03     964.536     924.124     642.412    1177.979    1010.092    1921.276     300.346     292.955     292.957     294.034
 5.82101E-03     968.849     932.304     641.463    1188.526    1018.716    1896.657     301.014     292.955     292.957     294.066
 5.84101E-03     972.917     940.877     640.506    1197.919    1026.364    1873.818     301.783     292.954     292.956     294.099
 5.86101E-03     976.743     949.759     639.542    1206.227    1033.139    1852.394     302.661     292.954     292.956     294.132
 5.88101E-03     980.329     958.869     638.571    1213.517    1039.138    1832.136     303.657     292.954     292.956     294.166
 5.90101E-03     983.678     968.136     637.593    1219.830    1044.441    1812.856     304.778     292.954     292.956     294.201
 5.92101E-03     986.793     977.496     636.608    1225.243    1049.123    1794.466     306.031     292.953     292.955     294.236
 5.94101E-03     989.677     986.891     635.618    1229.839    1053.248    1776.948     307.419     292.953     292.955     294.272
 5.96101E-03     992.333     996.272     634.622    1233.687    1056.864    1760.291     308.947     292.953     292.955     294.309
 5.98101E-03     994.766    1005.595     633.621    1236.880    1060.027    1744.508     310.615     292.952     292.954     294.347
 6.00101E-03     995.506    1014.913     632.465    1239.398    1062.757    1729.585     312.430     292.952     292.954     294.385
 6.02101E-03     997.548    1024.013     631.457    1241.336    1065.136    1715.425     314.381     292.952     292.954     294.425
 6.04101E-03     999.380    1032.961     630.446    1242.727    1067.168    1702.098     316.470     292.952     292.954     294.465
 6.06101E-03    1001.009    1041.735     629.446    1243.661    1068.880    1689.649     318.697     292.951     292.953     294.505
 6.08101E-03    1002.441    1050.318     628.556    1244.189    1070.295    1678.060     321.056     292.951     292.953     294.547
 6.10101E-03    1003.683    1058.694     627.881    1244.354    1071.440    1667.359     323.544     292.951     292.953     294.590
 6.12101E-03    1004.740    1066.854     627.412    1244.230    1072.354    1657.530     326.155     292.951     292.953     294.633
 6.14101E-03    1005.618    1074.791     627.222    1243.762    1073.007    1648.819     328.884     292.950     292.952     294.677
 6.16101E-03    1006.323    1082.498     627.402    1243.036    1073.461    1641.344     331.726     292.950     292.952     294.722
 6.18101E-03    1006.862    1089.973     628.013    1242.053    1073.733    1635.099     334.674     292.950     292.952     294.768
 6.20101E-03    1008.816    1107.274     631.978    1242.898    1073.935    1627.889     338.349     292.950     292.952     294.816
 6.22101E-03    1008.831    1114.365     634.455    1242.532    1073.889    1623.693     341.521     292.950     292.951     294.863
 6.24101E-03    1008.687    1121.399     637.611    1241.978    1073.729    1621.924     344.780     292.949     292.951     294.912
 6.26101E-03    1008.389    1128.353     641.430    1241.168    1073.468    1620.536     348.120     292.949     292.951     294.961
 6.28101E-03    1007.944    1135.208     645.877    1240.092    1073.113    1619.037     351.533     292.949     292.951     295.011
 6.30101E-03    1007.360    1141.942     650.901    1238.788    1072.671    1617.418     355.014     292.949     292.951     295.062
 6.32101E-03    1006.642    1148.540     656.444    1237.299    1072.144    1615.700     358.556     292.949     292.950     295.114
 6.34101E-03    1005.799    1154.987     662.443    1235.656    1071.536    1613.888     362.153     292.948     292.950     295.166
 6.36101E-03    1004.836    1161.269     668.834    1233.877    1070.851    1612.000     365.800     292.948     292.950     295.220
 6.38101E-03    1003.759    1167.376     675.555    1231.986    1070.093    1610.016     369.491     292.948     292.950     295.274
 6.40101E-03    1002.025    1176.443     684.362    1231.752    1069.295    1607.785     373.552     292.948     292.949     295.330
 6.42101E-03    1000.644    1183.588     692.243    1231.418    1068.426    1605.440     377.325     292.948     292.949     295.386
 6.44101E-03     999.150    1190.878     700.573    1230.893    1067.527    1602.857     381.127     292.948     292.949     295.444
 6.46101E-03     997.553    1198.151     709.299    1230.078    1066.603    1600.057     384.952     292.948     292.949     295.502
 6.48101E-03     995.864    1205.286     718.354    1228.988    1065.657    1597.073     388.796     292.948     292.949     295.561
 6.50101E-03     994.088    1212.193     727.660    1227.659    1064.690    1593.812     392.655     292.948     292.949     295.621
 6.52101E-03     992.232    1218.811     737.144    1226.131    1063.698    1590.344     396.526     292.948     292.948     295.682
 6.54101E-03     990.302    1225.088     746.734    1224.435    1062.682    1586.470     400.404     292.948     292.948     295.743
 6.56101E-03     988.303    1230.986     756.363    1222.593    1061.638    1581.963     404.287     292.948     292.948     295.806
 6.58101E-03     986.240    1236.480     765.970    1220.620    1060.567    1577.043     408.170     292.947     292.948     295.870
 6.60101E-03     982.109    1252.250     793.545    1218.879    1059.352    1568.568     414.223     292.948     292.948     295.937
 6.62101E-03     979.897    1255.152     804.888    1215.522    1058.200    1558.637     418.118     292.948     292.948     296.002
 6.64101E-03     977.648    1257.845     816.433    1212.366    1056.999    1544.588     422.004     292.948     292.947     296.069
 6.66101E-03     975.364    1260.322     827.925    1209.393    1055.783    1526.495     425.879     292.948     292.947     296.136
 6.68101E-03     973.045    1262.570     839.182    1206.459    1054.523    1507.756     429.740     292.948     292.947     296.205
 6.70101E-03     970.691    1264.582     850.078    1203.533    1053.229    1490.827     433.586     292.948     292.947     296.274
 6.72101E-03     968.304    1266.350     860.526    1200.577    1051.899    1475.463     437.415     292.948     292.946     296.344
 6.74101E-03     965.883    1267.870     870.474    1197.556    1050.524    1461.147     441.224     292.948     292.946     296.416
 6.76101E-03     963.430    1269.137     879.890    1194.477    1049.112    1447.850     445.013     292.948     292.946     296.488
 6.78102E-03     960.949    1270.154     888.758    1191.369    1047.678    1435.653     448.779     292.948     292.945     296.561
 6.80102E-03     956.967    1272.652     912.627    1189.358    1046.098    1423.280     452.888     292.948     292.945     296.637
 6.82102E-03     954.904    1272.930     920.748    1186.542    1044.604    1411.843     456.612     292.948     292.945     296.713
 6.84102E-03     952.774    1272.908     928.342    1183.617    1043.092    1401.064     460.308     292.948     292.945     296.789
 6.86102E-03     950.580    1272.599     935.382    1180.572    1041.551    1390.690     463.977     292.948     292.944     296.866
 6.88102E-03     948.325    1272.014     941.861    1177.419    1039.973    1380.592     467.617     292.948     292.944     296.945
 6.90102E-03     946.016    1271.169     947.786    1174.183    1038.360    1370.771     471.228     292.949     292.944     297.024
 6.92102E-03     943.657    1270.078     953.170    1170.895    1036.719    1361.298     474.808     292.949     292.943     297.105
 6.94102E-03     941.253    1268.754     958.030    1167.550    1035.038    1352.010     478.357     292.949     292.943     297.186
 6.96102E-03     938.810    1267.211     962.387    1164.171    1033.324    1342.978     481.873     292.949     292.943     297.269
 6.98102E-03     936.332    1265.469     966.270    1160.810    1031.604    1334.491     485.358     292.950     292.942     297.352
 7.00102E-03     933.794    1263.954     967.457    1157.426    1029.847    1326.178     488.991     292.950     292.942     297.436
 7.02102E-03     931.246    1261.822     970.635    1154.055    1028.081    1318.161     502.376     292.950     292.941     297.522
 7.04102E-03     928.677    1259.527     973.382    1150.674    1026.285    1310.285     649.966     292.950     292.941     297.609
 7.06102E-03     926.092    1257.086     975.727    1147.319    1024.486    1302.689    1121.978     292.951     292.940     297.697
 7.08102E-03     923.491    1254.512     977.695    1143.985    1022.675    1295.349    1652.112     292.952     292.940     297.786
 7.10102E-03     920.879    1251.821     979.311    1140.678    1020.855    1288.252    2038.818     292.953     292.940     297.876
 7.12102E-03     918.258    1249.024     980.597    1137.385    1019.019    1281.309    2204.041     292.954     292.940     297.967
 7.14102E-03     915.628    1246.126     981.566    1134.071    1017.147    1274.312    2250.711     292.954     292.939     298.059
 7.16102E-03     912.993    1243.140     982.242    1130.786    1015.271    1267.541    2253.378     292.955     292.939     298.152
 7.18102E-03     910.353    1240.074     982.642    1127.522    1013.387    1260.928    2234.792     292.956     292.938     298.246
 7.20102E-03     907.590    1236.981     982.576    1124.268    1011.487    1254.415    2202.737     292.958     292.938     298.342
 7.22102E-03     904.950    1233.776     982.549    1121.061    1009.600    1248.170    2087.500     292.959     292.938     298.438
 7.24102E-03     902.308    1230.513     982.307    1117.857    1007.695    1241.955    2011.284     292.960     292.937     298.536
 7.26102E-03     899.665    1227.200     981.861    1114.689    1005.796    1235.942    1977.547     292.962     292.937     298.634
 7.28102E-03     897.023    1223.846     981.226    1111.575    1003.917    1230.194    1953.404     292.963     292.937     298.734
 7.30102E-03     894.384    1220.456     980.415    1108.508    1002.052    1224.648    1932.069     292.965     292.936     298.835
 7.32102E-03     891.748    1217.035     979.436    1105.457    1000.182    1219.162    1911.420     292.967     292.936     298.937
 7.34102E-03     889.115    1213.586     978.300    1102.426     998.311    1213.755    1891.081     292.969     292.936     299.040
 7.36102E-03     886.489    1210.117     977.018    1099.441     996.458    1208.550    1871.026     292.971     292.935     299.144
 7.38102E-03     883.868    1206.630     975.599    1096.479     994.608    1203.432    1851.365     292.974     292.935     299.249
 7.40102E-03     881.072    1203.175     973.470    1093.577     992.787    1198.576    1832.273     292.976     292.935     299.355
 7.42102E-03     878.474    1199.660     971.876    1090.690     990.966    1193.737    1813.809     292.979     292.934     299.462
 7.44102E-03     875.884    1196.141     970.165    1087.832     989.156    1188.996    1796.013     292.982     292.934     299.571
 7.46102E-03     873.304    1192.622     968.350    1085.035     987.382    1184.494    1778.839     292.985     292.934     299.680
 7.48102E-03     870.734    1189.108     966.438    1082.279     985.628    1180.127    1762.302     292.989     292.933     299.791
 7.50102E-03     868.176    1185.600     964.435    1079.554     983.888    1175.846    1746.489     292.992     292.933     299.903
 7.52102E-03     865.629    1182.095     962.340    1076.812     982.126    1171.399    1731.668     292.996     292.933     300.016
 7.54102E-03     863.093    1178.596     960.160    1074.109     980.390    1167.110    1717.564     293.001     292.933     300.130
 7.56102E-03     860.569    1175.108     957.903    1071.450     978.680    1162.998    1704.420     293.005     292.932     300.245
 7.58102E-03     858.057    1171.631     955.574    1068.834     976.997    1159.024    1691.952     293.010     292.932     300.362
 7.60102E-03     850.594    1159.007     951.378    1067.597     975.169    1155.318    1669.527     293.017     292.932     300.483
 7.62102E-03     847.946    1155.951     949.470    1065.689     973.562    1151.714    1657.927     293.023     292.931     300.601
 7.64102E-03     845.315    1152.852     947.531    1063.638     971.988    1148.177    1648.844     293.030     292.931     300.721
 7.66102E-03     842.706    1149.751     945.518    1061.501     970.451    1144.745    1640.954     293.037     292.931     300.842
 7.68102E-03     840.122    1146.670     943.419    1059.320     968.947    1141.407    1634.059     293.045     292.931     300.963
 7.70102E-03     837.566    1143.619     941.231    1057.121     967.474    1138.154    1628.482     293.054     292.930     301.086
 7.72102E-03     835.037    1140.605     938.962    1054.923     966.030    1135.002    1624.759     293.063     292.930     301.210
 7.74102E-03     832.535    1137.631     936.618    1052.736     964.613    1131.946    1622.822     293.074     292.930     301.336
 7.76102E-03     830.060    1134.701     934.209    1050.571     963.223    1128.993    1622.061     293.086     292.930     301.462
 7.78102E-03     827.611    1131.814     931.743    1048.430     961.856    1126.133    1621.186     293.098     292.929     301.589
 7.80102E-03     822.120    1125.500     924.740    1045.367     960.459    1123.519    1618.185     293.112     292.929     301.720
 7.82102E-03     819.428    1123.124     921.957    1042.192     959.141    1120.999    1615.610     293.128     292.929     301.849
 7.84102E-03     816.794    1120.828     919.142    1039.382     957.833    1118.595    1613.167     293.145     292.929     301.980
 7.86102E-03     814.220    1118.584     916.311    1036.822     956.535    1116.292    1610.824     293.164     292.929     302.112
 7.88102E-03     811.702    1116.377     913.471    1034.443     955.247    1114.065    1608.553     293.185     292.928     302.244
 7.90102E-03     809.237    1114.195     910.627    1032.202     953.971    1111.903    1606.322     293.207     292.928     302.378
 7.92102E-03     806.821    1112.035     907.782    1030.068     952.709    1109.796    1604.065     293.232     292.928     302.514
 7.94102E-03     804.451    1109.892     904.938    1028.022     951.463    1107.738    1601.761     293.260     292.928     302.650
 7.96102E-03     802.123    1107.764     902.097    1026.050     950.234    1105.725    1599.383     293.289     292.927     302.787
 7.98102E-03     799.835    1105.651     899.261    1024.140     949.023    1103.754    1596.881     293.322     292.927     302.925
 8.00102E-03     797.646    1103.818     897.179    1023.619     947.830    1101.839    1593.456     293.366     292.927     303.065
 8.02102E-03     795.582    1101.899     895.314    1022.783     946.662    1099.727    1590.099     293.405     292.927     303.206
 8.04102E-03     793.534    1099.920     893.414    1021.715     945.525    1097.606    1586.448     293.448     292.927     303.347
 8.06102E-03     791.504    1097.903     891.475    1020.500     944.429    1095.569    1582.588     293.494     292.926     303.490
 8.08102E-03     789.493    1095.857     889.491    1019.187     943.364    1093.562    1578.232     293.544     292.926     303.634
 8.10102E-03     787.499    1093.794     887.458    1017.812     942.323    1091.585    1573.210     293.598     292.926     303.779
 8.12102E-03     785.523    1091.722     885.380    1016.402     941.307    1089.660    1567.260     293.656     292.926     303.925
 8.14102E-03     783.566    1089.648     883.259    1014.975     940.311    1087.788    1558.475     293.719     292.925     304.072
 8.16103E-03     781.627    1087.576     881.095    1013.534     939.327    1085.942    1547.581     293.786     292.925     304.220
 8.18103E-03     779.704    1085.509     878.890    1012.083     938.350    1084.104    1533.259     293.858     292.925     304.369
 8.20103E-03     775.099    1078.377     869.376    1010.791     937.380    1082.371    1516.115     293.941     292.924     304.521
 8.22103E-03     773.318    1076.585     866.904    1008.954     936.432    1080.664    1499.858     294.023     292.924     304.672
 8.24103E-03     771.554    1074.787     864.322    1007.303     935.487    1078.964    1484.149     294.111     292.924     304.824
 8.26103E-03     769.803    1072.986     861.676    1005.745     934.548    1077.301    1469.475     294.205     292.923     304.977
 8.28103E-03     768.069    1071.188     859.001    1004.257     933.627    1075.725    1456.268     294.304     292.923     305.131
 8.30103E-03     766.348    1069.396     856.316    1002.826     932.730    1074.216    1444.102     294.411     292.923     305.287
 8.32103E-03     764.639    1067.611     853.632    1001.422     931.835    1072.724    1432.545     294.525     292.923     305.443
 8.34103E-03     762.938    1065.831     850.951    1000.028     930.932    1071.213    1421.181     294.651     292.923     305.600
 8.36103E-03     761.249    1064.059     848.280     998.658     930.039    1069.734    1410.425     294.792     292.923     305.758
 8.38103E-03     759.571    1062.297     845.625     997.312     929.155    1068.289    1400.218     294.954     292.923     305.917
 8.40103E-03     757.877    1060.536     842.964     995.975     928.270    1066.840    1390.212     295.149     292.922     306.077
 8.42103E-03     756.180    1058.795     840.338     994.660     927.396    1065.421    1380.659     295.386     292.922     306.238
 8.44103E-03     754.497    1057.064     837.728     993.358     926.526    1064.009    1371.356     295.683     292.922     306.400
 8.46103E-03     752.830    1055.345     835.139     992.073     925.665    1062.623    1362.448     296.055     292.921     306.563
 8.48103E-03     751.179    1053.640     832.573     990.810     924.816    1061.274    1354.002     296.522     292.921     306.727
 8.50103E-03     749.542    1051.949     830.031     989.561     923.972    1059.935    1345.804     297.104     292.921     306.892
 8.52103E-03     747.920    1050.274     827.514     988.325     923.134    1058.606    1337.842     297.821     292.920     307.058
 8.54103E-03     746.308    1048.611     825.019     987.095     922.297    1057.264    1329.946     298.694     292.920     307.225
 8.56103E-03     744.711    1046.963     822.548     985.879     921.467    1055.943    1322.365     299.738     292.920     307.392
 8.58103E-03     743.128    1045.329     820.101     984.675     920.642    1054.630    1315.011     300.972     292.920     307.561
 8.60103E-03     740.582    1041.850     814.709     983.585     919.816    1053.345    1307.506     302.440     292.919     307.731
 8.62103E-03     739.033    1040.305     812.365     982.245     918.985    1051.980    1300.390     304.093     292.919     307.901
 8.64103E-03     737.499    1038.767     810.019     980.974     918.159    1050.634    1293.543     305.965     292.919     308.073
 8.66103E-03     735.979    1037.238     807.681     979.740     917.336    1049.308    1286.978     308.062     292.919     308.245
 8.68103E-03     734.473    1035.719     805.357     978.530     916.518    1047.999    1280.649     310.385     292.918     308.418
 8.70103E-03     732.980    1034.211     803.051     977.337     915.703    1046.700    1274.517     312.933     292.918     308.592
 8.72103E-03     731.500    1032.714     800.767     976.159     914.892    1045.408    1268.578     315.704     292.918     308.767
 8.74103E-03     730.033    1031.229     798.505     974.992     914.085    1044.122    1262.813     318.690     292.918     308.943
 8.76103E-03     728.580    1029.755     796.268     973.836     913.281    1042.842    1257.232     321.886     292.917     309.120
 8.78103E-03     727.139    1028.292     794.056     972.691     912.481    1041.565    1251.815     325.282     292.917     309.298
 8.80103E-03     722.844    1019.961     781.746     974.209     911.738    1040.303    1246.420     330.443     292.917     309.477
 8.82103E-03     722.151    1018.029     779.617     973.670     910.951    1038.967    1240.990     334.296     292.916     309.656
 8.84103E-03     721.329    1016.127     777.565     972.927     910.175    1037.592    1235.624     338.314     292.916     309.836
 8.86103E-03     720.400    1014.257     775.553     972.067     909.409    1036.193    1230.371     342.486     292.916     310.017
 8.88103E-03     719.390    1012.421     773.566     971.133     908.652    1034.786    1225.287     346.800     292.916     310.199
 8.90103E-03     718.322    1010.616     771.600     970.151     907.903    1033.374    1220.369     351.242     292.915     310.382
 8.92103E-03     717.213    1008.843     769.656     969.136     907.160    1031.963    1215.621     355.801     292.915     310.565
 8.94103E-03     716.078    1007.102     767.734     968.099     906.421    1030.559    1211.056     360.466     292.915     310.749
 8.96103E-03     714.925    1005.393     765.835     967.047     905.685    1029.159    1206.649     365.224     292.915     310.934
 8.98103E-03     713.762    1003.715     763.958     965.984     904.950    1027.765    1202.392     370.064     292.914     311.120
 9.00103E-03     711.690     996.620     761.711     963.527     904.223    1026.607    1198.424     377.518     292.914     311.307
 9.02103E-03     710.133     992.393     760.148     961.741     903.484    1024.990    1194.684     382.554     292.914     311.494
 9.04103E-03     708.593     989.248     758.489     960.311     902.743    1023.333    1191.098     387.639     292.914     311.683
 9.06103E-03     707.081     986.731     756.766     959.040     901.999    1021.665    1187.640     392.763     292.913     311.872
 9.08103E-03     705.605     984.597     755.008     957.850     901.255    1020.004    1184.290     397.920     292.913     312.062
 9.10103E-03     704.163     982.674     753.226     956.701     900.506    1018.318    1180.933     403.100     292.913     312.252
 9.12103E-03     702.756     980.932     751.444     955.578     899.758    1016.666    1177.702     408.297     292.913     312.444
 9.14103E-03     701.387     979.355     749.684     954.480     899.016    1015.093    1174.678     413.503     292.912     312.636
 9.16103E-03     700.050     977.855     747.945     953.394     898.274    1013.533    1171.704     418.714     292.912     312.829
 9.18103E-03     698.746     976.443     746.235     952.324     897.537    1012.020    1168.851     423.960     292.912     313.023
 9.20103E-03     693.052     974.230     739.249     956.362     896.862    1010.459    1166.091     431.424     292.912     313.216
 9.22103E-03     691.980     972.573     738.134     956.231     896.138    1008.935    1163.374     462.718     292.911     313.411
 9.24103E-03     691.081     970.936     736.901     955.516     895.421    1007.396    1160.704     548.808     292.911     313.607
 9.26103E-03     690.225     969.367     735.589     954.614     894.712    1005.852    1158.081     618.158     292.911     313.804
 9.28103E-03     689.382     967.892     734.246     953.637     894.010    1004.336    1155.551     726.133     292.911     314.001
 9.30103E-03     688.541     966.507     732.895     952.635     893.318    1002.860    1153.120     827.563     292.910     314.199
 9.32103E-03     687.691     965.178     731.537     951.616     892.628    1001.399    1150.734     915.503     292.910     314.397
 9.34103E-03     686.823     963.873     730.167     950.581     891.935     999.932    1148.351     989.875     292.910     314.597
 9.36103E-03     685.953     962.616     728.805     949.547     891.244     998.493    1146.033    1052.499     292.910     314.797
 9.38103E-03     685.085     961.400     727.459     948.517     890.555     997.086    1143.780    1105.344     292.910     314.998
 9.40103E-03     684.177     960.127     725.672     947.455     889.840     995.597    1141.399    1150.034     292.910     315.198
 9.42103E-03     683.252     958.890     724.297     946.400     889.131     994.140    1139.079    1188.160     292.910     315.400
 9.44103E-03     682.387     957.678     722.915     945.347     888.419     992.706    1136.812    1220.597     292.910     315.603
 9.46104E-03     681.543     956.479     721.533     944.296     887.707     991.282    1134.570    1308.453     292.910     315.806
 9.48104E-03     680.711     955.299     720.166     943.247     886.993     989.879    1132.375    1399.789     292.910     316.010
 9.50104E-03     679.885     954.140     718.820     942.202     886.277     988.498    1130.235    1454.880     292.910     316.215
 9.52104E-03     679.061     952.994     717.490     941.161     885.559     987.134    1128.133    1489.114     292.910     316.420
 9.54104E-03     678.237     951.860     716.177     940.124     884.840     985.785    1126.065    1510.816     292.910     316.626
 9.56104E-03     677.414     950.737     714.881     939.092     884.120     984.449    1124.031    1524.624     292.910     316.833
 9.58104E-03     676.591     949.623     713.599     938.064     883.400     983.124    1122.024    1533.541     292.910     317.040
 9.60104E-03     675.770     948.519     712.333     937.041     882.679     981.813    1120.048    1539.022     292.911     317.248
 9.62104E-03     674.951     947.423     711.080     936.022     881.957     980.511    1118.097    1541.815     292.911     317.457
 9.64104E-03     674.135     946.335     709.842     935.007     881.235     979.221    1116.173    1542.778     292.912     317.666
 9.66104E-03     673.321     945.253     708.616     933.997     880.513     977.941    1114.272    1542.445     292.913     317.875
 9.68104E-03     672.512     944.180     707.404     932.992     879.792     976.672    1112.396    1541.286     292.913     318.086
 9.70104E-03     671.705     943.112     706.204     931.990     879.070     975.412    1110.539    1539.601     292.914     318.296
 9.72104E-03     670.901     942.050     705.016     930.993     878.348     974.159    1108.700    1537.726     292.916     318.508
 9.74104E-03     670.103     940.995     703.841     930.000     877.627     972.918    1106.884    1535.807     292.917     318.720
 9.76104E-03     669.309     939.945     702.676     929.011     876.906     971.685    1105.083    1534.078     292.919     318.932
 9.78104E-03     668.518     938.900     701.523     928.026     876.186     970.458    1103.298    1532.697     292.922     319.145
 9.80104E-03     667.731     937.860     700.379     927.044     875.467     969.239    1101.526    1532.188     292.925     319.359
 9.82104E-03     666.948     936.823     699.246     926.067     874.748     968.027    1099.767    1533.365     292.929     319.573
 9.84104E-03     666.171     935.795     698.124     925.094     874.030     966.826    1098.028    1534.621     292.933     319.788
 9.86104E-03     665.398     934.770     697.012     924.124     873.313     965.632    1096.299    1535.803     292.938     320.003
 9.88104E-03     664.630     933.750     695.910     923.158     872.596     964.443    1094.581    1536.917     292.944     320.219
 9.90104E-03     663.865     932.733     694.816     922.196     871.881     963.262    1092.873    1537.940     292.952     320.435
 9.92104E-03     663.105     931.720     693.732     921.237     871.166     962.087    1091.174    1538.862     292.960     320.652
 9.94104E-03     662.349     930.711     692.657     920.281     870.453     960.918    1089.485    1539.675     292.970     320.869
 9.96104E-03     661.597     929.706     691.590     919.329     869.740     959.755    1087.803    1540.369     292.982     321.087
 9.98104E-03     660.849     928.705     690.532     918.380     869.028     958.599    1086.130    1540.942     292.996     321.306
 1.00010E-02     660.105     927.708     689.483     917.434     868.318     957.448    1084.465    1541.379     293.011     321.524
 1.00210E-02     659.366     926.714     688.441     916.491     867.608     956.304    1082.807    1541.674     293.029     321.744
 1.00410E-02     658.630     925.724     687.408     915.552     866.900     955.166    1081.155    1541.815     293.049     321.963
 1.00610E-02     657.899     924.738     686.383     914.616     866.192     954.034    1079.510    1541.798     293.072     322.183
 1.00810E-02     657.172     923.756     685.365     913.683     865.487     952.907    1077.871    1541.624     293.097     322.404
 1.01010E-02     656.449     922.777     684.356     912.754     864.782     951.787    1076.239    1541.263     293.126     322.625
 1.01210E-02     655.729     921.802     683.354     911.827     864.078     950.672    1074.612    1540.692     293.158     322.847
 1.01410E-02     655.014     920.830     682.359     910.904     863.376     949.563    1072.990    1539.910     293.194     323.069
 1.01610E-02     654.302     919.862     681.372     909.984     862.675     948.459    1071.374    1538.926     293.234     323.291
 1.01810E-02     653.595     918.898     680.391     909.067     861.976     947.362    1069.762    1537.693     293.277     323.514
 1.02010E-02     652.891     917.937     679.418     908.153     861.277     946.269    1068.156    1536.123     293.326     323.737
 1.02210E-02     652.191     916.980     678.452     907.242     860.580     945.182    1066.554    1534.256     293.378     323.961
 1.02410E-02     651.494     916.026     677.493     906.334     859.885     944.100    1064.957    1532.152     293.436     324.184
 1.02610E-02     650.802     915.075     676.541     905.429     859.190     943.024    1063.364    1529.312     293.498     324.409
 1.02810E-02     650.113     914.128     675.595     904.527     858.497     941.952    1061.775    1525.913     293.566     324.634
 1.03010E-02     649.427     913.184     674.656     903.628     857.805     940.886    1060.191    1521.475     293.639     324.859
 1.03210E-02     648.745     912.243     673.724     902.732     857.115     939.825    1058.611    1513.809     293.718     325.084
 1.03410E-02     648.067     911.305     672.798     901.839     856.425     938.768    1057.034    1501.207     293.803     325.310
 1.03610E-02     647.392     910.371     671.878     900.948     855.738     937.716    1055.462    1487.978     293.894     325.537
 1.03810E-02     646.721     909.440     670.965     900.061     855.051     936.670    1053.894    1474.992     293.992     325.763
 1.04010E-02     646.053     908.513     670.057     899.177     854.366     935.628    1052.331    1462.392     294.096     325.990
 1.04210E-02     645.388     907.589     669.156     898.296     853.683     934.591    1050.771    1450.169     294.206     326.217
 1.04410E-02     644.728     906.671     668.263     897.418     853.001     933.563    1049.223    1438.343     294.324     326.445
 1.04610E-02     644.071     905.757     667.375     896.544     852.322     932.539    1047.677    1426.843     294.448     326.673
 1.04810E-02     643.418     904.845     666.493     895.673     851.643     931.520    1046.135    1415.652     294.580     326.901
 1.05010E-02     642.768     903.937     665.617     894.805     850.967     930.505    1044.598    1404.753     294.719     327.130
 1.05210E-02     642.120     903.032     664.746     893.940     850.292     929.495    1043.064    1394.133     294.865     327.359
 1.05410E-02     641.476     902.130     663.881     893.079     849.618     928.489    1041.534    1383.780     295.018     327.588
 1.05610E-02     640.835     901.231     663.022     892.220     848.946     927.488    1040.008    1373.682     295.179     327.817
 1.05810E-02     640.197     900.336     662.168     891.363     848.276     926.491    1038.487    1363.828     295.348     328.047
 1.06010E-02     639.562     899.444     661.319     890.510     847.607     925.498    1036.969    1354.207     295.525     328.277
 1.06210E-02     638.930     898.554     660.476     889.660     846.940     924.510    1035.456    1344.809     295.709     328.507
 1.06410E-02     638.301     897.669     659.638     888.813     846.274     923.526    1033.946    1335.627     295.901     328.738
 1.06610E-02     637.676     896.789     658.807     887.970     845.610     922.550    1032.448    1326.679     296.101     328.969
 1.06810E-02     637.054     895.912     657.981     887.129     844.948     921.577    1030.953    1317.928     296.308     329.200
 1.07010E-02     636.435     895.038     657.160     886.292     844.288     920.609    1029.463    1309.364     296.523     329.431
 1.07210E-02     635.819     894.166     656.344     885.457     843.629     919.644    1027.975    1300.981     296.747     329.662
 1.07410E-02     635.206     893.298     655.533     884.625     842.971     918.683    1026.493    1292.771     296.978     329.894
 1.07610E-02     634.595     892.432     654.727     883.796     842.315     917.726    1025.014    1284.729     297.217     330.126
 1.07810E-02     633.987     891.570     653.926     882.969     841.661     916.773    1023.539    1276.847     297.463     330.358
 1.08010E-02     633.382     890.710     653.129     882.146     841.008     915.823    1022.068    1269.119     297.718     330.591
 1.08210E-02     632.779     889.854     652.338     881.325     840.357     914.878    1020.602    1261.541     297.980     330.823
 1.08410E-02     632.179     889.000     651.550     880.507     839.707     913.936    1019.140    1254.107     298.249     331.056
 1.08610E-02     631.582     888.149     650.768     879.691     839.059     912.998    1017.683    1246.812     298.526     331.289
 1.08810E-02     630.987     887.301     649.990     878.879     838.412     912.063    1016.230    1239.651     298.811     331.522
 1.09010E-02     630.395     886.455     649.217     878.069     837.766     911.132    1014.781    1232.620     299.103     331.756
 1.09210E-02     629.807     885.616     648.450     877.262     837.123     910.209    1013.344    1225.737     299.402     331.989
 1.09410E-02     629.222     884.780     647.687     876.458     836.481     909.288    1011.911    1218.976     299.709     332.223
 1.09610E-02     628.639     883.946     646.929     875.657     835.841     908.372    1010.481    1212.331     300.022     332.457
 1.09810E-02     628.059     883.115     646.175     874.858     835.202     907.457    1009.056    1205.800     300.343     332.691
 1.10010E-02     627.481     882.286     645.426     874.062     834.565     906.547    1007.635    1199.378     300.670     332.925
 1.10210E-02     626.905     881.459     644.680     873.269     833.929     905.639    1006.218    1193.062     301.004     333.160
 1.10410E-02     626.332     880.636     643.939     872.478     833.295     904.735    1004.806    1186.850     301.345     333.394
 1.10610E-02     625.761     879.815     643.202     871.689     832.661     903.834    1003.398    1180.739     301.692     333.628
 1.10810E-02     625.192     878.996     642.469     870.904     832.030     902.936    1001.995    1174.725     302.046     333.863
 1.11010E-02     624.626     878.180     641.740     870.120     831.400     902.042    1000.595    1168.806     302.406     334.098
 1.11210E-02     624.062     877.367     641.015     869.339     830.771     901.150     999.201    1162.979     302.772     334.333
 1.11410E-02     623.501     876.556     640.294     868.560     830.143     900.262     997.811    1157.243     303.144     334.568
 1.11610E-02     622.942     875.748     639.577     867.784     829.517     899.376     996.425    1151.593     303.522     334.803
 1.11810E-02     622.385     874.943     638.864     867.010     828.892     898.494     995.044    1146.029     303.905     335.039
 1.12010E-02     621.830     874.140     638.155     866.238     828.269     897.615     993.667    1140.549     304.295     335.274
 1.12210E-02     621.278     873.339     637.450     865.469     827.647     896.738     992.295    1135.149     304.689     335.509
 1.12410E-02     620.728     872.541     636.749     864.702     827.027     895.865     990.928    1129.828     305.089     335.745
 1.12610E-02     620.180     871.745     636.051     863.937     826.407     894.995     989.565    1124.584     305.494     335.980
 1.12810E-02     619.637     870.956     635.359     863.176     825.790     894.131     988.214    1119.434     305.903     336.216
 1.13010E-02     619.095     870.168     634.671     862.417     825.174     893.270     986.868    1114.357     306.318     336.452
 1.13210E-02     618.555     869.383     633.987     861.660     824.560     892.412     985.525    1109.352     306.737     336.688
 1.13410E-02     618.018     868.600     633.306     860.905     823.947     891.556     984.186    1104.415     307.161     336.923
 1.13610E-02     617.483     867.819     632.629     860.153     823.335     890.703     982.852    1099.547     307.589     337.159
 1.13810E-02     616.949     867.041     631.955     859.403     822.724     889.852     981.521    1094.745     308.021     337.395
 1.14010E-02     616.418     866.264     631.285     858.656     822.115     889.004     980.195    1090.008     308.457     337.631
 1.14210E-02     615.889     865.490     630.618     857.910     821.507     888.159     978.874    1085.334     308.898     337.867
 1.14411E-02     615.362     864.718     629.955     857.167     820.900     887.316     977.557    1080.723     309.341     338.103
 1.14611E-02     614.837     863.948     629.295     856.426     820.295     886.476     976.244    1076.172     309.789     338.339
 1.14811E-02     614.314     863.181     628.639     855.686     819.690     885.638     974.935    1071.682     310.240     338.575
 1.15011E-02     613.793     862.415     627.986     854.949     819.087     884.803     973.631    1067.249     310.694     338.811
 1.15211E-02     613.274     861.652     627.336     854.214     818.485     883.970     972.332    1062.874     311.151     339.047
 1.15411E-02     612.757     860.891     626.690     853.481     817.885     883.140     971.036    1058.554     311.612     339.283
 1.15611E-02     612.242     860.132     626.047     852.750     817.286     882.312     969.746    1054.290     312.075     339.519
 1.15811E-02     611.729     859.375     625.407     852.021     816.688     881.487     968.459    1050.079     312.541     339.755
 1.16011E-02     611.218     858.621     624.771     851.294     816.091     880.664     967.177    1045.921     313.009     339.991
 1.16211E-02     610.709     857.869     624.138     850.569     815.495     879.844     965.900    1041.814     313.480     340.227
 1.16411E-02     610.202     857.118     623.508     849.845     814.900     879.026     964.626    1037.758     313.953     340.463
 1.16611E-02     609.697     856.370     622.881     849.124     814.307     878.210     963.357    1033.751     314.428     340.699
 1.16811E-02     609.193     855.624     622.257     848.405     813.715     877.397     962.092    1029.793     314.906     340.935
 1.17011E-02     608.692     854.880     621.637     847.688     813.124     876.587     960.832    1025.884     315.385     341.171
 1.17211E-02     608.192     854.138     621.019     846.972     812.534     875.778     959.576    1022.020     315.866     341.406
 1.17411E-02     607.697     853.402     620.407     846.260     811.946     874.976     958.332    1018.217     316.348     341.642
 1.17611E-02     607.203     852.668     619.798     845.550     811.360     874.177     957.092    1014.459     316.832     341.878
 1.17811E-02     606.711     851.936     619.191     844.842     810.774     873.379     955.855    1010.745     317.317     342.114
 1.18011E-02     606.221     851.205     618.588     844.135     810.190     872.583     954.623    1007.074     317.804     342.349
 1.18211E-02     605.732     850.476     617.988     843.431     809.607     871.789     953.394    1003.445     318.292     342.585
 1.18411E-02     605.246     849.748     617.390     842.729     809.024     870.997     952.169     999.859     318.781     342.820
 1.18611E-02     604.761     849.023     616.795     842.028     808.443     870.207     950.948     996.313     319.270     343.055
 1.18811E-02     604.278     848.300     616.204     841.329     807.863     869.420     949.731     992.807     319.761     343.290
 1.19011E-02     603.796     847.578     615.615     840.632     807.285     868.634     948.518     989.341     320.252     343.526
 1.19211E-02     603.317     846.858     615.029     839.937     806.707     867.851     947.310     985.913     320.744     343.761
 1.19411E-02     602.839     846.140     614.445     839.243     806.130     867.069     946.105     982.524     321.236     343.996
 1.19611E-02     602.362     845.424     613.865     838.551     805.555     866.290     944.904     979.172     321.728     344.230
 1.19811E-02     601.888     844.710     613.287     837.861     804.980     865.512     943.707     975.858     322.221     344.465
 1.20011E-02     601.415     843.998     612.712     837.173     804.407     864.737     942.514     972.579     322.714     344.700
 1.20211E-02     600.944     843.287     612.140     836.486     803.834     863.964     941.325     969.336     323.207     344.934
 1.20411E-02     600.475     842.578     611.570     835.801     803.263     863.193     940.141     966.129     323.700     345.168
 1.20611E-02     600.007     841.871     611.003     835.118     802.693     862.424     938.960     962.956     324.193     345.403
 1.20811E-02     599.541     841.166     610.439     834.436     802.124     861.656     937.783     959.817     324.685     345.637
 1.21011E-02     599.077     840.463     609.878     833.757     801.556     860.891     936.610     956.711     325.177     345.871
 1.21211E-02     598.614     839.761     609.319     833.078     800.988     860.128     935.440     953.638     325.669     346.105
 1.21411E-02     598.154     839.061     608.763     832.402     800.423     859.367     934.275     950.597     326.160     346.338
 1.21611E-02     597.694     838.363     608.209     831.726     799.857     858.607     933.114     947.589     326.651     346.572
 1.21811E-02     597.237     837.667     607.658     831.053     799.293     857.850     931.956     944.612     327.141     346.805
 1.22011E-02     596.781     836.972     607.109     830.381     798.730     857.094     930.803     941.665     327.631     347.038
 1.22211E-02     596.327     836.279     606.564     829.711     798.168     856.341     929.653     938.749     328.119     347.271
 1.22411E-02     595.874     835.588     606.020     829.042     797.607     855.589     928.507     935.863     328.607     347.504
 1.22611E-02     595.423     834.898     605.479     828.375     797.047     854.839     927.365     933.007     329.094     347.737
 1.22811E-02     594.973     834.211     604.941     827.710     796.488     854.091     926.226     930.180     329.579     347.970
 1.23011E-02     594.527     833.529     604.407     827.048     795.931     853.350     925.100     927.392     330.064     348.202
 1.23211E-02     594.083     832.848     603.876     826.387     795.375     852.611     923.976     924.632     330.548     348.434
 1.23411E-02     593.640     832.169     603.346     825.728     794.820     851.872     922.856     921.900     331.030     348.666
 1.23611E-02     593.199     831.491     602.820     825.070     794.266     851.135     921.739     919.195     331.511     348.898
 1.23811E-02     592.759     830.814     602.295     824.415     793.713     850.400     920.625     916.516     331.990     349.130
 1.24011E-02     592.321     830.140     601.773     823.761     793.161     849.667     919.515     913.864     332.469     349.361
 1.24211E-02     591.884     829.466     601.254     823.108     792.610     848.935     918.408     911.238     332.945     349.592
 1.24411E-02     591.448     828.794     600.736     822.456     792.060     848.205     917.305     908.637     333.421     349.823
 1.24611E-02     591.014     828.124     600.221     821.807     791.511     847.477     916.205     906.062     333.894     350.054
 1.24811E-02     590.582     827.455     599.708     821.159     790.963     846.750     915.109     903.512     334.366     350.285
 1.25011E-02     590.151     826.788     599.198     820.512     790.415     846.025     914.016     900.985     334.837     350.515
 1.25211E-02     589.721     826.122     598.689     819.867     789.869     845.301     912.926     898.484     335.306     350.745
 1.25411E-02     589.293     825.458     598.183     819.223     789.324     844.580     911.840     896.006     335.773     350.975
 1.25611E-02     588.867     824.795     597.679     818.580     788.779     843.860     910.758     893.551     336.238     351.205
 1.25811E-02     588.442     824.133     597.177     817.939     788.236     843.142     909.679     891.120     336.701     351.434
 1.26011E-02     588.018     823.474     596.678     817.300     787.693     842.425     908.603     888.711     337.162     351.664
 1.26211E-02     587.596     822.815     596.181     816.662     787.151     841.710     907.531     886.325     337.622     351.893
 1.26411E-02     587.175     822.159     595.685     816.025     786.611     840.997     906.462     883.961     338.079     352.121
 1.26611E-02     586.756     821.503     595.192     815.390     786.071     840.285     905.396     881.619     338.535     352.350
 1.26811E-02     586.338     820.850     594.701     814.756     785.532     839.576     904.334     879.299     338.988     352.578
 1.27011E-02     585.921     820.198     594.213     814.123     784.994     838.867     903.276     877.000     339.440     352.806
 1.27211E-02     585.506     819.547     593.726     813.492     784.457     838.161     902.220     874.722     339.889     353.034
 1.27411E-02     585.092     818.897     593.242     812.863     783.920     837.456     901.168     872.465     340.336     353.261
 1.27611E-02     584.680     818.250     592.759     812.234     783.385     836.752     900.120     870.228     340.781     353.489
 1.27811E-02     584.269     817.603     592.279     811.607     782.851     836.050     899.074     868.012     341.224     353.716
 1.28011E-02     583.860     816.958     591.800     810.982     782.317     835.350     898.032     865.815     341.665     353.942
 1.28211E-02     583.452     816.315     591.324     810.357     781.785     834.652     896.993     863.638     342.103     354.169
 1.28411E-02     583.045     815.672     590.850     809.734     781.253     833.955     895.958     861.481     342.539     354.395
 1.28611E-02     582.639     815.032     590.378     809.112     780.722     833.260     894.926     859.343     342.973     354.621
 1.28811E-02     582.235     814.393     589.907     808.492     780.192     832.566     893.897     857.223     343.404     354.847
 1.29011E-02     581.833     813.755     589.439     807.873     779.663     831.874     892.871     855.123     343.833     355.072
 1.29211E-02     581.431     813.118     588.973     807.256     779.135     831.183     891.849     853.041     344.260     355.297
 1.29411E-02     581.031     812.483     588.509     806.639     778.607     830.494     890.829     850.976     344.685     355.522
 1.29611E-02     580.633     811.850     588.046     806.024     778.081     829.806     889.813     848.930     345.107     355.746
 1.29811E-02     580.238     811.222     587.588     805.412     777.556     829.125     888.808     846.911     345.526     355.971
 1.30011E-02     579.844     810.595     587.131     804.802     777.033     828.445     887.806     844.908     345.943     356.194
 1.30211E-02     579.451     809.969     586.677     804.192     776.510     827.767     886.806     842.923     346.358     356.418
 1.30411E-02     579.059     809.345     586.224     803.585     775.989     827.090     885.809     840.955     346.770     356.641
 1.30611E-02     578.669     808.721     585.773     802.978     775.468     826.413     884.815     839.004     347.180     356.864
 1.30811E-02     578.280     808.099     585.324     802.373     774.948     825.739     883.823     837.069     347.587     357.087
 1.31011E-02     577.892     807.478     584.876     801.769     774.428     825.065     882.834     835.150     347.992     357.309
 1.31211E-02     577.505     806.859     584.431     801.166     773.910     824.394     881.849     833.248     348.394     357.531
 1.31411E-02     577.120     806.240     583.987     800.565     773.392     823.723     880.866     831.361     348.794     357.753
 1.31611E-02     576.736     805.623     583.545     799.965     772.876     823.054     879.886     829.490     349.191     357.975
 1.31811E-02     576.353     805.007     583.105     799.366     772.360     822.386     878.909     827.635     349.585     358.196
 1.32011E-02     575.971     804.392     582.666     798.768     771.845     821.720     877.935     825.795     349.978     358.417
 1.32211E-02     575.591     803.779     582.230     798.172     771.331     821.055     876.964     823.970     350.367     358.637
 1.32411E-02     575.211     803.167     581.795     797.577     770.817     820.392     875.995     822.160     350.754     358.857
 1.32611E-02     574.833     802.556     581.362     796.983     770.305     819.729     875.030     820.365     351.138     359.077
 1.32811E-02     574.456     801.946     580.930     796.390     769.793     819.069     874.068     818.584     351.520     359.296
 1.33011E-02     574.081     801.338     580.500     795.798     769.282     818.410     873.108     816.817     351.899     359.516
 1.33211E-02     573.706     800.731     580.072     795.208     768.772     817.752     872.151     815.066     352.276     359.734
 1.33411E-02     573.333     800.125     579.646     794.619     768.263     817.095     871.198     813.328     352.650     359.953
 1.33611E-02     572.961     799.520     579.221     794.031     767.754     816.440     870.246     811.604     353.021     360.171
 1.33811E-02     572.590     798.917     578.798     793.444     767.247     815.786     869.298     809.893     353.390     360.389
 1.34011E-02     572.220     798.315     578.377     792.858     766.740     815.134     868.353     808.196     353.757     360.606
 1.34211E-02     571.852     797.714     577.957     792.274     766.234     814.484     867.410     806.513     354.120     360.823
 1.34411E-02     571.484     797.115     577.539     791.691     765.729     813.834     866.471     804.843     354.481     361.040
 1.34611E-02     571.118     796.516     577.123     791.109     765.224     813.186     865.534     803.186     354.840     361.256
 1.34811E-02     570.753     795.919     576.708     790.528     764.721     812.539     864.600     801.543     355.196     361.472
 1.35011E-02     570.389     795.323     576.295     789.948     764.218     811.894     863.669     799.911     355.549     361.688
 1.35211E-02     570.026     794.728     575.884     789.369     763.716     811.250     862.740     798.293     355.900     361.903
 1.35411E-02     569.665     794.135     575.474     788.792     763.215     810.607     861.814     796.687     356.248     362.118
 1.35611E-02     569.304     793.543     575.065     788.215     762.715     809.966     860.891     795.094     356.593     362.333
 1.35811E-02     568.945     792.952     574.659     787.640     762.215     809.326     859.971     793.512     356.936     362.547
 1.36011E-02     568.587     792.362     574.253     787.066     761.716     808.687     859.053     791.943     357.277     362.761
 1.36211E-02     568.230     791.773     573.850     786.493     761.218     808.050     858.138     790.386     357.615     362.974
 1.36411E-02     567.874     791.186     573.448     785.921     760.721     807.415     857.226     788.840     357.950     363.187
 1.36611E-02     567.519     790.599     573.047     785.350     760.225     806.780     856.316     787.307     358.282     363.400
 1.36811E-02     567.165     790.015     572.648     784.781     759.729     806.147     855.410     785.784     358.613     363.612
 1.37011E-02     566.812     789.431     572.251     784.212     759.234     805.515     854.506     784.274     358.940     363.824
 1.37211E-02     566.461     788.848     571.855     783.645     758.740     804.884     853.604     782.774     359.265     364.036
 1.37411E-02     566.111     788.266     571.460     783.079     758.247     804.255     852.705     781.286     359.588     364.247
 1.37611E-02     565.761     787.686     571.067     782.514     757.754     803.627     851.809     779.809     359.908     364.458
 1.37811E-02     565.413     787.107     570.676     781.949     757.262     803.001     850.915     778.342     360.225     364.668
 1.38011E-02     565.068     786.533     570.288     781.388     756.773     802.380     850.032     776.894     360.540     364.878
 1.38211E-02     564.724     785.961     569.901     780.828     756.284     801.761     849.152     775.456     360.852     365.088
 1.38411E-02     564.381     785.389     569.516     780.270     755.796     801.143     848.273     774.028     361.162     365.297
 1.38611E-02     564.039     784.818     569.132     779.712     755.309     800.526     847.396     772.611     361.470     365.506
 1.38811E-02     563.698     784.248     568.750     779.156     754.822     799.910     846.521     771.204     361.775     365.715
 1.39011E-02     563.358     783.679     568.369     778.601     754.337     799.295     845.649     769.807     362.077     365.923
 1.39211E-02     563.018     783.111     567.989     778.046     753.852     798.681     844.779     768.420     362.377     366.131
 1.39411E-02     562.680     782.545     567.611     777.494     753.367     798.068     843.912     767.043     362.675     366.338
 1.39611E-02     562.343     781.979     567.234     776.941     752.884     797.456     843.047     765.676     362.970     366.545
 1.39811E-02     562.007     781.414     566.859     776.391     752.401     796.846     842.184     764.318     363.262     366.751
 1.40011E-02     561.672     780.850     566.484     775.841     751.919     796.237     841.324     762.970     363.553     366.957
 1.40211E-02     561.338     780.288     566.112     775.292     751.438     795.629     840.466     761.632     363.840     367.163
 1.40411E-02     561.004     779.726     565.740     774.744     750.958     795.022     839.611     760.303     364.126     367.368
 1.40611E-02     560.672     779.166     565.370     774.198     750.478     794.417     838.758     758.983     364.409     367.573
 1.40811E-02     560.341     778.606     565.001     773.652     749.999     793.812     837.907     757.672     364.689     367.778
 1.41011E-02     560.011     778.048     564.634     773.107     749.521     793.209     837.059     756.371     364.967     367.982
 1.41211E-02     559.682     777.490     564.268     772.564     749.044     792.607     836.213     755.078     365.243     368.185
 1.41411E-02     559.353     776.934     563.903     772.021     748.567     792.006     835.369     753.795     365.517     368.389
 1.41611E-02     559.026     776.379     563.539     771.480     748.091     791.406     834.528     752.520     365.788     368.591
 1.41811E-02     558.700     775.825     563.177     770.939     747.616     790.808     833.689     751.253     366.056     368.794
 1.42011E-02     558.374     775.272     562.816     770.400     747.141     790.211     832.853     749.996     366.323     368.996
 1.42211E-02     558.050     774.720     562.456     769.861     746.668     789.615     832.019     748.747     366.587     369.197
 1.42411E-02     557.727     774.169     562.098     769.324     746.195     789.020     831.187     747.506     366.849     369.398
 1.42611E-02     557.404     773.619     561.741     768.787     745.722     788.426     830.357     746.274     367.108     369.599
 1.42811E-02     557.083     773.070     561.385     768.252     745.251     787.833     829.530     745.050     367.366     369.800
 1.43011E-02     556.762     772.522     561.030     767.717     744.780     787.242     828.706     743.834     367.621     369.999
 1.43211E-02     556.443     771.976     560.677     767.183     744.310     786.652     827.883     742.626     367.873     370.199
 1.43411E-02     556.124     771.430     560.325     766.651     743.841     786.063     827.063     741.427     368.124     370.398
 1.43611E-02     555.806     770.885     559.974     766.119     743.372     785.475     826.245     740.235     368.372     370.597
 1.43811E-02     555.489     770.342     559.624     765.589     742.904     784.889     825.429     739.051     368.618     370.795
 1.44011E-02     555.173     769.799     559.276     765.059     742.437     784.303     824.616     737.875     368.862     370.993
 1.44211E-02     554.858     769.257     558.929     764.531     741.971     783.719     823.805     736.706     369.104     371.190
 1.44411E-02     554.544     768.717     558.583     764.003     741.505     783.135     822.996     735.545     369.343     371.387
 1.44611E-02     554.231     768.177     558.238     763.476     741.040     782.553     822.190     734.392     369.580     371.583
 1.44811E-02     553.919     767.639     557.894     762.951     740.575     781.973     821.386     733.246     369.815     371.779
 1.45011E-02     553.608     767.101     557.552     762.426     740.112     781.393     820.584     732.108     370.048     371.975
 1.45211E-02     553.297     766.565     557.211     761.902     739.649     780.814     819.784     730.977     370.279     372.170
 1.45411E-02     552.988     766.029     556.871     761.379     739.187     780.237     818.986     729.853     370.508     372.365
 1.45611E-02     552.679     765.495     556.532     760.858     738.725     779.661     818.191     728.736     370.735     372.559
 1.45811E-02     552.372     764.961     556.194     760.337     738.265     779.085     817.398     727.627     370.959     372.753
 1.46011E-02     552.065     764.429     555.857     759.817     737.805     778.511     816.607     726.524     371.182     372.947
 1.46211E-02     551.759     763.897     555.522     759.298     737.345     777.938     815.818     725.429     371.402     373.140
 1.46411E-02     551.454     763.367     555.188     758.780     736.886     777.367     815.031     724.340     371.621     373.332
 1.46611E-02     551.150     762.838     554.855     758.263     736.429     776.796     814.247     723.258     371.837     373.524
 1.46811E-02     550.846     762.309     554.523     757.747     735.971     776.226     813.465     722.183     372.051     373.716
 1.47011E-02     550.544     761.782     554.192     757.232     735.515     775.658     812.685     721.115     372.264     373.907
 1.47211E-02     550.243     761.255     553.862     756.717     735.059     775.091     811.907     720.053     372.474     374.098
 1.47411E-02     549.942     760.730     553.533     756.204     734.604     774.524     811.131     718.997     372.682     374.289
 1.47611E-02     549.642     760.205     553.206     755.692     734.149     773.959     810.357     717.949     372.889     374.479
 1.47811E-02     549.345     759.687     552.881     755.182     733.697     773.401     809.594     716.912     373.093     374.668
 1.48011E-02     549.049     759.168     552.558     754.674     733.246     772.843     808.831     715.882     373.296     374.857
 1.48211E-02     548.754     758.651     552.235     754.167     732.795     772.286     808.071     714.857     373.496     375.046
 1.48411E-02     548.460     758.134     551.914     753.660     732.345     771.729     807.312     713.839     373.695     375.234
 1.48611E-02     548.166     757.618     551.594     753.155     731.896     771.174     806.555     712.827     373.891     375.422
 1.48811E-02     547.873     757.103     551.274     752.651     731.447     770.619     805.799     711.821     374.086     375.609
 1.49011E-02     547.581     756.589     550.956     752.147     730.999     770.065     805.046     710.822     374.279     375.796
