# Melt Pool Geometry History
# time(s)  length(m)  depth(m)  width(m)  volume(m3)  Tpeak(K)  laser_on
 2.10000E-05   0.00000E+00   0.00000E+00   0.00000E+00   7.83268E-14      293.00  1
 4.10000E-05   4.13618E-05   1.00397E-04   3.40707E-05   2.24959E-13     1804.80  1
 6.10000E-05   7.13261E-05   1.07243E-04   5.37606E-05   3.54026E-13     2477.05  1
 8.10000E-05   1.04002E-04   1.07580E-04   5.84594E-05   4.78506E-13     2525.16  1
 1.01000E-04   1.38174E-04   1.07745E-04   6.07579E-05   5.96950E-13     2499.53  1
 1.21000E-04   1.68396E-04   1.07753E-04   6.16116E-05   7.17662E-13     2573.80  1
 1.41000E-04   1.94184E-04   1.07674E-04   6.22503E-05   8.32395E-13     2622.34  1
 1.61000E-04   2.26409E-04   1.07721E-04   6.26660E-05   9.29654E-13     2534.47  1
 1.81000E-04   2.59376E-04   1.07769E-04   6.27603E-05   8.80191E-13     2568.70  0
 2.01000E-04   2.58354E-04   1.02506E-04   6.27413E-05   7.77054E-13     2371.55  0
 2.21000E-04   2.61564E-04   9.77895E-05   6.71544E-05   7.29202E-13     2103.55  0
 2.41000E-04   2.61741E-04   9.25178E-05   6.87212E-05   6.78036E-13     1958.21  0
 2.61000E-04   2.61810E-04   8.56986E-05   6.88147E-05   6.30244E-13     1863.52  0
 2.81000E-04   2.61796E-04   7.89752E-05   6.84624E-05   5.86840E-13     1798.88  0
 3.01000E-04   2.61707E-04   7.26882E-05   6.79141E-05   5.46868E-13     1753.65  0
 3.21000E-04   2.61562E-04   6.50053E-05   6.72560E-05   5.09227E-13     1719.72  0
 3.41000E-04   2.61364E-04   5.85095E-05   6.65438E-05   4.72758E-13     1693.67  0
 3.61000E-04   2.61137E-04   5.30489E-05   6.58237E-05   4.36518E-13     1672.96  0
 3.81000E-04   2.60872E-04   4.81210E-05   6.51529E-05   4.00401E-13     1656.31  0
 4.01000E-04   2.53924E-04   4.30942E-05   6.34688E-05   3.49054E-13     1642.86  0
 4.21000E-04   2.53591E-04   3.97784E-05   6.47922E-05   3.14177E-13     1632.64  0
 4.41000E-04   2.47354E-04   3.75960E-05   6.46816E-05   2.80765E-13     1625.95  0
 4.61000E-04   2.39699E-04   3.41947E-05   6.45796E-05   2.48871E-13     1622.96  0
 4.81000E-04   2.34490E-04   3.32576E-05   6.44844E-05   2.18515E-13     1622.26  0
 5.01000E-04   2.32359E-04   3.30195E-05   6.43904E-05   1.89621E-13     1621.25  0
 5.21000E-04   2.30663E-04   3.27964E-05   6.42920E-05   1.62508E-13     1619.95  0
 5.41000E-04   2.18462E-04   3.25762E-05   6.41846E-05   1.36930E-13     1618.35  0
 5.61000E-04   2.05943E-04   2.96899E-05   6.40627E-05   1.13267E-13     1616.40  0
 5.81000E-04   1.91258E-04   2.79276E-05   6.39199E-05   9.17026E-14     1614.12  0
 6.01000E-04   1.78914E-04   2.50718E-05   6.27172E-05   6.77824E-14     1611.30  0
 6.21000E-04   1.65773E-04   2.28458E-05   6.41406E-05   5.09028E-14     1608.24  0
 6.41000E-04   1.50226E-04   1.96698E-05   6.37340E-05   3.62924E-14     1604.83  0
 6.61000E-04   1.35320E-04   1.79886E-05   6.32818E-05   2.39824E-14     1601.20  0
 6.81000E-04   1.21553E-04   1.52460E-05   6.27610E-05   9.16991E-14     1597.00  1
 7.01000E-04   4.32900E-05   1.03192E-04   4.24467E-05   2.36008E-13     1842.32  1
 7.21000E-04   8.07216E-05   1.08003E-04   5.64502E-05   3.68626E-13     2429.53  1
 7.41000E-04   1.11644E-04   1.08259E-04   6.04413E-05   4.97513E-13     2604.25  1
 7.61000E-04   1.42251E-04   1.08408E-04   6.16806E-05   6.26710E-13     2639.01  1
 7.81000E-04   1.74718E-04   1.08551E-04   6.25883E-05   7.50177E-13     2645.86  1
 8.01000E-04   2.03513E-04   1.08319E-04   6.26292E-05   8.60980E-13     2617.73  1
 8.21000E-04   2.34155E-04   1.08518E-04   6.67198E-05   9.75327E-13     2613.31  1
 8.41000E-04   2.64273E-04   1.08640E-04   6.80296E-05   1.08235E-12     2630.38  1
 8.61000E-04   2.94257E-04   1.08683E-04   6.94374E-05   1.18755E-12     2644.07  1
 8.81000E-04   3.24125E-04   1.08678E-04   6.94204E-05   1.28523E-12     2680.21  1
 9.01000E-04   3.53955E-04   1.08629E-04   7.01071E-05   1.37811E-12     2686.62  1
 9.21000E-04   3.83952E-04   1.08543E-04   7.02998E-05   1.46739E-12     2684.14  1
 9.41000E-04   4.13965E-04   1.08433E-04   7.03782E-05   1.54770E-12     2680.57  1
 9.61000E-04   4.43954E-04   1.08322E-04   7.05676E-05   1.62241E-12     2677.65  1
 9.81000E-04   4.73914E-04   1.08242E-04   7.06965E-05   1.69062E-12     2660.07  1
 1.00100E-03   5.02368E-04   1.08020E-04   7.07530E-05   1.75090E-12     2595.24  1
 1.02100E-03   5.33837E-04   1.08138E-04   7.07452E-05   1.64855E-12     2590.79  0
 1.04100E-03   5.33952E-04   1.03626E-04   7.07801E-05   1.53982E-12     2252.60  0
 1.06100E-03   5.34039E-04   9.83453E-05   7.08720E-05   1.43651E-12     2106.70  0
 1.08100E-03   5.33935E-04   9.31416E-05   7.07700E-05   1.34186E-12     2016.96  0
 1.10100E-03   5.33694E-04   8.75189E-05   7.06298E-05   1.25487E-12     1949.09  0
 1.12100E-03   5.33332E-04   8.05497E-05   7.04497E-05   1.17511E-12     1894.32  0
 1.14100E-03   5.32842E-04   7.41654E-05   7.01707E-05   1.10053E-12     1846.41  0
 1.16100E-03   5.32145E-04   6.84159E-05   6.97493E-05   1.02940E-12     1805.75  0
 1.18100E-03   5.21909E-04   6.31906E-05   6.92193E-05   9.60895E-13     1770.20  0
 1.20100E-03   5.05430E-04   5.80198E-05   6.73081E-05   8.70964E-13     1738.63  0
 1.22100E-03   4.96265E-04   5.36219E-05   6.64035E-05   8.00495E-13     1709.96  0
 1.24100E-03   4.86791E-04   4.98386E-05   6.59586E-05   7.32550E-13     1685.51  0
 1.26100E-03   4.77690E-04   4.72324E-05   6.56685E-05   6.66732E-13     1665.56  0
 1.28100E-03   4.68830E-04   4.36287E-05   6.55402E-05   6.03351E-13     1649.67  0
 1.30100E-03   4.60675E-04   4.08740E-05   6.54476E-05   5.43232E-13     1637.61  0
 1.32100E-03   4.51248E-04   3.83917E-05   6.53663E-05   4.85878E-13     1629.17  0
 1.34100E-03   4.41316E-04   3.57369E-05   6.52944E-05   4.31956E-13     1624.15  0
 1.36100E-03   4.26800E-04   3.35575E-05   6.52239E-05   3.81477E-13     1622.62  0
 1.38100E-03   4.14821E-04   3.14272E-05   6.51483E-05   3.34279E-13     1621.73  0
 1.40100E-03   4.00414E-04   2.90608E-05   6.42013E-05   2.78919E-13     1620.47  0
 1.42100E-03   3.85463E-04   2.76936E-05   6.68701E-05   2.38285E-13     1618.89  0
 1.44100E-03   3.69086E-04   2.49568E-05   6.63534E-05   2.00478E-13     1616.99  0
 1.46100E-03   3.53724E-04   2.34960E-05   6.59054E-05   1.65867E-13     1614.72  0
 1.48100E-03   3.35018E-04   2.18221E-05   6.54859E-05   1.33858E-13     1612.12  0
 1.50100E-03   3.17859E-04   1.95326E-05   6.50702E-05   1.04703E-13     1609.08  0
 1.52100E-03   2.99871E-04   1.82603E-05   6.46358E-05   1.56486E-13     1605.69  1
 1.54100E-03   4.67016E-05   1.02829E-04   4.32791E-05   2.86363E-13     1920.25  1
 1.56100E-03   7.93278E-05   1.08023E-04   5.65946E-05   4.05280E-13     2446.55  1
 1.58100E-03   1.08622E-04   1.08317E-04   6.04279E-05   5.20991E-13     2577.41  1
 1.60100E-03   1.36836E-04   1.07990E-04   6.11030E-05   6.25636E-13     2568.63  1
 1.62100E-03   1.68361E-04   1.08312E-04   6.57665E-05   7.47192E-13     2568.47  1
 1.64100E-03   1.98114E-04   1.08480E-04   6.74320E-05   8.68239E-13     2563.44  1
 1.66100E-03   2.27406E-04   1.08608E-04   6.87267E-05   9.82634E-13     2575.79  1
 1.68100E-03   2.56775E-04   1.08714E-04   6.93039E-05   1.09024E-12     2619.62  1
 1.70100E-03   2.85430E-04   1.08801E-04   6.96919E-05   1.19458E-12     2628.80  1
 1.72100E-03   3.14187E-04   1.08875E-04   6.99190E-05   1.29749E-12     2616.04  1
 1.74100E-03   3.43422E-04   1.08937E-04   7.00959E-05   1.39563E-12     2604.46  1
 1.76100E-03   3.73019E-04   1.08989E-04   7.02323E-05   1.48626E-12     2616.68  1
 1.78100E-03   4.02990E-04   1.09032E-04   7.03078E-05   1.57596E-12     2615.46  1
 1.80100E-03   4.30703E-04   1.08844E-04   7.04806E-05   1.66330E-12     2579.91  1
 1.82100E-03   4.65607E-04   1.09075E-04   7.07322E-05   1.74347E-12     2575.74  1
 1.84100E-03   4.94415E-04   1.09049E-04   7.09363E-05   1.82202E-12     2591.47  1
 1.86100E-03   5.22996E-04   1.09026E-04   7.10664E-05   1.89622E-12     2614.95  1
 1.88100E-03   5.51625E-04   1.08988E-04   7.12135E-05   1.96481E-12     2621.27  1
 1.90100E-03   5.74962E-04   1.08921E-04   7.13466E-05   2.02922E-12     2631.62  1
 1.92100E-03   6.02474E-04   1.08819E-04   7.14204E-05   2.08931E-12     2618.44  1
 1.94100E-03   6.26239E-04   1.08694E-04   7.14260E-05   2.14209E-12     2607.40  1
 1.96100E-03   6.51981E-04   1.08560E-04   7.14454E-05   2.19114E-12     2603.17  1
 1.98100E-03   6.76434E-04   1.08428E-04   7.15903E-05   2.23366E-12     2593.11  1
 2.00100E-03   6.99588E-04   1.08266E-04   7.16549E-05   2.26634E-12     2559.13  1
 2.02100E-03   7.24872E-04   1.08254E-04   7.17182E-05   2.14043E-12     2562.06  0
 2.04100E-03   7.21548E-04   1.03916E-04   7.18186E-05   2.00558E-12     2258.44  0
 2.06100E-03   7.16852E-04   9.87290E-05   7.18574E-05   1.87692E-12     2107.55  0
 2.08100E-03   7.10545E-04   9.35260E-05   7.18525E-05   1.75653E-12     2019.43  0
 2.10100E-03   7.05712E-04   8.80868E-05   7.16891E-05   1.64549E-12     1953.77  0
 2.12100E-03   6.98017E-04   8.25936E-05   7.14322E-05   1.54246E-12     1899.22  0
 2.14100E-03   6.93746E-04   7.58588E-05   7.11551E-05   1.44499E-12     1852.57  0
 2.16100E-03   6.85048E-04   7.00353E-05   7.06683E-05   1.35157E-12     1811.83  0
 2.18100E-03   6.77297E-04   6.47439E-05   7.02207E-05   1.26163E-12     1776.74  0
 2.20100E-03   6.67859E-04   5.94573E-05   6.63131E-05   1.08681E-12     1744.78  0
 2.22100E-03   6.63554E-04   5.57200E-05   7.23272E-05   9.82739E-13     1708.62  0
 2.24100E-03   6.57777E-04   5.26636E-05   7.26194E-05   8.83375E-13     1677.23  0
 2.26100E-03   6.47947E-04   4.87140E-05   7.28308E-05   7.88989E-13     1653.90  0
 2.28100E-03   6.37941E-04   4.54813E-05   7.29839E-05   7.00417E-13     1638.26  0
 2.30100E-03   6.27379E-04   4.29764E-05   7.30963E-05   6.17869E-13     1628.53  0
 2.32100E-03   6.15933E-04   3.95054E-05   7.31763E-05   5.40774E-13     1623.62  0
 2.34100E-03   6.03586E-04   3.75899E-05   7.32300E-05   4.70231E-13     1622.37  0
 2.36100E-03   5.82453E-04   3.41589E-05   7.32557E-05   4.04734E-13     1621.30  0
 2.38100E-03   5.61026E-04   3.25087E-05   7.32560E-05   3.44579E-13     1619.95  0
 2.40100E-03   5.34114E-04   2.92255E-05   6.84336E-05   2.78917E-13     1618.32  0
 2.42100E-03   5.10766E-04   2.77736E-05   7.44173E-05   2.29342E-13     1616.45  0
 2.44100E-03   4.84617E-04   2.49990E-05   7.40126E-05   1.84969E-13     1614.31  0
 2.46100E-03   4.57138E-04   2.34449E-05   7.14138E-05   1.45615E-13     1611.87  0
 2.48100E-03   4.27030E-04   2.15041E-05   6.83268E-05   1.10777E-13     1609.10  0
 2.50100E-03   3.93958E-04   1.93017E-05   6.58962E-05   8.10024E-14     1605.98  0
 2.52100E-03   3.57779E-04   1.80085E-05   6.29469E-05   1.31112E-13     1602.50  1
 2.54100E-03   4.30912E-05   1.03112E-04   4.70477E-05   2.69915E-13     1834.07  1
 2.56100E-03   7.68409E-05   1.07907E-04   5.59568E-05   3.93742E-13     2551.41  1
 2.58100E-03   1.08063E-04   1.08198E-04   6.03979E-05   5.11957E-13     2625.58  1
 2.60100E-03   1.38083E-04   1.08108E-04   6.12679E-05   6.26625E-13     2650.23  1
 2.62100E-03   1.68090E-04   1.08256E-04   6.26073E-05   7.42880E-13     2648.70  1
 2.64100E-03   1.97989E-04   1.08404E-04   6.31360E-05   8.58985E-13     2644.63  1
 2.66100E-03   2.27947E-04   1.08558E-04   6.35257E-05   9.70457E-13     2646.99  1
 2.68100E-03   2.57668E-04   1.08698E-04   6.37712E-05   1.07936E-12     2677.95  1
 2.70100E-03   2.87566E-04   1.08814E-04   6.39588E-05   1.18133E-12     2682.19  1
 2.72100E-03   3.17350E-04   1.08909E-04   6.42274E-05   1.28481E-12     2683.53  1
 2.74100E-03   3.47097E-04   1.08988E-04   6.45337E-05   1.38115E-12     2660.31  1
 2.76100E-03   3.76909E-04   1.09057E-04   6.48733E-05   1.47572E-12     2657.46  1
 2.78100E-03   4.06950E-04   1.09113E-04   6.51739E-05   1.56552E-12     2628.48  1
 2.80100E-03   4.34079E-04   1.08993E-04   6.54585E-05   1.64717E-12     2595.30  1
 2.82100E-03   4.71300E-04   1.09177E-04   6.57391E-05   1.73362E-12     2592.64  1
 2.84100E-03   5.03290E-04   1.09153E-04   6.59908E-05   1.81199E-12     2636.16  1
 2.86100E-03   5.33325E-04   1.09194E-04   6.62339E-05   1.88633E-12     2706.21  1
 2.88100E-03   5.63389E-04   1.09230E-04   6.64024E-05   1.95554E-12     2694.67  1
 2.90100E-03   5.93400E-04   1.09260E-04   6.65432E-05   2.02262E-12     2708.71  1
 2.92100E-03   6.23302E-04   1.09285E-04   6.66375E-05   2.08499E-12     2685.74  1
 2.94100E-03   6.53088E-04   1.09304E-04   6.66753E-05   2.14584E-12     2678.10  1
 2.96100E-03   6.76560E-04   1.09314E-04   6.68456E-05   2.20363E-12     2677.33  1
 2.98100E-03   7.02525E-04   1.09316E-04   6.71239E-05   2.25433E-12     2683.85  1
 3.00100E-03   7.23847E-04   1.09139E-04   6.73974E-05   2.30922E-12     2667.67  1
 3.02100E-03   7.48599E-04   1.09254E-04   6.76273E-05   2.36314E-12     2654.26  1
 3.04100E-03   7.73306E-04   1.09180E-04   6.89080E-05   2.41517E-12     2699.48  1
 3.06100E-03   7.95189E-04   1.09103E-04   6.98065E-05   2.46258E-12     2695.75  1
 3.08100E-03   8.18249E-04   1.09012E-04   7.03596E-05   2.50506E-12     2703.82  1
 3.10100E-03   8.43186E-04   1.08898E-04   7.06246E-05   2.54246E-12     2703.76  1
 3.12100E-03   8.64723E-04   1.08765E-04   7.07908E-05   2.57481E-12     2678.31  1
 3.14100E-03   8.87153E-04   1.08626E-04   7.08473E-05   2.60178E-12     2673.53  1
 3.16100E-03   9.11573E-04   1.08491E-04   7.08733E-05   2.62397E-12     2667.23  1
 3.18100E-03   9.33746E-04   1.08370E-04   7.09509E-05   2.64280E-12     2659.55  1
 3.20100E-03   9.54363E-04   1.08249E-04   7.10198E-05   2.65531E-12     2634.69  1
 3.22100E-03   9.75399E-04   1.08234E-04   7.10268E-05   2.50348E-12     2658.86  0
 3.24100E-03   9.70146E-04   1.03742E-04   7.09658E-05   2.34805E-12     2280.90  0
 3.26100E-03   9.59586E-04   9.86332E-05   7.09128E-05   2.19707E-12     2123.55  0
 3.28100E-03   9.49431E-04   9.34477E-05   7.08578E-05   2.05575E-12     2032.96  0
 3.30100E-03   9.39688E-04   8.79371E-05   7.07110E-05   1.92546E-12     1966.40  0
 3.32100E-03   9.30150E-04   8.22545E-05   7.05371E-05   1.80314E-12     1911.91  0
 3.34100E-03   9.20119E-04   7.53410E-05   7.02777E-05   1.68747E-12     1865.09  0
 3.36100E-03   9.08318E-04   6.96172E-05   6.99910E-05   1.57686E-12     1825.05  0
 3.38100E-03   8.95507E-04   6.43763E-05   6.97233E-05   1.47047E-12     1789.84  0
 3.40100E-03   8.79913E-04   5.97063E-05   6.80244E-05   1.30303E-12     1759.02  0
 3.42100E-03   8.64331E-04   5.60388E-05   7.15834E-05   1.17607E-12     1721.72  0
 3.44100E-03   8.48971E-04   5.28613E-05   7.36057E-05   1.05916E-12     1690.71  0
 3.46100E-03   8.33454E-04   4.90437E-05   7.34951E-05   9.49075E-13     1666.53  0
 3.48100E-03   8.13878E-04   4.62577E-05   7.33340E-05   8.45284E-13     1648.34  0
 3.50099E-03   7.94446E-04   4.33673E-05   7.32022E-05   7.48269E-13     1635.50  0
 3.52099E-03   7.75421E-04   4.02862E-05   7.32606E-05   6.57020E-13     1627.43  0
 3.54099E-03   7.53184E-04   3.80458E-05   7.32855E-05   5.72876E-13     1623.37  0
 3.56099E-03   7.26109E-04   3.48750E-05   7.32862E-05   4.95037E-13     1622.37  0
 3.58099E-03   6.97631E-04   3.29431E-05   7.32592E-05   4.22942E-13     1621.31  0
 3.60099E-03   6.62443E-04   2.98612E-05   7.19213E-05   3.36108E-13     1619.75  0
 3.62099E-03   6.33465E-04   2.80889E-05   7.26104E-05   2.71389E-13     1617.86  0
 3.64099E-03   5.99138E-04   2.53745E-05   7.19203E-05   2.15298E-13     1615.55  0
 3.66099E-03   5.61616E-04   2.35068E-05   6.87049E-05   1.66471E-13     1612.85  0
 3.68099E-03   5.18141E-04   2.14530E-05   6.68318E-05   1.24006E-13     1609.76  0
 3.70099E-03   4.75127E-04   1.91318E-05   6.53671E-05   8.76768E-14     1606.26  0
 3.72099E-03   4.29469E-04   1.77437E-05   6.37562E-05   1.40940E-13     1602.34  1
 3.74099E-03   4.33917E-05   1.03788E-04   4.28154E-05   2.59579E-13     1868.22  1
 3.76099E-03   7.47883E-05   1.07985E-04   5.56145E-05   3.75542E-13     2459.92  1
 3.78099E-03   1.06191E-04   1.08464E-04   6.05429E-05   4.97039E-13     2611.47  1
 3.80099E-03   1.35510E-04   1.08114E-04   6.10760E-05   6.28236E-13     2573.40  1
 3.82099E-03   1.65906E-04   1.08305E-04   6.69509E-05   7.55616E-13     2563.47  1
 3.84099E-03   1.96171E-04   1.08524E-04   6.85031E-05   8.74759E-13     2579.21  1
 3.86099E-03   2.26555E-04   1.08658E-04   6.92577E-05   9.93769E-13     2571.13  1
 3.88099E-03   2.57074E-04   1.08756E-04   6.96731E-05   1.10551E-12     2567.46  1
 3.90099E-03   2.87709E-04   1.08835E-04   6.98525E-05   1.21350E-12     2574.31  1
 3.92099E-03   3.18473E-04   1.08901E-04   6.99880E-05   1.31723E-12     2580.80  1
 3.94099E-03   3.49314E-04   1.08956E-04   7.00966E-05   1.41692E-12     2584.52  1
 3.96099E-03   3.80258E-04   1.09009E-04   7.02189E-05   1.51299E-12     2589.71  1
 3.98099E-03   4.11239E-04   1.09069E-04   7.03535E-05   1.60652E-12     2597.40  1
 4.00099E-03   4.41182E-04   1.09123E-04   7.05002E-05   1.69714E-12     2597.66  1
 4.02099E-03   4.71106E-04   1.09200E-04   7.05767E-05   1.78396E-12     2591.24  1
 4.04099E-03   5.00618E-04   1.09241E-04   7.06228E-05   1.86595E-12     2627.76  1
 4.06099E-03   5.30868E-04   1.09276E-04   7.06744E-05   1.94374E-12     2611.56  1
 4.08099E-03   5.61883E-04   1.09311E-04   7.08693E-05   2.01578E-12     2628.59  1
 4.10099E-03   5.90883E-04   1.09343E-04   7.10986E-05   2.08632E-12     2619.27  1
 4.12099E-03   6.20744E-04   1.09372E-04   7.12639E-05   2.15293E-12     2627.60  1
 4.14099E-03   6.50592E-04   1.09397E-04   7.14264E-05   2.21406E-12     2630.31  1
 4.16100E-03   6.74275E-04   1.09418E-04   7.15962E-05   2.27492E-12     2632.22  1
 4.18100E-03   6.92990E-04   1.09437E-04   7.17939E-05   2.33497E-12     2618.15  1
 4.20100E-03   7.12267E-04   1.09310E-04   7.19879E-05   2.39448E-12     2603.40  1
 4.22100E-03   7.40677E-04   1.09442E-04   7.21465E-05   2.44549E-12     2618.91  1
 4.24100E-03   7.63213E-04   1.09417E-04   7.23171E-05   2.49492E-12     2628.21  1
 4.26100E-03   7.87828E-04   1.09410E-04   7.24523E-05   2.54166E-12     2653.78  1
 4.28100E-03   8.12664E-04   1.09412E-04   7.25184E-05   2.58512E-12     2656.61  1
 4.30100E-03   8.36337E-04   1.09410E-04   7.26109E-05   2.62251E-12     2655.36  1
 4.32100E-03   8.61447E-04   1.09400E-04   7.26805E-05   2.65923E-12     2656.74  1
 4.34100E-03   8.84451E-04   1.09380E-04   7.27077E-05   2.69204E-12     2641.15  1
 4.36100E-03   9.10715E-04   1.09349E-04   7.27425E-05   2.72275E-12     2630.73  1
 4.38100E-03   9.32684E-04   1.09303E-04   7.28784E-05   2.75520E-12     2626.06  1
 4.40100E-03   9.54971E-04   1.09164E-04   7.39435E-05   2.78762E-12     2594.02  1
 4.42100E-03   9.76935E-04   1.09214E-04   7.45417E-05   2.81299E-12     2591.82  1
 4.44100E-03   1.00211E-03   1.09097E-04   7.49991E-05   2.83615E-12     2621.29  1
 4.46100E-03   1.02256E-03   1.08925E-04   7.52046E-05   2.85435E-12     2614.39  1
 4.48100E-03   1.04824E-03   1.08772E-04   7.52750E-05   2.86317E-12     2617.15  1
 4.50100E-03   1.06709E-03   1.08615E-04   7.53938E-05   2.86965E-12     2608.36  1
 4.52100E-03   1.08710E-03   1.08463E-04   7.54308E-05   2.87414E-12     2586.41  1
 4.54100E-03   1.10856E-03   1.08330E-04   7.53803E-05   2.87233E-12     2573.83  1
 4.56100E-03   1.12995E-03   1.08248E-04   7.52775E-05   2.70710E-12     2565.82  0
 4.58100E-03   1.11919E-03   1.04182E-04   7.52181E-05   2.53190E-12     2251.38  0
 4.60100E-03   1.10350E-03   9.89801E-05   7.36600E-05   2.27755E-12     2105.21  0
 4.62100E-03   1.09261E-03   9.39552E-05   7.95199E-05   2.10479E-12     1987.90  0
 4.64100E-03   1.07298E-03   8.84985E-05   8.13730E-05   1.93495E-12     1898.74  0
 4.66100E-03   1.05568E-03   8.29509E-05   8.16765E-05   1.77435E-12     1833.68  0
 4.68100E-03   1.03265E-03   7.74047E-05   8.19358E-05   1.62306E-12     1783.85  0
 4.70100E-03   1.00887E-03   7.08928E-05   8.20577E-05   1.48083E-12     1744.23  0
 4.72100E-03   9.84343E-04   6.53025E-05   8.21508E-05   1.34708E-12     1713.15  0
 4.74100E-03   9.59374E-04   6.01169E-05   8.22761E-05   1.22092E-12     1687.99  0
 4.76100E-03   9.30875E-04   5.56116E-05   8.23729E-05   1.10213E-12     1667.68  0
 4.78100E-03   8.99685E-04   5.18571E-05   8.24480E-05   9.89728E-13     1651.90  0
 4.80100E-03   8.71559E-04   4.77408E-05   8.13380E-05   8.27888E-13     1640.00  0
 4.82100E-03   8.38361E-04   4.40287E-05   8.26465E-05   7.14458E-13     1630.67  0
 4.84100E-03   8.05818E-04   4.10987E-05   8.26588E-05   6.15665E-13     1624.94  0
 4.86100E-03   7.69150E-04   3.83229E-05   8.24133E-05   5.27103E-13     1622.78  0
 4.88100E-03   7.32907E-04   3.53191E-05   8.17184E-05   4.47689E-13     1621.93  0
 4.90100E-03   6.92655E-04   3.31994E-05   8.11068E-05   3.76070E-13     1620.71  0
 4.92100E-03   6.50807E-04   3.03529E-05   8.10625E-05   3.11385E-13     1619.14  0
 4.94100E-03   6.05803E-04   2.84257E-05   8.06298E-05   2.53759E-13     1617.23  0
 4.96100E-03   5.64333E-04   2.59946E-05   7.96251E-05   2.02226E-13     1615.00  0
 4.98100E-03   5.21710E-04   2.38729E-05   7.84720E-05   1.56944E-13     1612.42  0
 5.00100E-03   4.78158E-04   2.21416E-05   7.43429E-05   1.12581E-13     1609.43  0
 5.02100E-03   4.33919E-04   1.94545E-05   7.82365E-05   7.90286E-14     1606.16  0
 5.04100E-03   3.84966E-04   1.80704E-05   7.51960E-05   5.19330E-14     1602.51  0
 5.06100E-03   3.32612E-04   1.55493E-05   7.27401E-05   1.15687E-13     1598.30  1
 5.08100E-03   4.16527E-05   1.04224E-04   4.51149E-05   2.55164E-13     1869.62  1
 5.10100E-03   7.68714E-05   1.08136E-04   5.69461E-05   3.87721E-13     2428.45  1
 5.12100E-03   1.08994E-04   1.08778E-04   6.05859E-05   5.21498E-13     2629.92  1
 5.14100E-03   1.39475E-04   1.08956E-04   6.21787E-05   6.54295E-13     2665.07  1
 5.16100E-03   1.69817E-04   1.09052E-04   6.31418E-05   7.81709E-13     2673.39  1
 5.18100E-03   2.00131E-04   1.09127E-04   6.38050E-05   9.03725E-13     2675.21  1
 5.20100E-03   2.29101E-04   1.08632E-04   6.37011E-05   1.03014E-12     2615.22  1
 5.22100E-03   2.60157E-04   1.08887E-04   6.78252E-05   1.15024E-12     2607.37  1
 5.24100E-03   2.90473E-04   1.09016E-04   6.95309E-05   1.26111E-12     2633.38  1
 5.26100E-03   3.20904E-04   1.09050E-04   7.03110E-05   1.36828E-12     2635.85  1
 5.28100E-03   3.51393E-04   1.09077E-04   7.08590E-05   1.46971E-12     2637.69  1
 5.30100E-03   3.81560E-04   1.09118E-04   7.12237E-05   1.57125E-12     2641.85  1
 5.32100E-03   4.13709E-04   1.09168E-04   7.14280E-05   1.66596E-12     2634.00  1
 5.34100E-03   4.43986E-04   1.09239E-04   7.15359E-05   1.75584E-12     2646.91  1
 5.36100E-03   4.73760E-04   1.09288E-04   7.15883E-05   1.84170E-12     2685.60  1
 5.38100E-03   5.03750E-04   1.09326E-04   7.15884E-05   1.92427E-12     2683.04  1
 5.40100E-03   5.33385E-04   1.09298E-04   7.15553E-05   2.00379E-12     2671.07  1
 5.42100E-03   5.63547E-04   1.09386E-04   7.16404E-05   2.07777E-12     2686.97  1
 5.44100E-03   5.93416E-04   1.09405E-04   7.18380E-05   2.15092E-12     2697.52  1
 5.46101E-03   6.23166E-04   1.09428E-04   7.20118E-05   2.21634E-12     2705.89  1
 5.48101E-03   6.46893E-04   1.09454E-04   7.22021E-05   2.27997E-12     2721.31  1
 5.50101E-03   6.69127E-04   1.09478E-04   7.23957E-05   2.34583E-12     2702.22  1
 5.52101E-03   6.93894E-04   1.09499E-04   7.25748E-05   2.40005E-12     2699.85  1
 5.54101E-03   7.16272E-04   1.09518E-04   7.27550E-05   2.45604E-12     2735.78  1
 5.56101E-03   7.41424E-04   1.09532E-04   7.29117E-05   2.50695E-12     2700.57  1
 5.58101E-03   7.65399E-04   1.09549E-04   7.30589E-05   2.55839E-12     2710.37  1
 5.60101E-03   7.89202E-04   1.09445E-04   7.31801E-05   2.60943E-12     2661.93  1
 5.62101E-03   8.16419E-04   1.09536E-04   7.33014E-05   2.65298E-12     2676.13  1
 5.64101E-03   8.40212E-04   1.09510E-04   7.34095E-05   2.69326E-12     2719.25  1
 5.66101E-03   8.65624E-04   1.09502E-04   7.35001E-05   2.73137E-12     2718.07  1
 5.68101E-03   8.89402E-04   1.09506E-04   7.35489E-05   2.76541E-12     2719.63  1
 5.70101E-03   9.14804E-04   1.09506E-04   7.35621E-05   2.79730E-12     2711.16  1
 5.72101E-03   9.37430E-04   1.09499E-04   7.35811E-05   2.82598E-12     2709.31  1
 5.74101E-03   9.63427E-04   1.09484E-04   7.37016E-05   2.85443E-12     2707.74  1
 5.76101E-03   9.85489E-04   1.09461E-04   7.37575E-05   2.87562E-12     2701.82  1
 5.78101E-03   1.00842E-03   1.09425E-04   7.37844E-05   2.89628E-12     2714.49  1
 5.80101E-03   1.03046E-03   1.09256E-04   7.37894E-05   2.91256E-12     2673.86  1
 5.82101E-03   1.05514E-03   1.09314E-04   7.38198E-05   2.93020E-12     2679.18  1
 5.84101E-03   1.07775E-03   1.09135E-04   7.38676E-05   2.93989E-12     2697.38  1
 5.86101E-03   1.10260E-03   1.08978E-04   7.38990E-05   2.94557E-12     2684.67  1
 5.88101E-03   1.12159E-03   1.08828E-04   7.38926E-05   2.94714E-12     2684.58  1
 5.90101E-03   1.14087E-03   1.08692E-04   7.38404E-05   2.94702E-12     2674.01  1
 5.92101E-03   1.16117E-03   1.08557E-04   7.37476E-05   2.77610E-12     2658.02  0
 5.94101E-03   1.15051E-03   1.05104E-04   7.36320E-05   2.60425E-12     2313.73  0
 5.96101E-03   1.13628E-03   1.00799E-04   7.35292E-05   2.43390E-12     2152.71  0
 5.98101E-03   1.12049E-03   9.59845E-05   7.34573E-05   2.27344E-12     2054.00  0
 6.00101E-03   1.10090E-03   9.04261E-05   7.28724E-05   2.06756E-12     1975.09  0
 6.02101E-03   1.07762E-03   8.52416E-05   7.36420E-05   1.92144E-12     1892.44  0
 6.04101E-03   1.05179E-03   7.98387E-05   7.48400E-05   1.77282E-12     1820.85  0
 6.06101E-03   1.02542E-03   7.44365E-05   7.50781E-05   1.62875E-12     1765.91  0
 6.08101E-03   9.99388E-04   6.92926E-05   7.49499E-05   1.49078E-12     1725.14  0
 6.10101E-03   9.69419E-04   6.43643E-05   7.46734E-05   1.35999E-12     1695.02  0
 6.12101E-03   9.41714E-04   5.98080E-05   7.45148E-05   1.23566E-12     1672.32  0
 6.14101E-03   9.13506E-04   5.56917E-05   7.43686E-05   1.11835E-12     1655.38  0
 6.16101E-03   8.84551E-04   5.24315E-05   7.43370E-05   1.00761E-12     1642.83  0
 6.18101E-03   8.56921E-04   4.83062E-05   7.43993E-05   9.03802E-13     1633.68  0
 6.20101E-03   8.26706E-04   4.40506E-05   7.34329E-05   7.52248E-13     1627.23  0
 6.22101E-03   7.95371E-04   4.15533E-05   7.73572E-05   6.46375E-13     1623.60  0
 6.24101E-03   7.62252E-04   3.85070E-05   7.93590E-05   5.53810E-13     1622.59  0
 6.26101E-03   7.28481E-04   3.57581E-05   8.09744E-05   4.71571E-13     1621.75  0
 6.28101E-03   6.94800E-04   3.34563E-05   8.14453E-05   3.97781E-13     1620.60  0
 6.30101E-03   6.49846E-04   3.10317E-05   8.14517E-05   3.31294E-13     1619.14  0
 6.32101E-03   6.06067E-04   2.88166E-05   8.14197E-05   2.71944E-13     1617.40  0
 6.34101E-03   5.63098E-04   2.73088E-05   8.13411E-05   2.19199E-13     1615.37  0
 6.36101E-03   5.18283E-04   2.45632E-05   8.01352E-05   1.72352E-13     1613.02  0
 6.38101E-03   4.75905E-04   2.31523E-05   7.87397E-05   1.31766E-13     1610.36  0
 6.40101E-03   4.27569E-04   2.08461E-05   7.51832E-05   9.32493E-14     1607.28  0
 6.42101E-03   3.85330E-04   1.89918E-05   7.66763E-05   1.50281E-13     1603.96  1
 6.44101E-03   4.17096E-05   1.04372E-04   4.70316E-05   2.93554E-13     1847.62  1
 6.46101E-03   7.41085E-05   1.08390E-04   5.58215E-05   4.20336E-13     2406.27  1
 6.48101E-03   1.04716E-04   1.08888E-04   6.02830E-05   5.47010E-13     2502.12  1
 6.50101E-03   1.34708E-04   1.09013E-04   6.14321E-05   6.75004E-13     2544.37  1
 6.52101E-03   1.64621E-04   1.09079E-04   6.26023E-05   8.03008E-13     2559.00  1
 6.54101E-03   1.94654E-04   1.09132E-04   6.32787E-05   9.28143E-13     2566.50  1
 6.56101E-03   2.24658E-04   1.09180E-04   6.38033E-05   1.04861E-12     2569.84  1
 6.58101E-03   2.54600E-04   1.09222E-04   6.43341E-05   1.16416E-12     2575.13  1
 6.60101E-03   2.83227E-04   1.09079E-04   6.45533E-05   1.27252E-12     2570.35  1
 6.62101E-03   3.21271E-04   1.09328E-04   6.53507E-05   1.37811E-12     2582.01  1
 6.64101E-03   3.51163E-04   1.09333E-04   6.57348E-05   1.47766E-12     2614.03  1
 6.66101E-03   3.81431E-04   1.09343E-04   6.60362E-05   1.57449E-12     2643.38  1
 6.68101E-03   4.11313E-04   1.09372E-04   6.62705E-05   1.66553E-12     2634.19  1
 6.70101E-03   4.41341E-04   1.09403E-04   6.64913E-05   1.75459E-12     2641.16  1
 6.72101E-03   4.71765E-04   1.09431E-04   6.66757E-05   1.84022E-12     2630.54  1
 6.74101E-03   5.01425E-04   1.09457E-04   6.69005E-05   1.91917E-12     2629.98  1
 6.76101E-03   5.31554E-04   1.09479E-04   6.70493E-05   1.99804E-12     2626.85  1
 6.78102E-03   5.61475E-04   1.09499E-04   6.71459E-05   2.07053E-12     2617.72  1
 6.80102E-03   5.89224E-04   1.09392E-04   6.72129E-05   2.14634E-12     2610.86  1
 6.82102E-03   6.20919E-04   1.09509E-04   6.73801E-05   2.20921E-12     2609.57  1
 6.84102E-03   6.44546E-04   1.09491E-04   6.75098E-05   2.27289E-12     2635.27  1
 6.86102E-03   6.72135E-04   1.09492E-04   6.76637E-05   2.33321E-12     2663.88  1
 6.88102E-03   6.97047E-04   1.09507E-04   6.77891E-05   2.39745E-12     2653.78  1
 6.90102E-03   7.22987E-04   1.09521E-04   6.88385E-05   2.46029E-12     2657.48  1
 6.92102E-03   7.50282E-04   1.09532E-04   6.95491E-05   2.52061E-12     2651.10  1
 6.94102E-03   7.73433E-04   1.09540E-04   7.00998E-05   2.57415E-12     2640.17  1
 6.96102E-03   8.00983E-04   1.09546E-04   7.04511E-05   2.62788E-12     2647.31  1
 6.98102E-03   8.24342E-04   1.09550E-04   7.06731E-05   2.67809E-12     2640.95  1
 7.00102E-03   8.48719E-04   1.09416E-04   7.07974E-05   2.72603E-12     2623.69  1
 7.02102E-03   8.78463E-04   1.09531E-04   7.09734E-05   2.76653E-12     2626.69  1
 7.04102E-03   9.03803E-04   1.09493E-04   7.12771E-05   2.80311E-12     2623.45  1
 7.06102E-03   9.26845E-04   1.09453E-04   7.14754E-05   2.83606E-12     2644.10  1
 7.08102E-03   9.54433E-04   1.09405E-04   7.15900E-05   2.86495E-12     2635.80  1
 7.10102E-03   9.77173E-04   1.09339E-04   7.16695E-05   2.72718E-12     2631.26  0
 7.12102E-03   9.75582E-04   1.07504E-04   7.17083E-05   2.58022E-12     2319.24  0
 7.14102E-03   9.74447E-04   1.03052E-04   7.17400E-05   2.43601E-12     2174.88  0
 7.16102E-03   9.66574E-04   9.86148E-05   7.18049E-05   2.29628E-12     2087.63  0
 7.18102E-03   9.63417E-04   9.39264E-05   7.18912E-05   2.16337E-12     2019.11  0
 7.20102E-03   9.55107E-04   8.92105E-05   7.17109E-05   2.03362E-12     1956.52  0
 7.22102E-03   9.52349E-04   8.43687E-05   7.16355E-05   1.91162E-12     1901.17  0
 7.24102E-03   9.42772E-04   7.96852E-05   7.14621E-05   1.79482E-12     1851.93  0
 7.26102E-03   9.36604E-04   7.50454E-05   7.11855E-05   1.68149E-12     1808.93  0
 7.28102E-03   9.28333E-04   7.08438E-05   7.07753E-05   1.57163E-12     1772.16  0
 7.30102E-03   9.17951E-04   6.71808E-05   7.02522E-05   1.46493E-12     1741.49  0
 7.32102E-03   9.07725E-04   6.30430E-05   6.96311E-05   1.36130E-12     1715.57  0
 7.34102E-03   8.96146E-04   5.90007E-05   6.89455E-05   1.26066E-12     1693.92  0
 7.36102E-03   8.82343E-04   5.55012E-05   6.82347E-05   1.16299E-12     1675.85  0
 7.38102E-03   8.67363E-04   5.27893E-05   6.75394E-05   1.06850E-12     1660.72  0
 7.40102E-03   8.44165E-04   4.88753E-05   6.58121E-05   9.02412E-13     1648.48  0
 7.42102E-03   8.23504E-04   4.61863E-05   7.08494E-05   7.93906E-13     1638.00  0
 7.44102E-03   7.92118E-04   4.35294E-05   7.24741E-05   6.98633E-13     1629.93  0
 7.46102E-03   7.57814E-04   4.08895E-05   7.26765E-05   6.11973E-13     1624.82  0
 7.48102E-03   7.23793E-04   3.86401E-05   7.28488E-05   5.33229E-13     1622.83  0
 7.50102E-03   6.94119E-04   3.63250E-05   7.29797E-05   4.60890E-13     1622.09  0
 7.52102E-03   6.63125E-04   3.39607E-05   7.30726E-05   3.94784E-13     1621.02  0
 7.54102E-03   6.29069E-04   3.24488E-05   7.31224E-05   3.34776E-13     1619.64  0
 7.56102E-03   5.88165E-04   2.95313E-05   7.31178E-05   2.80329E-13     1617.98  0
 7.58102E-03   5.51148E-04   2.80897E-05   7.30742E-05   2.31264E-13     1616.04  0
 7.60102E-03   5.02846E-04   2.53426E-05   6.71468E-05   2.52962E-13     1613.23  1
 7.62102E-03   4.63635E-04   2.36637E-05   7.65380E-05   3.81493E-13     1837.06  1
 7.64102E-03   7.84869E-05   1.08520E-04   5.29614E-05   4.97750E-13     2419.16  1
 7.66102E-03   1.11083E-04   1.08919E-04   5.96857E-05   6.11602E-13     2549.20  1
 7.68102E-03   1.41808E-04   1.09028E-04   6.16621E-05   7.25393E-13     2635.21  1
 7.70102E-03   1.71962E-04   1.09090E-04   6.29034E-05   8.39674E-13     2694.64  1
 7.72102E-03   2.02265E-04   1.09140E-04   6.36157E-05   9.52521E-13     2703.76  1
 7.74102E-03   2.32578E-04   1.09185E-04   6.41402E-05   1.06435E-12     2708.95  1
 7.76102E-03   2.62792E-04   1.09226E-04   6.46877E-05   1.17519E-12     2687.91  1
 7.78102E-03   2.92797E-04   1.09263E-04   6.51074E-05   1.28356E-12     2688.62  1
 7.80102E-03   3.21771E-04   1.09127E-04   6.54556E-05   1.38562E-12     2639.50  1
 7.82102E-03   3.53700E-04   1.09307E-04   6.57883E-05   1.48340E-12     2637.62  1
 7.84102E-03   3.83993E-04   1.09309E-04   6.60754E-05   1.57866E-12     2701.44  1
 7.86102E-03   4.14356E-04   1.09327E-04   6.63074E-05   1.67065E-12     2699.04  1
 7.88102E-03   4.44426E-04   1.09356E-04   6.65002E-05   1.75628E-12     2710.55  1
 7.90102E-03   4.74528E-04   1.09385E-04   6.66444E-05   1.83722E-12     2700.67  1
 7.92102E-03   5.04365E-04   1.09411E-04   6.67840E-05   1.91759E-12     2704.84  1
 7.94102E-03   5.33887E-04   1.09436E-04   6.68587E-05   1.99228E-12     2693.13  1
 7.96102E-03   5.63308E-04   1.09458E-04   6.69564E-05   2.06708E-12     2693.66  1
 7.98102E-03   5.88729E-04   1.09477E-04   6.70934E-05   2.13561E-12     2686.79  1
 8.00102E-03   6.15850E-04   1.09360E-04   6.72874E-05   2.20432E-12     2659.65  1
 8.02102E-03   6.45034E-04   1.09473E-04   6.74655E-05   2.26575E-12     2674.02  1
 8.04102E-03   6.71654E-04   1.09443E-04   6.76288E-05   2.32564E-12     2702.98  1
 8.06102E-03   6.96361E-04   1.09426E-04   6.77896E-05   2.38183E-12     2727.10  1
 8.08102E-03   7.24375E-04   1.09406E-04   6.79306E-05   2.44190E-12     2712.72  1
 8.10102E-03   7.49066E-04   1.09370E-04   6.89784E-05   2.33163E-12     2715.95  0
 8.12102E-03   7.46531E-04   1.07549E-04   6.98566E-05   2.21655E-12     2360.61  0
 8.14102E-03   7.44662E-04   1.03142E-04   7.03876E-05   2.10298E-12     2201.89  0
 8.16103E-03   7.38610E-04   9.87685E-05   7.06956E-05   1.99233E-12     2105.59  0
 8.18103E-03   7.35784E-04   9.42120E-05   7.09727E-05   1.88654E-12     2035.31  0
 8.20103E-03   7.29379E-04   8.85229E-05   7.09520E-05   1.74302E-12     1971.08  0
 8.22103E-03   7.27303E-04   8.37846E-05   7.25333E-05   1.63582E-12     1896.05  0
 8.24103E-03   7.23315E-04   7.89204E-05   7.39006E-05   1.52217E-12     1829.02  0
 8.26103E-03   7.16806E-04   7.44800E-05   7.42420E-05   1.40921E-12     1776.89  0
 8.28103E-03   7.12645E-04   7.02246E-05   7.42939E-05   1.30043E-12     1736.56  0
 8.30103E-03   7.05190E-04   6.66691E-05   7.41368E-05   1.19550E-12     1705.36  0
 8.32103E-03   7.01173E-04   6.29043E-05   7.39342E-05   1.09539E-12     1681.10  0
 8.34103E-03   6.92748E-04   5.87506E-05   7.38003E-05   9.99919E-13     1662.22  0
 8.36103E-03   6.85164E-04   5.51610E-05   7.38916E-05   9.09046E-13     1647.79  0
 8.38103E-03   6.79843E-04   5.25710E-05   7.39798E-05   8.23181E-13     1637.21  0
 8.40103E-03   6.68384E-04   4.85774E-05   7.30368E-05   6.90638E-13     1629.67  0
 8.42103E-03   6.54295E-04   4.55800E-05   7.67797E-05   5.98762E-13     1624.83  0
 8.44103E-03   6.41687E-04   4.31169E-05   7.89355E-05   5.17791E-13     1622.89  0
 8.46103E-03   6.20553E-04   3.99665E-05   8.09809E-05   4.45203E-13     1622.26  0
 8.48103E-03   6.02009E-04   3.79686E-05   8.13780E-05   3.79431E-13     1621.33  0
 8.50103E-03   5.76654E-04   3.49617E-05   8.14616E-05   3.20083E-13     1620.11  0
 8.52103E-03   5.51066E-04   3.31274E-05   8.15046E-05   2.66856E-13     1618.62  0
 8.54103E-03   5.17321E-04   3.03608E-05   8.14995E-05   2.18690E-13     1616.86  0
 8.56103E-03   4.83706E-04   2.85036E-05   8.14503E-05   1.76390E-13     1614.83  0
 8.58103E-03   4.44988E-04   2.62858E-05   8.13570E-05   1.39087E-13     1612.56  0
 8.60103E-03   4.02537E-04   2.40220E-05   8.09327E-05   1.91242E-13     1609.90  1
 8.62103E-03   4.75427E-05   1.03814E-04   4.77906E-05   3.33563E-13     1817.71  1
 8.64103E-03   7.92869E-05   1.08457E-04   5.66168E-05   4.58879E-13     2429.38  1
 8.66103E-03   1.09646E-04   1.08870E-04   6.08118E-05   5.82557E-13     2567.77  1
 8.68103E-03   1.39375E-04   1.08980E-04   6.21144E-05   7.04659E-13     2564.81  1
 8.70103E-03   1.70384E-04   1.09039E-04   6.29522E-05   8.26095E-13     2602.67  1
 8.72103E-03   2.00597E-04   1.09089E-04   6.36615E-05   9.45103E-13     2620.95  1
 8.74103E-03   2.31097E-04   1.09134E-04   6.41857E-05   1.06229E-12     2610.45  1
 8.76103E-03   2.61370E-04   1.09174E-04   6.45666E-05   1.17768E-12     2604.99  1
 8.78103E-03   2.91878E-04   1.09212E-04   6.49584E-05   1.28702E-12     2599.79  1
 8.80103E-03   3.19678E-04   1.09053E-04   6.52544E-05   1.39092E-12     2594.63  1
 8.82103E-03   3.53062E-04   1.09260E-04   6.55417E-05   1.49034E-12     2584.76  1
 8.84103E-03   3.84212E-04   1.09257E-04   6.58050E-05   1.58686E-12     2597.83  1
 8.86103E-03   4.14665E-04   1.09270E-04   6.60317E-05   1.67837E-12     2621.08  1
 8.88103E-03   4.45271E-04   1.09293E-04   6.62013E-05   1.76639E-12     2625.09  1
 8.90103E-03   4.74393E-04   1.09308E-04   6.63392E-05   1.84937E-12     2633.94  1
 8.92103E-03   5.04450E-04   1.09311E-04   6.64389E-05   1.92797E-12     2632.74  1
 8.94103E-03   5.34304E-04   1.09294E-04   6.65218E-05   1.83531E-12     2626.06  0
 8.96103E-03   5.35732E-04   1.07368E-04   6.66954E-05   1.73466E-12     2315.05  0
 8.98103E-03   5.36519E-04   1.03016E-04   6.68669E-05   1.63706E-12     2170.86  0
 9.00103E-03   5.31777E-04   9.80099E-05   6.63496E-05   1.55129E-12     2078.14  0
 9.02103E-03   5.33232E-04   9.33112E-05   6.76984E-05   1.46525E-12     1983.92  0
 9.04103E-03   5.29684E-04   8.83416E-05   6.90117E-05   1.37328E-12     1905.69  0
 9.06103E-03   5.23779E-04   8.34290E-05   6.93086E-05   1.28265E-12     1846.02  0
 9.08103E-03   5.21363E-04   7.84511E-05   6.92604E-05   1.19532E-12     1799.03  0
 9.10103E-03   5.14798E-04   7.38371E-05   6.90238E-05   1.11152E-12     1762.23  0
 9.12103E-03   5.11881E-04   6.94024E-05   6.86463E-05   1.03092E-12     1731.82  0
 9.14103E-03   5.05252E-04   6.54014E-05   6.81758E-05   9.53444E-13     1706.96  0
 9.16103E-03   5.01770E-04   6.21285E-05   6.76354E-05   8.79075E-13     1686.00  0
 9.18103E-03   4.94830E-04   5.81822E-05   6.70709E-05   8.07132E-13     1668.42  0
 9.20103E-03   4.88508E-04   5.41641E-05   6.59423E-05   6.91961E-13     1653.51  0
 9.22103E-03   4.76215E-04   5.12544E-05   7.16526E-05   6.15401E-13     1639.52  0
 9.24103E-03   4.67119E-04   4.82546E-05   7.20005E-05   5.45742E-13     1629.35  0
 9.26103E-03   4.58049E-04   4.50819E-05   7.22427E-05   4.81427E-13     1624.03  0
 9.28103E-03   4.45464E-04   4.28956E-05   7.24149E-05   4.22251E-13     1622.57  0
 9.30103E-03   4.35561E-04   3.96621E-05   7.25366E-05   3.67841E-13     1621.70  0
 9.32103E-03   4.23225E-04   3.77869E-05   7.26186E-05   3.17158E-13     1620.54  0
 9.34103E-03   4.12156E-04   3.46540E-05   7.26673E-05   2.70688E-13     1619.10  0
 9.36103E-03   3.96861E-04   3.28806E-05   7.26829E-05   2.27878E-13     1617.42  0
 9.38103E-03   3.83616E-04   2.98735E-05   7.26602E-05   1.88656E-13     1615.49  0
 9.40103E-03   3.65251E-04   2.79797E-05   7.06721E-05   1.42915E-13     1613.00  0
 9.42103E-03   3.49423E-04   2.53148E-05   7.29082E-05   1.08920E-13     1610.64  0
 9.44103E-03   3.29526E-04   2.35265E-05   7.28341E-05   1.68193E-13     1608.01  1
 9.46104E-03   4.41131E-05   1.04452E-04   4.41885E-05   3.03748E-13     1848.75  1
 9.48104E-03   7.92636E-05   1.08483E-04   5.62331E-05   4.32390E-13     2409.42  1
 9.50104E-03   1.10397E-04   1.08876E-04   6.03616E-05   5.60025E-13     2594.41  1
 9.52104E-03   1.41632E-04   1.08983E-04   6.17094E-05   6.86856E-13     2639.56  1
 9.54104E-03   1.71603E-04   1.09049E-04   6.27809E-05   8.07623E-13     2657.54  1
 9.56104E-03   2.01810E-04   1.09109E-04   6.33870E-05   9.28990E-13     2640.83  1
 9.58104E-03   2.31933E-04   1.09153E-04   6.39581E-05   1.04959E-12     2632.60  1
 9.60104E-03   2.63930E-04   1.08927E-04   6.41118E-05   1.15454E-12     2601.63  1
 9.62104E-03   2.93971E-04   1.08997E-04   6.79543E-05   1.10146E-12     2638.26  0
 9.64104E-03   2.94158E-04   1.06348E-04   6.93217E-05   1.03568E-12     2277.21  0
 9.66104E-03   2.94277E-04   1.02640E-04   7.00799E-05   9.66143E-13     2103.41  0
 9.68104E-03   2.94297E-04   9.79861E-05   7.05797E-05   8.98723E-13     1997.29  0
 9.70104E-03   2.94223E-04   9.30155E-05   7.07476E-05   8.36332E-13     1928.78  0
 9.72104E-03   2.93989E-04   8.81405E-05   7.06967E-05   7.79061E-13     1871.60  0
 9.74104E-03   2.93674E-04   8.31412E-05   7.04401E-05   7.25587E-13     1823.67  0
 9.76104E-03   2.93308E-04   7.82087E-05   7.00711E-05   6.75557E-13     1782.90  0
 9.78104E-03   2.92899E-04   7.33061E-05   6.95715E-05   6.27807E-13     1748.46  0
 9.80104E-03   2.92493E-04   6.85109E-05   6.89677E-05   5.81960E-13     1719.68  0
 9.82104E-03   2.92220E-04   6.39795E-05   6.83027E-05   5.37079E-13     1695.48  0
 9.84104E-03   2.92028E-04   5.97093E-05   6.76094E-05   4.93302E-13     1675.07  0
 9.86104E-03   2.91786E-04   5.61869E-05   6.69921E-05   4.50908E-13     1658.34  0
 9.88104E-03   2.91449E-04   5.28505E-05   6.65161E-05   4.10006E-13     1645.20  0
 9.90104E-03   2.85516E-04   4.89324E-05   6.60801E-05   3.70544E-13     1635.14  0
 9.92104E-03   2.81450E-04   4.58606E-05   6.57737E-05   3.32942E-13     1628.01  0
 9.94104E-03   2.73768E-04   4.31911E-05   6.56745E-05   2.97620E-13     1623.93  0
 9.96104E-03   2.65725E-04   4.00483E-05   6.55850E-05   2.64381E-13     1622.74  0
 9.98104E-03   2.59791E-04   3.80120E-05   6.54977E-05   2.33043E-13     1622.13  0
 1.00010E-02   2.52434E-04   3.50311E-05   6.54082E-05   2.03658E-13     1621.29  0
 1.00210E-02   2.45113E-04   3.32024E-05   6.53104E-05   1.76003E-13     1620.23  0
 1.00410E-02   2.40829E-04   3.06872E-05   6.51991E-05   1.50019E-13     1618.93  0
 1.00610E-02   2.32912E-04   2.87766E-05   6.50636E-05   1.25893E-13     1617.38  0
 1.00810E-02   2.26411E-04   2.75161E-05   6.49013E-05   1.03654E-13     1615.56  0
 1.01010E-02   2.11505E-04   2.48026E-05   6.47058E-05   8.33915E-14     1613.43  0
 1.01210E-02   1.94393E-04   2.34600E-05   6.44496E-05   6.53771E-14     1610.99  0
 1.01410E-02   1.80467E-04   2.17753E-05   6.41348E-05   4.94364E-14     1608.34  0
 1.01610E-02   1.64685E-04   1.95149E-05   6.37299E-05   3.56023E-14     1605.41  0
 1.01810E-02   1.49305E-04   1.82237E-05   6.31621E-05   2.44073E-14     1602.11  0
 1.02010E-02   1.35964E-04   1.60870E-05   5.56924E-05   1.53780E-14     1598.35  0
 1.02210E-02   1.19814E-04   1.40746E-05   4.86557E-05   8.50331E-15     1594.05  0
 1.02410E-02   1.01949E-04   1.26958E-05   4.29330E-05   3.79877E-15     1589.21  0
 1.02610E-02   7.96121E-05   9.53377E-06   3.38383E-05   9.40322E-16     1583.10  0
 1.02810E-02   5.29859E-05   7.54610E-06   2.36998E-05   0.00000E+00     1575.49  0
 1.03010E-02   0.00000E+00   0.00000E+00   0.00000E+00   0.00000E+00     1558.55  0
 1.03210E-02   0.00000E+00   0.00000E+00   0.00000E+00   0.00000E+00     1514.13  0
 1.03410E-02   0.00000E+00   0.00000E+00   0.00000E+00   0.00000E+00     1482.22  0
 1.03610E-02   0.00000E+00   0.00000E+00   0.00000E+00   0.00000E+00     1455.97  0
 1.03810E-02   0.00000E+00   0.00000E+00   0.00000E+00   0.00000E+00     1441.16  0
 1.04010E-02   0.00000E+00   0.00000E+00   0.00000E+00   0.00000E+00     1430.06  0
 1.04210E-02   0.00000E+00   0.00000E+00   0.00000E+00   0.00000E+00     1418.78  0
 1.04410E-02   0.00000E+00   0.00000E+00   0.00000E+00   0.00000E+00     1407.45  0
 1.04610E-02   0.00000E+00   0.00000E+00   0.00000E+00   0.00000E+00     1396.16  0
 1.04810E-02   0.00000E+00   0.00000E+00   0.00000E+00   0.00000E+00     1384.96  0
 1.05010E-02   0.00000E+00   0.00000E+00   0.00000E+00   0.00000E+00     1373.92  0
 1.05210E-02   0.00000E+00   0.00000E+00   0.00000E+00   0.00000E+00     1363.04  0
 1.05410E-02   0.00000E+00   0.00000E+00   0.00000E+00   0.00000E+00     1352.34  0
 1.05610E-02   0.00000E+00   0.00000E+00   0.00000E+00   0.00000E+00     1341.84  0
 1.05810E-02   0.00000E+00   0.00000E+00   0.00000E+00   0.00000E+00     1331.53  0
 1.06010E-02   0.00000E+00   0.00000E+00   0.00000E+00   0.00000E+00     1321.42  0
 1.06210E-02   0.00000E+00   0.00000E+00   0.00000E+00   0.00000E+00     1311.50  0
 1.06410E-02   0.00000E+00   0.00000E+00   0.00000E+00   0.00000E+00     1301.82  0
 1.06610E-02   0.00000E+00   0.00000E+00   0.00000E+00   0.00000E+00     1292.38  0
 1.06810E-02   0.00000E+00   0.00000E+00   0.00000E+00   0.00000E+00     1283.11  0
 1.07010E-02   0.00000E+00   0.00000E+00   0.00000E+00   0.00000E+00     1277.86  0
 1.07210E-02   0.00000E+00   0.00000E+00   0.00000E+00   0.00000E+00     1273.68  0
 1.07410E-02   0.00000E+00   0.00000E+00   0.00000E+00   0.00000E+00     1269.38  0
 1.07610E-02   0.00000E+00   0.00000E+00   0.00000E+00   0.00000E+00     1264.97  0
 1.07810E-02   0.00000E+00   0.00000E+00   0.00000E+00   0.00000E+00     1260.46  0
 1.08010E-02   0.00000E+00   0.00000E+00   0.00000E+00   0.00000E+00     1255.86  0
 1.08210E-02   0.00000E+00   0.00000E+00   0.00000E+00   0.00000E+00     1251.19  0
 1.08410E-02   0.00000E+00   0.00000E+00   0.00000E+00   0.00000E+00     1246.44  0
 1.08610E-02   0.00000E+00   0.00000E+00   0.00000E+00   0.00000E+00     1241.64  0
 1.08810E-02   0.00000E+00   0.00000E+00   0.00000E+00   0.00000E+00     1236.77  0
 1.09010E-02   0.00000E+00   0.00000E+00   0.00000E+00   0.00000E+00     1231.86  0
 1.09210E-02   0.00000E+00   0.00000E+00   0.00000E+00   0.00000E+00     1226.91  0
 1.09410E-02   0.00000E+00   0.00000E+00   0.00000E+00   0.00000E+00     1221.91  0
 1.09610E-02   0.00000E+00   0.00000E+00   0.00000E+00   0.00000E+00     1216.89  0
 1.09810E-02   0.00000E+00   0.00000E+00   0.00000E+00   0.00000E+00     1211.84  0
 1.10010E-02   0.00000E+00   0.00000E+00   0.00000E+00   0.00000E+00     1206.77  0
 1.10210E-02   0.00000E+00   0.00000E+00   0.00000E+00   0.00000E+00     1201.69  0
 1.10410E-02   0.00000E+00   0.00000E+00   0.00000E+00   0.00000E+00     1196.59  0
 1.10610E-02   0.00000E+00   0.00000E+00   0.00000E+00   0.00000E+00     1192.59  0
 1.10810E-02   0.00000E+00   0.00000E+00   0.00000E+00   0.00000E+00     1189.05  0
 1.11010E-02   0.00000E+00   0.00000E+00   0.00000E+00   0.00000E+00     1185.44  0
 1.11210E-02   0.00000E+00   0.00000E+00   0.00000E+00   0.00000E+00     1181.76  0
 1.11410E-02   0.00000E+00   0.00000E+00   0.00000E+00   0.00000E+00     1178.02  0
 1.11610E-02   0.00000E+00   0.00000E+00   0.00000E+00   0.00000E+00     1174.22  0
 1.11810E-02   0.00000E+00   0.00000E+00   0.00000E+00   0.00000E+00     1170.38  0
 1.12010E-02   0.00000E+00   0.00000E+00   0.00000E+00   0.00000E+00     1166.48  0
 1.12210E-02   0.00000E+00   0.00000E+00   0.00000E+00   0.00000E+00     1162.54  0
 1.12410E-02   0.00000E+00   0.00000E+00   0.00000E+00   0.00000E+00     1158.57  0
 1.12610E-02   0.00000E+00   0.00000E+00   0.00000E+00   0.00000E+00     1154.56  0
 1.12810E-02   0.00000E+00   0.00000E+00   0.00000E+00   0.00000E+00     1150.51  0
 1.13010E-02   0.00000E+00   0.00000E+00   0.00000E+00   0.00000E+00     1146.44  0
 1.13210E-02   0.00000E+00   0.00000E+00   0.00000E+00   0.00000E+00     1142.35  0
 1.13410E-02   0.00000E+00   0.00000E+00   0.00000E+00   0.00000E+00     1138.23  0
 1.13610E-02   0.00000E+00   0.00000E+00   0.00000E+00   0.00000E+00     1134.10  0
 1.13810E-02   0.00000E+00   0.00000E+00   0.00000E+00   0.00000E+00     1129.95  0
 1.14010E-02   0.00000E+00   0.00000E+00   0.00000E+00   0.00000E+00     1125.79  0
 1.14210E-02   0.00000E+00   0.00000E+00   0.00000E+00   0.00000E+00     1121.63  0
 1.14411E-02   0.00000E+00   0.00000E+00   0.00000E+00   0.00000E+00     1117.45  0
 1.14611E-02   0.00000E+00   0.00000E+00   0.00000E+00   0.00000E+00     1113.27  0
 1.14811E-02   0.00000E+00   0.00000E+00   0.00000E+00   0.00000E+00     1109.09  0
 1.15011E-02   0.00000E+00   0.00000E+00   0.00000E+00   0.00000E+00     1104.91  0
 1.15211E-02   0.00000E+00   0.00000E+00   0.00000E+00   0.00000E+00     1100.73  0
 1.15411E-02   0.00000E+00   0.00000E+00   0.00000E+00   0.00000E+00     1096.55  0
 1.15611E-02   0.00000E+00   0.00000E+00   0.00000E+00   0.00000E+00     1092.38  0
 1.15811E-02   0.00000E+00   0.00000E+00   0.00000E+00   0.00000E+00     1088.22  0
 1.16011E-02   0.00000E+00   0.00000E+00   0.00000E+00   0.00000E+00     1084.06  0
 1.16211E-02   0.00000E+00   0.00000E+00   0.00000E+00   0.00000E+00     1079.92  0
 1.16411E-02   0.00000E+00   0.00000E+00   0.00000E+00   0.00000E+00     1075.79  0
 1.16611E-02   0.00000E+00   0.00000E+00   0.00000E+00   0.00000E+00     1071.67  0
 1.16811E-02   0.00000E+00   0.00000E+00   0.00000E+00   0.00000E+00     1067.57  0
 1.17011E-02   0.00000E+00   0.00000E+00   0.00000E+00   0.00000E+00     1063.49  0
 1.17211E-02   0.00000E+00   0.00000E+00   0.00000E+00   0.00000E+00     1059.42  0
 1.17411E-02   0.00000E+00   0.00000E+00   0.00000E+00   0.00000E+00     1055.37  0
 1.17611E-02   0.00000E+00   0.00000E+00   0.00000E+00   0.00000E+00     1051.33  0
 1.17811E-02   0.00000E+00   0.00000E+00   0.00000E+00   0.00000E+00     1047.32  0
 1.18011E-02   0.00000E+00   0.00000E+00   0.00000E+00   0.00000E+00     1043.33  0
 1.18211E-02   0.00000E+00   0.00000E+00   0.00000E+00   0.00000E+00     1039.36  0
 1.18411E-02   0.00000E+00   0.00000E+00   0.00000E+00   0.00000E+00     1035.42  0
 1.18611E-02   0.00000E+00   0.00000E+00   0.00000E+00   0.00000E+00     1031.50  0
 1.18811E-02   0.00000E+00   0.00000E+00   0.00000E+00   0.00000E+00     1027.60  0
 1.19011E-02   0.00000E+00   0.00000E+00   0.00000E+00   0.00000E+00     1023.72  0
 1.19211E-02   0.00000E+00   0.00000E+00   0.00000E+00   0.00000E+00     1019.87  0
 1.19411E-02   0.00000E+00   0.00000E+00   0.00000E+00   0.00000E+00     1016.05  0
 1.19611E-02   0.00000E+00   0.00000E+00   0.00000E+00   0.00000E+00     1012.25  0
 1.19811E-02   0.00000E+00   0.00000E+00   0.00000E+00   0.00000E+00     1008.48  0
 1.20011E-02   0.00000E+00   0.00000E+00   0.00000E+00   0.00000E+00     1004.74  0
 1.20211E-02   0.00000E+00   0.00000E+00   0.00000E+00   0.00000E+00     1001.02  0
 1.20411E-02   0.00000E+00   0.00000E+00   0.00000E+00   0.00000E+00      997.33  0
 1.20611E-02   0.00000E+00   0.00000E+00   0.00000E+00   0.00000E+00      993.67  0
 1.20811E-02   0.00000E+00   0.00000E+00   0.00000E+00   0.00000E+00      990.04  0
 1.21011E-02   0.00000E+00   0.00000E+00   0.00000E+00   0.00000E+00      986.43  0
 1.21211E-02   0.00000E+00   0.00000E+00   0.00000E+00   0.00000E+00      982.85  0
 1.21411E-02   0.00000E+00   0.00000E+00   0.00000E+00   0.00000E+00      979.31  0
 1.21611E-02   0.00000E+00   0.00000E+00   0.00000E+00   0.00000E+00      975.79  0
 1.21811E-02   0.00000E+00   0.00000E+00   0.00000E+00   0.00000E+00      972.30  0
 1.22011E-02   0.00000E+00   0.00000E+00   0.00000E+00   0.00000E+00      968.84  0
 1.22211E-02   0.00000E+00   0.00000E+00   0.00000E+00   0.00000E+00      965.40  0
 1.22411E-02   0.00000E+00   0.00000E+00   0.00000E+00   0.00000E+00      962.29  0
 1.22611E-02   0.00000E+00   0.00000E+00   0.00000E+00   0.00000E+00      959.21  0
 1.22811E-02   0.00000E+00   0.00000E+00   0.00000E+00   0.00000E+00      956.15  0
 1.23011E-02   0.00000E+00   0.00000E+00   0.00000E+00   0.00000E+00      953.12  0
 1.23211E-02   0.00000E+00   0.00000E+00   0.00000E+00   0.00000E+00      950.11  0
 1.23411E-02   0.00000E+00   0.00000E+00   0.00000E+00   0.00000E+00      947.13  0
 1.23611E-02   0.00000E+00   0.00000E+00   0.00000E+00   0.00000E+00      944.16  0
 1.23811E-02   0.00000E+00   0.00000E+00   0.00000E+00   0.00000E+00      941.22  0
 1.24011E-02   0.00000E+00   0.00000E+00   0.00000E+00   0.00000E+00      938.31  0
 1.24211E-02   0.00000E+00   0.00000E+00   0.00000E+00   0.00000E+00      935.41  0
 1.24411E-02   0.00000E+00   0.00000E+00   0.00000E+00   0.00000E+00      932.54  0
 1.24611E-02   0.00000E+00   0.00000E+00   0.00000E+00   0.00000E+00      929.69  0
 1.24811E-02   0.00000E+00   0.00000E+00   0.00000E+00   0.00000E+00      926.87  0
 1.25011E-02   0.00000E+00   0.00000E+00   0.00000E+00   0.00000E+00      924.07  0
 1.25211E-02   0.00000E+00   0.00000E+00   0.00000E+00   0.00000E+00      921.29  0
 1.25411E-02   0.00000E+00   0.00000E+00   0.00000E+00   0.00000E+00      918.54  0
 1.25611E-02   0.00000E+00   0.00000E+00   0.00000E+00   0.00000E+00      915.81  0
 1.25811E-02   0.00000E+00   0.00000E+00   0.00000E+00   0.00000E+00      913.10  0
 1.26011E-02   0.00000E+00   0.00000E+00   0.00000E+00   0.00000E+00      910.41  0
 1.26211E-02   0.00000E+00   0.00000E+00   0.00000E+00   0.00000E+00      907.75  0
 1.26411E-02   0.00000E+00   0.00000E+00   0.00000E+00   0.00000E+00      905.11  0
 1.26611E-02   0.00000E+00   0.00000E+00   0.00000E+00   0.00000E+00      902.49  0
 1.26811E-02   0.00000E+00   0.00000E+00   0.00000E+00   0.00000E+00      899.90  0
 1.27011E-02   0.00000E+00   0.00000E+00   0.00000E+00   0.00000E+00      897.32  0
 1.27211E-02   0.00000E+00   0.00000E+00   0.00000E+00   0.00000E+00      894.77  0
 1.27411E-02   0.00000E+00   0.00000E+00   0.00000E+00   0.00000E+00      892.24  0
 1.27611E-02   0.00000E+00   0.00000E+00   0.00000E+00   0.00000E+00      889.74  0
 1.27811E-02   0.00000E+00   0.00000E+00   0.00000E+00   0.00000E+00      887.25  0
 1.28011E-02   0.00000E+00   0.00000E+00   0.00000E+00   0.00000E+00      884.79  0
 1.28211E-02   0.00000E+00   0.00000E+00   0.00000E+00   0.00000E+00      882.34  0
 1.28411E-02   0.00000E+00   0.00000E+00   0.00000E+00   0.00000E+00      879.92  0
 1.28611E-02   0.00000E+00   0.00000E+00   0.00000E+00   0.00000E+00      877.62  0
 1.28811E-02   0.00000E+00   0.00000E+00   0.00000E+00   0.00000E+00      876.05  0
 1.29011E-02   0.00000E+00   0.00000E+00   0.00000E+00   0.00000E+00      874.49  0
 1.29211E-02   0.00000E+00   0.00000E+00   0.00000E+00   0.00000E+00      872.94  0
 1.29411E-02   0.00000E+00   0.00000E+00   0.00000E+00   0.00000E+00      871.39  0
 1.29611E-02   0.00000E+00   0.00000E+00   0.00000E+00   0.00000E+00      869.86  0
 1.29811E-02   0.00000E+00   0.00000E+00   0.00000E+00   0.00000E+00      868.33  0
 1.30011E-02   0.00000E+00   0.00000E+00   0.00000E+00   0.00000E+00      866.81  0
 1.30211E-02   0.00000E+00   0.00000E+00   0.00000E+00   0.00000E+00      865.30  0
 1.30411E-02   0.00000E+00   0.00000E+00   0.00000E+00   0.00000E+00      863.80  0
 1.30611E-02   0.00000E+00   0.00000E+00   0.00000E+00   0.00000E+00      862.30  0
 1.30811E-02   0.00000E+00   0.00000E+00   0.00000E+00   0.00000E+00      860.82  0
 1.31011E-02   0.00000E+00   0.00000E+00   0.00000E+00   0.00000E+00      859.34  0
 1.31211E-02   0.00000E+00   0.00000E+00   0.00000E+00   0.00000E+00      857.86  0
 1.31411E-02   0.00000E+00   0.00000E+00   0.00000E+00   0.00000E+00      856.40  0
 1.31611E-02   0.00000E+00   0.00000E+00   0.00000E+00   0.00000E+00      854.94  0
 1.31811E-02   0.00000E+00   0.00000E+00   0.00000E+00   0.00000E+00      853.49  0
 1.32011E-02   0.00000E+00   0.00000E+00   0.00000E+00   0.00000E+00      852.05  0
 1.32211E-02   0.00000E+00   0.00000E+00   0.00000E+00   0.00000E+00      850.62  0
 1.32411E-02   0.00000E+00   0.00000E+00   0.00000E+00   0.00000E+00      849.19  0
 1.32611E-02   0.00000E+00   0.00000E+00   0.00000E+00   0.00000E+00      847.77  0
 1.32811E-02   0.00000E+00   0.00000E+00   0.00000E+00   0.00000E+00      846.36  0
 1.33011E-02   0.00000E+00   0.00000E+00   0.00000E+00   0.00000E+00      844.96  0
 1.33211E-02   0.00000E+00   0.00000E+00   0.00000E+00   0.00000E+00      843.57  0
 1.33411E-02   0.00000E+00   0.00000E+00   0.00000E+00   0.00000E+00      842.18  0
 1.33611E-02   0.00000E+00   0.00000E+00   0.00000E+00   0.00000E+00      840.80  0
 1.33811E-02   0.00000E+00   0.00000E+00   0.00000E+00   0.00000E+00      839.42  0
 1.34011E-02   0.00000E+00   0.00000E+00   0.00000E+00   0.00000E+00      838.06  0
 1.34211E-02   0.00000E+00   0.00000E+00   0.00000E+00   0.00000E+00      836.70  0
 1.34411E-02   0.00000E+00   0.00000E+00   0.00000E+00   0.00000E+00      835.35  0
 1.34611E-02   0.00000E+00   0.00000E+00   0.00000E+00   0.00000E+00      834.00  0
 1.34811E-02   0.00000E+00   0.00000E+00   0.00000E+00   0.00000E+00      832.67  0
 1.35011E-02   0.00000E+00   0.00000E+00   0.00000E+00   0.00000E+00      831.34  0
 1.35211E-02   0.00000E+00   0.00000E+00   0.00000E+00   0.00000E+00      830.01  0
 1.35411E-02   0.00000E+00   0.00000E+00   0.00000E+00   0.00000E+00      828.70  0
 1.35611E-02   0.00000E+00   0.00000E+00   0.00000E+00   0.00000E+00      827.39  0
 1.35811E-02   0.00000E+00   0.00000E+00   0.00000E+00   0.00000E+00      826.08  0
 1.36011E-02   0.00000E+00   0.00000E+00   0.00000E+00   0.00000E+00      824.79  0
 1.36211E-02   0.00000E+00   0.00000E+00   0.00000E+00   0.00000E+00      823.50  0
 1.36411E-02   0.00000E+00   0.00000E+00   0.00000E+00   0.00000E+00      822.22  0
 1.36611E-02   0.00000E+00   0.00000E+00   0.00000E+00   0.00000E+00      820.94  0
 1.36811E-02   0.00000E+00   0.00000E+00   0.00000E+00   0.00000E+00      819.67  0
 1.37011E-02   0.00000E+00   0.00000E+00   0.00000E+00   0.00000E+00      818.41  0
 1.37211E-02   0.00000E+00   0.00000E+00   0.00000E+00   0.00000E+00      817.15  0
 1.37411E-02   0.00000E+00   0.00000E+00   0.00000E+00   0.00000E+00      815.90  0
 1.37611E-02   0.00000E+00   0.00000E+00   0.00000E+00   0.00000E+00      814.65  0
 1.37811E-02   0.00000E+00   0.00000E+00   0.00000E+00   0.00000E+00      813.41  0
 1.38011E-02   0.00000E+00   0.00000E+00   0.00000E+00   0.00000E+00      812.18  0
 1.38211E-02   0.00000E+00   0.00000E+00   0.00000E+00   0.00000E+00      810.95  0
 1.38411E-02   0.00000E+00   0.00000E+00   0.00000E+00   0.00000E+00      809.73  0
 1.38611E-02   0.00000E+00   0.00000E+00   0.00000E+00   0.00000E+00      808.52  0
 1.38811E-02   0.00000E+00   0.00000E+00   0.00000E+00   0.00000E+00      807.31  0
 1.39011E-02   0.00000E+00   0.00000E+00   0.00000E+00   0.00000E+00      806.11  0
 1.39211E-02   0.00000E+00   0.00000E+00   0.00000E+00   0.00000E+00      804.91  0
 1.39411E-02   0.00000E+00   0.00000E+00   0.00000E+00   0.00000E+00      803.72  0
 1.39611E-02   0.00000E+00   0.00000E+00   0.00000E+00   0.00000E+00      802.53  0
 1.39811E-02   0.00000E+00   0.00000E+00   0.00000E+00   0.00000E+00      801.36  0
 1.40011E-02   0.00000E+00   0.00000E+00   0.00000E+00   0.00000E+00      800.18  0
 1.40211E-02   0.00000E+00   0.00000E+00   0.00000E+00   0.00000E+00      799.01  0
 1.40411E-02   0.00000E+00   0.00000E+00   0.00000E+00   0.00000E+00      797.85  0
 1.40611E-02   0.00000E+00   0.00000E+00   0.00000E+00   0.00000E+00      796.69  0
 1.40811E-02   0.00000E+00   0.00000E+00   0.00000E+00   0.00000E+00      795.54  0
 1.41011E-02   0.00000E+00   0.00000E+00   0.00000E+00   0.00000E+00      794.40  0
 1.41211E-02   0.00000E+00   0.00000E+00   0.00000E+00   0.00000E+00      793.26  0
 1.41411E-02   0.00000E+00   0.00000E+00   0.00000E+00   0.00000E+00      792.12  0
 1.41611E-02   0.00000E+00   0.00000E+00   0.00000E+00   0.00000E+00      790.99  0
 1.41811E-02   0.00000E+00   0.00000E+00   0.00000E+00   0.00000E+00      789.87  0
 1.42011E-02   0.00000E+00   0.00000E+00   0.00000E+00   0.00000E+00      788.75  0
 1.42211E-02   0.00000E+00   0.00000E+00   0.00000E+00   0.00000E+00      787.64  0
 1.42411E-02   0.00000E+00   0.00000E+00   0.00000E+00   0.00000E+00      786.54  0
 1.42611E-02   0.00000E+00   0.00000E+00   0.00000E+00   0.00000E+00      785.44  0
 1.42811E-02   0.00000E+00   0.00000E+00   0.00000E+00   0.00000E+00      784.34  0
 1.43011E-02   0.00000E+00   0.00000E+00   0.00000E+00   0.00000E+00      783.25  0
 1.43211E-02   0.00000E+00   0.00000E+00   0.00000E+00   0.00000E+00      782.17  0
 1.43411E-02   0.00000E+00   0.00000E+00   0.00000E+00   0.00000E+00      781.09  0
 1.43611E-02   0.00000E+00   0.00000E+00   0.00000E+00   0.00000E+00      780.02  0
 1.43811E-02   0.00000E+00   0.00000E+00   0.00000E+00   0.00000E+00      778.95  0
 1.44011E-02   0.00000E+00   0.00000E+00   0.00000E+00   0.00000E+00      777.97  0
 1.44211E-02   0.00000E+00   0.00000E+00   0.00000E+00   0.00000E+00      776.99  0
 1.44411E-02   0.00000E+00   0.00000E+00   0.00000E+00   0.00000E+00      776.02  0
 1.44611E-02   0.00000E+00   0.00000E+00   0.00000E+00   0.00000E+00      775.05  0
 1.44811E-02   0.00000E+00   0.00000E+00   0.00000E+00   0.00000E+00      774.26  0
 1.45011E-02   0.00000E+00   0.00000E+00   0.00000E+00   0.00000E+00      773.47  0
 1.45211E-02   0.00000E+00   0.00000E+00   0.00000E+00   0.00000E+00      772.69  0
 1.45411E-02   0.00000E+00   0.00000E+00   0.00000E+00   0.00000E+00      771.90  0
 1.45611E-02   0.00000E+00   0.00000E+00   0.00000E+00   0.00000E+00      771.12  0
 1.45811E-02   0.00000E+00   0.00000E+00   0.00000E+00   0.00000E+00      770.34  0
 1.46011E-02   0.00000E+00   0.00000E+00   0.00000E+00   0.00000E+00      769.56  0
 1.46211E-02   0.00000E+00   0.00000E+00   0.00000E+00   0.00000E+00      768.79  0
 1.46411E-02   0.00000E+00   0.00000E+00   0.00000E+00   0.00000E+00      768.02  0
 1.46611E-02   0.00000E+00   0.00000E+00   0.00000E+00   0.00000E+00      767.25  0
 1.46811E-02   0.00000E+00   0.00000E+00   0.00000E+00   0.00000E+00      766.48  0
 1.47011E-02   0.00000E+00   0.00000E+00   0.00000E+00   0.00000E+00      765.72  0
 1.47211E-02   0.00000E+00   0.00000E+00   0.00000E+00   0.00000E+00      764.95  0
 1.47411E-02   0.00000E+00   0.00000E+00   0.00000E+00   0.00000E+00      764.19  0
 1.47611E-02   0.00000E+00   0.00000E+00   0.00000E+00   0.00000E+00      763.43  0
 1.47811E-02   0.00000E+00   0.00000E+00   0.00000E+00   0.00000E+00      762.68  0
 1.48011E-02   0.00000E+00   0.00000E+00   0.00000E+00   0.00000E+00      761.93  0
 1.48211E-02   0.00000E+00   0.00000E+00   0.00000E+00   0.00000E+00      761.18  0
 1.48411E-02   0.00000E+00   0.00000E+00   0.00000E+00   0.00000E+00      760.43  0
 1.48611E-02   0.00000E+00   0.00000E+00   0.00000E+00   0.00000E+00      759.68  0
 1.48811E-02   0.00000E+00   0.00000E+00   0.00000E+00   0.00000E+00      758.94  0
 1.49011E-02   0.00000E+00   0.00000E+00   0.00000E+00   0.00000E+00      758.19  0
 1.49211E-02   0.00000E+00   0.00000E+00   0.00000E+00   0.00000E+00      757.45  0
 1.49411E-02   0.00000E+00   0.00000E+00   0.00000E+00   0.00000E+00      756.72  0
 1.49611E-02   0.00000E+00   0.00000E+00   0.00000E+00   0.00000E+00      755.98  0
 1.49811E-02   0.00000E+00   0.00000E+00   0.00000E+00   0.00000E+00      755.25  0
 1.50011E-02   0.00000E+00   0.00000E+00   0.00000E+00   0.00000E+00      754.52  0
 1.50211E-02   0.00000E+00   0.00000E+00   0.00000E+00   0.00000E+00      753.79  0
 1.50411E-02   0.00000E+00   0.00000E+00   0.00000E+00   0.00000E+00      753.06  0
 1.50611E-02   0.00000E+00   0.00000E+00   0.00000E+00   0.00000E+00      752.34  0
 1.50811E-02   0.00000E+00   0.00000E+00   0.00000E+00   0.00000E+00      751.62  0
 1.51011E-02   0.00000E+00   0.00000E+00   0.00000E+00   0.00000E+00      750.90  0
 1.51211E-02   0.00000E+00   0.00000E+00   0.00000E+00   0.00000E+00      750.18  0
