# Thermal History - 10 Monitoring Points
# Columns: time(s)  T1..T10 (K)
# Point physical coordinates:
#  P 1:  x= 4.000E-04m  y= 1.000E-03m  z= 6.950E-04m
#  P 2:  x= 1.000E-03m  y= 1.000E-03m  z= 6.950E-04m
#  P 3:  x= 1.600E-03m  y= 1.000E-03m  z= 6.950E-04m
#  P 4:  x= 1.000E-03m  y= 1.000E-03m  z= 6.600E-04m
#  P 5:  x= 1.000E-03m  y= 1.000E-03m  z= 6.000E-04m
#  P 6:  x= 1.000E-03m  y= 1.050E-03m  z= 6.950E-04m
#  P 7:  x= 1.000E-03m  y= 1.200E-03m  z= 6.950E-04m
#  P 8:  x= 1.000E-03m  y= 1.500E-03m  z= 6.950E-04m
#  P 9:  x= 1.000E-03m  y= 1.800E-03m  z= 6.950E-04m
#  P10:  x= 1.000E-03m  y= 1.000E-03m  z= 2.000E-04m
#  time(s)    T 1(K)       T 2(K)       T 3(K)       T 4(K)       T 5(K)       T 6(K)       T 7(K)       T 8(K)       T 9(K)       T10(K)       
 2.10000E-05     293.000     293.000     293.000     293.000     293.000     293.000     293.000     293.000     293.000     293.000
 4.10000E-05     293.000     293.000     293.000     293.000     293.000     293.000     293.000     293.000     293.000     293.000
 6.10000E-05     293.000     293.000     293.000     293.000     292.999     293.000     293.000     293.000     293.000     293.000
 8.10000E-05     293.000     293.000     293.000     292.995     292.994     293.000     293.000     293.000     293.000     293.000
 1.01000E-04     293.000     292.995     293.000     292.963     292.961     292.995     292.995     292.995     292.995     292.999
 1.21000E-04     293.000     292.995     293.000     292.968     292.965     292.995     292.995     292.995     292.995     292.999
 1.41000E-04     293.000     292.996     293.000     292.973     292.969     292.996     292.996     292.996     292.996     292.999
 1.61000E-04     293.000     292.996     293.000     292.977     292.974     292.996     292.996     292.996     292.996     292.999
 1.81000E-04     293.000     292.996     293.000     292.977     292.975     292.996     292.996     292.996     292.996     292.999
 2.01000E-04     293.000     292.996     293.000     292.978     292.976     292.996     292.996     292.996     292.996     293.000
 2.21000E-04     293.000     292.996     293.000     292.978     292.975     292.996     292.996     292.996     292.996     293.000
 2.41000E-04     293.000     292.996     293.000     292.977     292.974     292.996     292.996     292.996     292.996     293.000
 2.61000E-04     293.000     292.996     293.000     292.976     292.974     292.996     292.996     292.996     292.996     293.000
 2.81000E-04     293.000     292.995     293.000     292.976     292.973     292.995     292.995     292.996     292.996     293.000
 3.01000E-04     293.000     292.995     293.000     292.976     292.973     292.995     292.995     292.995     292.995     293.000
 3.21000E-04     293.000     292.995     293.000     292.975     292.972     292.995     292.995     292.995     292.995     293.000
 3.41000E-04     293.000     292.995     293.000     292.975     292.972     292.995     292.995     292.995     292.995     293.000
 3.61000E-04     293.000     292.995     293.000     292.974     292.971     292.994     292.994     292.995     292.995     293.000
 3.81000E-04     293.000     292.994     293.000     292.974     292.971     292.994     292.994     292.994     292.994     293.000
 4.01000E-04     293.000     292.994     293.000     292.974     292.971     292.994     292.994     292.994     292.994     292.999
 4.21000E-04     293.000     292.994     293.000     292.974     292.971     292.994     292.994     292.994     292.994     292.999
 4.41000E-04     293.000     292.993     293.000     292.974     292.971     292.993     292.993     292.993     292.993     292.999
 4.61000E-04     293.000     292.993     293.000     292.973     292.971     292.993     292.993     292.993     292.993     292.999
 4.81000E-04     293.000     292.993     293.000     292.973     292.971     292.993     292.993     292.993     292.993     292.999
 5.01000E-04     293.000     292.993     293.000     292.973     292.971     292.993     292.993     292.993     292.993     292.999
 5.21000E-04     293.000     292.992     293.000     292.973     292.971     292.992     292.992     292.992     292.992     292.999
 5.41000E-04     293.000     292.992     293.000     292.973     292.971     292.992     292.992     292.992     292.992     292.999
 5.61000E-04     293.000     292.992     293.000     292.973     292.971     292.992     292.992     292.992     292.992     292.999
 5.81000E-04     293.000     292.991     293.000     292.973     292.971     292.991     292.991     292.992     292.991     292.999
 6.01000E-04     293.000     292.991     293.000     292.973     292.971     292.991     292.991     292.991     292.991     293.000
 6.21000E-04     293.000     292.991     293.000     292.973     292.971     292.991     292.991     292.991     292.991     293.000
 6.41000E-04     293.000     292.991     293.000     292.973     292.970     292.991     292.991     292.991     292.991     293.000
 6.61000E-04     293.000     292.990     293.000     292.972     292.970     292.990     292.990     292.991     292.990     293.000
 6.81000E-04     293.000     292.990     293.000     292.972     292.969     292.990     292.990     292.990     292.990     293.000
 7.01000E-04     293.000     292.990     293.000     292.971     292.968     292.990     292.990     292.990     292.990     293.000
 7.21000E-04     293.000     292.989     293.000     292.971     292.969     292.989     292.989     292.990     292.990     293.000
 7.41000E-04     293.000     292.989     293.000     292.970     292.967     292.989     292.989     292.989     292.989     292.999
 7.61000E-04     293.000     292.989     293.000     292.969     292.966     292.989     292.989     292.989     292.989     292.999
 7.81000E-04     293.000     292.988     293.000     292.968     292.965     292.988     292.988     292.989     292.988     292.999
 8.01000E-04     293.000     292.988     293.000     292.968     292.965     292.988     292.988     292.988     292.988     292.999
 8.21000E-04     293.000     292.988     293.000     292.968     292.965     292.988     292.988     292.988     292.988     292.999
 8.41000E-04     293.000     292.988     293.000     292.968     292.966     292.988     292.988     292.988     292.988     292.999
 8.61000E-04     293.000     292.987     293.000     292.968     292.966     292.987     292.987     292.988     292.988     292.999
 8.81000E-04     293.000     292.987     293.000     292.967     292.965     292.987     292.987     292.987     292.987     292.999
 9.01000E-04     293.000     292.984     293.000     292.951     292.948     292.984     292.985     292.985     292.985     292.999
 9.21000E-04     293.000     292.984     293.000     292.951     292.947     292.984     292.984     292.985     292.984     292.999
 9.41000E-04     293.000     292.983     293.000     292.951     292.947     292.984     292.984     292.984     292.984     292.999
 9.61000E-04     293.000     292.983     293.000     292.951     292.948     292.983     292.984     292.984     292.984     292.999
 9.81000E-04     293.000     292.983     293.000     292.952     292.948     292.983     292.984     292.984     292.984     292.999
 1.00100E-03     293.000     292.983     293.000     292.952     292.948     292.983     292.983     292.984     292.984     292.999
 1.02100E-03     293.000     292.983     293.000     292.952     292.948     292.983     292.983     292.983     292.983     292.999
 1.04100E-03     293.000     292.982     293.000     292.952     292.949     292.983     292.983     292.983     292.983     292.999
 1.06100E-03     293.000     292.982     293.000     292.953     292.949     292.982     292.983     292.983     292.983     292.999
 1.08100E-03     293.000     292.982     293.000     292.953     292.949     292.982     292.982     292.983     292.983     292.999
 1.10100E-03     293.000     292.981     293.000     292.953     292.950     292.982     292.982     292.982     292.982     292.999
 1.12100E-03     293.000     292.981     293.000     292.953     292.950     292.981     292.982     292.982     292.982     292.999
 1.14100E-03     293.000     292.981     293.000     292.953     292.949     292.981     292.981     292.982     292.982     292.999
 1.16100E-03     293.000     292.980     293.000     292.952     292.949     292.980     292.981     292.981     292.981     292.999
 1.18100E-03     293.000     292.980     293.000     292.952     292.949     292.980     292.980     292.981     292.981     292.999
 1.20100E-03     293.000     292.979     293.000     292.952     292.949     292.980     292.980     292.980     292.980     292.999
 1.22100E-03     293.000     292.979     293.000     292.952     292.948     292.979     292.979     292.980     292.980     292.999
 1.24100E-03     293.000     292.979     293.000     292.951     292.948     292.979     292.979     292.980     292.980     292.999
 1.26100E-03     293.000     292.978     293.000     292.951     292.948     292.978     292.979     292.979     292.979     292.999
 1.28100E-03     293.000     292.978     293.000     292.951     292.948     292.978     292.978     292.979     292.979     292.999
 1.30100E-03     293.000     292.977     293.000     292.951     292.948     292.978     292.978     292.979     292.978     292.999
 1.32100E-03     293.000     292.977     293.000     292.951     292.948     292.977     292.978     292.978     292.978     292.998
 1.34100E-03     293.000     292.977     293.000     292.950     292.947     292.977     292.977     292.978     292.978     292.998
 1.36100E-03     293.000     292.976     293.000     292.950     292.947     292.976     292.977     292.977     292.977     292.998
 1.38100E-03     293.000     292.976     293.000     292.950     292.947     292.976     292.976     292.977     292.977     292.998
 1.40100E-03     293.000     292.975     293.000     292.950     292.947     292.976     292.976     292.977     292.977     292.998
 1.42100E-03     293.000     292.975     293.000     292.949     292.947     292.975     292.976     292.976     292.976     292.998
 1.44100E-03     293.000     292.975     293.000     292.949     292.946     292.975     292.975     292.976     292.976     292.998
 1.46100E-03     293.000     292.974     293.000     292.949     292.946     292.975     292.975     292.976     292.976     292.998
 1.48100E-03     293.000     292.974     293.000     292.948     292.946     292.974     292.975     292.975     292.975     292.998
 1.50100E-03     293.000     292.973     293.000     292.948     292.946     292.974     292.974     292.975     292.975     292.998
 1.52100E-03     293.000     292.973     293.000     292.948     292.945     292.973     292.974     292.974     292.975     292.998
 1.54100E-03     293.000     292.973     293.000     292.947     292.945     292.973     292.973     292.974     292.974     292.998
 1.56100E-03     293.000     292.972     293.000     292.946     292.944     292.973     292.973     292.974     292.974     292.998
 1.58100E-03     293.000     292.972     293.000     292.945     292.943     292.972     292.973     292.973     292.974     292.998
 1.60100E-03     293.000     292.971     293.000     292.944     292.942     292.972     292.972     292.973     292.973     292.998
 1.62100E-03     293.000     292.971     293.000     292.944     292.941     292.971     292.972     292.973     292.973     292.998
 1.64100E-03     293.000     292.971     293.000     292.944     292.941     292.971     292.972     292.972     292.972     292.998
 1.66100E-03     293.000     292.970     293.000     292.944     292.942     292.971     292.971     292.972     292.972     292.998
 1.68100E-03     293.000     292.970     293.000     292.944     292.942     292.970     292.971     292.972     292.972     292.998
 1.70100E-03     293.000     292.970     293.000     292.944     292.942     292.970     292.971     292.971     292.971     292.998
 1.72100E-03     293.000     292.969     293.000     292.944     292.942     292.970     292.970     292.971     292.971     292.998
 1.74100E-03     293.000     292.969     293.000     292.945     292.943     292.969     292.970     292.971     292.971     292.998
 1.76100E-03     293.000     292.968     293.000     292.945     292.943     292.969     292.970     292.970     292.970     292.998
 1.78100E-03     293.000     292.968     293.000     292.944     292.943     292.968     292.969     292.970     292.970     292.998
 1.80100E-03     293.000     292.968     293.000     292.945     292.943     292.968     292.969     292.970     292.970     292.998
 1.82100E-03     293.000     292.967     293.000     292.945     292.944     292.968     292.969     292.969     292.970     292.998
 1.84100E-03     293.000     292.967     293.000     292.946     292.945     292.967     292.968     292.969     292.969     292.998
 1.86100E-03     293.000     292.967     293.000     292.947     292.946     292.967     292.968     292.969     292.969     292.998
 1.88100E-03     293.000     292.966     293.000     292.947     292.946     292.967     292.968     292.968     292.969     292.998
 1.90100E-03     293.000     292.966     293.000     292.947     292.946     292.966     292.967     292.968     292.968     292.998
 1.92100E-03     293.000     292.963     293.000     292.927     292.925     292.963     292.965     292.966     292.966     292.996
 1.94100E-03     293.000     292.962     293.000     292.927     292.925     292.963     292.964     292.965     292.965     292.996
 1.96100E-03     293.000     292.962     293.000     292.930     292.927     292.963     292.964     292.965     292.965     292.996
 1.98100E-03     293.000     292.962     293.000     292.932     292.929     292.962     292.964     292.965     292.965     292.996
 2.00100E-03     293.000     292.962     293.000     292.934     292.932     292.962     292.964     292.965     292.965     292.996
 2.02100E-03     293.000     292.962     293.000     292.936     292.934     292.962     292.963     292.964     292.965     292.996
 2.04100E-03     293.000     292.961     293.000     292.938     292.936     292.962     292.963     292.964     292.964     292.996
 2.06100E-03     293.000     292.961     293.000     292.940     292.939     292.961     292.963     292.964     292.964     292.996
 2.08100E-03     293.000     292.961     293.000     292.942     292.941     292.961     292.962     292.963     292.964     292.996
 2.10100E-03     293.000     292.961     293.000     292.945     292.945     292.961     292.962     292.963     292.963     292.996
 2.12100E-03     293.000     292.960     293.000     292.949     292.949     292.960     292.962     292.963     292.963     292.996
 2.14100E-03     293.000     292.960     293.000     292.953     292.953     292.960     292.961     292.962     292.963     292.996
 2.16100E-03     293.000     292.960     293.000     292.958     292.959     292.960     292.961     292.962     292.962     292.996
 2.18100E-03     293.000     292.960     293.000     292.964     292.966     292.959     292.961     292.962     292.962     292.996
 2.20100E-03     293.000     292.959     293.000     292.973     292.974     292.959     292.960     292.961     292.962     292.996
 2.22100E-03     293.000     292.959     293.000     292.983     292.985     292.958     292.960     292.961     292.961     292.996
 2.24100E-03     293.000     292.959     293.000     292.996     292.999     292.958     292.960     292.961     292.961     292.996
 2.26100E-03     293.000     292.959     293.000     293.013     293.015     292.958     292.959     292.960     292.961     292.996
 2.28100E-03     293.001     292.959     293.000     293.033     293.036     292.957     292.959     292.960     292.960     292.996
 2.30100E-03     293.001     292.959     293.000     293.058     293.061     292.957     292.958     292.959     292.960     292.996
 2.32100E-03     293.001     292.960     293.000     293.089     293.092     292.956     292.958     292.959     292.960     292.996
 2.34100E-03     293.001     292.960     293.000     293.127     293.130     292.956     292.958     292.959     292.959     292.996
 2.36100E-03     293.001     292.961     293.000     293.172     293.175     292.956     292.957     292.958     292.959     292.996
 2.38100E-03     293.001     292.962     293.000     293.226     293.228     292.955     292.957     292.958     292.959     292.996
 2.40100E-03     293.002     292.964     293.000     293.308     293.308     292.955     292.956     292.958     292.958     292.996
 2.42100E-03     293.002     292.966     293.000     293.383     293.383     292.955     292.956     292.957     292.958     292.996
 2.44100E-03     293.003     292.968     293.000     293.471     293.469     292.955     292.956     292.957     292.957     292.996
 2.46100E-03     293.003     292.971     293.000     293.571     293.568     292.954     292.955     292.957     292.957     292.996
 2.48100E-03     293.004     292.974     293.000     293.684     293.680     292.954     292.955     292.956     292.957     292.996
 2.50100E-03     293.004     292.979     293.000     293.812     293.806     292.954     292.955     292.956     292.957     292.996
 2.52100E-03     293.005     292.984     293.000     293.956     293.948     292.954     292.954     292.956     292.956     292.996
 2.54100E-03     293.006     292.991     293.000     294.115     294.105     292.954     292.954     292.955     292.956     292.996
 2.56100E-03     293.007     292.999     293.000     294.291     294.279     292.954     292.954     292.955     292.955     292.996
 2.58100E-03     293.008     293.008     293.000     294.484     294.469     292.954     292.953     292.955     292.955     292.995
 2.60100E-03     293.009     293.019     293.000     294.704     294.686     292.955     292.953     292.954     292.955     292.995
 2.62100E-03     293.011     293.032     293.000     294.934     294.912     292.955     292.952     292.954     292.955     292.995
 2.64100E-03     293.013     293.047     293.000     295.181     295.156     292.956     292.952     292.954     292.954     292.995
 2.66100E-03     293.015     293.064     293.001     295.446     295.418     292.957     292.952     292.953     292.954     292.995
 2.68100E-03     293.017     293.084     293.001     295.730     295.698     292.957     292.951     292.953     292.953     292.995
 2.70100E-03     293.019     293.106     293.001     296.034     295.997     292.959     292.951     292.953     292.953     292.995
 2.72100E-03     293.022     293.132     293.001     296.355     296.315     292.960     292.951     292.952     292.953     292.995
 2.74100E-03     293.024     293.160     293.001     296.696     296.651     292.962     292.950     292.952     292.953     292.995
 2.76100E-03     293.028     293.193     293.160     297.057     297.007     292.964     292.950     292.952     292.952     292.995
 2.78100E-03     293.031     293.229     293.465     297.433     297.379     292.967     292.950     292.951     292.952     292.995
 2.80100E-03     293.036     293.287     294.694     298.010     297.937     292.971     292.949     292.951     292.952     292.995
 2.82100E-03     293.041     293.333     295.643     298.434     298.355     292.975     292.949     292.951     292.951     292.995
 2.84100E-03     293.045     293.384     296.830     298.875     298.790     292.980     292.949     292.950     292.951     292.995
 2.86100E-03     293.051     293.440     298.272     299.333     299.243     292.985     292.948     292.950     292.951     292.995
 2.88100E-03     293.056     293.502     299.983     299.808     299.711     292.991     292.948     292.950     292.951     292.995
 2.90100E-03     293.062     293.568     301.977     300.298     300.195     292.997     292.948     292.949     292.950     292.995
 2.92100E-03     293.069     293.641     304.265     300.805     300.695     293.004     292.947     292.949     292.950     292.995
 2.94100E-03     293.076     293.719     306.853     301.327     301.210     293.013     292.947     292.949     292.950     292.995
 2.96100E-03     293.083     293.804     309.743     301.863     301.740     293.022     292.947     292.949     292.949     292.995
 2.98100E-03     293.091     293.895     312.934     302.414     302.283     293.032     292.947     292.948     292.949     292.995
 3.00100E-03     293.100     293.993     316.413     302.978     302.840     293.044     292.946     292.948     292.949     292.995
 3.02100E-03     293.110     294.098     320.177     303.555     303.409     293.057     292.946     292.948     292.949     292.995
 3.04100E-03     293.119     294.209     324.209     304.144     303.991     293.070     292.946     292.947     292.948     292.995
 3.06100E-03     293.130     294.328     328.491     304.745     304.584     293.086     292.945     292.947     292.948     292.995
 3.08100E-03     293.141     294.454     333.003     305.357     305.189     293.103     292.945     292.947     292.948     292.995
 3.10100E-03     293.152     294.588     337.724     305.986     305.808     293.121     292.945     292.947     292.948     292.995
 3.12100E-03     293.165     294.730     342.632     306.737     306.524     293.141     292.945     292.946     292.947     292.995
 3.14100E-03     293.178     294.916     347.706     308.696     308.132     293.162     292.944     292.946     292.947     292.994
 3.16100E-03     293.192     295.373     352.922     315.462     313.156     293.185     292.942     292.945     292.946     292.993
 3.18100E-03     293.206     296.006     358.259     329.152     322.832     293.210     292.942     292.944     292.945     292.993
 3.20100E-03     293.222     296.850     363.442     349.798     337.058     293.237     292.942     292.944     292.945     292.993
 3.22100E-03     293.238     297.954     368.949     375.853     354.852     293.267     292.941     292.944     292.945     292.993
 3.24100E-03     293.255     299.354     374.517     405.343     375.023     293.300     292.941     292.943     292.944     292.993
 3.26100E-03     293.272     301.082     380.127     436.285     396.360     293.336     292.941     292.943     292.944     292.993
 3.28100E-03     293.291     303.169     385.763     467.120     417.878     293.377     292.941     292.943     292.944     292.993
 3.30100E-03     293.310     305.639     391.407     496.795     438.860     293.425     292.940     292.942     292.943     292.993
 3.32100E-03     293.330     308.513     397.046     524.679     458.844     293.482     292.940     292.942     292.943     292.994
 3.34100E-03     293.351     311.801     402.665     550.452     477.564     293.550     292.940     292.942     292.943     292.994
 3.36100E-03     293.373     315.508     408.251     573.972     494.874     293.635     292.939     292.941     292.943     292.994
 3.38100E-03     293.396     319.629     413.793     595.265     510.778     293.739     292.939     292.941     292.942     292.995
 3.40100E-03     293.422     324.160     418.437     614.395     525.298     293.869     292.939     292.941     292.942     292.995
 3.42100E-03     293.447     329.074     423.862     631.557     538.536     294.030     292.939     292.940     292.942     292.995
 3.44100E-03     293.472     334.353     429.212     646.881     550.559     294.227     292.938     292.940     292.941     292.996
 3.46100E-03     293.498     339.975     434.482     660.529     561.459     294.466     292.938     292.940     292.941     292.996
 3.48100E-03     293.526     345.909     439.663     672.661     571.338     294.754     292.938     292.940     292.941     292.996
 3.50099E-03     293.554     352.129     444.749     683.427     580.290     295.097     292.938     292.939     292.940     292.997
 3.52099E-03     293.584     358.602     449.734     692.967     588.410     295.501     292.938     292.939     292.940     292.997
 3.54099E-03     293.675     365.298     454.615     701.409     595.773     295.970     292.938     292.939     292.940     292.998
 3.56099E-03     294.039     372.188     459.387     708.872     602.454     296.509     292.938     292.938     292.940     292.998
 3.58099E-03     294.511     379.242     464.047     715.463     608.519     297.123     292.938     292.938     292.939     292.999
 3.60099E-03     296.054     392.002     472.568     723.056     614.637     298.000     292.938     292.938     292.939     292.999
 3.62099E-03     297.262     399.406     476.921     728.455     619.611     298.795     292.938     292.937     292.939     293.000
 3.64099E-03     298.781     406.898     481.153     733.416     624.159     299.673     292.938     292.937     292.938     293.001
 3.66099E-03     300.638     414.461     485.265     737.954     628.331     300.636     292.938     292.937     292.938     293.001
 3.68099E-03     302.855     422.081     489.259     742.076     632.171     301.685     292.938     292.936     292.938     293.002
 3.70099E-03     305.444     429.744     493.135     745.797     635.715     302.820     292.939     292.936     292.937     293.003
 3.72099E-03     308.410     437.436     496.894     749.136     638.989     304.041     292.939     292.936     292.937     293.004
 3.74099E-03     311.750     445.143     500.537     752.120     642.019     305.346     292.939     292.935     292.937     293.004
 3.76099E-03     315.455     452.852     504.066     754.775     644.824     306.734     292.940     292.935     292.937     293.005
 3.78099E-03     319.508     460.551     507.480     757.128     647.421     308.202     292.941     292.935     292.936     293.006
 3.80099E-03     326.660     473.016     513.957     760.493     650.185     310.088     292.942     292.935     292.936     293.007
 3.82099E-03     331.630     480.726     517.089     762.421     652.395     311.733     292.943     292.934     292.936     293.009
 3.84099E-03     336.886     488.391     520.112     764.176     654.448     313.450     292.945     292.934     292.936     293.010
 3.86099E-03     342.402     496.002     523.026     765.756     656.355     315.238     292.947     292.934     292.935     293.011
 3.88099E-03     348.147     503.549     525.834     767.156     658.128     317.094     292.949     292.933     292.935     293.012
 3.90099E-03     354.090     511.025     528.538     768.373     659.777     319.014     292.951     292.933     292.935     293.014
 3.92099E-03     360.199     518.419     531.139     769.409     661.309     320.994     292.954     292.933     292.935     293.015
 3.94099E-03     366.442     525.724     533.639     770.266     662.730     323.032     292.957     292.933     292.934     293.016
 3.96099E-03     372.790     532.930     536.039     770.946     664.043     325.124     292.961     292.932     292.934     293.018
 3.98099E-03     379.213     540.029     538.341     771.456     665.253     327.267     292.965     292.932     292.934     293.020
 4.00099E-03     386.993     548.678     541.457     772.317     666.510     329.602     292.970     292.932     292.933     293.022
 4.02099E-03     393.576     555.573     543.550     772.630     667.522     331.842     292.975     292.932     292.933     293.023
 4.04099E-03     400.161     562.341     545.550     772.839     668.443     334.124     292.982     292.931     292.933     293.025
 4.06099E-03     406.729     568.979     547.460     772.934     669.278     336.443     292.989     292.931     292.933     293.028
 4.08099E-03     413.330     575.482     549.283     772.902     670.031     338.797     292.997     292.931     292.932     293.030
 4.10099E-03     420.125     581.849     551.020     772.743     670.703     341.182     293.006     292.930     292.932     293.032
 4.12099E-03     426.956     588.074     552.672     772.458     671.295     343.596     293.016     292.930     292.932     293.035
 4.14099E-03     433.863     594.155     554.243     772.056     671.809     346.036     293.028     292.930     292.932     293.037
 4.16100E-03     440.860     600.089     555.733     771.542     672.246     348.499     293.040     292.930     292.932     293.040
 4.18100E-03     447.959     605.873     557.143     770.927     672.608     350.982     293.054     292.930     292.931     293.043
 4.20100E-03     467.015     619.734     561.348     771.033     672.907     354.720     293.075     292.929     292.931     293.046
 4.22100E-03     474.698     625.074     562.488     769.910     673.114     357.255     293.093     292.929     292.931     293.049
 4.24100E-03     482.608     630.279     563.550     768.630     673.244     359.802     293.112     292.929     292.931     293.053
 4.26100E-03     490.755     635.350     564.536     767.251     673.297     362.360     293.133     292.929     292.931     293.056
 4.28100E-03     499.136     640.288     565.448     765.813     673.276     364.925     293.156     292.928     292.930     293.060
 4.30100E-03     507.737     645.092     566.287     764.339     673.184     367.495     293.180     292.928     292.930     293.063
 4.32100E-03     516.539     649.761     567.055     762.844     673.026     370.069     293.207     292.928     292.930     293.067
 4.34100E-03     525.516     654.292     567.754     761.337     672.808     372.644     293.236     292.928     292.930     293.071
 4.36100E-03     534.640     658.683     568.387     759.823     672.533     375.220     293.267     292.928     292.929     293.076
 4.38100E-03     543.879     662.933     568.956     758.306     672.209     377.793     293.301     292.927     292.929     293.080
 4.40100E-03     552.777     667.039     569.478     756.787     671.838     380.362     293.337     292.927     292.929     293.085
 4.42100E-03     562.164     671.003     569.921     755.272     671.429     382.925     293.376     292.927     292.929     293.090
 4.44100E-03     571.585     674.823     570.305     753.793     671.009     385.509     293.417     292.927     292.929     293.095
 4.46100E-03     581.013     678.502     570.634     752.748     670.868     400.957     293.461     292.927     292.929     293.100
 4.48100E-03     590.423     682.117     570.909     754.336     672.586     883.729     293.505     292.924     292.926     293.103
 4.50100E-03     599.790     685.777     571.132     761.688     678.359    1587.051     293.555     292.924     292.926     293.109
 4.52100E-03     609.092     689.389     571.306     774.851     688.122    1786.475     293.609     292.924     292.926     293.115
 4.54100E-03     618.308     693.010     571.432     792.651     701.070    1829.560     293.666     292.924     292.926     293.121
 4.56100E-03     627.419     696.675     571.512     813.389     716.071    1830.830     293.727     292.923     292.926     293.128
 4.58100E-03     636.409     700.424     571.549     835.419     732.057    1806.701     293.794     292.923     292.925     293.135
 4.60100E-03     644.164     704.294     571.257     857.419     748.192    1784.366     293.868     292.923     292.925     293.141
 4.62100E-03     652.867     708.342     571.216     878.528     763.880    1774.785     293.952     292.923     292.925     293.149
 4.64100E-03     661.413     712.600     571.136     898.224     778.745    1763.462     294.048     292.923     292.925     293.156
 4.66100E-03     669.789     717.095     571.019     916.255     792.573    1749.911     294.163     292.923     292.925     293.164
 4.68100E-03     677.989     721.845     570.866     932.540     805.268    1736.080     294.301     292.922     292.925     293.172
 4.70100E-03     686.002     726.860     570.679     947.099     816.805    1722.020     294.468     292.922     292.924     293.181
 4.72100E-03     693.822     732.138     570.458     960.017     827.212    1704.828     294.671     292.922     292.924     293.189
 4.74100E-03     701.441     737.674     570.206     971.403     836.543    1687.341     294.918     292.922     292.924     293.198
 4.76100E-03     708.854     743.452     569.924     981.377     844.863    1671.583     295.216     292.921     292.924     293.208
 4.78100E-03     716.055     749.455     569.613     990.063     852.254    1657.895     295.574     292.921     292.924     293.217
 4.80100E-03     722.214     755.658     569.134     997.560     858.798    1646.137     296.000     292.921     292.923     293.227
 4.82100E-03     729.010     762.045     568.771    1004.012     864.585    1636.282     296.500     292.921     292.923     293.237
 4.84100E-03     735.580     768.587     568.382    1009.511     869.682    1629.159     297.080     292.920     292.923     293.248
 4.86100E-03     741.921     775.261     567.974    1014.149     874.159    1625.074     297.748     292.920     292.923     293.259
 4.88100E-03     748.032     782.041     567.659    1018.016     878.075    1622.249     298.507     292.920     292.922     293.271
 4.90100E-03     753.912     788.905     567.503    1021.197     881.488    1620.791     299.363     292.920     292.922     293.282
 4.92100E-03     759.561     795.831     567.426    1023.769     884.448    1619.612     300.318     292.919     292.922     293.294
 4.94100E-03     764.980     802.796     567.494    1025.802     887.003    1618.326     301.374     292.919     292.922     293.307
 4.96100E-03     770.170     809.782     567.729    1027.359     889.192    1616.925     302.534     292.919     292.921     293.320
 4.98100E-03     775.134     816.770     568.155    1028.495     891.055    1615.394     303.797     292.919     292.921     293.333
 5.00100E-03     779.293     825.042     568.744    1029.686     892.773    1610.943     305.305     292.918     292.921     293.347
 5.02100E-03     783.795     832.004     569.638    1030.210     894.074    1608.611     306.784     292.918     292.921     293.361
 5.04100E-03     788.079     838.925     570.787    1030.497     895.146    1606.267     308.363     292.918     292.920     293.375
 5.06100E-03     792.150     845.794     572.200    1030.565     896.015    1603.839     310.040     292.918     292.920     293.390
 5.08100E-03     796.011     852.603     573.885    1030.432     896.704    1601.274     311.812     292.918     292.920     293.405
 5.10100E-03     799.668     859.341     575.843    1030.113     897.233    1598.445     313.675     292.917     292.920     293.421
 5.12100E-03     803.125     866.000     578.072    1029.625     897.616    1595.386     315.626     292.917     292.920     293.437
 5.14100E-03     806.387     872.574     580.563    1028.982     897.869    1592.081     317.661     292.917     292.919     293.454
 5.16100E-03     809.457     879.054     583.306    1028.203     898.003    1588.349     319.775     292.917     292.919     293.471
 5.18100E-03     812.340     885.435     586.287    1027.298     898.029    1584.077     321.965     292.916     292.919     293.489
 5.20100E-03     820.743     902.296     595.002    1027.711     898.157    1574.233     325.014     292.916     292.919     293.508
 5.22100E-03     823.042     908.479     598.664    1026.883     897.989    1560.469     327.372     292.916     292.919     293.526
 5.24100E-03     825.189     914.618     602.515    1026.090     897.757    1537.611     329.793     292.916     292.918     293.545
 5.26100E-03     827.190     920.706     606.542    1025.280     897.472    1507.837     332.270     292.916     292.918     293.565
 5.28100E-03     829.046     926.731     610.730    1024.406     897.140    1481.917     334.801     292.915     292.918     293.585
 5.30100E-03     830.758     932.675     615.063    1023.439     896.765    1459.691     337.380     292.915     292.918     293.605
 5.32100E-03     832.327     938.520     619.522    1022.357     896.347    1439.936     340.004     292.915     292.918     293.626
 5.34100E-03     833.754     944.246     624.088    1021.150     895.882    1421.900     342.670     292.915     292.917     293.648
 5.36100E-03     835.041     949.836     628.741    1019.814     895.369    1405.148     345.372     292.914     292.917     293.670
 5.38100E-03     836.189     955.275     633.460    1018.352     894.804    1389.418     348.108     292.914     292.917     293.692
 5.40100E-03     837.477     966.442     642.375    1017.277     894.195    1374.556     351.342     292.914     292.917     293.716
 5.42100E-03     838.221     971.332     647.280    1015.405     893.507    1360.397     354.147     292.914     292.916     293.740
 5.44100E-03     838.831     975.987     652.158    1013.375     892.755    1346.999     356.975     292.914     292.916     293.764
 5.46101E-03     839.315     980.412     656.996    1011.229     891.938    1334.223     359.822     292.913     292.916     293.789
 5.48101E-03     839.676     984.615     661.780    1008.995     891.057    1321.972     362.687     292.913     292.916     293.815
 5.50101E-03     839.921     988.599     666.497    1006.693     890.114    1310.180     365.566     292.913     292.916     293.841
 5.52101E-03     840.053     992.370     671.138    1004.335     889.112    1298.800     368.455     292.913     292.915     293.867
 5.54101E-03     840.076     995.933     675.693    1001.933     888.054    1287.794     371.354     292.913     292.915     293.894
 5.56101E-03     839.994     999.291     680.152     999.493     886.944    1277.132     374.258     292.913     292.915     293.922
 5.58101E-03     839.811    1002.450     684.508     997.022     885.787    1266.790     377.165     292.912     292.915     293.951
 5.60101E-03     839.886    1007.373     691.437     994.819     884.577    1255.373     380.530     292.912     292.915     293.980
 5.62101E-03     839.515    1010.084     695.507     992.511     883.346    1244.260     383.444     292.912     292.915     294.010
 5.64101E-03     839.067    1012.635     699.461     990.247     882.086    1233.691     386.354     292.912     292.914     294.040
 5.66101E-03     838.539    1015.025     703.293     987.995     880.803    1223.604     389.258     292.912     292.914     294.071
 5.68101E-03     837.934    1017.251     707.002     985.731     879.500    1213.974     392.573     292.912     292.914     294.102
 5.70101E-03     837.250    1019.314     710.585     983.437     878.169    1204.729     462.411     292.911     292.913     294.133
 5.72101E-03     836.490    1021.213     714.039     981.118     876.823    1195.828     973.290     292.910     292.912     294.166
 5.74101E-03     835.654    1022.950     717.362     978.780     875.469    1187.240    1159.843     292.910     292.912     294.199
 5.76101E-03     834.746    1024.526     720.552     976.425     874.104    1179.071    1303.473     292.910     292.912     294.233
 5.78101E-03     833.767    1025.944     723.608     974.046     872.721    1171.097    1530.903     292.910     292.912     294.268
 5.80101E-03     832.538    1027.198     726.060     971.639     871.315    1163.242    1615.384     292.910     292.912     294.304
 5.82101E-03     831.412    1028.304     728.848     969.219     869.896    1155.598    1685.716     292.909     292.911     294.340
 5.84101E-03     830.225    1029.259     731.499     966.787     868.463    1148.162    1706.662     292.909     292.911     294.377
 5.86101E-03     828.977    1030.067     734.016     964.346     867.017    1140.922    1707.782     292.909     292.911     294.414
 5.88101E-03     827.673    1030.732     736.399     961.899     865.558    1133.869    1699.656     292.909     292.911     294.452
 5.90101E-03     826.315    1031.257     738.647     959.449     864.088    1126.996    1687.912     292.909     292.910     294.491
 5.92101E-03     824.904    1031.646     740.763     956.999     862.609    1120.298    1674.702     292.909     292.910     294.531
 5.94101E-03     823.444    1031.904     742.747     954.555     861.123    1113.826    1661.397     292.909     292.910     294.571
 5.96101E-03     821.937    1032.036     744.603     952.126     859.640    1107.631    1648.674     292.909     292.910     294.612
 5.98101E-03     820.386    1032.046     746.330     949.706     858.152    1101.578    1636.862     292.909     292.909     294.654
 6.00101E-03     818.269    1031.933     747.668     947.288     856.656    1095.616    1626.157     292.910     292.909     294.697
 6.02101E-03     816.653    1031.712     749.132     944.881     855.159    1089.749    1616.745     292.910     292.909     294.740
 6.04101E-03     815.003    1031.382     750.476     942.487     853.662    1084.023    1609.054     292.910     292.909     294.784
 6.06101E-03     813.320    1030.948     751.704     940.112     852.170    1078.479    1604.188     292.910     292.909     294.829
 6.08101E-03     811.607    1030.415     752.818     937.759     850.686    1073.130    1603.113     292.910     292.908     294.874
 6.10101E-03     809.864    1029.786     753.821     935.427     849.211    1067.939    1602.081     292.910     292.908     294.921
 6.12101E-03     808.094    1029.065     754.715     933.118     847.744    1062.889    1601.047     292.911     292.908     294.968
 6.14101E-03     806.299    1028.258     755.504     930.834     846.289    1057.993    1600.021     292.911     292.907     295.015
 6.16101E-03     804.480    1027.368     756.190     928.575     844.846    1053.234    1598.969     292.912     292.907     295.064
 6.18101E-03     802.638    1026.400     756.775     926.342     843.415    1048.610    1597.874     292.912     292.907     295.113
 6.20101E-03     800.033    1025.070     758.736     924.261     841.953    1044.393    1588.274     292.913     292.907     295.164
 6.22101E-03     798.058    1023.837     759.010     922.117     840.557    1040.144    1588.239     292.914     292.907     295.215
 6.24101E-03     796.067    1022.547     759.208     920.017     839.180    1035.929    1586.776     292.915     292.906     295.267
 6.26101E-03     794.061    1021.204     759.330     917.954     837.823    1031.788    1584.334     292.916     292.906     295.319
 6.28101E-03     792.039    1019.808     759.381     915.922     836.486    1027.751    1581.230     292.918     292.906     295.373
 6.30101E-03     790.004    1018.363     759.361     913.920     835.168    1023.830    1577.418     292.919     292.905     295.427
 6.32101E-03     787.955    1016.871     759.272     911.945     833.870    1020.025    1572.929     292.921     292.905     295.482
 6.34101E-03     785.895    1015.336     759.116     909.996     832.592    1016.334    1567.802     292.923     292.905     295.538
 6.36101E-03     783.825    1013.759     758.896     908.073     831.333    1012.755    1561.231     292.926     292.905     295.594
 6.38101E-03     781.745    1012.144     758.612     906.177     830.093    1009.281    1553.602     292.929     292.905     295.652
 6.40101E-03     775.381    1005.383     759.869     904.748     828.741    1005.536    1543.811     292.933     292.904     295.713
 6.42101E-03     773.412    1003.816     759.253     902.934     827.551    1001.733    1530.269     292.937     292.904     295.772
 6.44101E-03     771.419    1002.247     758.594     901.149     826.380     998.002    1515.619     292.942     292.904     295.832
 6.46101E-03     769.411    1000.673     757.892     899.385     825.229     994.400    1499.938     292.947     292.904     295.893
 6.48101E-03     767.396     999.092     757.149     897.640     824.096     990.943    1483.721     292.954     292.903     295.954
 6.50101E-03     765.378     997.502     756.365     895.914     822.982     987.631    1467.568     292.961     292.903     296.017
 6.52101E-03     763.357     995.901     755.541     894.205     821.884     984.456    1451.771     292.969     292.903     296.080
 6.54101E-03     761.337     994.289     754.677     892.513     820.801     981.349    1435.922     292.978     292.903     296.144
 6.56101E-03     759.317     992.666     753.776     890.840     819.734     978.366    1420.648     292.988     292.902     296.209
 6.58101E-03     757.298     991.031     752.837     889.187     818.681     975.495    1405.937     293.000     292.902     296.275
 6.60101E-03     754.649     988.515     751.719     887.753     817.642     973.169    1383.903     293.014     292.902     296.342
 6.62101E-03     752.623     986.723     750.579     886.256     816.625     970.528    1366.893     293.028     292.902     296.409
 6.64101E-03     750.599     984.897     749.398     884.788     815.625     967.866    1352.011     293.045     292.901     296.478
 6.66101E-03     748.578     983.040     748.181     883.336     814.642     965.251    1338.339     293.063     292.901     296.547
 6.68101E-03     746.559     981.157     746.931     881.895     813.676     962.706    1325.495     293.083     292.901     296.617
 6.70101E-03     744.544     979.253     745.650     880.462     812.725     960.239    1313.290     293.105     292.901     296.688
 6.72101E-03     742.533     977.328     744.340     879.028     811.779     957.839    1301.605     293.129     292.900     296.759
 6.74101E-03     740.527     975.387     743.004     877.602     810.847     955.512    1290.378     293.154     292.898     296.831
 6.76101E-03     738.526     973.434     741.644     876.197     809.939     953.264    1279.570     293.185     292.898     296.905
 6.78102E-03     736.533     971.469     740.260     874.802     809.042     951.092    1269.244     293.220     292.898     296.979
 6.80102E-03     734.297     969.493     738.810     873.413     808.151     948.962    1259.131     293.264     292.898     297.054
 6.82102E-03     732.329     967.513     737.385     872.040     807.274     946.889    1249.326     293.319     292.898     297.130
 6.84102E-03     730.367     965.529     735.940     870.678     806.406     944.866    1239.814     293.391     292.897     297.207
 6.86102E-03     728.412     963.543     734.477     869.329     805.547     942.890    1230.578     293.487     292.897     297.284
 6.88102E-03     726.465     961.556     732.999     867.993     804.696     940.959    1221.602     293.616     292.897     297.363
 6.90102E-03     724.527     959.569     731.506     866.669     803.853     939.069    1212.873     293.789     292.897     297.442
 6.92102E-03     722.598     957.584     730.001     865.358     803.017     937.218    1204.381     294.018     292.896     297.523
 6.94102E-03     720.678     955.604     728.485     864.060     802.188     935.403    1196.118     294.318     292.896     297.604
 6.96102E-03     718.767     953.627     726.958     862.775     801.366     933.635    1188.181     294.701     292.896     297.686
 6.98102E-03     716.867     951.657     725.423     861.503     800.551     931.900    1180.457     295.181     292.895     297.769
 7.00102E-03     713.817     948.329     723.257     860.353     799.750     930.402    1172.618     296.115     292.895     297.853
 7.02102E-03     712.072     946.570     721.885     859.091     798.948     928.751    1165.424     296.891     292.895     297.937
 7.04102E-03     710.336     944.816     720.505     857.847     798.153     927.077    1158.618     297.804     292.894     298.023
 7.06102E-03     708.607     943.070     719.118     856.621     797.364     925.408    1152.012     298.863     292.894     298.109
 7.08102E-03     706.886     941.330     717.722     855.411     796.581     923.762    1145.563     300.073     292.894     298.196
 7.10102E-03     705.173     939.597     716.318     854.214     795.803     922.142    1139.240     301.441     292.893     298.284
 7.12102E-03     703.467     937.873     714.906     853.029     795.031     920.552    1133.063     302.967     292.893     298.373
 7.14102E-03     701.769     936.155     713.486     851.857     794.264     918.988    1127.017     304.653     292.893     298.462
 7.16102E-03     700.079     934.446     712.058     850.696     793.502     917.448    1121.105     306.499     292.892     298.553
 7.18102E-03     698.396     932.745     710.624     849.546     792.745     915.930    1115.334     308.502     292.892     298.644
 7.20102E-03     689.864     922.000     704.144     849.154     792.078     915.002    1110.852     311.216     292.892     298.741
 7.22102E-03     687.992     919.946     702.307     847.930     791.332     913.946    1105.206     313.569     292.891     298.833
 7.24102E-03     686.143     917.882     700.491     846.695     790.589     912.891    1099.390     316.066     292.891     298.927
 7.26102E-03     684.321     915.826     698.699     845.458     789.848     911.839    1093.712     318.701     292.891     299.022
 7.28102E-03     682.529     913.789     696.929     844.227     789.108     910.784    1088.246     321.467     292.890     299.117
 7.30102E-03     680.767     911.775     695.183     843.007     788.369     909.718    1082.996     324.358     292.890     299.213
 7.32102E-03     679.033     909.788     693.459     841.800     787.631     908.637    1077.947     327.365     292.890     299.310
 7.34102E-03     677.327     907.831     691.757     840.607     786.894     907.541    1073.083     330.480     292.889     299.408
 7.36102E-03     675.647     905.904     690.074     839.429     786.159     906.429    1068.390     333.696     292.889     299.507
 7.38102E-03     673.992     904.008     688.411     838.267     785.425     905.302    1063.854     337.005     292.889     299.606
 7.40102E-03     671.725     900.641     685.363     837.403     784.704     905.029    1059.849     340.621     292.888     299.707
 7.42102E-03     670.364     898.638     683.849     836.471     783.976     903.618    1055.473     344.107     292.888     299.808
 7.44102E-03     668.996     896.690     682.366     835.560     783.255     902.109    1051.071     347.662     292.888     299.910
 7.46102E-03     667.626     894.780     680.907     834.653     782.542     900.566    1046.710     351.281     292.887     300.013
 7.48102E-03     666.260     892.906     679.468     833.745     781.839     899.053    1042.546     354.956     292.887     300.116
 7.50102E-03     664.897     891.065     678.044     832.834     781.145     897.567    1038.539     358.682     292.887     300.221
 7.52102E-03     663.539     889.256     676.634     831.915     780.457     896.109    1034.688     363.267     292.886     300.326
 7.54102E-03     662.187     887.475     675.236     830.977     779.762     894.662    1030.958     398.082     292.884     300.432
 7.56102E-03     660.842     885.728     673.849     830.050     779.089     893.254    1027.373     468.216     292.884     300.538
 7.58102E-03     659.503     884.011     672.471     829.117     778.421     891.867    1023.908     497.125     292.884     300.646
 7.60102E-03     656.791     879.729     670.204     828.555     777.794     890.497    1020.570     574.449     292.883     300.755
 7.62102E-03     655.525     878.282     668.656     827.565     777.133     889.068    1017.346     602.777     292.883     300.864
 7.64102E-03     654.238     876.852     667.099     826.600     776.474     887.662    1014.217     630.567     292.883     300.974
 7.66102E-03     652.941     875.439     665.544     825.646     775.817     886.282    1011.177     657.503     292.882     301.085
 7.68102E-03     651.641     874.041     663.998     824.699     775.161     884.930    1008.227     683.390     292.882     301.196
 7.70102E-03     650.342     872.657     662.464     823.757     774.507     883.601    1005.353     708.122     292.882     301.308
 7.72102E-03     649.046     871.287     660.946     822.818     773.855     882.292    1002.552     731.654     292.881     301.421
 7.74102E-03     647.756     869.931     659.444     821.881     773.204     880.998     999.815     753.980     292.881     301.535
 7.76102E-03     646.475     868.588     657.960     820.948     772.554     879.720     997.143     775.126     292.880     301.649
 7.78102E-03     645.202     867.259     656.495     820.017     771.905     878.454     994.528     795.132     292.880     301.764
 7.80102E-03     643.988     865.940     655.042     819.088     771.256     877.198     991.969     814.040     292.879     301.880
 7.82102E-03     642.769     864.635     653.642     818.164     770.610     875.956     989.468     831.936     292.879     301.997
 7.84102E-03     641.553     863.343     652.271     817.242     769.964     874.723     987.017     848.871     292.878     302.114
 7.86102E-03     640.344     862.063     650.924     816.324     769.319     873.502     984.621     864.912     292.878     302.233
 7.88102E-03     639.144     860.795     649.599     815.410     768.675     872.290     982.270     880.129     292.877     302.352
 7.90102E-03     637.953     859.538     648.294     814.499     768.033     871.085     979.962     894.592     292.877     302.471
 7.92102E-03     636.773     858.291     647.007     813.591     767.391     869.888     977.696     908.376     292.877     302.592
 7.94102E-03     635.604     857.057     645.738     812.688     766.750     868.701     975.476     921.551     292.876     302.713
 7.96102E-03     634.445     855.832     644.484     811.788     766.111     867.522     973.294     934.170     292.876     302.834
 7.98102E-03     633.298     854.618     643.245     810.891     765.472     866.349     971.148     946.278     292.876     302.957
 8.00102E-03     632.160     853.414     642.020     809.998     764.835     865.183     969.035     957.911     292.876     303.080
 8.02102E-03     631.034     852.221     640.808     809.110     764.198     864.023     966.956     969.095     292.876     303.204
 8.04102E-03     629.918     851.036     639.609     808.224     763.562     862.870     964.909     979.855     292.876     303.329
 8.06102E-03     628.813     849.861     638.422     807.343     762.928     861.724     962.891     990.208     292.876     303.454
 8.08102E-03     627.718     848.694     637.247     806.465     762.295     860.583     960.902    1000.169     292.877     303.580
 8.10102E-03     626.633     847.537     636.083     805.591     761.662     859.449     958.942    1009.748     292.877     303.707
 8.12102E-03     625.559     846.389     634.930     804.720     761.032     858.324     957.014    1018.955     292.879     303.834
 8.14102E-03     624.495     845.250     633.788     803.854     760.403     857.205     955.111    1027.794     292.880     303.962
 8.16103E-03     623.441     844.119     632.657     802.992     759.774     856.092     953.232    1036.270     292.882     304.091
 8.18103E-03     622.397     842.997     631.537     802.132     759.147     854.984     951.376    1044.386     292.884     304.221
 8.20103E-03     621.362     841.882     630.426     801.277     758.522     853.882     949.541    1052.142     292.888     304.351
 8.22103E-03     620.337     840.775     629.325     800.425     757.897     852.785     947.728    1059.534     292.891     304.482
 8.24103E-03     619.322     839.676     628.235     799.577     757.274     851.694     945.935    1066.555     292.896     304.613
 8.26103E-03     618.315     838.584     627.154     798.732     756.651     850.608     944.161    1073.180     292.902     304.745
 8.28103E-03     617.318     837.499     626.082     797.890     756.030     849.524     942.399    1079.368     292.908     304.878
 8.30103E-03     616.329     836.420     625.019     797.051     755.409     848.445     940.656    1085.091     292.916     305.011
 8.32103E-03     615.349     835.349     623.966     796.216     754.790     847.372     938.931    1090.334     292.925     305.145
 8.34103E-03     614.378     834.286     622.922     795.384     754.172     846.308     937.229    1095.097     292.936     305.280
 8.36103E-03     613.416     833.229     621.886     794.556     753.557     845.249     935.543    1099.389     292.948     305.415
 8.38103E-03     612.463     832.178     620.859     793.732     752.942     844.195     933.873    1103.222     292.962     305.551
 8.40103E-03     611.517     831.134     619.841     792.911     752.329     843.147     932.218    1106.614     292.978     305.688
 8.42103E-03     610.580     830.097     618.832     792.093     751.718     842.104     930.577    1109.582     292.996     305.825
 8.44103E-03     609.651     829.066     617.831     791.279     751.108     841.065     928.950    1112.147     293.016     305.962
 8.46103E-03     608.730     828.041     616.838     790.468     750.500     840.032     927.337    1114.330     293.038     306.101
 8.48103E-03     607.817     827.023     615.853     789.661     749.893     839.008     925.744    1116.151     293.063     306.240
 8.50103E-03     606.912     826.011     614.877     788.858     749.289     837.989     924.163    1117.631     293.091     306.379
 8.52103E-03     606.015     825.005     613.908     788.058     748.685     836.974     922.593    1118.790     293.121     306.519
 8.54103E-03     605.125     824.005     612.947     787.261     748.084     835.964     921.036    1119.646     293.155     306.660
 8.56103E-03     604.242     823.010     611.994     786.468     747.483     834.958     919.490    1120.217     293.192     306.801
 8.58103E-03     603.367     822.021     611.049     785.678     746.885     833.958     917.954    1120.521     293.232     306.943
 8.60103E-03     602.499     821.038     610.111     784.891     746.287     832.962     916.430    1120.575     293.275     307.085
 8.62103E-03     601.637     820.060     609.180     784.107     745.692     831.970     914.917    1120.393     293.323     307.228
 8.64103E-03     600.783     819.088     608.257     783.326     745.098     830.984     913.414    1119.990     293.374     307.372
 8.66103E-03     599.936     818.121     607.341     782.549     744.505     830.002     911.921    1119.381     293.429     307.516
 8.68103E-03     599.096     817.160     606.432     781.775     743.915     829.029     910.444    1118.578     293.488     307.661
 8.70103E-03     598.262     816.204     605.530     781.005     743.326     828.060     908.977    1117.595     293.551     307.806
 8.72103E-03     597.435     815.253     604.636     780.237     742.738     827.095     907.518    1116.442     293.618     307.951
 8.74103E-03     596.615     814.308     603.748     779.473     742.153     826.134     906.069    1115.131     293.691     308.098
 8.76103E-03     595.801     813.367     602.867     778.712     741.568     825.178     904.628    1113.672     293.767     308.244
 8.78103E-03     594.993     812.431     601.992     777.953     740.985     824.226     903.195    1112.074     293.848     308.392
 8.80103E-03     594.191     811.500     601.124     777.198     740.404     823.278     901.772    1110.347     293.934     308.539
 8.82103E-03     593.396     810.574     600.263     776.446     739.824     822.335     900.357    1108.500     294.025     308.688
 8.84103E-03     592.606     809.653     599.408     775.696     739.246     821.396     898.949    1106.540     294.121     308.836
 8.86103E-03     591.822     808.736     598.559     774.950     738.669     820.461     897.550    1104.475     294.221     308.986
 8.88103E-03     591.044     807.824     597.717     774.206     738.094     819.530     896.159    1102.311     294.327     309.135
 8.90103E-03     590.272     806.917     596.881     773.466     737.521     818.608     894.783    1100.057     294.438     309.286
 8.92103E-03     589.507     806.014     596.051     772.729     736.949     817.689     893.414    1097.719     294.554     309.436
 8.94103E-03     588.746     805.117     595.227     771.994     736.379     816.774     892.051    1095.301     294.675     309.587
 8.96103E-03     587.991     804.223     594.409     771.263     735.810     815.863     890.696    1092.810     294.802     309.739
 8.98103E-03     587.242     803.334     593.597     770.534     735.243     814.956     889.348    1090.251     294.934     309.891
 9.00103E-03     586.498     802.449     592.791     769.808     734.677     814.053     888.006    1087.630     295.071     310.044
 9.02103E-03     585.759     801.569     591.991     769.085     734.113     813.153     886.672    1084.950     295.213     310.197
 9.04103E-03     585.026     800.692     591.196     768.365     733.550     812.258     885.344    1082.217     295.360     310.350
 9.06103E-03     584.297     799.820     590.407     767.647     732.988     811.366     884.023    1079.434     295.513     310.504
 9.08103E-03     583.574     798.952     589.623     766.931     732.429     810.478     882.709    1076.604     295.671     310.658
 9.10103E-03     582.856     798.088     588.845     766.219     731.870     809.594     881.401    1073.733     295.835     310.813
 9.12103E-03     582.142     797.228     588.072     765.509     731.313     808.713     880.100    1070.823     296.003     310.968
 9.14103E-03     581.434     796.372     587.305     764.802     730.757     807.836     878.805    1067.877     296.177     311.124
 9.16103E-03     580.730     795.519     586.543     764.097     730.203     806.963     877.517    1064.899     296.356     311.280
 9.18103E-03     580.031     794.671     585.786     763.395     729.650     806.094     876.235    1061.891     296.540     311.436
 9.20103E-03     579.337     793.826     585.034     762.695     729.099     805.228     874.959    1058.857     296.729     311.593
 9.22103E-03     578.648     792.986     584.287     761.998     728.549     804.370     873.697    1055.798     296.924     311.750
 9.24103E-03     577.963     792.150     583.546     761.304     728.002     803.516     872.440    1052.718     297.123     311.908
 9.26103E-03     577.284     791.318     582.809     760.613     727.455     802.665     871.189    1049.619     297.327     312.066
 9.28103E-03     576.608     790.489     582.078     759.924     726.910     801.817     869.943    1046.502     297.536     312.224
 9.30103E-03     575.937     789.664     581.351     759.238     726.366     800.972     868.703    1043.371     297.750     312.383
 9.32103E-03     575.270     788.842     580.629     758.554     725.823     800.130     867.468    1040.226     297.968     312.542
 9.34103E-03     574.608     788.024     579.912     757.872     725.283     799.292     866.238    1037.070     298.191     312.701
 9.36103E-03     573.950     787.210     579.199     757.193     724.743     798.457     865.014    1033.905     298.419     312.861
 9.38103E-03     573.296     786.399     578.492     756.516     724.204     797.625     863.796    1030.731     298.651     313.021
 9.40103E-03     572.646     785.592     577.788     755.841     723.667     796.797     862.583    1027.552     298.888     313.181
 9.42103E-03     572.001     784.788     577.090     755.169     723.132     795.972     861.376    1024.367     299.129     313.342
 9.44103E-03     571.359     783.987     576.396     754.499     722.597     795.150     860.173    1021.178     299.374     313.503
 9.46104E-03     570.722     783.190     575.706     753.831     722.064     794.331     858.976    1017.988     299.623     313.665
 9.48104E-03     570.088     782.396     575.021     753.166     721.532     793.516     857.785    1014.796     299.876     313.826
 9.50104E-03     569.458     781.605     574.340     752.503     721.001     792.703     856.598    1011.604     300.134     313.988
 9.52104E-03     568.832     780.818     573.663     751.842     720.472     791.894     855.417    1008.413     300.395     314.151
 9.54104E-03     568.210     780.033     572.991     751.183     719.944     791.088     854.241    1005.224     300.659     314.314
 9.56104E-03     567.592     779.252     572.322     750.527     719.417     790.285     853.070    1002.039     300.928     314.476
 9.58104E-03     566.977     778.474     571.658     749.872     718.892     789.485     851.904     998.857     301.200     314.640
 9.60104E-03     566.366     777.700     570.998     749.220     718.367     788.688     850.743     995.680     301.475     314.803
 9.62104E-03     565.760     776.929     570.343     748.571     717.845     787.898     849.595     992.509     301.754     314.967
 9.64104E-03     565.157     776.161     569.691     747.924     717.324     787.112     848.451     989.344     302.036     315.131
 9.66104E-03     564.558     775.397     569.043     747.279     716.805     786.327     847.311     986.186     302.321     315.296
 9.68104E-03     563.962     774.635     568.399     746.636     716.286     785.546     846.176     983.037     302.610     315.460
 9.70104E-03     563.370     773.877     567.760     745.995     715.769     784.767     845.044     979.896     302.901     315.625
 9.72104E-03     562.781     773.122     567.124     745.356     715.253     783.991     843.918     976.765     303.195     315.790
 9.74104E-03     562.195     772.369     566.492     744.720     714.738     783.218     842.796     973.644     303.491     315.956
 9.76104E-03     561.614     771.620     565.864     744.085     714.224     782.447     841.678     970.533     303.791     316.122
 9.78104E-03     561.035     770.873     565.239     743.453     713.711     781.679     840.565     967.432     304.093     316.287
 9.80104E-03     560.460     770.129     564.618     742.822     713.200     780.914     839.457     964.343     304.397     316.454
 9.82104E-03     559.888     769.388     564.001     742.194     712.690     780.151     838.352     961.266     304.704     316.620
 9.84104E-03     559.319     768.650     563.388     741.567     712.181     779.391     837.253     958.201     305.013     316.786
 9.86104E-03     558.754     767.915     562.778     740.942     711.673     778.634     836.157     955.148     305.324     316.953
 9.88104E-03     558.191     767.183     562.172     740.320     711.166     777.879     835.066     952.108     305.637     317.120
 9.90104E-03     557.632     766.453     561.569     739.699     710.661     777.127     833.979     949.082     305.952     317.288
 9.92104E-03     557.076     765.726     560.970     739.080     710.156     776.378     832.897     946.069     306.269     317.455
 9.94104E-03     556.523     765.001     560.375     738.463     709.653     775.631     831.819     943.070     306.588     317.623
 9.96104E-03     555.973     764.279     559.782     737.848     709.151     774.887     830.745     940.085     306.908     317.791
 9.98104E-03     555.426     763.560     559.193     737.234     708.650     774.146     829.675     937.114     307.230     317.958
 1.00010E-02     554.882     762.844     558.608     736.623     708.150     773.406     828.610     934.157     307.553     318.127
 1.00210E-02     554.341     762.130     558.026     736.013     707.651     772.670     827.549     931.216     307.878     318.295
 1.00410E-02     553.803     761.418     557.447     735.405     707.153     771.936     826.492     928.290     308.204     318.464
 1.00610E-02     553.268     760.709     556.871     734.799     706.656     771.204     825.438     925.378     308.531     318.632
 1.00810E-02     552.736     760.003     556.299     734.195     706.161     770.475     824.389     922.483     308.860     318.801
 1.01010E-02     552.206     759.299     555.730     733.593     705.666     769.748     823.345     919.602     309.189     318.970
 1.01210E-02     551.680     758.599     555.164     732.993     705.174     769.029     822.312     916.737     309.519     319.139
 1.01410E-02     551.157     757.901     554.601     732.395     704.682     768.311     821.282     913.889     309.851     319.309
 1.01610E-02     550.637     757.206     554.042     731.799     704.192     767.596     820.255     911.057     310.183     319.478
 1.01810E-02     550.119     756.513     553.485     731.205     703.703     766.883     819.232     908.240     310.516     319.648
 1.02010E-02     549.605     755.823     552.932     730.612     703.215     766.171     818.213     905.441     310.849     319.817
 1.02210E-02     549.093     755.135     552.382     730.022     702.728     765.462     817.197     902.657     311.183     319.987
 1.02410E-02     548.583     754.450     551.835     729.433     702.241     764.756     816.185     899.891     311.517     320.157
 1.02610E-02     548.076     753.767     551.290     728.845     701.756     764.051     815.177     897.140     311.852     320.327
 1.02810E-02     547.573     753.086     550.749     728.259     701.272     763.349     814.172     894.407     312.187     320.498
 1.03010E-02     547.071     752.407     550.211     727.675     700.789     762.648     813.171     891.690     312.523     320.668
 1.03210E-02     546.572     751.731     549.675     727.093     700.307     761.950     812.173     888.990     312.859     320.838
 1.03410E-02     546.076     751.058     549.143     726.512     699.826     761.254     811.180     886.307     313.195     321.009
 1.03610E-02     545.582     750.386     548.614     725.933     699.346     760.560     810.189     883.641     313.530     321.179
 1.03810E-02     545.091     749.717     548.087     725.356     698.867     759.869     809.203     880.991     313.866     321.350
 1.04010E-02     544.602     749.050     547.563     724.780     698.389     759.179     808.220     878.359     314.202     321.521
 1.04210E-02     544.116     748.385     547.042     724.206     697.912     758.492     807.240     875.743     314.538     321.692
 1.04410E-02     543.632     747.722     546.523     723.633     697.436     757.806     806.264     873.144     314.874     321.863
 1.04610E-02     543.150     747.062     546.007     723.062     696.960     757.123     805.291     870.562     315.209     322.034
 1.04810E-02     542.671     746.404     545.494     722.492     696.486     756.442     804.322     867.997     315.544     322.205
 1.05010E-02     542.195     745.747     544.984     721.924     696.013     755.763     803.357     865.449     315.879     322.376
 1.05210E-02     541.720     745.093     544.477     721.358     695.541     755.086     802.395     862.917     316.213     322.547
 1.05410E-02     541.248     744.441     543.972     720.793     695.070     754.411     801.436     860.402     316.547     322.719
 1.05610E-02     540.778     743.791     543.469     720.230     694.599     753.738     800.481     857.905     316.880     322.890
 1.05810E-02     540.311     743.144     542.970     719.668     694.130     753.067     799.529     855.423     317.213     323.061
 1.06010E-02     539.846     742.498     542.472     719.107     693.661     752.398     798.581     852.959     317.545     323.233
 1.06210E-02     539.383     741.854     541.978     718.548     693.194     751.731     797.636     850.511     317.877     323.404
 1.06410E-02     538.922     741.212     541.485     717.991     692.727     751.066     796.694     848.080     318.208     323.576
 1.06610E-02     538.464     740.572     540.996     717.435     692.262     750.403     795.756     845.665     318.538     323.747
 1.06810E-02     538.008     739.934     540.509     716.880     691.797     749.742     794.820     843.267     318.867     323.919
 1.07010E-02     537.554     739.299     540.024     716.327     691.333     749.083     793.889     840.885     319.196     324.090
 1.07210E-02     537.102     738.665     539.542     715.775     690.870     748.426     792.960     838.520     319.524     324.262
 1.07410E-02     536.652     738.033     539.062     715.225     690.408     747.771     792.035     836.171     319.851     324.433
 1.07610E-02     536.205     737.403     538.584     714.676     689.947     747.117     791.113     833.839     320.176     324.605
 1.07810E-02     535.760     736.776     538.109     714.130     689.488     746.471     790.202     831.523     320.501     324.777
 1.08010E-02     535.317     736.151     537.637     713.585     689.030     745.826     789.293     829.223     320.825     324.948
 1.08210E-02     534.876     735.528     537.167     713.042     688.573     745.182     788.387     826.939     321.148     325.120
 1.08410E-02     534.438     734.907     536.699     712.500     688.117     744.540     787.484     824.672     321.470     325.291
 1.08610E-02     534.001     734.288     536.234     711.960     687.662     743.900     786.584     822.421     321.790     325.463
 1.08810E-02     533.567     733.671     535.770     711.421     687.207     743.262     785.687     820.186     322.110     325.634
 1.09010E-02     533.135     733.056     535.310     710.883     686.754     742.625     784.792     817.966     322.428     325.806
 1.09210E-02     532.704     732.442     534.851     710.347     686.301     741.990     783.900     815.763     322.745     325.977
 1.09410E-02     532.276     731.831     534.395     709.812     685.849     741.356     783.012     813.576     323.061     326.149
 1.09610E-02     531.850     731.221     533.941     709.278     685.398     740.724     782.126     811.405     323.376     326.320
 1.09810E-02     531.425     730.613     533.489     708.746     684.948     740.094     781.243     809.249     323.689     326.492
 1.10010E-02     531.003     730.007     533.039     708.215     684.498     739.466     780.363     807.109     324.001     326.663
 1.10210E-02     530.583     729.403     532.592     707.686     684.050     738.839     779.486     804.984     324.312     326.834
 1.10410E-02     530.164     728.801     532.147     707.158     683.602     738.214     778.611     802.875     324.621     327.006
 1.10610E-02     529.747     728.200     531.704     706.631     683.156     737.590     777.740     800.781     324.929     327.177
 1.10810E-02     529.332     727.601     531.263     706.105     682.710     736.969     776.872     798.702     325.236     327.348
 1.11010E-02     528.919     727.003     530.824     705.581     682.265     736.349     776.006     796.638     325.541     327.519
 1.11210E-02     528.508     726.408     530.387     705.058     681.820     735.730     775.144     794.590     325.844     327.690
 1.11410E-02     528.099     725.814     529.952     704.536     681.377     735.114     774.284     792.556     326.147     327.861
 1.11610E-02     527.692     725.222     529.520     704.016     680.934     734.499     773.427     790.537     326.447     328.032
 1.11810E-02     527.286     724.632     529.089     703.497     680.493     733.885     772.572     788.533     326.746     328.203
 1.12010E-02     526.882     724.043     528.661     702.979     680.052     733.273     771.721     786.544     327.044     328.374
 1.12210E-02     526.480     723.456     528.234     702.462     679.612     732.663     770.872     784.569     327.340     328.545
 1.12410E-02     526.080     722.870     527.809     701.947     679.172     732.055     770.026     782.609     327.635     328.715
 1.12610E-02     525.682     722.286     527.387     701.432     678.734     731.448     769.183     780.663     327.928     328.886
 1.12810E-02     525.285     721.704     526.966     700.919     678.296     730.842     768.343     778.731     328.219     329.056
 1.13010E-02     524.890     721.123     526.547     700.408     677.859     730.239     767.505     776.814     328.509     329.226
 1.13210E-02     524.496     720.544     526.131     699.897     677.423     729.636     766.671     774.910     328.798     329.397
 1.13410E-02     524.105     719.967     525.716     699.388     676.988     729.036     765.838     773.021     329.084     329.567
 1.13610E-02     523.715     719.391     525.303     698.879     676.553     728.436     765.009     771.145     329.369     329.737
 1.13810E-02     523.326     718.817     524.892     698.372     676.120     727.839     764.182     769.283     329.653     329.907
 1.14010E-02     522.940     718.244     524.483     697.867     675.687     727.243     763.358     767.435     329.934     330.077
 1.14210E-02     522.555     717.673     524.076     697.362     675.255     726.649     762.537     765.601     330.214     330.246
 1.14411E-02     522.172     717.103     523.670     696.858     674.823     726.056     761.718     763.780     330.493     330.416
 1.14611E-02     521.790     716.535     523.267     696.356     674.393     725.464     760.902     761.972     330.770     330.586
 1.14811E-02     521.410     715.968     522.865     695.855     673.963     724.875     760.088     760.178     331.045     330.755
 1.15011E-02     521.031     715.403     522.465     695.355     673.534     724.286     759.277     758.397     331.318     330.924
 1.15211E-02     520.654     714.840     522.066     694.856     673.106     723.699     758.469     756.629     331.590     331.093
 1.15411E-02     520.279     714.278     521.670     694.358     672.678     723.114     757.663     754.874     331.860     331.262
 1.15611E-02     519.906     713.718     521.276     693.863     672.253     722.535     756.868     753.132     332.128     331.431
 1.15811E-02     519.535     713.160     520.883     693.369     671.828     721.958     756.075     751.403     332.395     331.600
 1.16011E-02     519.165     712.604     520.492     692.876     671.405     721.381     755.283     749.687     332.660     331.768
 1.16211E-02     518.796     712.049     520.103     692.384     670.982     720.806     754.494     747.983     332.923     331.937
 1.16411E-02     518.430     711.496     519.715     691.894     670.560     720.232     753.707     746.292     333.184     332.105
 1.16611E-02     518.064     710.944     519.330     691.405     670.138     719.659     752.922     744.614     333.444     332.273
 1.16811E-02     517.701     710.394     518.946     690.916     669.717     719.088     752.140     742.948     333.702     332.441
 1.17011E-02     517.339     709.845     518.564     690.429     669.297     718.518     751.359     741.295     333.958     332.609
 1.17211E-02     516.978     709.298     518.183     689.943     668.878     717.949     750.581     739.654     334.213     332.777
 1.17411E-02     516.619     708.752     517.804     689.458     668.459     717.381     749.806     738.025     334.466     332.944
 1.17611E-02     516.261     708.207     517.427     688.974     668.042     716.815     749.033     736.408     334.717     333.112
 1.17811E-02     515.905     707.665     517.052     688.492     667.624     716.250     748.262     734.803     334.966     333.279
 1.18011E-02     515.550     707.123     516.678     688.010     667.208     715.687     747.493     733.210     335.214     333.446
 1.18211E-02     515.197     706.583     516.306     687.530     666.793     715.124     746.727     731.628     335.460     333.613
 1.18411E-02     514.845     706.044     515.935     687.050     666.378     714.563     745.963     730.059     335.704     333.780
 1.18611E-02     514.495     705.507     515.566     686.572     665.964     714.004     745.201     728.500     335.946     333.946
 1.18811E-02     514.146     704.971     515.199     686.095     665.550     713.446     744.442     726.954     336.187     334.112
 1.19011E-02     513.798     704.436     514.833     685.618     665.137     712.889     743.685     725.418     336.426     334.279
 1.19211E-02     513.452     703.903     514.469     685.143     664.726     712.333     742.931     723.894     336.663     334.445
 1.19411E-02     513.107     703.371     514.106     684.669     664.314     711.779     742.178     722.382     336.898     334.610
 1.19611E-02     512.764     702.840     513.745     684.196     663.904     711.226     741.428     720.880     337.132     334.776
 1.19811E-02     512.422     702.311     513.385     683.723     663.494     710.674     740.681     719.389     337.364     334.941
 1.20011E-02     512.081     701.783     513.027     683.252     663.085     710.124     739.935     717.909     337.594     335.106
 1.20211E-02     511.742     701.256     512.671     682.782     662.676     709.575     739.192     716.440     337.823     335.272
 1.20411E-02     511.404     700.731     512.316     682.313     662.269     709.027     738.451     714.981     338.050     335.436
 1.20611E-02     511.067     700.207     511.962     681.845     661.862     708.481     737.712     713.534     338.275     335.601
 1.20811E-02     510.732     699.684     511.610     681.378     661.455     707.936     736.975     712.096     338.499     335.765
 1.21011E-02     510.398     699.163     511.260     680.912     661.050     707.392     736.241     710.669     338.720     335.930
 1.21211E-02     510.065     698.642     510.911     680.447     660.645     706.849     735.509     709.253     338.940     336.094
 1.21411E-02     509.734     698.124     510.563     679.983     660.240     706.307     734.779     707.846     339.159     336.258
 1.21611E-02     509.403     697.606     510.217     679.520     659.837     705.767     734.052     706.450     339.375     336.421
 1.21811E-02     509.074     697.089     509.872     679.058     659.434     705.228     733.326     705.064     339.590     336.585
 1.22011E-02     508.747     696.574     509.528     678.596     659.032     704.691     732.603     703.688     339.804     336.748
 1.22211E-02     508.420     696.060     509.186     678.136     658.630     704.154     731.882     702.322     340.015     336.911
 1.22411E-02     508.095     695.547     508.846     677.677     658.230     703.619     731.163     700.965     340.225     337.073
 1.22611E-02     507.771     695.036     508.507     677.219     657.829     703.085     730.446     699.618     340.434     337.236
 1.22811E-02     507.449     694.526     508.169     676.761     657.430     702.553     729.731     698.281     340.640     337.398
 1.23011E-02     507.127     694.016     507.833     676.305     657.031     702.021     729.019     696.953     340.845     337.560
 1.23211E-02     506.807     693.508     507.497     675.849     656.633     701.491     728.308     695.635     341.049     337.722
 1.23411E-02     506.488     693.002     507.164     675.395     656.236     700.962     727.600     694.326     341.250     337.884
 1.23611E-02     506.171     692.496     506.831     674.942     655.839     700.434     726.894     693.027     341.450     338.045
 1.23811E-02     505.854     691.992     506.500     674.489     655.443     699.908     726.190     691.737     341.649     338.206
 1.24011E-02     505.539     691.489     506.171     674.037     655.048     699.382     725.488     690.455     341.846     338.367
 1.24211E-02     505.224     690.987     505.842     673.587     654.653     698.858     724.788     689.183     342.041     338.528
 1.24411E-02     504.911     690.486     505.515     673.137     654.259     698.335     724.090     687.920     342.235     338.689
 1.24611E-02     504.599     689.986     505.189     672.688     653.865     697.813     723.394     686.666     342.427     338.849
 1.24811E-02     504.289     689.488     504.865     672.240     653.473     697.293     722.701     685.420     342.617     339.009
 1.25011E-02     503.979     688.990     504.542     671.793     653.081     696.773     722.009     684.184     342.806     339.168
 1.25211E-02     503.671     688.495     504.220     671.348     652.691     696.260     721.327     682.956     342.993     339.328
 1.25411E-02     503.365     688.001     503.899     670.905     652.302     695.748     720.646     681.736     343.179     339.487
 1.25611E-02     503.059     687.509     503.580     670.462     651.913     695.236     719.967     680.525     343.363     339.646
 1.25811E-02     502.755     687.018     503.262     670.020     651.525     694.726     719.289     679.323     343.546     339.805
 1.26011E-02     502.452     686.527     502.946     669.579     651.138     694.216     718.614     678.129     343.727     339.963
 1.26211E-02     502.150     686.039     502.631     669.140     650.751     693.708     717.940     676.944     343.906     340.122
 1.26411E-02     501.849     685.551     502.317     668.701     650.365     693.200     717.267     675.767     344.084     340.280
 1.26611E-02     501.550     685.064     502.004     668.263     649.980     692.693     716.597     674.598     344.261     340.437
 1.26811E-02     501.251     684.579     501.692     667.826     649.595     692.188     715.928     673.437     344.436     340.595
 1.27011E-02     500.954     684.095     501.382     667.389     649.211     691.684     715.262     672.285     344.609     340.752
 1.27211E-02     500.657     683.612     501.073     666.954     648.828     691.180     714.597     671.140     344.781     340.909
 1.27411E-02     500.362     683.130     500.765     666.520     648.445     690.678     713.934     670.003     344.951     341.066
 1.27611E-02     500.068     682.649     500.458     666.086     648.063     690.177     713.272     668.874     345.120     341.222
 1.27811E-02     499.775     682.169     500.153     665.654     647.681     689.676     712.613     667.753     345.288     341.378
 1.28011E-02     499.482     681.691     499.849     665.222     647.301     689.177     711.955     666.640     345.454     341.534
 1.28211E-02     499.191     681.213     499.546     664.791     646.920     688.679     711.300     665.534     345.618     341.690
 1.28411E-02     498.902     680.737     499.244     664.361     646.541     688.182     710.646     664.436     345.781     341.845
 1.28611E-02     498.613     680.262     498.943     663.932     646.162     687.686     709.994     663.345     345.943     342.000
 1.28811E-02     498.325     679.788     498.643     663.504     645.783     687.191     709.344     662.262     346.103     342.155
 1.29011E-02     498.038     679.314     498.345     663.076     645.406     686.697     708.695     661.186     346.262     342.310
 1.29211E-02     497.752     678.842     498.048     662.650     645.029     686.204     708.049     660.117     346.419     342.464
 1.29411E-02     497.467     678.371     497.751     662.224     644.652     685.712     707.404     659.056     346.575     342.618
 1.29611E-02     497.184     677.901     497.457     661.799     644.276     685.221     706.761     658.001     346.730     342.772
 1.29811E-02     496.901     677.432     497.163     661.375     643.901     684.732     706.120     656.954     346.883     342.925
 1.30011E-02     496.619     676.964     496.870     660.952     643.526     684.243     705.481     655.914     347.035     343.078
 1.30211E-02     496.338     676.498     496.578     660.530     643.152     683.755     704.843     654.880     347.186     343.231
 1.30411E-02     496.058     676.032     496.287     660.108     642.779     683.268     704.207     653.854     347.335     343.384
 1.30611E-02     495.780     675.567     495.998     659.687     642.406     682.783     703.573     652.834     347.482     343.536
 1.30811E-02     495.502     675.103     495.710     659.267     642.034     682.298     702.941     651.821     347.629     343.688
 1.31011E-02     495.225     674.640     495.422     658.848     641.662     681.815     702.311     650.815     347.774     343.840
 1.31211E-02     494.949     674.178     495.136     658.430     641.291     681.332     701.682     649.816     347.917     343.991
 1.31411E-02     494.674     673.718     494.851     658.013     640.920     680.851     701.055     648.823     348.060     344.142
 1.31611E-02     494.400     673.258     494.566     657.596     640.551     680.370     700.430     647.836     348.201     344.293
