# Thermal History - 10 Monitoring Points
# Columns: time(s)  T1..T10 (K)
# Point physical coordinates:
#  P 1:  x= 4.000E-04m  y= 1.000E-03m  z= 6.950E-04m
#  P 2:  x= 1.000E-03m  y= 1.000E-03m  z= 6.950E-04m
#  P 3:  x= 1.600E-03m  y= 1.000E-03m  z= 6.950E-04m
#  P 4:  x= 1.000E-03m  y= 1.000E-03m  z= 6.600E-04m
#  P 5:  x= 1.000E-03m  y= 1.000E-03m  z= 6.000E-04m
#  P 6:  x= 1.000E-03m  y= 1.050E-03m  z= 6.950E-04m
#  P 7:  x= 1.000E-03m  y= 1.200E-03m  z= 6.950E-04m
#  P 8:  x= 1.000E-03m  y= 1.500E-03m  z= 6.950E-04m
#  P 9:  x= 1.000E-03m  y= 1.800E-03m  z= 6.950E-04m
#  P10:  x= 1.000E-03m  y= 1.000E-03m  z= 2.000E-04m
#  time(s)    T 1(K)       T 2(K)       T 3(K)       T 4(K)       T 5(K)       T 6(K)       T 7(K)       T 8(K)       T 9(K)       T10(K)       
 2.10000E-05     293.000     293.000     293.000     293.000     293.000     293.000     293.000     293.000     293.000     293.000
 4.10000E-05     293.000     293.000     293.000     293.000     293.000     293.000     293.000     293.000     293.000     293.000
 6.10000E-05     293.000     293.000     293.000     293.001     293.001     293.000     293.000     293.000     293.000     293.000
 8.10000E-05     293.000     293.000     293.000     293.005     293.005     293.000     293.000     293.000     293.000     293.000
 1.01000E-04     293.000     292.999     293.000     293.002     293.005     292.999     292.999     292.999     292.999     293.000
 1.21000E-04     293.000     293.000     293.000     293.009     293.013     293.000     293.000     293.000     293.000     293.000
 1.41000E-04     293.000     293.000     293.000     293.017     293.023     293.000     293.000     293.000     293.000     293.000
 1.61000E-04     293.000     293.000     293.000     293.019     293.025     293.000     293.000     293.000     293.000     293.000
 1.81000E-04     293.000     293.000     293.000     293.018     293.024     293.000     293.000     293.000     293.000     293.000
 2.01000E-04     293.000     293.000     293.000     293.020     293.026     293.000     293.000     293.000     293.000     293.000
 2.21000E-04     293.000     293.000     293.000     293.020     293.026     293.000     293.000     293.000     293.000     293.000
 2.41000E-04     293.000     293.000     293.000     293.020     293.026     293.000     293.000     293.000     293.000     293.000
 2.61000E-04     293.000     293.000     293.000     293.021     293.027     293.000     293.000     293.000     293.000     293.000
 2.81000E-04     293.000     293.000     293.000     293.021     293.027     293.000     293.000     293.000     293.000     293.000
 3.01000E-04     293.000     293.000     293.000     293.021     293.027     293.000     293.000     293.000     293.000     293.000
 3.21000E-04     293.000     293.000     293.000     293.022     293.028     293.000     293.000     293.000     293.000     293.000
 3.41000E-04     293.000     293.000     293.000     293.022     293.028     293.001     293.000     293.001     293.001     293.000
 3.61000E-04     293.000     293.001     293.000     293.023     293.028     293.001     293.001     293.001     293.001     293.000
 3.81000E-04     293.000     293.001     293.000     293.023     293.028     293.001     293.001     293.001     293.001     293.000
 4.01000E-04     293.000     293.001     293.000     293.023     293.029     293.001     293.001     293.001     293.001     293.000
 4.21000E-04     293.000     293.001     293.000     293.024     293.029     293.001     293.001     293.001     293.001     293.000
 4.41000E-04     293.000     293.002     293.000     293.024     293.029     293.002     293.002     293.002     293.002     293.000
 4.61000E-04     293.000     293.002     293.000     293.024     293.029     293.002     293.002     293.002     293.002     293.000
 4.81000E-04     293.000     293.002     293.000     293.024     293.029     293.002     293.002     293.002     293.002     293.000
 5.01000E-04     293.000     293.002     293.000     293.024     293.028     293.003     293.002     293.003     293.003     293.000
 5.21000E-04     293.000     293.003     293.000     293.024     293.028     293.003     293.003     293.003     293.003     293.000
 5.41000E-04     293.000     293.003     293.000     293.024     293.028     293.003     293.003     293.003     293.003     293.000
 5.61000E-04     293.000     293.003     293.000     293.024     293.027     293.003     293.003     293.003     293.003     293.000
 5.81000E-04     293.000     293.004     293.000     293.024     293.027     293.004     293.004     293.004     293.004     293.000
 6.01000E-04     293.000     293.004     293.000     293.023     293.027     293.004     293.004     293.004     293.004     293.000
 6.21000E-04     293.000     293.004     293.000     293.023     293.026     293.004     293.004     293.004     293.005     293.000
 6.41000E-04     293.000     293.005     293.000     293.023     293.025     293.005     293.005     293.005     293.005     293.000
 6.61000E-04     293.000     293.005     293.000     293.023     293.026     293.005     293.005     293.005     293.005     293.000
 6.81000E-04     293.000     293.005     293.000     293.022     293.024     293.005     293.005     293.005     293.005     293.000
 7.01000E-04     293.000     293.005     293.000     293.021     293.022     293.005     293.005     293.006     293.006     293.000
 7.21000E-04     293.000     293.006     293.000     293.021     293.022     293.006     293.006     293.006     293.006     293.000
 7.41000E-04     293.000     293.006     293.000     293.021     293.023     293.006     293.006     293.006     293.006     293.000
 7.61000E-04     293.000     293.006     293.000     293.021     293.023     293.006     293.007     293.007     293.007     293.000
 7.81000E-04     293.000     293.007     293.000     293.021     293.022     293.007     293.007     293.007     293.007     293.000
 8.01000E-04     293.000     293.006     293.000     293.013     293.012     293.006     293.006     293.007     293.007     293.000
 8.21000E-04     293.000     293.005     293.000     293.000     292.999     293.005     293.005     293.005     293.005     293.000
 8.41000E-04     293.000     293.005     293.000     293.002     293.001     293.005     293.005     293.006     293.006     293.000
 8.61000E-04     293.000     293.005     293.000     293.003     293.001     293.005     293.006     293.006     293.006     293.000
 8.81000E-04     293.000     293.006     293.000     293.003     293.002     293.006     293.006     293.006     293.006     293.000
 9.01000E-04     293.000     293.006     293.000     293.004     293.002     293.006     293.006     293.007     293.007     293.000
 9.21000E-04     293.000     293.006     293.000     293.004     293.002     293.006     293.007     293.007     293.007     293.000
 9.41000E-04     293.000     293.006     293.000     293.004     293.002     293.007     293.007     293.007     293.007     293.000
 9.61000E-04     293.000     293.007     293.000     293.005     293.003     293.007     293.007     293.007     293.007     293.000
 9.81000E-04     293.000     293.007     293.000     293.005     293.003     293.007     293.007     293.007     293.008     293.000
 1.00100E-03     293.000     293.007     293.000     293.005     293.003     293.007     293.008     293.008     293.008     293.000
 1.02100E-03     293.000     293.007     293.000     293.004     293.002     293.007     293.008     293.008     293.008     293.000
 1.04100E-03     293.000     293.007     293.000     293.004     293.001     293.007     293.008     293.008     293.008     293.000
 1.06100E-03     293.000     293.007     293.000     293.003     293.001     293.007     293.008     293.008     293.008     293.000
 1.08100E-03     293.000     293.007     293.000     293.003     293.000     293.007     293.008     293.008     293.008     293.000
 1.10100E-03     293.000     293.007     293.000     293.002     293.000     293.007     293.008     293.008     293.008     293.000
 1.12100E-03     293.000     293.007     293.000     293.002     292.999     293.007     293.008     293.008     293.008     293.000
 1.14100E-03     293.000     293.007     293.000     293.002     292.999     293.007     293.008     293.008     293.008     293.000
 1.16100E-03     293.000     293.007     293.000     293.001     292.998     293.008     293.008     293.008     293.008     293.000
 1.18100E-03     293.000     293.007     293.000     293.001     292.998     293.008     293.008     293.008     293.008     293.000
 1.20100E-03     293.000     293.007     293.000     293.000     292.997     293.007     293.008     293.008     293.008     293.000
 1.22100E-03     293.000     293.007     293.000     293.000     292.997     293.007     293.008     293.008     293.008     292.999
 1.24100E-03     293.000     293.007     293.000     293.000     292.996     293.007     293.008     293.008     293.008     292.999
 1.26100E-03     293.000     293.007     293.000     292.999     292.996     293.007     293.008     293.008     293.008     292.999
 1.28100E-03     293.000     293.007     293.000     292.999     292.995     293.007     293.008     293.008     293.008     292.999
 1.30100E-03     293.000     293.007     293.000     292.998     292.995     293.007     293.008     293.008     293.008     292.999
 1.32100E-03     293.000     293.007     293.000     292.998     292.995     293.007     293.008     293.008     293.008     292.999
 1.34100E-03     293.000     293.007     293.000     292.998     292.994     293.007     293.008     293.008     293.008     292.999
 1.36100E-03     293.000     293.007     293.000     292.997     292.994     293.007     293.008     293.008     293.008     292.999
 1.38100E-03     293.000     293.007     293.000     292.997     292.993     293.007     293.008     293.008     293.008     292.999
 1.40100E-03     293.000     293.007     293.000     292.996     292.993     293.007     293.008     293.008     293.008     292.999
 1.42100E-03     293.000     293.007     293.000     292.996     292.992     293.007     293.008     293.008     293.008     292.999
 1.44100E-03     293.000     293.006     293.000     292.995     292.992     293.007     293.007     293.008     293.008     292.999
 1.46100E-03     293.000     293.006     293.000     292.994     292.991     293.007     293.007     293.008     293.008     292.999
 1.48100E-03     293.000     293.006     293.000     292.993     292.989     293.007     293.007     293.008     293.008     292.999
 1.50100E-03     293.000     293.006     293.000     292.993     292.990     293.006     293.007     293.008     293.008     292.999
 1.52100E-03     293.000     293.006     293.000     292.993     292.990     293.006     293.007     293.008     293.008     292.999
 1.54100E-03     293.000     293.006     293.000     292.993     292.990     293.006     293.007     293.007     293.008     292.999
 1.56100E-03     293.000     293.006     293.000     292.993     292.990     293.006     293.007     293.007     293.008     292.999
 1.58100E-03     293.000     293.006     293.000     292.993     292.990     293.006     293.007     293.007     293.008     292.999
 1.60100E-03     293.000     293.005     293.000     292.993     292.990     293.006     293.007     293.007     293.008     292.999
 1.62100E-03     293.000     293.005     293.000     292.993     292.990     293.006     293.007     293.007     293.007     292.999
 1.64100E-03     293.000     293.005     293.000     292.993     292.990     293.006     293.007     293.007     293.007     292.999
 1.66100E-03     293.000     293.005     293.000     292.993     292.990     293.006     293.006     293.007     293.007     292.999
 1.68100E-03     293.000     293.005     293.000     292.993     292.990     293.005     293.006     293.007     293.007     292.999
 1.70100E-03     293.000     293.004     293.000     292.986     292.982     293.005     293.006     293.006     293.007     292.999
 1.72100E-03     293.000     293.002     293.000     292.971     292.967     293.002     293.003     293.004     293.004     292.998
 1.74100E-03     293.000     293.002     293.000     292.973     292.969     293.002     293.003     293.004     293.004     292.998
 1.76100E-03     293.000     293.002     293.000     292.974     292.969     293.002     293.003     293.004     293.004     292.998
 1.78100E-03     293.000     293.002     293.000     292.974     292.969     293.002     293.003     293.004     293.004     292.998
 1.80100E-03     293.000     293.002     293.000     292.974     292.970     293.002     293.003     293.004     293.004     292.998
 1.82100E-03     293.000     293.001     293.000     292.975     292.970     293.002     293.003     293.004     293.004     292.998
 1.84100E-03     293.000     293.001     293.000     292.975     292.970     293.002     293.003     293.004     293.004     292.998
 1.86100E-03     293.000     293.001     293.000     292.975     292.970     293.001     293.003     293.003     293.004     292.998
 1.88100E-03     293.000     293.001     293.000     292.975     292.970     293.001     293.002     293.003     293.003     292.998
 1.90100E-03     293.000     293.000     293.000     292.975     292.970     293.001     293.002     293.003     293.003     292.998
 1.92100E-03     293.000     293.000     293.000     292.975     292.971     293.001     293.002     293.003     293.003     292.998
 1.94100E-03     293.000     293.000     293.000     292.975     292.971     293.001     293.002     293.003     293.003     292.998
 1.96100E-03     293.000     293.000     293.000     292.976     292.971     293.000     293.001     293.002     293.003     292.998
 1.98100E-03     293.000     292.999     293.000     292.975     292.971     293.000     293.001     293.002     293.002     292.998
 2.00100E-03     293.000     292.999     293.000     292.975     292.971     293.000     293.001     293.002     293.002     292.998
 2.02100E-03     293.000     292.999     293.000     292.975     292.971     292.999     293.001     293.002     293.002     292.998
 2.04100E-03     293.000     292.998     293.000     292.975     292.970     292.999     293.000     293.001     293.001     292.998
 2.06100E-03     293.000     292.998     293.000     292.974     292.970     292.999     293.000     293.001     293.001     292.998
 2.08100E-03     293.000     292.998     293.000     292.974     292.970     292.998     293.000     293.001     293.001     292.998
 2.10100E-03     293.000     292.997     293.000     292.974     292.970     292.998     292.999     293.000     293.001     292.998
 2.12100E-03     293.000     292.997     293.000     292.974     292.970     292.998     292.999     293.000     293.000     292.998
 2.14100E-03     293.000     292.997     293.000     292.974     292.971     292.997     292.999     293.000     293.000     292.998
 2.16100E-03     293.000     292.996     293.000     292.974     292.971     292.997     292.998     292.999     293.000     292.998
 2.18100E-03     293.000     292.996     293.000     292.975     292.971     292.997     292.998     292.999     292.999     292.998
 2.20100E-03     293.000     292.996     293.000     292.975     292.972     292.996     292.998     292.999     292.999     292.998
 2.22100E-03     293.000     292.995     293.000     292.975     292.972     292.996     292.997     292.998     292.999     292.998
 2.24100E-03     293.000     292.995     293.000     292.976     292.973     292.996     292.997     292.998     292.998     292.998
 2.26100E-03     293.000     292.995     293.000     292.977     292.974     292.995     292.997     292.998     292.998     292.998
 2.28100E-03     293.000     292.994     293.000     292.978     292.975     292.995     292.996     292.997     292.998     292.998
 2.30100E-03     293.000     292.994     293.000     292.979     292.976     292.995     292.996     292.997     292.998     292.998
 2.32100E-03     293.000     292.994     293.000     292.980     292.978     292.994     292.996     292.997     292.997     292.998
 2.34100E-03     293.000     292.993     293.000     292.982     292.980     292.994     292.995     292.997     292.997     292.998
 2.36100E-03     293.000     292.993     293.000     292.984     292.982     292.994     292.995     292.996     292.997     292.998
 2.38100E-03     293.000     292.993     293.000     292.987     292.985     292.993     292.995     292.996     292.996     292.998
 2.40100E-03     293.000     292.993     293.000     292.991     292.990     292.993     292.994     292.996     292.996     292.998
 2.42100E-03     293.000     292.993     293.000     292.995     292.994     292.992     292.994     292.995     292.996     292.997
 2.44100E-03     293.000     292.993     293.000     292.999     292.999     292.992     292.994     292.995     292.995     292.997
 2.46100E-03     293.000     292.992     293.000     293.003     293.004     292.992     292.993     292.995     292.995     292.997
 2.48100E-03     293.000     292.992     293.000     293.010     293.011     292.991     292.993     292.994     292.995     292.997
 2.50100E-03     293.000     292.992     293.000     293.017     293.019     292.991     292.993     292.994     292.994     292.997
 2.52100E-03     293.000     292.992     293.000     293.025     293.028     292.991     292.992     292.994     292.994     292.997
 2.54100E-03     293.000     292.992     293.000     293.034     293.038     292.991     292.992     292.993     292.994     292.997
 2.56100E-03     293.000     292.992     293.000     293.043     293.047     292.990     292.992     292.993     292.993     292.997
 2.58100E-03     293.000     292.992     293.000     293.052     293.057     292.990     292.991     292.993     292.993     292.997
 2.60100E-03     293.000     292.993     293.000     293.067     293.073     292.989     292.991     292.992     292.993     292.997
 2.62100E-03     293.000     292.993     293.000     293.082     293.089     292.989     292.991     292.992     292.993     292.997
 2.64100E-03     293.000     292.994     293.000     293.098     293.106     292.989     292.990     292.992     292.992     292.997
 2.66100E-03     293.000     292.995     293.000     293.115     293.125     292.989     292.990     292.991     292.992     292.997
 2.68100E-03     293.000     292.996     293.000     293.134     293.146     292.988     292.990     292.991     292.992     292.997
 2.70100E-03     293.000     292.996     293.000     293.156     293.169     292.988     292.989     292.991     292.991     292.997
 2.72100E-03     293.000     292.998     293.000     293.178     293.194     292.988     292.989     292.990     292.991     292.997
 2.74100E-03     293.000     292.999     293.000     293.203     293.220     292.988     292.989     292.990     292.991     292.997
 2.76100E-03     293.001     293.000     293.000     293.225     293.244     292.987     292.988     292.989     292.990     292.996
 2.78100E-03     293.001     293.000     293.001     293.242     293.263     292.985     292.986     292.988     292.988     292.994
 2.80100E-03     293.001     293.002     293.001     293.272     293.295     292.985     292.986     292.987     292.988     292.994
 2.82100E-03     293.001     293.005     293.001     293.306     293.331     292.985     292.985     292.987     292.988     292.994
 2.84100E-03     293.001     293.007     293.001     293.343     293.370     292.985     292.985     292.987     292.987     292.994
 2.86100E-03     293.001     293.010     293.001     293.383     293.412     292.985     292.985     292.986     292.987     292.994
 2.88100E-03     293.001     293.014     293.001     293.427     293.459     292.985     292.984     292.986     292.987     292.994
 2.90100E-03     293.001     293.018     293.001     293.475     293.510     292.985     292.984     292.986     292.986     292.994
 2.92100E-03     293.001     293.022     293.002     293.531     293.568     292.985     292.984     292.985     292.986     292.994
 2.94100E-03     293.001     293.027     293.002     293.594     293.633     292.985     292.983     292.985     292.986     292.995
 2.96100E-03     293.001     293.032     293.003     293.669     293.709     292.985     292.983     292.984     292.985     292.995
 2.98100E-03     293.001     293.038     293.004     293.758     293.798     292.985     292.982     292.984     292.985     292.995
 3.00100E-03     293.001     293.045     293.005     293.865     293.904     292.986     292.982     292.984     292.985     292.995
 3.02100E-03     293.001     293.052     293.006     293.993     294.029     292.986     292.982     292.983     292.984     292.995
 3.04100E-03     293.001     293.061     293.007     294.147     294.178     292.987     292.981     292.983     292.984     292.995
 3.06100E-03     293.001     293.070     293.009     294.330     294.355     292.987     292.981     292.983     292.983     292.995
 3.08100E-03     293.002     293.080     293.011     294.548     294.563     292.988     292.981     292.982     292.983     292.995
 3.10100E-03     293.002     293.092     293.014     294.804     294.807     292.989     292.980     292.982     292.983     292.995
 3.12100E-03     293.002     293.106     293.017     295.103     295.089     292.990     292.980     292.982     292.982     292.995
 3.14100E-03     293.002     293.121     293.021     295.447     295.414     292.991     292.979     292.981     292.982     292.995
 3.16100E-03     293.002     293.139     293.025     295.840     295.784     292.992     292.979     292.981     292.982     292.995
 3.18100E-03     293.002     293.160     293.031     296.286     296.203     292.994     292.978     292.980     292.981     292.995
 3.20100E-03     293.003     293.190     293.038     296.922     296.793     292.996     292.978     292.980     292.981     292.995
 3.22100E-03     293.003     293.219     293.046     297.494     297.328     292.998     292.978     292.980     292.980     292.995
 3.24100E-03     293.003     293.252     293.054     298.122     297.916     293.001     292.977     292.979     292.980     292.995
 3.26100E-03     293.003     293.290     293.063     298.809     298.558     293.004     292.977     292.979     292.980     292.995
 3.28100E-03     293.003     293.334     293.073     299.553     299.254     293.007     292.976     292.978     292.979     292.995
 3.30100E-03     293.004     293.384     293.085     300.354     300.005     293.011     292.976     292.978     292.979     292.995
 3.32100E-03     293.004     293.441     293.098     301.212     300.808     293.015     292.976     292.978     292.978     292.995
 3.34100E-03     293.004     293.507     293.112     302.124     301.663     293.020     292.975     292.977     292.978     292.995
 3.36100E-03     293.005     293.581     293.128     303.090     302.569     293.026     292.975     292.977     292.978     292.995
 3.38100E-03     293.005     293.665     293.146     304.107     303.524     293.033     292.974     292.977     292.977     292.995
 3.40100E-03     293.006     293.763     293.167     305.229     304.574     293.041     292.974     292.976     292.977     292.995
 3.42100E-03     293.006     293.869     293.188     306.344     305.623     293.050     292.973     292.976     292.976     292.995
 3.44100E-03     293.007     293.987     293.211     307.503     306.713     293.061     292.973     292.975     292.976     292.995
 3.46100E-03     293.008     294.117     293.236     308.703     307.843     293.072     292.973     292.975     292.976     292.995
 3.48100E-03     293.008     294.261     293.264     309.941     309.010     293.086     292.972     292.974     292.975     292.995
 3.50099E-03     293.009     294.418     293.293     311.214     310.211     293.101     292.972     292.974     292.975     292.995
 3.52099E-03     293.011     294.591     293.324     312.521     311.445     293.118     292.971     292.974     292.974     292.995
 3.54099E-03     293.012     294.779     293.358     313.857     312.708     293.137     292.971     292.973     292.974     292.995
 3.56099E-03     293.014     294.983     293.394     315.221     313.998     293.159     292.971     292.973     292.974     292.995
 3.58099E-03     293.016     295.204     293.432     316.609     315.313     293.183     292.970     292.973     292.973     292.996
 3.60099E-03     293.018     295.447     293.481     318.050     316.677     293.211     292.970     292.972     292.973     292.996
 3.62099E-03     295.182     295.702     293.524     319.482     318.036     293.241     292.969     292.972     292.973     292.996
 3.64099E-03     300.125     295.976     293.571     320.931     319.413     293.274     292.969     292.971     292.972     292.996
 3.66099E-03     304.403     296.268     293.619     322.395     320.804     293.311     292.969     292.971     292.972     292.996
 3.68099E-03     309.347     296.579     293.671     323.871     322.209     293.351     292.968     292.971     292.971     292.996
 3.70099E-03     314.974     296.908     293.725     325.358     323.625     293.395     292.968     292.970     292.971     292.997
 3.72099E-03     321.235     297.257     293.782     326.851     325.048     293.443     292.968     292.970     292.971     292.997
 3.74099E-03     328.080     297.624     293.841     328.353     326.480     293.496     292.967     292.969     292.970     292.997
 3.76099E-03     335.454     298.011     293.903     329.859     327.917     293.553     292.967     292.969     292.970     292.997
 3.78099E-03     343.303     298.417     293.968     331.367     329.359     293.615     292.967     292.969     292.970     292.998
 3.80099E-03     356.578     298.896     294.045     333.078     330.973     293.690     292.966     292.968     292.969     292.998
 3.82099E-03     365.450     299.343     294.116     334.587     332.417     293.763     292.966     292.968     292.969     292.999
 3.84099E-03     374.604     299.810     294.190     336.094     333.860     293.841     292.966     292.967     292.969     292.999
 3.86099E-03     383.990     300.295     294.267     337.597     335.299     293.924     292.965     292.967     292.968     292.999
 3.88099E-03     393.558     300.799     294.346     339.097     336.737     294.014     292.965     292.967     292.968     293.000
 3.90099E-03     403.263     301.322     294.429     340.591     338.170     294.109     292.965     292.966     292.968     293.000
 3.92099E-03     413.061     301.863     294.514     342.079     339.598     294.210     292.965     292.966     292.967     293.001
 3.94099E-03     422.912     302.423     294.601     343.564     341.024     294.318     292.965     292.966     292.967     293.002
 3.96099E-03     432.780     303.001     294.692     345.190     342.553     294.432     292.964     292.965     292.967     293.002
 3.98099E-03     442.629     303.802     294.786     349.591     346.111     294.553     292.964     292.965     292.966     293.002
 4.00099E-03     452.102     308.373     294.885     371.813     362.291     294.679     292.963     292.964     292.965     293.001
 4.02099E-03     461.814     314.066     294.984     413.466     391.002     294.814     292.963     292.963     292.965     293.002
 4.04099E-03     471.422     319.387     295.085     464.329     425.106     294.956     292.962     292.963     292.964     293.003
 4.06099E-03     480.905     325.510     295.189     517.820     460.940     295.106     292.962     292.962     292.964     293.004
 4.08099E-03     490.238     332.419     295.296     569.089     495.614     295.267     292.962     292.962     292.963     293.004
 4.10099E-03     499.401     340.069     295.405     615.678     527.587     295.440     292.962     292.962     292.963     293.005
 4.12099E-03     508.373     348.407     295.517     656.750     556.175     295.628     292.962     292.961     292.962     293.006
 4.14099E-03     517.135     357.372     295.631     692.414     581.325     295.837     292.962     292.961     292.962     293.007
 4.16100E-03     525.671     366.896     295.749     723.099     603.218     296.071     292.963     292.960     292.962     293.009
 4.18100E-03     533.965     376.909     295.868     749.300     622.137     296.339     292.963     292.960     292.961     293.010
 4.20100E-03     541.471     387.340     295.990     771.586     638.451     296.648     292.963     292.959     292.961     293.011
 4.22100E-03     549.257     398.116     296.115     790.529     652.550     297.006     292.963     292.959     292.960     293.012
 4.24100E-03     556.768     409.167     296.242     806.581     664.707     297.424     292.964     292.959     292.960     293.014
 4.26100E-03     563.999     420.428     296.371     820.149     675.190     297.911     292.964     292.958     292.960     293.015
 4.28100E-03     570.945     431.837     296.502     831.578     684.254     298.476     292.965     292.958     292.959     293.017
 4.30100E-03     577.605     443.338     296.636     841.131     692.075     299.128     292.966     292.957     292.959     293.018
 4.32100E-03     583.978     454.881     296.772     849.083     698.857     299.876     292.966     292.957     292.958     293.020
 4.34100E-03     590.064     466.422     296.913     855.665     704.741     300.726     292.967     292.957     292.958     293.022
 4.36100E-03     595.866     477.922     297.554     861.065     709.839     301.685     292.968     292.956     292.958     293.024
 4.38100E-03     601.388     489.349     302.995     865.453     714.271     302.758     292.969     292.956     292.957     293.026
 4.40100E-03     604.776     500.671     307.827     868.965     718.116     303.950     292.971     292.955     292.957     293.028
 4.42100E-03     609.765     511.872     312.905     871.750     721.457     305.261     292.972     292.955     292.957     293.030
 4.44100E-03     614.491     522.929     318.778     873.909     724.359     306.693     292.974     292.955     292.956     293.032
 4.46100E-03     618.961     533.824     325.403     875.537     726.879     308.247     292.976     292.954     292.956     293.035
 4.48100E-03     623.179     544.545     332.727     876.717     729.066     309.921     292.978     292.954     292.955     293.037
 4.50100E-03     627.154     555.081     340.689     877.521     730.963     311.715     292.980     292.953     292.955     293.040
 4.52100E-03     630.893     565.421     349.221     878.008     732.605     313.624     292.982     292.953     292.955     293.043
 4.54100E-03     634.403     575.558     358.254     878.230     734.025     315.646     292.985     292.953     292.954     293.045
 4.56100E-03     637.692     585.486     367.715     878.230     735.250     317.777     292.988     292.952     292.954     293.048
 4.58100E-03     640.766     595.201     377.532     878.045     736.305     320.012     292.992     292.952     292.954     293.052
 4.60100E-03     644.247     607.669     390.836     878.956     737.261     322.516     292.996     292.951     292.953     293.055
 4.62100E-03     646.929     617.264     402.142     879.971     738.061     324.953     293.000     292.951     292.953     293.058
 4.64100E-03     649.470     626.871     414.097     881.112     738.781     327.479     293.005     292.951     292.952     293.062
 4.66100E-03     651.877     636.481     426.617     882.165     739.446     330.089     293.010     292.950     292.952     293.066
 4.68100E-03     654.151     646.066     439.586     883.025     740.065     332.775     293.016     292.950     292.952     293.069
 4.70100E-03     656.292     655.589     452.877     883.653     740.646     335.533     293.023     292.949     292.951     293.073
 4.72100E-03     658.300     665.011     466.364     884.043     741.188     338.357     293.030     292.949     292.951     293.078
 4.74100E-03     660.173     674.295     479.930     884.202     741.689     341.241     293.038     292.949     292.951     293.082
 4.76100E-03     661.912     683.404     493.470     884.142     742.146     344.181     293.048     292.948     292.950     293.086
 4.78100E-03     663.517     692.310     506.894     883.877     742.555     347.171     293.058     292.948     292.950     293.091
 4.80100E-03     667.117     708.625     532.129     883.432     742.834     350.990     293.071     292.948     292.950     293.096
 4.82100E-03     668.287     716.703     544.614     881.411     743.111     354.084     293.084     292.947     292.949     293.101
 4.84100E-03     669.305     724.393     556.528     879.113     743.301     357.213     293.098     292.947     292.949     293.107
 4.86100E-03     670.175     731.701     567.863     876.729     743.397     360.374     293.113     292.947     292.948     293.112
 4.88100E-03     670.908     738.635     578.624     874.344     743.398     363.563     293.130     292.946     292.948     293.118
 4.90100E-03     671.510     745.210     588.823     871.985     743.307     366.775     293.148     292.946     292.948     293.124
 4.92100E-03     671.988     751.437     599.622     869.650     743.131     370.006     293.168     292.945     292.947     293.130
 4.94100E-03     672.350     757.331     613.080     867.342     742.878     373.254     293.191     292.945     292.947     293.136
 4.96100E-03     672.602     762.906     625.140     865.054     742.554     376.514     293.215     292.945     292.947     293.143
 4.98100E-03     672.752     768.177     637.167     862.781     742.166     379.784     293.241     292.944     292.946     293.150
 5.00100E-03     673.544     776.828     657.817     861.375     741.703     383.634     293.273     292.944     292.946     293.157
 5.02100E-03     673.458     781.399     670.089     860.010     741.222     386.923     293.304     292.944     292.946     293.165
 5.04100E-03     673.301     785.761     682.435     858.760     740.716     390.211     293.338     292.944     292.945     293.172
 5.06100E-03     673.077     789.924     694.824     857.487     740.193     393.496     293.375     292.943     292.945     293.180
 5.08100E-03     672.791     793.894     707.219     856.127     739.656     396.776     293.414     292.943     292.945     293.188
 5.10100E-03     672.445     797.674     719.583     854.660     739.104     400.047     293.457     292.943     292.945     293.197
 5.12100E-03     672.041     801.269     731.874     853.090     738.534     403.307     293.502     292.942     292.944     293.206
 5.14100E-03     671.582     804.678     744.057     851.428     737.945     406.555     293.551     292.942     292.944     293.215
 5.16100E-03     671.072     807.907     756.097     849.685     737.333     409.787     293.603     292.942     292.944     293.224
 5.18100E-03     670.511     810.955     767.962     847.871     736.695     413.002     293.659     292.941     292.943     293.234
 5.20100E-03     669.244     813.824     778.632     845.997     736.028     416.197     293.718     292.941     292.943     293.244
 5.22100E-03     668.614     816.523     790.070     844.081     735.337     419.373     293.781     292.941     292.943     293.254
 5.24100E-03     667.938     819.052     801.264     842.129     734.621     422.526     293.848     292.940     292.942     293.265
 5.26100E-03     667.216     821.415     812.194     840.266     733.967     425.718     293.919     292.940     292.942     293.275
 5.28100E-03     666.450     823.671     822.848     840.268     734.666     477.404     293.995     292.940     292.942     293.287
 5.30100E-03     665.643     827.774     833.211     852.989     744.675    1597.034     294.070     292.936     292.938     293.295
 5.32100E-03     664.797     833.353     843.276     882.506     766.571    2183.212     294.153     292.936     292.938     293.307
 5.34100E-03     663.913     838.023     853.034     918.113     792.345    2149.891     294.242     292.936     292.938     293.319
 5.36100E-03     662.994     843.029     862.478     955.086     818.986    2096.498     294.335     292.935     292.938     293.332
 5.38100E-03     662.040     848.409     871.602     990.228     844.323    2046.745     294.432     292.935     292.938     293.346
 5.40100E-03     660.933     854.147     880.402    1021.883     867.313    2001.287     294.535     292.935     292.937     293.359
 5.42100E-03     659.919     860.223     888.873    1049.493     887.563    1958.852     294.643     292.935     292.937     293.373
 5.44100E-03     658.877     866.612     897.011    1073.080     905.146    1918.449     294.758     292.934     292.937     293.388
 5.46101E-03     657.809     873.283     904.811    1092.977     920.238    1879.489     294.881     292.934     292.936     293.402
 5.48101E-03     656.717     880.206     912.272    1109.631     933.075    1842.182     295.012     292.934     292.936     293.418
 5.50101E-03     655.602     887.346     919.390    1123.466     943.937    1807.515     295.154     292.933     292.936     293.433
 5.52101E-03     654.467     894.669     926.166    1134.882     953.058    1775.961     295.310     292.933     292.935     293.449
 5.54101E-03     653.312     902.140     932.599    1144.145     960.683    1747.512     295.482     292.933     292.935     293.466
 5.56101E-03     652.138     909.723     938.688    1151.525     967.016    1721.826     295.674     292.932     292.935     293.483
 5.58101E-03     650.948     917.386     944.438    1157.293     972.228    1698.780     295.889     292.932     292.934     293.500
 5.60101E-03     649.587     925.105     948.322    1161.631     976.466    1678.626     296.132     292.932     292.934     293.518
 5.62101E-03     648.370     932.831     953.432    1164.718     979.878    1661.461     296.406     292.931     292.934     293.536
 5.64101E-03     647.139     940.546     958.210    1166.715     982.570    1647.526     296.716     292.931     292.933     293.555
 5.66101E-03     646.103     948.225     962.662    1167.797     984.639    1636.627     297.067     292.931     292.933     293.574
 5.68101E-03     648.201     955.846     966.794    1168.092     986.170    1628.691     297.462     292.930     292.933     293.594
 5.70101E-03     650.626     963.388     970.613    1167.709     987.236    1624.090     297.907     292.930     292.932     293.615
 5.72101E-03     652.751     970.833     974.125    1166.751     987.901    1622.435     298.404     292.930     292.932     293.635
 5.74101E-03     655.450     978.168     977.339    1165.319     988.218    1621.485     298.958     292.929     292.932     293.657
 5.76101E-03     658.705     985.379     980.262    1163.488     988.233    1620.334     299.571     292.929     292.931     293.679
 5.78101E-03     662.487     992.455     982.902    1161.329     987.988    1618.987     300.247     292.929     292.931     293.701
 5.80101E-03     673.136    1008.597     988.994    1160.650     987.618    1615.625     301.179     292.928     292.931     293.725
 5.82101E-03     679.065    1015.400     990.785    1158.856     986.945    1612.326     302.003     292.928     292.930     293.748
 5.84101E-03     685.664    1022.155     992.323    1157.034     986.134    1608.884     302.895     292.928     292.930     293.773
 5.86101E-03     692.872    1028.860     993.614    1155.083     985.216    1605.282     303.856     292.927     292.929     293.797
 5.88101E-03     700.609    1035.504     994.663    1152.967     984.207    1601.597     304.885     292.927     292.929     293.822
 5.90101E-03     708.789    1042.073     995.476    1150.687     983.123    1597.669     305.984     292.926     292.929     293.848
 5.92101E-03     717.324    1048.549     996.060    1148.264     981.972    1593.374     307.152     292.926     292.928     293.874
 5.94101E-03     726.129    1054.916     996.421    1145.722     980.763    1588.605     308.387     292.926     292.928     293.901
 5.96101E-03     735.124    1061.154     996.566    1143.083     979.501    1583.221     309.689     292.925     292.928     293.929
 5.98101E-03     744.237    1067.245     996.504    1140.362     978.191    1577.099     311.057     292.925     292.927     293.957
 6.00101E-03     767.532    1081.384     996.277    1138.150     976.748    1566.381     312.764     292.925     292.927     293.987
 6.02101E-03     779.768    1088.067     995.621    1134.892     975.345    1551.500     314.271     292.925     292.927     294.016
 6.04101E-03     792.694    1094.823     994.788    1131.583     973.898    1529.082     315.837     292.924     292.926     294.046
 6.06101E-03     805.897    1101.505     993.789    1128.256     972.410    1504.155     317.460     292.924     292.926     294.076
 6.08101E-03     819.065    1107.994     992.630    1124.916     970.884    1482.236     319.138     292.924     292.926     294.108
 6.10101E-03     831.969    1114.206     991.321    1121.559     969.323    1463.007     320.869     292.923     292.925     294.139
 6.12101E-03     844.446    1120.080     989.867    1118.179     967.728    1445.713     322.650     292.923     292.925     294.172
 6.14101E-03     856.383    1125.575     988.277    1114.773     966.102    1429.807     324.479     292.923     292.925     294.205
 6.16101E-03     867.702    1130.665     986.557    1111.339     964.445    1414.938     326.353     292.922     292.924     294.239
 6.18101E-03     878.355    1135.337     984.714    1107.880     962.758    1400.880     328.269     292.922     292.924     294.273
 6.20101E-03     900.669    1145.000     981.775    1104.646     960.936    1387.464     330.534     292.922     292.924     294.309
 6.22101E-03     908.028    1147.991     979.597    1100.872     959.176    1374.248     332.537     292.921     292.923     294.345
 6.24101E-03     914.851    1150.661     977.319    1097.130     957.404    1362.055     334.575     292.921     292.923     294.382
 6.26101E-03     921.137    1153.010     974.948    1093.369     955.582    1349.749     336.645     292.921     292.923     294.419
 6.28101E-03     926.890    1155.043     972.491    1089.630     953.731    1337.868     338.745     292.920     292.922     294.457
 6.30101E-03     932.120    1156.767     969.954    1085.941     951.867    1326.748     340.873     292.920     292.922     294.495
 6.32101E-03     936.838    1158.190     967.343    1082.260     949.970    1315.762     343.026     292.920     292.922     294.535
 6.34101E-03     941.056    1159.321     964.662    1078.612     948.057    1305.199     345.203     292.920     292.921     294.575
 6.36101E-03     944.789    1160.172     961.918    1074.968     946.114    1294.673     347.400     292.919     292.921     294.616
 6.38101E-03     948.054    1160.752     959.114    1071.347     944.155    1284.467     349.616     292.919     292.921     294.657
 6.40101E-03     957.795    1162.616     954.266    1068.452     942.080    1274.125     352.200     292.919     292.920     294.700
 6.42101E-03     962.070    1163.215     951.391    1065.519     940.113    1263.916     354.455     292.919     292.920     294.743
 6.44101E-03     965.835    1163.511     948.479    1062.598     938.152    1253.910     356.724     292.918     292.920     294.787
 6.46101E-03     969.031    1163.505     945.524    1059.612     936.192    1243.989     359.003     292.918     292.920     294.832
 6.48101E-03     971.654    1163.212     942.528    1056.565     934.243    1234.501     361.308     292.918     292.919     294.877
 6.50101E-03     973.714    1162.646     939.491    1053.452     932.296    1225.248     384.968     292.918     292.919     294.923
 6.52101E-03     975.242    1161.830     936.416    1050.277     930.333    1216.426    1525.029     292.914     292.916     294.967
 6.54101E-03     976.264    1160.780     933.305    1047.089     928.398    1207.789    2321.790     292.914     292.916     295.015
 6.56101E-03     976.817    1159.513     930.161    1043.876     926.462    1199.434    2234.437     292.914     292.915     295.063
 6.58101E-03     976.939    1158.049     926.987    1040.652     924.529    1191.420    2130.711     292.914     292.915     295.112
 6.60101E-03     976.663    1156.399     923.784    1037.420     922.594    1183.592    2052.522     292.914     292.915     295.162
 6.62101E-03     976.030    1154.585     920.530    1034.202     920.668    1176.161    1987.695     292.914     292.915     295.213
 6.64101E-03     975.067    1152.616     917.239    1030.989     918.743    1168.902    1930.616     292.914     292.915     295.264
 6.66101E-03     973.803    1150.505     913.919    1027.789     916.823    1161.841    1880.012     292.914     292.914     295.317
 6.68101E-03     972.272    1148.268     910.577    1024.626     914.922    1155.171    1835.564     292.914     292.914     295.370
 6.70101E-03     970.495    1145.912     907.217    1021.484     913.031    1148.643    1796.863     292.914     292.914     295.424
 6.72101E-03     968.507    1143.458     903.845    1018.412     911.182    1142.645    1763.394     292.914     292.913     295.478
 6.74101E-03     966.322    1140.910     900.466    1015.363     909.343    1136.747    1734.553     292.913     292.913     295.534
 6.76101E-03     963.955    1138.275     897.081    1012.354     907.528    1131.011    1709.944     292.913     292.912     295.590
 6.78102E-03     961.434    1135.569     893.694    1009.417     905.760    1125.698    1689.018     292.913     292.912     295.648
 6.80102E-03     957.285    1132.794     889.854    1006.519     904.012    1120.490    1671.443     292.913     292.912     295.705
 6.82102E-03     954.543    1129.965     886.533    1003.692     902.315    1115.600    1656.648     292.913     292.911     295.764
 6.84102E-03     951.682    1127.087     883.229    1000.922     900.657    1110.878    1644.565     292.913     292.911     295.824
 6.86102E-03     948.717    1124.170     879.939     998.224     899.049    1106.451    1635.356     292.913     292.911     295.885
 6.88102E-03     945.660    1121.222     876.661     995.594     897.487    1102.245    1628.833     292.913     292.910     295.946
 6.90102E-03     942.522    1118.249     873.395     993.033     895.973    1098.248    1624.629     292.913     292.910     296.008
 6.92102E-03     939.312    1115.259     870.141     990.539     894.506    1094.439    1622.562     292.913     292.910     296.072
 6.94102E-03     936.041    1112.257     866.898     988.114     893.087    1090.816    1621.561     292.913     292.909     296.135
 6.96102E-03     932.716    1109.248     863.667     985.754     891.713    1087.357    1620.326     292.913     292.909     296.200
 6.98102E-03     929.347    1106.238     860.448     983.458     890.383    1084.053    1618.860     292.914     292.908     296.266
 7.00102E-03     922.908    1098.882     852.965     981.673     889.033    1080.947    1616.573     292.914     292.908     296.335
 7.02102E-03     919.350    1096.363     849.810     979.700     887.800    1077.712    1613.931     292.914     292.908     296.402
 7.04102E-03     915.793    1093.826     846.649     977.772     886.612    1074.566    1610.835     292.915     292.907     296.471
 7.06102E-03     912.231    1091.269     843.481     975.870     885.464    1071.539    1607.271     292.915     292.907     296.540
 7.08102E-03     908.661    1088.689     840.311     973.993     884.355    1068.645    1603.291     292.916     292.907     296.610
 7.10102E-03     905.083    1086.091     837.143     972.140     883.282    1065.888    1599.020     292.916     292.906     296.681
 7.12102E-03     901.499    1083.475     833.980     970.316     882.242    1063.261    1594.156     292.917     292.906     296.753
 7.14102E-03     897.912    1080.848     830.828     968.521     881.232    1060.754    1589.222     292.917     292.906     296.826
 7.16102E-03     894.325    1078.211     827.689     966.758     880.249    1058.356    1582.813     292.918     292.905     296.899
 7.18102E-03     890.743    1075.570     824.566     965.026     879.291    1056.058    1575.081     292.919     292.905     296.974
 7.20102E-03     880.982    1068.234     816.229     964.265     878.362    1054.148    1563.301     292.921     292.905     297.051
 7.22102E-03     877.434    1065.418     812.912     963.003     877.453    1052.175    1548.307     292.922     292.904     297.127
 7.24102E-03     873.860    1062.597     809.637     961.689     876.568    1050.165    1528.286     292.923     292.904     297.205
 7.26102E-03     870.284    1059.789     806.416     960.334     875.706    1048.150    1506.994     292.924     292.904     297.283
 7.28102E-03     866.720    1057.005     803.253     958.951     874.864    1046.159    1486.993     292.926     292.903     297.362
 7.30102E-03     863.177    1054.253     800.147     957.553     874.041    1044.208    1467.226     292.928     292.903     297.442
 7.32102E-03     859.662    1051.537     797.097     956.149     873.233    1042.300    1448.411     292.930     292.903     297.523
 7.34102E-03     856.178    1048.859     794.101     954.746     872.440    1040.443    1430.823     292.932     292.902     297.604
 7.36102E-03     852.727    1046.220     791.156     953.345     871.657    1038.599    1413.918     292.934     292.902     297.687
 7.38102E-03     849.310    1043.623     788.260     951.954     870.885    1036.818    1398.248     292.937     292.902     297.771
 7.40102E-03     841.392    1036.746     781.238     951.155     870.158    1035.134    1383.318     292.940     292.901     297.857
 7.42102E-03     837.106    1033.564     777.898     949.974     869.410    1033.419    1369.231     292.943     292.901     297.942
 7.44102E-03     832.845    1030.387     774.556     948.772     868.674    1031.762    1356.015     292.947     292.901     298.029
 7.46102E-03     828.639    1027.242     771.242     947.543     867.947    1030.119    1343.113     292.951     292.900     298.116
 7.48102E-03     824.511    1024.151     767.979     946.299     867.232    1028.539    1331.092     292.955     292.900     298.204
 7.50102E-03     820.470    1021.122     764.778     945.043     866.526    1026.977    1319.402     292.960     292.900     298.293
 7.52102E-03     816.518    1018.160     761.645     943.781     865.825    1025.420    1307.929     292.965     292.899     298.383
 7.54102E-03     812.663    1015.270     758.586     942.522     865.132    1023.917    1297.171     292.970     292.899     298.474
 7.56102E-03     808.901    1012.451     755.600     941.260     864.440    1022.396    1286.406     292.976     292.899     298.566
 7.58102E-03     805.235    1009.704     752.691     939.991     863.738    1020.920    1276.390     292.979     292.896     298.658
 7.60102E-03     801.674    1007.027     749.864     938.741     863.051    1019.434    1266.375     292.986     292.895     298.751
 7.62102E-03     798.179    1004.420     747.102     937.502     862.371    1017.974    1256.788     292.994     292.895     298.846
 7.64102E-03     794.769    1001.880     744.413     936.269     861.690    1016.516    1247.484     293.003     292.895     298.941
 7.66102E-03     791.443     999.405     741.796     935.042     861.010    1015.059    1238.464     293.012     292.895     299.037
 7.68102E-03     788.199     996.993     739.247     933.825     860.331    1013.617    1229.865     293.022     292.895     299.135
 7.70102E-03     785.032     994.639     736.763     932.611     859.650    1012.153    1221.449     293.033     292.894     299.233
 7.72102E-03     781.943     992.344     734.344     931.409     858.970    1010.722    1213.619     293.045     292.894     299.332
 7.74102E-03     778.929     990.105     731.984     930.213     858.290    1009.285    1206.120     293.058     292.894     299.431
 7.76102E-03     775.984     987.917     729.682     929.021     857.607    1007.829    1198.888     293.072     292.893     299.532
 7.78102E-03     773.107     985.780     727.435     927.837     856.923    1006.380    1192.087     293.087     292.893     299.634
 7.80102E-03     770.367     983.682     725.394     926.650     856.230    1004.924    1185.654     293.103     292.893     299.736
 7.82102E-03     767.632     981.637     723.265     925.477     855.542    1003.459    1179.514     293.121     292.892     299.839
 7.84102E-03     764.959     979.635     721.188     924.308     854.852    1001.993    1173.731     293.141     292.892     299.944
 7.86102E-03     762.347     977.673     719.160     923.144     854.161    1000.526    1168.275     293.162     292.892     300.049
 7.88102E-03     759.791     975.751     717.178     921.985     853.467     999.054    1163.113     293.186     292.891     300.155
 7.90102E-03     757.289     973.865     715.239     920.830     852.772     997.580    1158.236     293.213     292.891     300.262
 7.92102E-03     754.838     972.014     713.341     919.680     852.075     996.102    1153.609     293.244     292.890     300.370
 7.94102E-03     752.436     970.197     711.481     918.534     851.376     994.621    1149.224     293.278     292.890     300.478
 7.96102E-03     750.080     968.411     709.658     917.392     850.675     993.136    1145.049     293.318     292.889     300.588
 7.98102E-03     747.769     966.655     707.870     916.254     849.972     991.650    1141.077     293.363     292.889     300.699
 8.00102E-03     745.953     964.964     705.356     915.534     849.310     990.133    1137.123     293.416     292.889     300.811
 8.02102E-03     744.273     963.755     703.988     914.407     848.604     988.602    1133.356     293.476     292.888     300.923
 8.04102E-03     742.578     962.534     702.630     913.298     847.896     987.058    1129.788     293.543     292.888     301.036
 8.06102E-03     740.872     961.302     701.282     912.191     847.186     985.506    1126.400     293.621     292.888     301.150
 8.08102E-03     739.161     960.064     699.942     911.085     846.475     983.956    1123.177     293.708     292.887     301.265
 8.10102E-03     737.445     958.820     698.610     909.978     845.762     982.405    1120.082     293.808     292.887     301.381
 8.12102E-03     735.727     957.571     697.284     908.870     845.045     980.854    1117.100     293.921     292.886     301.497
 8.14102E-03     734.010     956.317     695.963     907.761     844.327     979.306    1114.216     294.049     292.886     301.615
 8.16103E-03     732.294     955.060     694.648     906.651     843.606     977.760    1111.420     294.192     292.886     301.733
 8.18103E-03     730.581     953.800     693.339     905.542     842.882     976.217    1108.702     294.351     292.885     301.852
 8.20103E-03     724.289     948.851     689.975     904.551     842.185     975.061    1105.999     294.530     292.885     301.974
 8.22103E-03     722.793     947.733     688.768     902.962     841.448     973.574    1103.368     294.726     292.885     302.095
 8.24103E-03     721.280     946.607     687.530     901.554     840.707     972.106    1100.811     294.942     292.884     302.217
 8.26103E-03     719.753     945.474     686.269     900.239     839.960     970.650    1098.318     295.179     292.884     302.339
 8.28103E-03     718.216     944.334     684.993     898.978     839.209     969.199    1095.878     295.438     292.883     302.462
 8.30103E-03     716.671     943.186     683.707     897.753     838.454     967.752    1093.485     295.720     292.883     302.586
 8.32103E-03     715.122     942.030     682.415     896.554     837.696     966.302    1091.125     296.024     292.883     302.711
 8.34103E-03     713.570     940.866     681.120     895.372     836.933     964.825    1088.741     296.353     292.882     302.837
 8.36103E-03     712.020     939.698     679.827     894.214     836.176     963.423    1086.546     296.706     292.882     302.963
 8.38103E-03     710.471     938.522     678.536     893.061     835.412     961.964    1084.269     297.083     292.882     303.091
 8.40103E-03     708.737     937.149     676.927     891.954     834.655     960.588    1082.042     297.669     292.881     303.219
 8.42103E-03     707.332     936.082     675.759     890.731     833.887     959.128    1079.916     298.110     292.881     303.348
 8.44103E-03     705.924     935.004     674.591     889.548     833.120     957.700    1077.882     298.577     292.880     303.478
 8.46103E-03     704.515     933.916     673.423     888.386     832.350     956.251    1075.824     299.226     292.880     303.609
 8.48103E-03     703.105     932.820     672.255     887.239     831.578     954.822    1073.821     318.292     292.879     303.740
 8.50103E-03     701.696     931.713     671.090     886.097     830.798     953.361    1071.778     403.253     292.878     303.872
 8.52103E-03     700.287     930.599     669.926     884.977     830.030     951.922    1069.780     436.797     292.878     304.005
 8.54103E-03     698.882     929.479     668.766     883.868     829.264     950.503    1067.828     463.985     292.878     304.139
 8.56103E-03     697.478     928.351     667.610     882.766     828.499     949.066    1065.854     491.353     292.877     304.273
 8.58103E-03     696.079     927.218     666.458     881.673     827.737     947.657    1063.937     518.372     292.877     304.408
 8.60103E-03     694.689     926.079     665.311     880.585     826.974     946.226    1061.983     544.678     292.876     304.544
 8.62103E-03     693.298     924.935     664.170     879.506     826.216     944.829    1060.090     570.044     292.876     304.681
 8.64103E-03     691.910     923.788     663.035     878.433     825.459     943.438    1058.207     594.340     292.875     304.819
 8.66103E-03     690.526     922.635     661.907     877.363     824.702     942.026    1056.283     617.502     292.875     304.957
 8.68103E-03     689.145     921.479     660.785     876.299     823.946     940.635    1054.391     639.516     292.875     305.096
 8.70103E-03     687.771     920.320     659.671     875.241     823.193     939.257    1052.515     660.394     292.874     305.236
 8.72103E-03     686.402     919.158     658.563     874.189     822.443     937.887    1050.643     680.166     292.874     305.377
 8.74103E-03     685.040     917.995     657.464     873.142     821.694     936.527    1048.780     698.876     292.873     305.518
 8.76103E-03     683.685     916.829     656.372     872.100     820.949     935.175    1046.919     716.573     292.873     305.660
 8.78103E-03     682.339     915.663     655.287     871.064     820.205     933.834    1045.067     733.311     292.872     305.803
 8.80103E-03     679.926     912.100     652.635     871.456     819.484     932.540    1043.197     768.706     292.872     305.946
 8.82103E-03     677.936     909.149     650.858     870.834     818.753     931.270    1041.271     788.748     292.871     306.090
 8.84103E-03     676.110     906.518     649.286     869.964     818.029     930.046    1039.298     808.412     292.871     306.235
 8.86103E-03     674.402     904.130     647.850     868.995     817.314     928.865    1037.299     827.484     292.870     306.381
 8.88103E-03     672.780     901.928     646.509     867.982     816.606     927.715    1035.283     845.830     292.870     306.527
 8.90103E-03     671.224     899.868     645.236     866.949     815.905     926.588    1033.260     863.373     292.869     306.674
 8.92103E-03     669.722     897.922     644.016     865.910     815.208     925.478    1031.238     880.078     292.869     306.822
 8.94103E-03     668.266     896.068     642.838     864.871     814.516     924.381    1029.222     895.933     292.868     306.970
 8.96103E-03     666.849     894.293     641.696     863.836     813.826     923.293    1027.214     910.936     292.868     307.119
 8.98103E-03     665.466     892.584     640.585     862.808     813.139     922.210    1025.218     925.098     292.867     307.269
 9.00103E-03     665.153     890.616     639.973     861.712     812.463     921.089    1023.282     959.781     292.867     307.419
 9.02103E-03     664.313     888.519     639.133     860.729     811.782     919.647    1021.359     973.293     292.866     307.570
 9.04103E-03     663.404     886.692     638.259     859.805     811.103     918.195    1019.421     985.837     292.866     307.722
 9.06103E-03     662.442     885.045     637.363     858.906     810.428     916.758    1017.471     997.347     292.865     307.874
 9.08103E-03     661.440     883.522     636.452     858.016     809.755     915.340    1015.509    1007.823     292.865     308.027
 9.10103E-03     660.410     882.097     635.532     857.131     809.085     913.950    1013.550    1017.272     292.865     308.181
 9.12103E-03     659.361     880.746     634.608     856.247     808.418     912.587    1011.599    1025.766     292.864     308.335
 9.14103E-03     658.299     879.454     633.682     855.363     807.753     911.249    1009.660    1033.319     292.864     308.491
 9.16103E-03     657.229     878.188     632.758     854.478     807.089     909.911    1007.688    1039.974     292.863     308.646
 9.18103E-03     656.154     876.963     631.835     853.592     806.427     908.598    1005.737    1045.778     292.863     308.802
 9.20103E-03     648.420     874.188     628.702     857.150     805.796     907.272    1003.793    1058.777     292.863     308.958
 9.22103E-03     646.270     872.487     628.350     857.163     805.129     905.855    1001.894    1063.243     292.860     309.115
 9.24103E-03     644.617     870.891     627.821     856.661     804.480     904.433    1000.016    1067.087     292.859     309.273
 9.26103E-03     643.233     869.420     627.214     855.964     803.846     903.014     998.140    1070.260     292.859     309.432
 9.28103E-03     642.006     868.062     626.568     855.179     803.223     901.613     996.275    1072.870     292.858     309.591
 9.30103E-03     640.866     866.780     625.895     854.345     802.605     900.218     994.389    1074.987     292.858     309.751
 9.32103E-03     639.792     865.577     625.212     853.488     801.992     898.861     992.533    1076.716     292.858     309.912
 9.34103E-03     638.757     864.424     624.519     852.616     801.381     897.526     990.681    1078.126     292.857     310.073
 9.36103E-03     637.754     863.315     623.820     851.738     800.773     896.220     988.844    1079.292     292.857     310.234
 9.38103E-03     636.776     862.240     623.117     850.857     800.166     894.940     987.021    1080.281     292.856     310.397
 9.40103E-03     635.893     861.186     622.266     849.968     799.553     893.678     985.214    1081.141     292.856     310.559
 9.42103E-03     634.893     860.162     621.674     849.089     798.948     892.444     983.432    1081.942     292.856     310.722
 9.44103E-03     633.914     859.158     621.043     848.212     798.343     891.229     981.661    1082.713     292.855     310.886
 9.46104E-03     632.954     858.171     620.387     847.338     797.738     890.035     979.904    1083.491     292.855     311.051
 9.48104E-03     632.009     857.197     619.716     846.468     797.133     888.858     978.160    1084.300     292.855     311.216
 9.50104E-03     631.078     856.236     619.034     845.602     796.529     887.695     976.427    1085.160     292.855     311.381
 9.52104E-03     630.161     855.287     618.347     844.740     795.925     886.550     974.712    1086.085     292.855     311.547
 9.54104E-03     629.255     854.348     617.657     843.882     795.321     885.417     973.010    1087.082     292.855     311.714
 9.56104E-03     628.360     853.417     616.966     843.028     794.717     884.296     971.321    1088.154     292.855     311.881
 9.58104E-03     627.476     852.496     616.275     842.179     794.115     883.189     969.650    1089.303     292.856     312.049
 9.60104E-03     626.602     851.583     615.585     841.333     793.513     882.093     967.993    1090.524     292.856     312.217
 9.62104E-03     625.736     850.675     614.896     840.492     792.911     881.006     966.347    1091.811     292.857     312.386
 9.64104E-03     624.879     849.774     614.210     839.654     792.310     879.928     964.715    1093.157     292.859     312.555
 9.66104E-03     624.029     848.878     613.526     838.819     791.710     878.859     963.096    1094.552     292.861     312.725
 9.68104E-03     623.187     847.987     612.845     837.988     791.110     877.798     961.490    1095.988     292.863     312.895
 9.70104E-03     622.354     847.104     612.168     837.161     790.511     876.748     959.901    1097.455     292.866     313.066
 9.72104E-03     621.528     846.226     611.494     836.338     789.913     875.705     958.325    1098.942     292.870     313.237
 9.74104E-03     620.709     845.352     610.824     835.517     789.315     874.669     956.760    1100.440     292.875     313.409
 9.76104E-03     619.896     844.481     610.156     834.700     788.719     873.639     955.208    1101.938     292.882     313.581
 9.78104E-03     619.089     843.615     609.492     833.886     788.123     872.616     953.667    1103.428     292.890     313.754
 9.80104E-03     618.288     842.753     608.831     833.075     787.527     871.600     952.137    1104.899     292.899     313.927
 9.82104E-03     617.492     841.895     608.173     832.267     786.933     870.589     950.619    1106.344     292.910     314.101
 9.84104E-03     616.703     841.040     607.519     831.462     786.339     869.583     949.112    1107.755     292.924     314.275
 9.86104E-03     615.919     840.188     606.868     830.659     785.747     868.584     947.616    1109.125     292.939     314.449
 9.88104E-03     615.140     839.340     606.221     829.859     785.155     867.590     946.132    1110.448     292.958     314.624
 9.90104E-03     614.367     838.496     605.576     829.062     784.564     866.601     944.657    1111.717     292.979     314.799
 9.92104E-03     613.599     837.654     604.935     828.268     783.974     865.618     943.194    1112.928     293.004     314.975
 9.94104E-03     612.836     836.816     604.297     827.476     783.384     864.639     941.740    1114.076     293.033     315.151
 9.96104E-03     612.078     835.981     603.663     826.686     782.795     863.665     940.296    1115.158     293.065     315.328
 9.98104E-03     611.325     835.148     603.031     825.899     782.207     862.696     938.862    1116.169     293.102     315.505
 1.00010E-02     610.577     834.318     602.403     825.114     781.619     861.731     937.438    1117.107     293.143     315.682
 1.00210E-02     609.833     833.492     601.778     824.331     781.033     860.770     936.024    1117.969     293.190     315.860
 1.00410E-02     609.094     832.668     601.156     823.552     780.447     859.815     934.619    1118.753     293.241     316.038
 1.00610E-02     608.360     831.848     600.537     822.774     779.863     858.864     933.224    1119.456     293.299     316.217
 1.00810E-02     607.631     831.030     599.921     822.000     779.279     857.918     931.838    1120.078     293.362     316.396
 1.01010E-02     606.906     830.216     599.308     821.227     778.697     856.976     930.461    1120.615     293.431     316.575
 1.01210E-02     606.185     829.404     598.698     820.458     778.116     856.038     929.093    1121.068     293.507     316.755
 1.01410E-02     605.471     828.598     598.092     819.691     777.536     855.108     927.740    1121.435     293.590     316.935
 1.01610E-02     604.761     827.794     597.489     818.927     776.957     854.181     926.394    1121.714     293.680     317.116
 1.01810E-02     604.055     826.993     596.889     818.166     776.379     853.259     925.057    1121.907     293.778     317.297
 1.02010E-02     603.353     826.195     596.292     817.407     775.802     852.340     923.727    1122.010     293.883     317.478
 1.02210E-02     602.655     825.399     595.697     816.650     775.226     851.426     922.406    1122.024     293.996     317.659
 1.02410E-02     601.962     824.606     595.106     815.896     774.651     850.515     921.092    1121.949     294.117     317.841
 1.02610E-02     601.272     823.815     594.517     815.144     774.078     849.607     919.786    1121.783     294.246     318.023
 1.02810E-02     600.586     823.027     593.930     814.394     773.505     848.704     918.488    1121.528     294.384     318.206
 1.03010E-02     599.905     822.241     593.347     813.647     772.933     847.804     917.197    1121.183     294.530     318.389
 1.03210E-02     599.227     821.458     592.766     812.902     772.363     846.908     915.913    1120.748     294.685     318.572
 1.03410E-02     598.555     820.681     592.189     812.160     771.793     846.019     914.643    1120.225     294.849     318.755
 1.03610E-02     597.887     819.905     591.615     811.421     771.225     845.133     913.379    1119.615     295.022     318.939
 1.03810E-02     597.223     819.132     591.044     810.684     770.658     844.251     912.122    1118.917     295.204     319.123
 1.04010E-02     596.562     818.362     590.474     809.949     770.092     843.372     910.871    1118.133     295.395     319.307
 1.04210E-02     595.905     817.593     589.908     809.216     769.527     842.496     909.627    1117.263     295.596     319.492
 1.04410E-02     595.252     816.827     589.344     808.485     768.963     841.624     908.390    1116.309     295.805     319.677
 1.04610E-02     594.602     816.063     588.782     807.757     768.400     840.755     907.158    1115.272     296.024     319.862
 1.04810E-02     593.956     815.302     588.224     807.031     767.838     839.889     905.934    1114.154     296.251     320.048
 1.05010E-02     593.313     814.543     587.667     806.307     767.277     839.026     904.715    1112.956     296.488     320.233
 1.05210E-02     592.674     813.786     587.113     805.585     766.717     838.167     903.503    1111.680     296.734     320.419
 1.05410E-02     592.039     813.032     586.561     804.866     766.158     837.311     902.297    1110.326     296.989     320.605
 1.05610E-02     591.406     812.279     586.012     804.148     765.601     836.458     901.097    1108.898     297.253     320.792
 1.05810E-02     590.778     811.530     585.466     803.432     765.044     835.608     899.903    1107.397     297.526     320.979
 1.06010E-02     590.153     810.782     584.921     802.719     764.488     834.761     898.716    1105.824     297.808     321.166
 1.06210E-02     589.533     810.040     584.381     802.009     763.934     833.922     897.539    1104.183     298.099     321.353
 1.06410E-02     588.917     809.300     583.843     801.300     763.381     833.085     896.368    1102.476     298.398     321.540
 1.06610E-02     588.304     808.562     583.307     800.594     762.829     832.250     895.203    1100.704     298.705     321.728
 1.06810E-02     587.694     807.826     582.773     799.890     762.278     831.419     894.042    1098.870     299.021     321.916
 1.07010E-02     587.087     807.092     582.242     799.188     761.728     830.590     892.887    1096.975     299.345     322.104
 1.07210E-02     586.484     806.360     581.713     798.488     761.178     829.765     891.737    1095.022     299.677     322.293
 1.07410E-02     585.884     805.630     581.186     797.790     760.630     828.942     890.592    1093.012     300.017     322.481
 1.07610E-02     585.286     804.902     580.661     797.094     760.083     828.122     889.453    1090.948     300.365     322.670
 1.07810E-02     584.692     804.177     580.139     796.400     759.538     827.305     888.318    1088.832     300.720     322.859
 1.08010E-02     584.102     803.453     579.619     795.708     758.992     826.490     887.189    1086.666     301.083     323.048
 1.08210E-02     583.514     802.732     579.101     795.018     758.449     825.679     886.064    1084.451     301.452     323.237
 1.08410E-02     582.929     802.012     578.586     794.330     757.906     824.870     884.945    1082.191     301.829     323.427
 1.08610E-02     582.347     801.295     578.072     793.644     757.364     824.064     883.830    1079.887     302.212     323.616
 1.08810E-02     581.769     800.580     577.561     792.959     756.823     823.260     882.721    1077.541     302.602     323.806
 1.09010E-02     581.193     799.867     577.051     792.277     756.283     822.460     881.616    1075.155     302.999     323.996
 1.09210E-02     580.620     799.156     576.544     791.596     755.744     821.662     880.516    1072.731     303.401     324.186
 1.09410E-02     580.051     798.447     576.039     790.918     755.206     820.867     879.421    1070.272     303.810     324.376
 1.09610E-02     579.484     797.740     575.537     790.241     754.669     820.074     878.330    1067.778     304.224     324.567
 1.09810E-02     578.922     797.039     575.038     789.567     754.134     819.288     877.250    1065.253     304.644     324.757
 1.10010E-02     578.364     796.339     574.540     788.895     753.600     818.505     876.175    1062.698     305.070     324.948
 1.10210E-02     577.808     795.641     574.045     788.226     753.066     817.724     875.103    1060.116     305.500     325.139
 1.10410E-02     577.254     794.945     573.552     787.557     752.534     816.945     874.035    1057.507     305.936     325.330
 1.10610E-02     576.704     794.251     573.061     786.891     752.003     816.168     872.972    1054.874     306.376     325.521
 1.10810E-02     576.156     793.558     572.572     786.227     751.472     815.395     871.913    1052.217     306.821     325.712
 1.11010E-02     575.610     792.867     572.085     785.564     750.943     814.623     870.857    1049.539     307.270     325.903
 1.11210E-02     575.068     792.179     571.600     784.904     750.415     813.854     869.806    1046.841     307.724     326.095
 1.11410E-02     574.528     791.492     571.117     784.245     749.888     813.087     868.759    1044.125     308.181     326.286
 1.11610E-02     573.991     790.807     570.636     783.588     749.361     812.323     867.717    1041.392     308.642     326.478
 1.11810E-02     573.457     790.124     570.156     782.932     748.836     811.560     866.678    1038.644     309.107     326.670
 1.12010E-02     572.925     789.442     569.679     782.278     748.311     810.801     865.643    1035.881     309.575     326.862
 1.12210E-02     572.395     788.763     569.204     781.626     747.788     810.044     864.612    1033.106     310.046     327.053
 1.12410E-02     571.869     788.085     568.730     780.976     747.265     809.289     863.585    1030.319     310.520     327.245
 1.12610E-02     571.345     787.410     568.259     780.328     746.743     808.536     862.562    1027.523     310.997     327.437
 1.12810E-02     570.823     786.736     567.789     779.681     746.223     807.786     861.543    1024.717     311.477     327.629
 1.13010E-02     570.304     786.064     567.322     779.036     745.703     807.038     860.528    1021.904     311.959     327.822
 1.13210E-02     569.788     785.393     566.856     778.392     745.184     806.292     859.517    1019.085     312.444     328.014
 1.13410E-02     569.274     784.725     566.392     777.750     744.667     805.549     858.509    1016.260     312.930     328.206
 1.13610E-02     568.763     784.058     565.930     777.110     744.150     804.808     857.505    1013.430     313.419     328.399
 1.13810E-02     568.254     783.394     565.469     776.471     743.634     804.069     856.505    1010.598     313.909     328.591
 1.14010E-02     567.747     782.731     565.011     775.835     743.119     803.332     855.509    1007.763     314.401     328.783
 1.14210E-02     567.243     782.069     564.554     775.199     742.605     802.598     854.517    1004.927     314.894     328.976
 1.14411E-02     566.744     781.414     564.101     774.567     742.092     801.870     853.534    1002.091     315.389     329.168
 1.14611E-02     566.247     780.759     563.650     773.937     741.581     801.144     852.555     999.257     315.884     329.361
 1.14811E-02     565.752     780.107     563.200     773.308     741.071     800.420     851.579     996.424     316.381     329.554
 1.15011E-02     565.260     779.455     562.752     772.681     740.561     799.698     850.606     993.594     316.879     329.746
 1.15211E-02     564.770     778.806     562.306     772.055     740.053     798.977     849.636     990.768     317.377     329.939
 1.15411E-02     564.281     778.158     561.861     771.431     739.545     798.259     848.669     987.945     317.876     330.131
 1.15611E-02     563.796     777.511     561.419     770.809     739.038     797.543     847.706     985.127     318.375     330.324
 1.15811E-02     563.312     776.866     560.978     770.188     738.533     796.829     846.746     982.315     318.874     330.517
 1.16011E-02     562.831     776.223     560.538     769.569     738.028     796.117     845.789     979.508     319.374     330.709
 1.16211E-02     562.352     775.582     560.101     768.951     737.524     795.406     844.835     976.708     319.874     330.902
 1.16411E-02     561.875     774.942     559.665     768.335     737.021     794.698     843.885     973.916     320.373     331.095
 1.16611E-02     561.400     774.303     559.230     767.721     736.518     793.992     842.938     971.131     320.873     331.287
 1.16811E-02     560.927     773.666     558.798     767.108     736.017     793.287     841.994     968.354     321.372     331.480
 1.17011E-02     560.457     773.031     558.367     766.496     735.516     792.585     841.053     965.586     321.871     331.672
 1.17211E-02     559.989     772.398     557.937     765.887     735.017     791.885     840.116     962.827     322.369     331.865
 1.17411E-02     559.523     771.766     557.510     765.278     734.518     791.187     839.182     960.078     322.866     332.057
 1.17611E-02     559.059     771.136     557.084     764.671     734.021     790.490     838.250     957.340     323.363     332.250
 1.17811E-02     558.597     770.507     556.659     764.065     733.523     789.796     837.323     954.612     323.859     332.442
 1.18011E-02     558.137     769.880     556.237     763.461     733.027     789.103     836.398     951.894     324.354     332.635
 1.18211E-02     557.679     769.254     555.815     762.859     732.532     788.412     835.476     949.189     324.848     332.827
 1.18411E-02     557.224     768.630     555.396     762.258     732.038     787.724     834.557     946.494     325.340     333.019
 1.18611E-02     556.770     768.008     554.978     761.658     731.544     787.037     833.642     943.812     325.832     333.212
 1.18811E-02     556.319     767.387     554.561     761.060     731.052     786.352     832.729     941.142     326.322     333.404
 1.19011E-02     555.869     766.768     554.147     760.463     730.560     785.669     831.819     938.485     326.811     333.596
 1.19211E-02     555.422     766.150     553.733     759.867     730.069     784.988     830.913     935.841     327.298     333.788
 1.19411E-02     554.976     765.534     553.322     759.273     729.579     784.308     830.009     933.210     327.784     333.980
 1.19611E-02     554.533     764.919     552.912     758.681     729.090     783.631     829.108     930.592     328.268     334.172
 1.19811E-02     554.091     764.306     552.503     758.090     728.602     782.955     828.210     927.988     328.751     334.364
 1.20011E-02     553.652     763.694     552.096     757.500     728.115     782.281     827.316     925.398     329.232     334.556
 1.20211E-02     553.216     763.088     551.692     756.913     727.629     781.614     826.430     922.823     329.711     334.748
 1.20411E-02     552.783     762.483     551.290     756.328     727.144     780.948     825.547     920.262     330.188     334.939
 1.20611E-02     552.351     761.880     550.889     755.744     726.661     780.283     824.667     917.716     330.663     335.131
 1.20811E-02     551.921     761.277     550.489     755.162     726.178     779.620     823.789     915.186     331.136     335.322
 1.21011E-02     551.493     760.676     550.091     754.581     725.695     778.959     822.913     912.670     331.607     335.514
 1.21211E-02     551.067     760.076     549.695     754.001     725.214     778.299     822.040     910.170     332.076     335.705
 1.21411E-02     550.642     759.478     549.300     753.423     724.734     777.641     821.170     907.685     332.543     335.896
 1.21611E-02     550.219     758.881     548.906     752.846     724.254     776.984     820.302     905.215     333.008     336.087
 1.21811E-02     549.798     758.285     548.514     752.271     723.775     776.330     819.437     902.760     333.470     336.278
 1.22011E-02     549.379     757.690     548.123     751.696     723.297     775.676     818.574     900.321     333.930     336.469
 1.22211E-02     548.962     757.098     547.734     751.123     722.820     775.024     817.714     897.897     334.387     336.660
 1.22411E-02     548.546     756.506     547.346     750.552     722.343     774.375     816.857     895.488     334.843     336.850
 1.22611E-02     548.132     755.916     546.959     749.982     721.868     773.726     816.002     893.096     335.295     337.041
 1.22811E-02     547.720     755.327     546.574     749.413     721.393     773.080     815.150     890.718     335.746     337.231
 1.23011E-02     547.309     754.740     546.190     748.845     720.919     772.435     814.300     888.357     336.194     337.421
 1.23211E-02     546.900     754.153     545.808     748.279     720.446     771.791     813.453     886.010     336.639     337.611
 1.23411E-02     546.493     753.569     545.427     747.714     719.974     771.149     812.608     883.680     337.082     337.801
 1.23611E-02     546.088     752.985     545.047     747.150     719.502     770.509     811.766     881.365     337.522     337.991
 1.23811E-02     545.684     752.403     544.669     746.588     719.031     769.870     810.927     879.066     337.959     338.181
 1.24011E-02     545.282     751.823     544.292     746.027     718.561     769.233     810.090     876.782     338.394     338.370
 1.24211E-02     544.882     751.243     543.916     745.467     718.092     768.598     809.256     874.514     338.826     338.560
 1.24411E-02     544.483     750.665     543.542     744.908     717.624     767.964     808.424     872.262     339.256     338.749
 1.24611E-02     544.086     750.089     543.169     744.350     717.156     767.332     807.594     870.025     339.682     338.938
 1.24811E-02     543.691     749.513     542.797     743.794     716.690     766.701     806.768     867.804     340.106     339.127
 1.25011E-02     543.297     748.939     542.427     743.239     716.224     766.072     805.943     865.598     340.527     339.315
 1.25211E-02     542.905     748.367     542.058     742.685     715.758     765.444     805.121     863.408     340.946     339.504
 1.25411E-02     542.515     747.796     541.691     742.133     715.294     764.818     804.302     861.233     341.361     339.692
 1.25611E-02     542.126     747.226     541.325     741.582     714.831     764.194     803.485     859.073     341.774     339.881
 1.25811E-02     541.738     746.657     540.960     741.032     714.367     763.571     802.670     856.929     342.184     340.069
 1.26011E-02     541.353     746.090     540.596     740.483     713.905     762.950     801.858     854.800     342.591     340.257
 1.26211E-02     540.968     745.523     540.234     739.935     713.444     762.330     801.048     852.687     342.995     340.444
 1.26411E-02     540.586     744.958     539.873     739.389     712.984     761.711     800.240     850.588     343.396     340.632
 1.26611E-02     540.205     744.395     539.513     738.843     712.524     761.095     799.435     848.504     343.795     340.819
 1.26811E-02     539.825     743.833     539.154     738.299     712.065     760.479     798.633     846.436     344.190     341.006
 1.27011E-02     539.447     743.272     538.797     737.756     711.607     759.865     797.832     844.382     344.583     341.193
 1.27211E-02     539.073     742.716     538.442     737.216     711.150     759.258     797.041     842.345     344.972     341.380
 1.27411E-02     538.700     742.162     538.089     736.677     710.695     758.651     796.251     840.322     345.359     341.566
 1.27611E-02     538.329     741.608     537.737     736.140     710.240     758.046     795.464     838.315     345.743     341.753
 1.27811E-02     537.959     741.056     537.387     735.604     709.786     757.442     794.678     836.322     346.123     341.939
 1.28011E-02     537.590     740.504     537.037     735.069     709.333     756.839     793.894     834.345     346.501     342.125
 1.28211E-02     537.223     739.954     536.689     734.535     708.880     756.237     793.113     832.382     346.876     342.311
 1.28411E-02     536.857     739.405     536.342     734.002     708.429     755.637     792.333     830.434     347.248     342.496
 1.28611E-02     536.493     738.857     535.996     733.471     707.978     755.038     791.555     828.500     347.617     342.682
 1.28811E-02     536.129     738.310     535.651     732.940     707.528     754.441     790.780     826.581     347.983     342.867
 1.29011E-02     535.768     737.764     535.307     732.411     707.078     753.844     790.007     824.676     348.346     343.052
 1.29211E-02     535.407     737.219     534.964     731.883     706.629     753.250     789.236     822.785     348.707     343.236
 1.29411E-02     535.048     736.676     534.623     731.356     706.181     752.656     788.467     820.908     349.064     343.421
 1.29611E-02     534.691     736.133     534.283     730.830     705.734     752.064     787.700     819.045     349.418     343.605
 1.29811E-02     534.335     735.592     533.944     730.306     705.288     751.473     786.935     817.196     349.769     343.789
 1.30011E-02     533.980     735.052     533.606     729.782     704.842     750.884     786.172     815.360     350.118     343.973
 1.30211E-02     533.626     734.513     533.269     729.260     704.397     750.296     785.411     813.538     350.463     344.156
 1.30411E-02     533.274     733.975     532.934     728.738     703.952     749.709     784.653     811.730     350.806     344.340
 1.30611E-02     532.923     733.439     532.599     728.218     703.509     749.123     783.896     809.935     351.145     344.523
 1.30811E-02     532.574     732.904     532.266     727.699     703.066     748.539     783.142     808.153     351.482     344.706
 1.31011E-02     532.226     732.369     531.934     727.180     702.624     747.956     782.390     806.385     351.816     344.888
 1.31211E-02     531.879     731.836     531.603     726.663     702.182     747.375     781.640     804.629     352.147     345.071
 1.31411E-02     531.533     731.304     531.272     726.147     701.742     746.795     780.891     802.886     352.475     345.253
 1.31611E-02     531.189     730.774     530.944     725.632     701.302     746.216     780.146     801.156     352.800     345.435
 1.31811E-02     530.846     730.244     530.616     725.119     700.862     745.638     779.401     799.440     353.122     345.616
 1.32011E-02     530.504     729.715     530.289     724.606     700.424     745.062     778.659     797.735     353.441     345.798
 1.32211E-02     530.164     729.188     529.964     724.094     699.986     744.487     777.919     796.043     353.758     345.979
 1.32411E-02     529.825     728.661     529.639     723.583     699.549     743.913     777.182     794.363     354.071     346.160
 1.32611E-02     529.487     728.136     529.316     723.074     699.112     743.341     776.446     792.696     354.382     346.340
 1.32811E-02     529.150     727.612     528.993     722.565     698.677     742.770     775.712     791.041     354.690     346.521
 1.33011E-02     528.815     727.089     528.672     722.057     698.242     742.200     774.980     789.398     354.995     346.701
 1.33211E-02     528.481     726.567     528.352     721.551     697.807     741.632     774.250     787.767     355.297     346.881
 1.33411E-02     528.148     726.046     528.033     721.045     697.374     741.065     773.522     786.148     355.597     347.060
 1.33611E-02     527.817     725.526     527.715     720.541     696.941     740.499     772.796     784.540     355.894     347.240
 1.33811E-02     527.486     725.008     527.398     720.037     696.509     739.934     772.072     782.944     356.188     347.419
 1.34011E-02     527.157     724.490     527.081     719.535     696.077     739.371     771.350     781.360     356.479     347.598
 1.34211E-02     526.829     723.974     526.767     719.034     695.646     738.808     770.630     779.787     356.767     347.776
 1.34411E-02     526.502     723.458     526.453     718.533     695.216     738.248     769.912     778.226     357.053     347.954
 1.34611E-02     526.177     722.944     526.140     718.034     694.786     737.688     769.196     776.676     357.336     348.132
 1.34811E-02     525.852     722.431     525.828     717.535     694.358     737.129     768.482     775.136     357.616     348.310
 1.35011E-02     525.529     721.919     525.517     717.038     693.930     736.572     767.770     773.608     357.894     348.487
 1.35211E-02     525.207     721.408     525.207     716.542     693.502     736.016     767.060     772.091     358.168     348.664
 1.35411E-02     524.886     720.898     524.898     716.046     693.076     735.462     766.351     770.585     358.441     348.841
 1.35611E-02     524.566     720.389     524.590     715.552     692.650     734.908     765.645     769.089     358.710     349.018
 1.35811E-02     524.250     719.885     524.285     715.060     692.226     734.361     764.947     767.605     358.977     349.194
 1.36011E-02     523.935     719.383     523.981     714.570     691.802     733.814     764.250     766.132     359.241     349.370
 1.36211E-02     523.621     718.881     523.678     714.081     691.380     733.269     763.555     764.669     359.503     349.546
 1.36411E-02     523.308     718.380     523.376     713.592     690.958     732.724     762.862     763.218     359.762     349.721
 1.36611E-02     522.995     717.879     523.074     713.105     690.537     732.180     762.170     761.776     360.018     349.896
 1.36811E-02     522.684     717.380     522.774     712.619     690.116     731.638     761.480     760.346     360.272     350.071
 1.37011E-02     522.374     716.881     522.475     712.134     689.696     731.096     760.791     758.925     360.524     350.246
 1.37211E-02     522.065     716.384     522.176     711.649     689.277     730.556     760.104     757.514     360.772     350.420
 1.37411E-02     521.757     715.887     521.879     711.166     688.859     730.017     759.419     756.114     361.019     350.594
 1.37611E-02     521.450     715.392     521.582     710.684     688.441     729.478     758.735     754.723     361.262     350.768
 1.37811E-02     521.144     714.897     521.286     710.202     688.024     728.941     758.053     753.342     361.504     350.941
 1.38011E-02     520.839     714.403     520.991     709.722     687.607     728.405     757.373     751.971     361.742     351.114
 1.38211E-02     520.536     713.910     520.698     709.242     687.191     727.870     756.695     750.610     361.979     351.287
 1.38411E-02     520.233     713.419     520.405     708.764     686.776     727.336     756.018     749.258     362.213     351.459
 1.38611E-02     519.931     712.928     520.113     708.286     686.362     726.804     755.343     747.915     362.444     351.631
 1.38811E-02     519.631     712.438     519.822     707.810     685.948     726.272     754.670     746.581     362.673     351.803
 1.39011E-02     519.331     711.949     519.531     707.334     685.534     725.742     753.999     745.257     362.900     351.974
 1.39211E-02     519.032     711.461     519.242     706.859     685.122     725.212     753.329     743.942     363.124     352.146
 1.39411E-02     518.735     710.974     518.954     706.385     684.710     724.684     752.661     742.636     363.346     352.317
 1.39611E-02     518.438     710.488     518.666     705.912     684.299     724.156     751.994     741.338     363.566     352.487
 1.39811E-02     518.143     710.003     518.380     705.440     683.888     723.630     751.329     740.050     363.783     352.657
 1.40011E-02     517.848     709.519     518.094     704.969     683.478     723.105     750.667     738.770     363.998     352.827
 1.40211E-02     517.554     709.036     517.809     704.499     683.069     722.581     750.005     737.499     364.210     352.997
 1.40411E-02     517.262     708.554     517.525     704.030     682.660     722.058     749.346     736.236     364.421     353.166
 1.40611E-02     516.970     708.072     517.242     703.561     682.252     721.537     748.688     734.982     364.629     353.335
 1.40811E-02     516.680     707.592     516.960     703.094     681.845     721.016     748.031     733.737     364.834     353.504
 1.41011E-02     516.390     707.113     516.679     702.627     681.438     720.496     747.377     732.499     365.038     353.672
 1.41211E-02     516.101     706.634     516.398     702.161     681.032     719.978     746.724     731.270     365.239     353.840
 1.41411E-02     515.814     706.157     516.119     701.696     680.627     719.461     746.073     730.049     365.439     354.008
 1.41611E-02     515.527     705.680     515.840     701.232     680.222     718.944     745.423     728.836     365.636     354.175
 1.41811E-02     515.241     705.205     515.562     700.769     679.818     718.429     744.775     727.631     365.830     354.342
 1.42011E-02     514.956     704.730     515.285     700.307     679.414     717.915     744.129     726.434     366.023     354.509
 1.42211E-02     514.672     704.256     515.009     699.845     679.011     717.402     743.484     725.244     366.214     354.675
 1.42411E-02     514.390     703.783     514.734     699.385     678.609     716.890     742.841     724.063     366.402     354.842
 1.42611E-02     514.108     703.311     514.459     698.925     678.207     716.378     742.200     722.889     366.588     355.007
 1.42811E-02     513.827     702.840     514.186     698.467     677.806     715.868     741.560     721.723     366.773     355.173
 1.43011E-02     513.546     702.370     513.913     698.009     677.406     715.359     740.922     720.564     366.955     355.338
 1.43211E-02     513.267     701.901     513.641     697.552     677.006     714.851     740.286     719.412     367.135     355.503
 1.43411E-02     512.989     701.433     513.370     697.096     676.607     714.345     739.651     718.268     367.313     355.667
 1.43611E-02     512.712     700.966     513.100     696.640     676.208     713.839     739.018     717.132     367.489     355.831
 1.43811E-02     512.435     700.499     512.830     696.186     675.810     713.334     738.386     716.002     367.663     355.995
 1.44011E-02     512.160     700.033     512.561     695.732     675.413     712.830     737.756     714.880     367.835     356.158
 1.44211E-02     511.885     699.569     512.294     695.280     675.016     712.328     737.127     713.765     368.006     356.321
 1.44411E-02     511.611     699.105     512.027     694.828     674.620     711.826     736.500     712.656     368.174     356.484
 1.44611E-02     511.338     698.642     511.760     694.377     674.225     711.325     735.875     711.555     368.340     356.646
 1.44811E-02     511.066     698.180     511.495     693.927     673.830     710.825     735.251     710.461     368.504     356.808
 1.45011E-02     510.795     697.719     511.230     693.477     673.436     710.327     734.629     709.373     368.667     356.970
 1.45211E-02     510.525     697.259     510.966     693.029     673.042     709.829     734.009     708.292     368.828     357.132
 1.45411E-02     510.256     696.800     510.703     692.581     672.649     709.333     733.390     707.218     368.986     357.293
 1.45611E-02     509.987     696.341     510.441     692.134     672.257     708.837     732.772     706.151     369.143     357.453
 1.45811E-02     509.720     695.884     510.180     691.688     671.865     708.343     732.156     705.090     369.298     357.614
 1.46011E-02     509.456     695.432     509.920     691.245     671.475     707.854     731.548     704.036     369.451     357.774
 1.46211E-02     509.192     694.980     509.662     690.803     671.086     707.366     730.942     702.989     369.603     357.933
 1.46411E-02     508.929     694.529     509.405     690.362     670.698     706.879     730.336     701.949     369.752     358.093
 1.46611E-02     508.667     694.079     509.148     689.921     670.310     706.393     729.732     700.916     369.900     358.252
 1.46811E-02     508.405     693.630     508.892     689.482     669.923     705.907     729.128     699.888     370.046     358.410
 1.47011E-02     508.144     693.181     508.636     689.043     669.537     705.422     728.527     698.868     370.190     358.569
 1.47211E-02     507.884     692.733     508.382     688.606     669.151     704.939     727.926     697.853     370.333     358.727
 1.47411E-02     507.625     692.285     508.128     688.169     668.766     704.455     727.327     696.845     370.474     358.884
 1.47611E-02     507.367     691.839     507.875     687.732     668.381     703.973     726.729     695.843     370.613     359.042
 1.47811E-02     507.109     691.393     507.622     687.297     667.997     703.492     726.133     694.847     370.750     359.198
 1.48011E-02     506.852     690.948     507.371     686.863     667.613     703.012     725.538     693.858     370.886     359.355
 1.48211E-02     506.596     690.504     507.120     686.429     667.230     702.532     724.944     692.874     371.020     359.511
