# Melt Pool Geometry History
# time(s)  length(m)  depth(m)  width(m)  volume(m3)  Tpeak(K)  laser_on
 2.10000E-05   0.00000E+00   0.00000E+00   0.00000E+00   7.50081E-14      293.00  1
 4.10000E-05   4.34055E-05   1.00975E-04   3.43585E-05   2.20127E-13     1806.84  1
 6.10000E-05   7.95861E-05   1.06324E-04   5.23578E-05   3.40106E-13     2395.97  1
 8.10000E-05   1.11160E-04   1.07309E-04   5.47627E-05   4.53043E-13     2563.71  1
 1.01000E-04   1.41884E-04   1.07426E-04   5.51882E-05   5.79943E-13     2622.89  1
 1.21000E-04   1.72662E-04   1.07381E-04   5.85918E-05   6.97323E-13     2613.97  1
 1.41000E-04   2.04349E-04   1.07262E-04   6.02251E-05   8.06083E-13     2579.00  1
 1.61000E-04   2.36871E-04   1.07053E-04   6.04582E-05   7.62872E-13     2544.33  0
 1.81000E-04   2.39784E-04   1.01976E-04   6.03605E-05   7.08672E-13     2289.13  0
 2.01000E-04   2.39489E-04   9.53032E-05   5.94810E-05   6.01925E-13     2148.91  0
 2.21000E-04   2.42716E-04   8.89158E-05   6.38850E-05   5.63978E-13     1956.61  0
 2.41000E-04   2.42230E-04   8.27350E-05   6.56263E-05   5.23364E-13     1845.84  0
 2.61000E-04   2.42131E-04   7.52716E-05   6.57071E-05   4.84191E-13     1773.10  0
 2.81000E-04   2.41984E-04   6.83724E-05   6.53281E-05   4.47431E-13     1723.23  0
 3.01000E-04   2.41806E-04   6.12424E-05   6.48005E-05   4.12626E-13     1689.05  0
 3.21000E-04   2.41626E-04   5.43435E-05   6.42653E-05   3.78942E-13     1665.05  0
 3.41000E-04   2.41436E-04   4.87709E-05   6.38764E-05   3.46266E-13     1647.69  0
 3.61000E-04   2.41229E-04   4.39018E-05   6.37321E-05   3.14455E-13     1635.50  0
 3.81000E-04   2.40663E-04   3.97558E-05   6.37290E-05   2.83192E-13     1627.44  0
 4.01000E-04   2.33863E-04   3.68931E-05   6.26452E-05   2.40033E-13     1623.20  0
 4.21000E-04   2.33780E-04   3.35573E-05   6.42296E-05   2.11293E-13     1622.29  0
 4.41000E-04   2.32964E-04   3.30188E-05   6.41086E-05   1.84124E-13     1621.25  0
 4.61000E-04   2.16670E-04   3.28264E-05   6.39884E-05   1.58624E-13     1619.89  0
 4.81000E-04   2.05870E-04   3.26321E-05   6.38611E-05   1.34774E-13     1618.23  0
 5.01000E-04   2.00834E-04   3.07738E-05   6.37196E-05   1.12380E-13     1616.25  0
 5.21000E-04   1.93082E-04   2.82897E-05   6.35606E-05   9.16866E-14     1613.90  0
 5.41000E-04   1.78602E-04   2.76264E-05   6.33740E-05   7.26930E-14     1611.21  0
 5.61000E-04   1.63676E-04   2.63337E-05   6.31521E-05   5.56346E-14     1608.11  0
 5.81000E-04   1.48425E-04   2.35440E-05   6.28884E-05   4.05319E-14     1604.59  0
 6.01000E-04   1.35000E-04   1.93760E-05   5.96828E-05   2.52435E-14     1600.50  0
 6.21000E-04   1.19985E-04   1.70781E-05   6.22364E-05   1.46932E-14     1596.22  0
 6.41000E-04   1.02611E-04   1.39819E-05   6.15927E-05   6.84143E-15     1591.63  0
 6.61000E-04   8.31606E-05   1.16563E-05   6.06258E-05   8.73586E-14     1586.08  1
 6.81000E-04   4.43435E-05   1.03825E-04   4.13277E-05   2.25073E-13     1868.86  1
 7.01000E-04   7.79076E-05   1.07805E-04   5.39318E-05   3.45963E-13     2389.73  1
 7.21000E-04   1.12309E-04   1.08072E-04   5.64479E-05   4.65822E-13     2549.86  1
 7.41000E-04   1.43526E-04   1.08194E-04   5.76011E-05   5.84165E-13     2583.73  1
 7.61000E-04   1.77279E-04   1.08252E-04   5.83984E-05   6.89742E-13     2582.82  1
 7.81000E-04   2.08761E-04   1.08321E-04   5.89332E-05   7.93555E-13     2666.36  1
 8.01000E-04   2.39114E-04   1.07765E-04   5.94207E-05   9.34582E-13     2564.58  1
 8.21000E-04   2.72001E-04   1.08188E-04   6.56583E-05   1.04911E-12     2503.42  1
 8.41000E-04   3.04273E-04   1.08272E-04   6.67209E-05   1.14333E-12     2490.05  1
 8.61000E-04   3.35099E-04   1.08264E-04   6.73463E-05   1.22886E-12     2597.67  1
 8.81000E-04   3.66474E-04   1.08196E-04   6.77420E-05   1.31146E-12     2568.48  1
 9.01000E-04   3.98645E-04   1.08071E-04   6.78809E-05   1.38752E-12     2521.59  1
 9.21000E-04   4.31526E-04   1.08062E-04   6.79382E-05   1.46950E-12     2502.03  1
 9.41000E-04   4.63599E-04   1.08015E-04   6.80688E-05   1.53226E-12     2470.64  1
 9.61000E-04   4.94231E-04   1.07953E-04   6.81669E-05   1.59145E-12     2553.16  1
 9.81000E-04   5.25438E-04   1.07863E-04   6.81856E-05   1.64147E-12     2521.64  1
 1.00100E-03   5.54257E-04   1.07766E-04   6.42272E-05   1.48493E-12     2482.12  0
 1.02100E-03   5.45209E-04   1.02778E-04   7.05706E-05   1.37953E-12     2124.90  0
 1.04100E-03   5.37729E-04   9.76024E-05   7.03843E-05   1.26456E-12     1950.53  0
 1.06100E-03   5.32791E-04   9.07761E-05   7.01780E-05   1.15349E-12     1849.07  0
 1.08100E-03   5.24448E-04   8.41689E-05   6.98970E-05   1.05012E-12     1782.07  0
 1.10100E-03   5.17630E-04   7.77355E-05   6.95097E-05   9.54683E-13     1734.69  0
 1.12100E-03   5.12368E-04   6.97903E-05   6.91048E-05   8.65662E-13     1700.27  0
 1.14100E-03   5.04165E-04   6.30856E-05   6.87190E-05   7.81732E-13     1674.21  0
 1.16100E-03   4.96638E-04   5.67545E-05   6.83090E-05   7.02686E-13     1654.53  0
 1.18100E-03   4.91176E-04   5.08847E-05   6.77877E-05   6.27928E-13     1640.24  0
 1.20100E-03   4.82144E-04   4.55310E-05   6.42408E-05   5.38677E-13     1630.20  0
 1.22100E-03   4.73019E-04   4.20433E-05   6.52468E-05   4.74023E-13     1624.34  0
 1.24100E-03   4.63552E-04   3.82632E-05   6.46727E-05   4.14199E-13     1622.60  0
 1.26100E-03   4.53521E-04   3.47690E-05   6.45865E-05   3.58266E-13     1621.68  0
 1.28100E-03   4.42567E-04   3.26700E-05   6.44872E-05   3.06441E-13     1620.43  0
 1.30100E-03   4.23202E-04   2.93052E-05   6.43700E-05   2.58544E-13     1618.87  0
 1.32100E-03   4.04620E-04   2.76331E-05   6.42207E-05   2.14599E-13     1617.01  0
 1.34100E-03   3.86948E-04   2.45385E-05   6.40357E-05   1.74236E-13     1614.81  0
 1.36100E-03   3.65796E-04   2.29791E-05   6.38142E-05   1.37948E-13     1612.22  0
 1.38100E-03   3.46229E-04   2.03323E-05   6.35277E-05   1.05149E-13     1609.20  0
 1.40100E-03   3.26250E-04   1.86117E-05   5.91313E-05   6.69421E-14     1605.82  0
 1.42100E-03   3.01961E-04   1.67689E-05   6.38838E-05   4.06490E-14     1601.77  0
 1.44100E-03   2.73192E-04   1.41943E-05   5.76853E-05   2.12035E-14     1596.92  0
 1.46100E-03   2.41426E-04   1.26470E-05   5.14147E-05   8.50712E-15     1591.20  0
 1.48100E-03   1.98346E-04   9.23796E-06   3.60350E-05   1.44088E-15     1583.81  0
 1.50100E-03   1.34954E-04   5.86495E-06   2.00787E-05   7.39014E-14     1573.33  1
 1.52100E-03   4.10054E-05   1.03337E-04   4.81198E-05   2.25362E-13     1844.39  1
 1.54100E-03   7.34482E-05   1.07680E-04   5.50878E-05   3.69654E-13     2412.24  1
 1.56100E-03   1.08891E-04   1.07944E-04   5.89629E-05   5.08051E-13     2485.03  1
 1.58100E-03   1.42880E-04   1.08096E-04   6.00497E-05   6.36665E-13     2470.28  1
 1.60100E-03   1.69690E-04   1.07881E-04   6.04722E-05   7.51306E-13     2459.52  1
 1.62100E-03   2.10775E-04   1.08258E-04   6.13387E-05   8.70844E-13     2420.92  1
 1.64100E-03   2.40976E-04   1.08352E-04   6.17342E-05   9.73446E-13     2452.67  1
 1.66100E-03   2.71344E-04   1.08378E-04   6.19675E-05   1.08270E-12     2461.55  1
 1.68100E-03   3.02446E-04   1.08361E-04   6.21193E-05   1.18098E-12     2439.55  1
 1.70100E-03   3.35781E-04   1.08341E-04   6.22461E-05   1.28305E-12     2489.24  1
 1.72100E-03   3.71121E-04   1.08511E-04   6.24061E-05   1.37439E-12     2476.68  1
 1.74100E-03   4.01028E-04   1.08574E-04   6.25677E-05   1.45570E-12     2471.92  1
 1.76100E-03   4.31495E-04   1.08581E-04   6.26626E-05   1.53963E-12     2504.66  1
 1.78100E-03   4.62568E-04   1.08528E-04   6.27373E-05   1.62013E-12     2466.26  1
 1.80100E-03   4.95995E-04   1.08450E-04   6.28466E-05   1.69914E-12     2498.12  1
 1.82100E-03   5.30597E-04   1.08566E-04   6.30475E-05   1.76937E-12     2488.21  1
 1.84100E-03   5.60532E-04   1.08561E-04   6.32205E-05   1.82521E-12     2525.97  1
 1.86100E-03   5.90932E-04   1.08482E-04   6.33180E-05   1.88618E-12     2588.46  1
 1.88100E-03   6.20603E-04   1.08330E-04   6.33901E-05   1.93588E-12     2472.05  1
 1.90100E-03   6.48288E-04   1.08183E-04   6.34765E-05   1.98699E-12     2499.10  1
 1.92100E-03   6.80619E-04   1.08148E-04   6.36788E-05   2.03292E-12     2472.04  1
 1.94100E-03   7.05212E-04   1.08099E-04   6.38754E-05   2.06661E-12     2448.08  1
 1.96100E-03   7.29370E-04   1.08013E-04   6.39744E-05   2.09966E-12     2447.94  1
 1.98100E-03   7.52704E-04   1.07906E-04   6.39486E-05   1.96472E-12     2426.57  0
 2.00100E-03   7.46159E-04   1.02887E-04   6.35340E-05   1.81065E-12     2152.60  0
 2.02100E-03   7.42888E-04   9.76641E-05   6.36458E-05   1.68088E-12     2014.69  0
 2.04100E-03   7.37387E-04   9.12339E-05   6.33454E-05   1.56074E-12     1930.77  0
 2.06100E-03   7.28827E-04   8.43652E-05   6.29683E-05   1.45042E-12     1869.72  0
 2.08100E-03   7.22146E-04   7.80917E-05   6.24970E-05   1.34771E-12     1821.67  0
 2.10100E-03   7.15896E-04   7.10167E-05   6.19125E-05   1.25066E-12     1782.47  0
 2.12100E-03   7.07215E-04   6.42512E-05   6.12248E-05   1.15704E-12     1749.54  0
 2.14100E-03   6.99856E-04   5.87794E-05   6.04432E-05   1.06768E-12     1721.59  0
 2.16100E-03   6.93741E-04   5.40034E-05   5.96013E-05   9.80418E-13     1698.28  0
 2.18100E-03   6.84210E-04   4.99582E-05   5.87347E-05   8.95919E-13     1678.43  0
 2.20100E-03   6.69282E-04   4.70847E-05   5.69192E-05   7.81973E-13     1661.55  0
 2.22100E-03   6.67011E-04   4.35989E-05   5.94857E-05   7.03015E-13     1647.28  0
 2.24100E-03   6.50689E-04   4.08012E-05   5.86488E-05   6.27136E-13     1636.19  0
 2.26100E-03   6.36357E-04   3.84212E-05   5.81099E-05   5.56183E-13     1628.35  0
 2.28100E-03   6.15672E-04   3.57984E-05   5.76982E-05   4.88924E-13     1623.92  0
 2.30100E-03   5.98448E-04   3.36601E-05   5.73630E-05   4.26404E-13     1622.63  0
 2.32100E-03   5.79716E-04   3.16025E-05   5.70716E-05   3.68131E-13     1621.78  0
 2.34100E-03   5.60229E-04   2.91643E-05   5.68005E-05   3.14294E-13     1620.58  0
 2.36100E-03   5.37314E-04   2.77821E-05   5.65348E-05   2.64605E-13     1619.04  0
 2.38100E-03   5.13228E-04   2.51018E-05   5.62600E-05   2.18844E-13     1617.16  0
 2.40100E-03   4.83999E-04   2.34610E-05   5.52144E-05   1.59673E-13     1614.67  0
 2.42100E-03   4.50777E-04   2.15424E-05   6.05070E-05   1.17866E-13     1611.88  0
 2.44100E-03   4.15595E-04   1.92465E-05   5.97382E-05   8.28197E-14     1608.52  0
 2.46100E-03   3.74563E-04   1.78745E-05   5.82727E-05   5.41693E-14     1604.58  0
 2.48100E-03   3.32758E-04   1.51596E-05   5.63139E-05   1.05712E-13     1599.95  1
 2.50100E-03   4.40421E-05   1.03426E-04   4.39137E-05   2.36086E-13     1847.19  1
 2.52100E-03   8.06613E-05   1.07940E-04   5.42625E-05   3.52752E-13     2411.05  1
 2.54100E-03   1.11980E-04   1.08195E-04   5.74311E-05   4.80577E-13     2588.72  1
 2.56100E-03   1.46485E-04   1.08269E-04   6.00312E-05   6.03066E-13     2543.40  1
 2.58100E-03   1.78358E-04   1.08317E-04   6.15713E-05   7.23076E-13     2606.09  1
 2.60100E-03   2.05185E-04   1.07903E-04   6.09061E-05   8.40307E-13     2486.31  1
 2.62100E-03   2.38973E-04   1.08243E-04   6.58788E-05   9.55872E-13     2480.67  1
 2.64100E-03   2.71734E-04   1.08295E-04   6.70108E-05   1.06396E-12     2534.09  1
 2.66100E-03   3.05047E-04   1.08427E-04   6.79003E-05   1.16773E-12     2524.20  1
 2.68100E-03   3.35846E-04   1.08507E-04   6.84308E-05   1.25826E-12     2504.45  1
 2.70100E-03   3.68277E-04   1.08542E-04   6.87061E-05   1.34906E-12     2486.94  1
 2.72100E-03   3.98631E-04   1.08553E-04   6.87786E-05   1.43431E-12     2545.95  1
 2.74100E-03   4.29550E-04   1.08514E-04   6.87512E-05   1.51709E-12     2537.06  1
 2.76100E-03   4.60316E-04   1.08628E-04   6.87228E-05   1.59732E-12     2532.34  1
 2.78100E-03   4.87304E-04   1.08684E-04   6.87056E-05   1.66927E-12     2514.51  1
 2.80100E-03   5.13693E-04   1.08490E-04   6.86683E-05   1.74787E-12     2477.17  1
 2.82100E-03   5.42399E-04   1.08786E-04   6.86704E-05   1.81660E-12     2522.57  1
 2.84100E-03   5.69235E-04   1.08780E-04   6.87395E-05   1.87331E-12     2578.47  1
 2.86100E-03   5.95836E-04   1.08768E-04   6.88225E-05   1.93282E-12     2605.82  1
 2.88100E-03   6.22093E-04   1.08723E-04   6.88614E-05   1.99151E-12     2563.19  1
 2.90100E-03   6.50321E-04   1.08638E-04   6.89598E-05   2.04665E-12     2542.55  1
 2.92100E-03   6.77655E-04   1.08712E-04   6.91898E-05   2.09958E-12     2543.24  1
 2.94100E-03   7.05170E-04   1.08705E-04   6.93556E-05   2.13970E-12     2517.06  1
 2.96100E-03   7.30717E-04   1.08664E-04   6.94507E-05   2.18149E-12     2580.12  1
 2.98100E-03   7.57486E-04   1.08529E-04   6.95084E-05   2.21840E-12     2562.92  1
 3.00100E-03   7.83202E-04   1.08330E-04   6.95097E-05   2.24988E-12     2498.16  1
 3.02100E-03   8.10503E-04   1.08382E-04   6.94736E-05   2.27551E-12     2506.85  1
 3.04100E-03   8.36725E-04   1.08214E-04   6.94122E-05   2.29996E-12     2538.54  1
 3.06100E-03   8.64239E-04   1.08047E-04   6.93160E-05   2.31791E-12     2514.06  1
 3.08100E-03   8.90170E-04   1.08041E-04   6.93081E-05   2.33993E-12     2504.47  1
 3.10100E-03   9.16030E-04   1.07989E-04   6.92843E-05   2.34768E-12     2462.85  1
 3.12100E-03   9.40948E-04   1.07924E-04   6.91765E-05   2.18952E-12     2562.78  0
 3.14100E-03   9.32796E-04   1.02944E-04   6.90205E-05   2.02986E-12     2182.18  0
 3.16100E-03   9.28176E-04   9.76537E-05   6.87924E-05   1.88190E-12     2024.45  0
 3.18100E-03   9.18230E-04   9.08193E-05   6.85328E-05   1.74501E-12     1936.20  0
 3.20100E-03   9.07190E-04   8.40714E-05   6.37111E-05   1.55025E-12     1873.87  0
 3.22100E-03   8.95660E-04   7.79032E-05   6.98380E-05   1.42281E-12     1806.78  0
 3.24100E-03   8.82644E-04   7.06266E-05   6.79392E-05   1.29329E-12     1748.01  0
 3.26100E-03   8.68730E-04   6.39940E-05   6.70258E-05   1.16846E-12     1703.77  0
 3.28100E-03   8.52590E-04   5.83802E-05   6.57772E-05   1.04924E-12     1672.85  0
 3.30100E-03   8.32413E-04   5.33809E-05   6.45007E-05   9.37643E-13     1651.55  0
 3.32100E-03   8.09682E-04   4.87735E-05   6.36897E-05   8.32955E-13     1637.54  0
 3.34100E-03   7.86041E-04   4.47500E-05   6.37479E-05   7.35710E-13     1628.68  0
 3.36100E-03   7.62035E-04   4.16011E-05   6.37859E-05   6.45941E-13     1623.90  0
 3.38100E-03   7.36543E-04   3.82370E-05   6.38051E-05   5.62006E-13     1622.59  0
 3.40100E-03   7.09343E-04   3.46036E-05   6.27535E-05   4.45046E-13     1621.65  0
 3.42100E-03   6.82954E-04   3.26224E-05   6.55446E-05   3.63517E-13     1620.39  0
 3.44100E-03   6.50459E-04   2.92943E-05   6.65296E-05   2.94020E-13     1618.75  0
 3.46100E-03   6.08717E-04   2.76414E-05   6.70356E-05   2.34072E-13     1616.70  0
 3.48100E-03   5.66950E-04   2.45474E-05   6.69392E-05   1.81264E-13     1614.23  0
 3.50099E-03   5.22987E-04   2.29684E-05   6.63425E-05   1.36130E-13     1611.34  0
 3.52099E-03   4.78659E-04   2.02142E-05   6.51705E-05   9.70236E-14     1608.00  0
 3.54099E-03   4.35873E-04   1.84710E-05   6.36310E-05   6.47915E-14     1604.18  0
 3.56099E-03   3.88697E-04   1.62589E-05   6.13184E-05   3.91172E-14     1599.86  0
 3.58099E-03   3.39468E-04   1.39508E-05   5.57789E-05   1.97594E-14     1594.90  0
 3.60099E-03   2.81281E-04   1.19255E-05   4.52981E-05   6.49961E-15     1588.81  0
 3.62099E-03   2.15661E-04   8.81794E-06   3.60989E-05   7.64598E-14     1581.55  1
 3.64099E-03   4.91408E-05   1.02855E-04   4.38064E-05   2.29487E-13     1907.38  1
 3.66099E-03   7.96640E-05   1.07835E-04   5.52163E-05   3.70787E-13     2406.40  1
 3.68099E-03   1.08639E-04   1.08054E-04   5.90854E-05   5.02242E-13     2543.47  1
 3.70099E-03   1.38974E-04   1.08093E-04   6.01455E-05   6.29320E-13     2466.80  1
 3.72099E-03   1.70916E-04   1.08100E-04   6.08746E-05   7.50225E-13     2491.31  1
 3.74099E-03   2.05640E-04   1.08250E-04   6.13190E-05   8.71121E-13     2492.75  1
 3.76099E-03   2.36334E-04   1.08396E-04   6.16463E-05   9.78260E-13     2486.22  1
 3.78099E-03   2.65820E-04   1.08457E-04   6.18870E-05   1.08610E-12     2508.87  1
 3.80099E-03   2.95702E-04   1.08263E-04   6.15618E-05   1.16845E-12     2427.83  1
 3.82099E-03   3.27184E-04   1.08336E-04   6.59119E-05   1.27483E-12     2469.94  1
 3.84099E-03   3.62640E-04   1.08546E-04   6.68786E-05   1.37451E-12     2477.01  1
 3.86099E-03   3.93814E-04   1.08646E-04   6.79109E-05   1.45423E-12     2473.15  1
 3.88099E-03   4.22799E-04   1.08686E-04   6.84465E-05   1.53572E-12     2520.39  1
 3.90099E-03   4.53593E-04   1.08673E-04   6.86823E-05   1.61106E-12     2459.20  1
 3.92099E-03   4.86103E-04   1.08629E-04   6.88772E-05   1.68527E-12     2494.95  1
 3.94099E-03   5.21835E-04   1.08742E-04   6.90357E-05   1.75509E-12     2493.20  1
 3.96099E-03   5.51762E-04   1.08815E-04   6.90545E-05   1.81721E-12     2484.58  1
 3.98099E-03   5.81723E-04   1.08840E-04   6.89992E-05   1.88424E-12     2484.71  1
 4.00099E-03   6.08584E-04   1.08701E-04   6.88519E-05   1.95040E-12     2462.11  1
 4.02099E-03   6.43335E-04   1.08901E-04   6.87288E-05   2.00368E-12     2492.57  1
 4.04099E-03   6.65677E-04   1.08912E-04   6.86185E-05   2.05676E-12     2524.59  1
 4.06099E-03   6.91128E-04   1.08897E-04   6.85157E-05   2.11377E-12     2492.92  1
 4.08099E-03   7.13946E-04   1.08860E-04   6.85476E-05   2.16257E-12     2482.13  1
 4.10099E-03   7.39978E-04   1.08780E-04   6.86353E-05   2.21288E-12     2521.76  1
 4.12099E-03   7.66757E-04   1.08889E-04   6.87867E-05   2.25610E-12     2512.47  1
 4.14099E-03   7.90543E-04   1.08924E-04   6.88547E-05   2.29506E-12     2495.92  1
 4.16100E-03   8.12433E-04   1.08914E-04   6.89062E-05   2.33568E-12     2491.92  1
 4.18100E-03   8.35771E-04   1.08863E-04   6.89391E-05   2.37175E-12     2495.70  1
 4.20100E-03   8.62079E-04   1.08750E-04   6.89493E-05   2.40521E-12     2509.32  1
 4.22100E-03   8.83791E-04   1.08906E-04   6.89757E-05   2.43449E-12     2502.75  1
 4.24100E-03   9.09522E-04   1.08824E-04   6.90278E-05   2.46238E-12     2475.00  1
 4.26100E-03   9.30786E-04   1.08680E-04   6.90541E-05   2.48651E-12     2509.05  1
 4.28100E-03   9.55352E-04   1.08543E-04   6.90623E-05   2.51169E-12     2518.81  1
 4.30100E-03   9.77147E-04   1.08540E-04   6.90516E-05   2.52646E-12     2512.76  1
 4.32100E-03   9.95769E-04   1.08434E-04   6.90939E-05   2.53442E-12     2493.98  1
 4.34100E-03   1.01581E-03   1.08286E-04   6.91519E-05   2.54591E-12     2479.52  1
 4.36100E-03   1.03554E-03   1.08143E-04   6.91047E-05   2.54958E-12     2463.80  1
 4.38100E-03   1.05589E-03   1.08004E-04   6.90577E-05   2.55332E-12     2498.84  1
 4.40100E-03   1.07511E-03   1.08013E-04   6.90158E-05   2.55252E-12     2466.36  1
 4.42100E-03   1.09134E-03   1.07985E-04   6.89810E-05   2.37822E-12     2460.15  0
 4.44100E-03   1.07652E-03   1.02935E-04   6.89398E-05   2.20460E-12     2167.86  0
 4.46100E-03   1.06341E-03   9.77219E-05   6.88383E-05   2.04081E-12     2027.99  0
 4.48100E-03   1.04730E-03   9.15292E-05   6.87111E-05   1.88987E-12     1944.30  0
 4.50100E-03   1.03153E-03   8.45161E-05   6.85644E-05   1.75036E-12     1883.81  0
 4.52100E-03   1.01803E-03   7.83017E-05   6.83504E-05   1.62008E-12     1835.30  0
 4.54100E-03   1.00556E-03   7.15542E-05   6.80920E-05   1.49729E-12     1794.91  0
 4.56100E-03   9.91811E-04   6.48489E-05   6.77659E-05   1.37998E-12     1761.03  0
 4.58100E-03   9.74046E-04   5.92759E-05   6.73920E-05   1.26787E-12     1731.80  0
 4.60100E-03   9.51184E-04   5.40239E-05   6.64176E-05   1.09849E-12     1706.47  0
 4.62100E-03   9.27217E-04   5.01046E-05   6.84807E-05   9.70133E-13     1678.70  0
 4.64100E-03   9.02226E-04   4.73468E-05   7.03690E-05   8.54590E-13     1656.96  0
 4.66100E-03   8.74898E-04   4.35482E-05   7.17581E-05   7.49395E-13     1641.22  0
 4.68100E-03   8.45754E-04   4.05915E-05   7.23214E-05   6.52928E-13     1630.79  0
 4.70100E-03   8.15780E-04   3.81855E-05   7.23545E-05   5.64703E-13     1624.76  0
 4.72100E-03   7.86227E-04   3.52162E-05   7.23602E-05   4.83984E-13     1622.71  0
 4.74100E-03   7.53487E-04   3.31753E-05   7.20683E-05   4.10663E-13     1621.78  0
 4.76100E-03   7.20528E-04   3.03606E-05   7.11106E-05   3.43454E-13     1620.44  0
 4.78100E-03   6.87140E-04   2.84238E-05   7.00711E-05   2.83031E-13     1618.71  0
 4.80100E-03   6.46998E-04   2.58019E-05   6.53911E-05   2.05005E-13     1616.27  0
 4.82100E-03   5.91906E-04   2.36754E-05   6.81550E-05   1.51704E-13     1613.53  0
 4.84100E-03   5.37163E-04   2.15591E-05   6.89700E-05   1.08460E-13     1610.25  0
 4.86100E-03   4.79077E-04   1.90173E-05   6.84815E-05   7.31943E-14     1606.36  0
 4.88100E-03   4.22559E-04   1.75111E-05   6.65182E-05   4.50737E-14     1601.96  0
 4.90100E-03   3.70062E-04   1.43654E-05   6.26651E-05   2.39109E-14     1596.83  0
 4.92100E-03   3.15570E-04   1.27619E-05   5.31088E-05   8.99412E-14     1591.05  1
 4.94100E-03   4.91978E-05   1.03428E-04   4.28224E-05   2.40450E-13     1823.92  1
 4.96100E-03   8.09564E-05   1.08103E-04   5.56137E-05   3.87575E-13     2409.52  1
 4.98100E-03   1.14063E-04   1.08391E-04   5.92861E-05   5.21690E-13     2500.25  1
 5.00100E-03   1.45047E-04   1.08097E-04   5.98755E-05   6.43290E-13     2558.05  1
 5.02100E-03   1.78378E-04   1.08268E-04   6.39312E-05   7.72712E-13     2514.61  1
 5.04100E-03   2.10969E-04   1.08461E-04   6.66504E-05   8.99237E-13     2517.64  1
 5.06100E-03   2.43569E-04   1.08530E-04   6.77002E-05   1.00561E-12     2521.15  1
 5.08100E-03   2.74455E-04   1.08575E-04   6.82937E-05   1.11221E-12     2599.77  1
 5.10100E-03   3.05942E-04   1.08563E-04   6.85975E-05   1.21448E-12     2557.08  1
 5.12100E-03   3.38493E-04   1.08565E-04   6.88032E-05   1.31333E-12     2535.17  1
 5.14100E-03   3.70381E-04   1.08694E-04   6.90335E-05   1.40777E-12     2526.97  1
 5.16100E-03   4.03223E-04   1.08742E-04   6.91292E-05   1.49453E-12     2507.78  1
 5.18100E-03   4.34181E-04   1.08776E-04   6.91165E-05   1.58003E-12     2567.10  1
 5.20100E-03   4.60217E-04   1.08676E-04   6.90635E-05   1.66617E-12     2551.08  1
 5.22100E-03   4.93507E-04   1.08851E-04   6.89470E-05   1.74218E-12     2526.61  1
 5.24100E-03   5.25579E-04   1.08864E-04   6.88708E-05   1.81204E-12     2549.91  1
 5.26100E-03   5.55455E-04   1.08878E-04   6.89598E-05   1.88040E-12     2599.16  1
 5.28100E-03   5.85837E-04   1.08859E-04   6.91185E-05   1.94584E-12     2581.85  1
 5.30100E-03   6.12768E-04   1.08793E-04   6.92249E-05   2.01020E-12     2551.79  1
 5.32100E-03   6.40813E-04   1.08874E-04   6.93279E-05   2.07333E-12     2541.57  1
 5.34100E-03   6.66298E-04   1.08910E-04   6.94947E-05   2.12625E-12     2510.06  1
 5.36100E-03   6.91789E-04   1.08945E-04   6.96244E-05   2.17639E-12     2613.16  1
 5.38100E-03   7.17861E-04   1.08925E-04   6.97187E-05   2.22878E-12     2577.41  1
 5.40100E-03   7.44440E-04   1.08850E-04   6.97597E-05   2.27441E-12     2550.60  1
 5.42100E-03   7.71556E-04   1.08915E-04   6.97729E-05   2.31888E-12     2549.01  1
 5.44100E-03   7.97306E-04   1.08939E-04   6.97394E-05   2.35756E-12     2515.62  1
 5.46101E-03   8.24880E-04   1.08970E-04   6.96874E-05   2.39331E-12     2581.34  1
 5.48101E-03   8.49570E-04   1.08944E-04   6.97542E-05   2.42879E-12     2573.47  1
 5.50101E-03   8.79109E-04   1.08862E-04   6.97806E-05   2.46092E-12     2554.24  1
 5.52101E-03   9.02828E-04   1.08907E-04   6.97934E-05   2.49167E-12     2549.47  1
 5.54101E-03   9.30633E-04   1.08916E-04   6.98197E-05   2.51322E-12     2518.55  1
 5.56101E-03   9.55757E-04   1.08926E-04   6.98203E-05   2.53526E-12     2593.88  1
 5.58101E-03   9.80408E-04   1.08872E-04   6.98415E-05   2.55378E-12     2577.38  1
 5.60101E-03   1.00581E-03   1.08748E-04   6.99158E-05   2.57563E-12     2541.00  1
 5.62101E-03   1.03302E-03   1.08845E-04   6.99731E-05   2.58701E-12     2527.18  1
 5.64101E-03   1.05439E-03   1.08773E-04   6.99918E-05   2.59503E-12     2612.07  1
 5.66101E-03   1.08134E-03   1.08627E-04   6.99762E-05   2.59901E-12     2590.37  1
 5.68101E-03   1.10265E-03   1.08433E-04   6.99698E-05   2.60395E-12     2562.86  1
 5.70101E-03   1.12354E-03   1.08415E-04   7.00278E-05   2.60802E-12     2538.06  1
 5.72101E-03   1.14463E-03   1.08308E-04   7.00455E-05   2.43562E-12     2512.22  0
 5.74101E-03   1.13196E-03   1.03869E-04   7.00655E-05   2.26186E-12     2203.32  0
 5.76101E-03   1.11738E-03   9.88585E-05   7.00268E-05   2.09591E-12     2057.55  0
 5.78101E-03   1.10144E-03   9.38370E-05   7.00114E-05   1.94158E-12     1977.54  0
 5.80101E-03   1.07904E-03   8.82857E-05   6.69733E-05   1.74997E-12     1918.35  0
 5.82101E-03   1.05295E-03   8.29704E-05   7.19432E-05   1.60870E-12     1850.65  0
 5.84101E-03   1.02463E-03   7.73888E-05   7.26124E-05   1.46935E-12     1790.16  0
 5.86101E-03   9.93673E-04   7.11136E-05   7.29525E-05   1.33647E-12     1745.02  0
 5.88101E-03   9.62761E-04   6.56265E-05   7.30146E-05   1.21070E-12     1710.95  0
 5.90101E-03   9.32683E-04   6.06840E-05   7.29779E-05   1.09181E-12     1684.45  0
 5.92101E-03   9.00642E-04   5.65776E-05   7.29309E-05   9.79737E-13     1664.08  0
 5.94101E-03   8.70142E-04   5.27347E-05   7.29925E-05   8.74749E-13     1648.40  0
 5.96101E-03   8.39371E-04   4.85461E-05   7.30334E-05   7.76593E-13     1636.89  0
 5.98101E-03   8.05783E-04   4.49611E-05   7.30723E-05   6.85253E-13     1629.12  0
 6.00101E-03   7.68989E-04   4.20268E-05   6.95848E-05   5.59220E-13     1624.54  0
 6.02101E-03   7.32528E-04   3.87540E-05   7.53873E-05   4.71724E-13     1622.78  0
 6.04101E-03   6.92822E-04   3.60777E-05   7.68621E-05   3.96047E-13     1621.99  0
 6.06101E-03   6.53634E-04   3.36098E-05   7.80349E-05   3.29887E-13     1620.85  0
 6.08101E-03   6.13205E-04   3.11292E-05   7.86565E-05   2.71048E-13     1619.35  0
 6.10101E-03   5.65763E-04   2.87960E-05   7.87451E-05   2.19482E-13     1617.50  0
 6.12101E-03   5.16232E-04   2.69111E-05   7.83390E-05   1.74244E-13     1615.32  0
 6.14101E-03   4.66959E-04   2.42625E-05   7.75628E-05   1.34738E-13     1612.81  0
 6.16101E-03   4.20193E-04   2.28159E-05   7.65304E-05   1.00947E-13     1609.98  0
 6.18101E-03   3.77005E-04   2.00732E-05   7.50853E-05   7.20884E-14     1606.80  0
 6.20101E-03   3.31404E-04   1.83672E-05   6.48486E-05   4.60475E-14     1603.01  0
 6.22101E-03   2.90933E-04   1.61724E-05   6.36074E-05   1.21763E-13     1598.90  1
 6.24101E-03   4.30047E-05   1.04984E-04   4.26414E-05   2.61536E-13     1879.29  1
 6.26101E-03   7.97882E-05   1.08345E-04   5.63835E-05   4.02732E-13     2385.74  1
 6.28101E-03   1.12954E-04   1.08716E-04   5.96629E-05   5.44081E-13     2517.49  1
 6.30101E-03   1.43298E-04   1.08811E-04   6.13406E-05   6.74984E-13     2532.07  1
 6.32101E-03   1.73835E-04   1.08824E-04   6.22430E-05   8.04615E-13     2512.77  1
 6.34101E-03   2.05873E-04   1.08805E-04   6.28391E-05   9.28876E-13     2515.16  1
 6.36101E-03   2.41677E-04   1.08847E-04   6.31737E-05   1.04880E-12     2535.54  1
 6.38101E-03   2.72241E-04   1.08949E-04   6.35132E-05   1.15831E-12     2546.16  1
 6.40101E-03   2.98580E-04   1.08297E-04   6.29537E-05   1.26802E-12     2503.68  1
 6.42101E-03   3.40393E-04   1.08776E-04   6.65613E-05   1.37129E-12     2433.02  1
 6.44101E-03   3.68543E-04   1.08843E-04   6.81953E-05   1.46561E-12     2500.73  1
 6.46101E-03   3.97648E-04   1.08841E-04   6.88365E-05   1.56011E-12     2480.87  1
 6.48101E-03   4.28189E-04   1.08812E-04   6.93107E-05   1.64426E-12     2469.12  1
 6.50101E-03   4.61062E-04   1.08750E-04   6.96224E-05   1.72687E-12     2521.15  1
 6.52101E-03   4.93932E-04   1.08876E-04   6.97823E-05   1.80212E-12     2506.38  1
 6.54101E-03   5.22108E-04   1.08926E-04   6.98500E-05   1.87419E-12     2498.88  1
 6.56101E-03   5.48647E-04   1.08936E-04   6.98657E-05   1.94744E-12     2484.20  1
 6.58101E-03   5.75741E-04   1.08911E-04   6.98460E-05   2.01629E-12     2480.47  1
 6.60101E-03   6.07602E-04   1.08835E-04   6.98004E-05   2.08256E-12     2524.21  1
 6.62101E-03   6.35593E-04   1.08948E-04   6.96528E-05   2.14196E-12     2516.75  1
 6.64101E-03   6.62337E-04   1.08992E-04   6.96098E-05   2.19512E-12     2498.48  1
 6.66101E-03   6.89098E-04   1.08996E-04   6.96745E-05   2.25345E-12     2528.34  1
 6.68101E-03   7.15433E-04   1.08967E-04   6.97464E-05   2.30304E-12     2502.95  1
 6.70101E-03   7.47365E-04   1.08879E-04   6.97945E-05   2.35543E-12     2534.55  1
 6.72101E-03   7.73766E-04   1.08981E-04   6.98508E-05   2.39599E-12     2523.95  1
 6.74101E-03   8.01209E-04   1.09015E-04   6.99107E-05   2.43507E-12     2532.16  1
 6.76101E-03   8.25369E-04   1.09010E-04   6.99625E-05   2.47746E-12     2485.31  1
 6.78102E-03   8.53877E-04   1.08969E-04   7.00104E-05   2.51269E-12     2500.11  1
 6.80102E-03   8.80125E-04   1.08860E-04   7.00174E-05   2.54903E-12     2495.43  1
 6.82102E-03   9.07550E-04   1.08999E-04   7.00667E-05   2.57661E-12     2522.61  1
 6.84102E-03   9.33882E-04   1.08887E-04   7.00918E-05   2.60643E-12     2557.90  1
 6.86102E-03   9.64125E-04   1.08831E-04   7.00935E-05   2.45397E-12     2534.56  0
 6.88102E-03   9.58872E-04   1.05691E-04   7.00945E-05   2.29912E-12     2234.87  0
 6.90102E-03   9.51611E-04   1.01862E-04   7.01869E-05   2.14656E-12     2098.77  0
 6.92102E-03   9.47083E-04   9.75347E-05   7.03608E-05   2.00228E-12     2014.29  0
 6.94102E-03   9.40443E-04   9.25094E-05   7.03785E-05   1.86708E-12     1950.35  0
 6.96102E-03   9.31916E-04   8.74897E-05   7.02667E-05   1.74010E-12     1897.08  0
 6.98102E-03   9.26230E-04   8.18102E-05   7.00641E-05   1.62067E-12     1851.50  0
 7.00102E-03   9.07798E-04   7.44007E-05   6.94075E-05   1.42051E-12     1809.61  0
 7.02102E-03   8.98271E-04   6.94454E-05   7.24173E-05   1.29466E-12     1760.55  0
 7.04102E-03   8.84094E-04   6.45493E-05   7.28159E-05   1.17351E-12     1716.98  0
 7.06102E-03   8.66135E-04   6.01820E-05   7.30682E-05   1.05886E-12     1685.24  0
 7.08102E-03   8.43281E-04   5.64465E-05   7.32583E-05   9.51246E-13     1662.52  0
 7.10102E-03   8.15525E-04   5.28803E-05   7.34029E-05   8.50703E-13     1646.19  0
 7.12102E-03   7.90115E-04   4.89479E-05   7.35181E-05   7.57011E-13     1634.80  0
 7.14102E-03   7.68761E-04   4.58286E-05   7.36087E-05   6.69754E-13     1627.57  0
 7.16102E-03   7.51992E-04   4.30921E-05   7.36753E-05   5.89252E-13     1623.69  0
 7.18102E-03   7.33490E-04   3.97429E-05   7.37184E-05   5.15035E-13     1622.64  0
 7.20102E-03   7.03525E-04   3.76518E-05   7.22561E-05   4.06082E-13     1621.73  0
 7.22102E-03   6.63980E-04   3.44103E-05   7.63355E-05   3.31885E-13     1620.56  0
 7.24102E-03   6.15957E-04   3.26650E-05   7.79433E-05   2.69055E-13     1619.04  0
 7.26102E-03   5.67514E-04   2.95130E-05   7.91965E-05   2.15102E-13     1617.18  0
 7.28102E-03   5.20344E-04   2.78897E-05   7.98175E-05   1.68692E-13     1615.04  0
 7.30102E-03   4.77199E-04   2.50454E-05   7.97253E-05   1.28740E-13     1612.54  0
 7.32102E-03   4.29599E-04   2.33569E-05   7.90368E-05   9.51323E-14     1609.76  0
 7.34102E-03   3.83645E-04   2.09996E-05   7.78559E-05   6.71397E-14     1606.66  0
 7.36102E-03   3.38032E-04   1.89313E-05   7.37194E-05   1.35601E-13     1603.13  1
 7.38102E-03   4.12570E-05   1.04300E-04   5.02833E-05   2.75152E-13     1837.72  1
 7.40102E-03   7.44859E-05   1.08084E-04   5.53534E-05   4.07895E-13     2464.50  1
 7.42102E-03   1.08237E-04   1.08459E-04   5.92839E-05   5.40181E-13     2430.23  1
 7.44102E-03   1.44569E-04   1.08443E-04   6.03638E-05   6.69448E-13     2482.45  1
 7.46102E-03   1.78588E-04   1.08551E-04   6.12752E-05   7.99907E-13     2534.97  1
 7.48102E-03   2.10059E-04   1.08636E-04   6.18303E-05   9.19294E-13     2525.87  1
 7.50102E-03   2.42587E-04   1.08666E-04   6.22214E-05   1.03176E-12     2504.80  1
 7.52102E-03   2.73929E-04   1.08663E-04   6.25452E-05   1.14092E-12     2578.88  1
 7.54102E-03   3.06400E-04   1.08626E-04   6.27631E-05   1.24449E-12     2552.70  1
 7.56102E-03   3.38784E-04   1.08703E-04   6.29463E-05   1.34603E-12     2541.35  1
 7.58102E-03   3.69506E-04   1.08765E-04   6.31548E-05   1.43812E-12     2527.51  1
 7.60102E-03   3.98201E-04   1.08566E-04   6.33356E-05   1.52720E-12     2488.07  1
 7.62102E-03   4.31598E-04   1.08873E-04   6.34989E-05   1.61323E-12     2534.16  1
 7.64102E-03   4.63891E-04   1.08869E-04   6.35785E-05   1.69003E-12     2540.12  1
 7.66102E-03   4.94588E-04   1.08866E-04   6.36374E-05   1.76584E-12     2597.48  1
 7.68102E-03   5.25820E-04   1.08839E-04   6.36361E-05   1.83956E-12     2577.23  1
 7.70102E-03   5.54364E-04   1.08775E-04   6.37011E-05   1.91128E-12     2552.36  1
 7.72102E-03   5.84113E-04   1.08862E-04   6.39511E-05   1.97904E-12     2543.40  1
 7.74102E-03   6.14887E-04   1.08897E-04   6.42003E-05   2.04061E-12     2513.26  1
 7.76102E-03   6.44118E-04   1.08924E-04   6.43758E-05   2.09884E-12     2592.76  1
 7.78102E-03   6.69407E-04   1.08898E-04   6.44793E-05   2.15489E-12     2579.24  1
 7.80102E-03   6.97180E-04   1.08815E-04   6.44827E-05   2.20842E-12     2509.96  1
 7.82102E-03   7.26420E-04   1.08939E-04   6.45015E-05   2.25517E-12     2532.23  1
 7.84102E-03   7.52806E-04   1.08870E-04   6.45224E-05   2.13180E-12     2574.72  0
 7.86102E-03   7.49096E-04   1.05908E-04   6.46032E-05   2.00105E-12     2228.01  0
 7.88102E-03   7.46480E-04   1.02508E-04   6.47593E-05   1.87293E-12     2085.77  0
 7.90102E-03   7.39545E-04   9.76115E-05   6.48615E-05   1.75252E-12     2000.32  0
 7.92102E-03   7.36726E-04   9.25506E-05   6.49160E-05   1.64045E-12     1937.42  0
 7.94102E-03   7.29904E-04   8.74251E-05   6.48486E-05   1.53560E-12     1887.36  0
 7.96102E-03   7.26334E-04   8.16738E-05   6.46474E-05   1.43701E-12     1844.63  0
 7.98102E-03   7.19331E-04   7.62882E-05   6.43230E-05   1.34322E-12     1807.72  0
 8.00102E-03   7.15199E-04   7.04154E-05   6.33356E-05   1.21309E-12     1775.26  0
 8.02102E-03   7.06769E-04   6.59218E-05   6.39342E-05   1.11220E-12     1735.77  0
 8.04102E-03   7.01087E-04   6.18327E-05   6.43142E-05   1.01298E-12     1700.15  0
 8.06102E-03   6.93681E-04   5.79012E-05   6.43253E-05   9.17094E-13     1673.65  0
 8.08102E-03   6.85044E-04   5.37779E-05   6.41983E-05   8.25079E-13     1654.29  0
 8.10102E-03   6.76332E-04   5.03936E-05   6.40638E-05   7.38082E-13     1640.27  0
 8.12102E-03   6.66831E-04   4.77447E-05   6.40984E-05   6.56354E-13     1630.81  0
 8.14102E-03   6.55916E-04   4.40512E-05   6.41432E-05   5.79711E-13     1625.13  0
 8.16103E-03   6.43754E-04   4.14340E-05   6.41727E-05   5.08435E-13     1622.87  0
 8.18103E-03   6.28892E-04   3.85689E-05   6.41870E-05   4.42220E-13     1622.14  0
 8.20103E-03   6.09746E-04   3.54270E-05   6.30532E-05   3.54831E-13     1620.96  0
 8.22103E-03   5.85589E-04   3.33121E-05   6.56457E-05   2.92463E-13     1619.65  0
 8.24103E-03   5.57619E-04   3.06246E-05   6.68250E-05   2.38380E-13     1618.06  0
 8.26103E-03   5.24798E-04   2.85893E-05   6.77425E-05   1.91686E-13     1616.15  0
 8.28103E-03   4.82834E-04   2.64170E-05   6.80923E-05   1.51044E-13     1613.95  0
 8.30103E-03   4.37600E-04   2.40856E-05   6.78822E-05   1.15871E-13     1611.44  0
 8.32103E-03   3.93965E-04   2.26780E-05   6.72295E-05   8.59415E-14     1608.58  0
 8.34103E-03   3.51508E-04   1.98784E-05   6.60407E-05   1.63819E-13     1605.39  1
 8.36103E-03   4.38144E-05   1.05185E-04   4.08328E-05   2.85572E-13     1884.85  1
 8.38103E-03   7.67049E-05   1.08345E-04   5.45876E-05   4.09091E-13     2417.06  1
 8.40103E-03   1.07889E-04   1.08022E-04   5.69500E-05   5.42034E-13     2472.19  1
 8.42103E-03   1.44113E-04   1.08481E-04   5.97056E-05   6.64924E-13     2457.89  1
 8.44103E-03   1.74383E-04   1.08579E-04   6.13483E-05   7.82153E-13     2475.16  1
 8.46103E-03   2.05169E-04   1.08591E-04   6.20256E-05   9.06548E-13     2496.01  1
 8.48103E-03   2.36967E-04   1.08554E-04   6.24415E-05   1.02084E-12     2448.15  1
 8.50103E-03   2.70199E-04   1.08512E-04   6.27033E-05   1.13388E-12     2489.59  1
 8.52103E-03   3.05491E-04   1.08663E-04   6.28923E-05   1.23705E-12     2484.75  1
 8.54103E-03   3.35266E-04   1.08721E-04   6.29709E-05   1.33048E-12     2496.15  1
 8.56103E-03   3.64799E-04   1.08733E-04   6.30226E-05   1.42648E-12     2506.16  1
 8.58103E-03   3.95415E-04   1.08698E-04   6.30863E-05   1.51576E-12     2465.47  1
 8.60103E-03   4.28070E-04   1.08637E-04   6.32004E-05   1.60305E-12     2499.24  1
 8.62103E-03   4.61349E-04   1.08766E-04   6.32977E-05   1.68222E-12     2492.48  1
 8.64103E-03   4.89063E-04   1.08809E-04   6.34715E-05   1.75440E-12     2516.19  1
 8.66103E-03   5.15103E-04   1.08796E-04   6.35898E-05   1.66204E-12     2467.31  0
 8.68103E-03   5.15496E-04   1.05325E-04   6.36962E-05   1.55898E-12     2206.53  0
 8.70103E-03   5.14732E-04   1.01629E-04   6.37770E-05   1.45857E-12     2068.48  0
 8.72103E-03   5.10864E-04   9.66892E-05   6.38533E-05   1.36503E-12     1984.82  0
 8.74103E-03   5.07245E-04   9.18815E-05   6.38521E-05   1.27926E-12     1923.74  0
 8.76103E-03   5.05244E-04   8.64470E-05   6.37500E-05   1.20008E-12     1874.35  0
 8.78103E-03   5.01125E-04   8.11529E-05   6.35192E-05   1.12638E-12     1833.23  0
 8.80103E-03   4.95568E-04   7.38418E-05   6.22175E-05   1.00991E-12     1796.27  0
 8.82103E-03   4.93546E-04   6.88544E-05   6.29617E-05   9.32503E-13     1750.37  0
 8.84103E-03   4.87442E-04   6.39692E-05   6.37476E-05   8.53126E-13     1709.45  0
 8.86103E-03   4.85055E-04   5.94851E-05   6.39476E-05   7.75966E-13     1677.82  0
 8.88103E-03   4.78267E-04   5.55944E-05   6.39387E-05   7.02102E-13     1655.56  0
 8.90103E-03   4.74686E-04   5.26661E-05   6.38771E-05   6.32195E-13     1640.83  0
 8.92103E-03   4.66800E-04   4.87044E-05   6.39474E-05   5.66566E-13     1631.18  0
 8.94103E-03   4.62285E-04   4.54845E-05   6.40051E-05   5.04868E-13     1625.35  0
 8.96103E-03   4.53292E-04   4.30247E-05   6.40480E-05   4.47463E-13     1622.95  0
 8.98103E-03   4.47198E-04   3.97294E-05   6.40724E-05   3.93762E-13     1622.33  0
 9.00103E-03   4.32594E-04   3.76842E-05   6.28914E-05   3.14438E-13     1621.40  0
 9.02103E-03   4.22034E-04   3.44776E-05   6.74454E-05   2.60140E-13     1620.20  0
 9.04103E-03   4.06011E-04   3.27470E-05   6.92946E-05   2.12551E-13     1618.67  0
 9.06103E-03   3.93455E-04   2.96786E-05   7.04430E-05   1.70727E-13     1616.80  0
 9.08103E-03   3.75496E-04   2.79875E-05   7.07178E-05   1.34048E-13     1614.59  0
 9.10103E-03   3.59634E-04   2.51388E-05   7.02732E-05   1.01740E-13     1612.03  0
 9.12103E-03   3.35740E-04   2.33751E-05   6.93257E-05   7.42785E-14     1609.13  0
 9.14103E-03   3.09494E-04   2.09479E-05   6.79544E-05   5.12020E-14     1605.84  0
 9.16103E-03   2.81445E-04   1.88242E-05   6.62920E-05   1.16635E-13     1602.15  1
 9.18103E-03   4.39946E-05   1.03960E-04   4.72574E-05   2.66778E-13     1838.71  1
 9.20103E-03   7.62297E-05   1.07815E-04   5.48684E-05   3.93015E-13     2355.11  1
 9.22103E-03   1.11665E-04   1.08411E-04   6.05396E-05   5.28778E-13     2468.09  1
 9.24103E-03   1.44363E-04   1.08486E-04   6.48567E-05   6.55035E-13     2499.14  1
 9.26103E-03   1.75283E-04   1.08492E-04   6.60727E-05   7.81098E-13     2552.76  1
 9.28103E-03   2.06737E-04   1.08463E-04   6.68450E-05   8.98731E-13     2551.27  1
 9.30103E-03   2.39160E-04   1.08424E-04   6.74941E-05   1.01627E-12     2536.26  1
 9.32103E-03   2.71855E-04   1.08558E-04   6.71779E-05   1.12500E-12     2521.43  1
 9.34103E-03   3.04360E-04   1.08580E-04   6.73002E-05   1.05754E-12     2504.14  0
 9.36103E-03   3.04428E-04   1.04551E-04   6.74349E-05   9.82247E-13     2200.10  0
 9.38103E-03   3.04544E-04   1.00054E-04   6.75640E-05   9.10236E-13     2053.63  0
 9.40103E-03   3.02768E-04   9.50444E-05   6.78945E-05   8.41465E-13     1970.58  0
 9.42103E-03   3.03717E-04   8.98941E-05   6.78148E-05   7.81513E-13     1911.41  0
 9.44103E-03   3.03310E-04   8.46477E-05   6.75818E-05   7.28313E-13     1862.93  0
 9.46104E-03   3.01459E-04   7.91460E-05   6.73571E-05   6.79733E-13     1821.23  0
 9.48104E-03   2.95888E-04   7.39091E-05   6.70983E-05   6.34313E-13     1785.65  0
 9.50104E-03   2.93842E-04   6.86983E-05   6.67684E-05   5.91012E-13     1754.36  0
 9.52104E-03   2.91763E-04   6.39460E-05   6.63939E-05   5.49651E-13     1727.15  0
 9.54104E-03   2.86010E-04   5.94820E-05   6.59770E-05   5.09285E-13     1703.90  0
 9.56104E-03   2.83640E-04   5.57245E-05   6.55339E-05   4.69703E-13     1683.73  0
 9.58104E-03   2.81386E-04   5.26878E-05   6.50830E-05   4.31036E-13     1666.40  0
 9.60104E-03   2.75354E-04   4.87762E-05   6.46678E-05   3.92937E-13     1651.93  0
 9.62104E-03   2.72873E-04   4.58597E-05   6.43532E-05   3.56214E-13     1640.33  0
 9.64104E-03   2.68474E-04   4.32810E-05   6.42642E-05   3.20595E-13     1631.54  0
 9.66104E-03   2.64005E-04   4.02892E-05   6.42068E-05   2.86593E-13     1625.80  0
 9.68104E-03   2.61509E-04   3.82201E-05   6.41505E-05   2.54862E-13     1623.09  0
 9.70104E-03   2.55126E-04   3.55055E-05   6.40879E-05   2.24587E-13     1622.48  0
 9.72104E-03   2.52140E-04   3.35616E-05   6.40148E-05   1.96308E-13     1621.69  0
 9.74104E-03   2.46413E-04   3.14523E-05   6.39263E-05   1.69452E-13     1620.63  0
 9.76104E-03   2.42344E-04   2.91571E-05   6.38186E-05   1.44412E-13     1619.30  0
 9.78104E-03   2.35490E-04   2.77855E-05   6.36858E-05   1.21269E-13     1617.67  0
 9.80104E-03   2.23123E-04   2.51344E-05   6.35370E-05   9.98641E-14     1615.72  0
 9.82104E-03   2.12306E-04   2.36160E-05   6.33587E-05   8.06222E-14     1613.43  0
 9.84104E-03   1.96983E-04   2.22459E-05   6.31342E-05   6.32824E-14     1610.80  0
 9.86104E-03   1.85179E-04   1.97394E-05   6.28555E-05   4.77139E-14     1607.77  0
 9.88104E-03   1.70728E-04   1.84303E-05   6.25046E-05   3.43177E-14     1604.38  0
 9.90104E-03   1.60787E-04   1.67157E-05   6.20341E-05   2.28783E-14     1600.53  0
 9.92104E-03   1.43169E-04   1.44159E-05   6.15288E-05   1.35106E-14     1596.13  0
 9.94104E-03   1.19290E-04   1.30630E-05   5.25627E-05   6.71814E-15     1591.39  0
 9.96104E-03   9.54831E-05   1.03541E-05   4.66796E-05   2.22179E-15     1585.67  0
 9.98104E-03   7.19077E-05   8.28144E-06   3.51005E-05   1.87499E-16     1578.92  0
 1.00010E-02   3.30800E-05   4.04177E-06   2.12891E-05   0.00000E+00     1568.58  0
 1.00210E-02   0.00000E+00   0.00000E+00   0.00000E+00   0.00000E+00     1532.50  0
 1.00410E-02   0.00000E+00   0.00000E+00   0.00000E+00   0.00000E+00     1493.96  0
 1.00610E-02   0.00000E+00   0.00000E+00   0.00000E+00   0.00000E+00     1466.24  0
 1.00810E-02   0.00000E+00   0.00000E+00   0.00000E+00   0.00000E+00     1442.17  0
 1.01010E-02   0.00000E+00   0.00000E+00   0.00000E+00   0.00000E+00     1422.97  0
 1.01210E-02   0.00000E+00   0.00000E+00   0.00000E+00   0.00000E+00     1411.82  0
 1.01410E-02   0.00000E+00   0.00000E+00   0.00000E+00   0.00000E+00     1400.53  0
 1.01610E-02   0.00000E+00   0.00000E+00   0.00000E+00   0.00000E+00     1389.23  0
 1.01810E-02   0.00000E+00   0.00000E+00   0.00000E+00   0.00000E+00     1377.97  0
 1.02010E-02   0.00000E+00   0.00000E+00   0.00000E+00   0.00000E+00     1366.81  0
 1.02210E-02   0.00000E+00   0.00000E+00   0.00000E+00   0.00000E+00     1355.78  0
 1.02410E-02   0.00000E+00   0.00000E+00   0.00000E+00   0.00000E+00     1344.92  0
 1.02610E-02   0.00000E+00   0.00000E+00   0.00000E+00   0.00000E+00     1334.22  0
 1.02810E-02   0.00000E+00   0.00000E+00   0.00000E+00   0.00000E+00     1323.71  0
 1.03010E-02   0.00000E+00   0.00000E+00   0.00000E+00   0.00000E+00     1313.39  0
 1.03210E-02   0.00000E+00   0.00000E+00   0.00000E+00   0.00000E+00     1303.26  0
 1.03410E-02   0.00000E+00   0.00000E+00   0.00000E+00   0.00000E+00     1293.34  0
 1.03610E-02   0.00000E+00   0.00000E+00   0.00000E+00   0.00000E+00     1283.70  0
 1.03810E-02   0.00000E+00   0.00000E+00   0.00000E+00   0.00000E+00     1274.24  0
 1.04010E-02   0.00000E+00   0.00000E+00   0.00000E+00   0.00000E+00     1264.97  0
 1.04210E-02   0.00000E+00   0.00000E+00   0.00000E+00   0.00000E+00     1255.87  0
 1.04410E-02   0.00000E+00   0.00000E+00   0.00000E+00   0.00000E+00     1246.96  0
 1.04610E-02   0.00000E+00   0.00000E+00   0.00000E+00   0.00000E+00     1242.08  0
 1.04810E-02   0.00000E+00   0.00000E+00   0.00000E+00   0.00000E+00     1237.79  0
 1.05010E-02   0.00000E+00   0.00000E+00   0.00000E+00   0.00000E+00     1233.41  0
 1.05210E-02   0.00000E+00   0.00000E+00   0.00000E+00   0.00000E+00     1229.01  0
 1.05410E-02   0.00000E+00   0.00000E+00   0.00000E+00   0.00000E+00     1224.60  0
 1.05610E-02   0.00000E+00   0.00000E+00   0.00000E+00   0.00000E+00     1220.12  0
 1.05810E-02   0.00000E+00   0.00000E+00   0.00000E+00   0.00000E+00     1215.58  0
 1.06010E-02   0.00000E+00   0.00000E+00   0.00000E+00   0.00000E+00     1210.99  0
 1.06210E-02   0.00000E+00   0.00000E+00   0.00000E+00   0.00000E+00     1206.36  0
 1.06410E-02   0.00000E+00   0.00000E+00   0.00000E+00   0.00000E+00     1201.69  0
 1.06610E-02   0.00000E+00   0.00000E+00   0.00000E+00   0.00000E+00     1196.99  0
 1.06810E-02   0.00000E+00   0.00000E+00   0.00000E+00   0.00000E+00     1192.26  0
 1.07010E-02   0.00000E+00   0.00000E+00   0.00000E+00   0.00000E+00     1187.51  0
 1.07210E-02   0.00000E+00   0.00000E+00   0.00000E+00   0.00000E+00     1182.74  0
 1.07410E-02   0.00000E+00   0.00000E+00   0.00000E+00   0.00000E+00     1177.96  0
 1.07610E-02   0.00000E+00   0.00000E+00   0.00000E+00   0.00000E+00     1173.17  0
 1.07810E-02   0.00000E+00   0.00000E+00   0.00000E+00   0.00000E+00     1168.62  0
 1.08010E-02   0.00000E+00   0.00000E+00   0.00000E+00   0.00000E+00     1165.57  0
 1.08210E-02   0.00000E+00   0.00000E+00   0.00000E+00   0.00000E+00     1162.45  0
 1.08410E-02   0.00000E+00   0.00000E+00   0.00000E+00   0.00000E+00     1159.26  0
 1.08610E-02   0.00000E+00   0.00000E+00   0.00000E+00   0.00000E+00     1156.02  0
 1.08810E-02   0.00000E+00   0.00000E+00   0.00000E+00   0.00000E+00     1152.78  0
 1.09010E-02   0.00000E+00   0.00000E+00   0.00000E+00   0.00000E+00     1149.48  0
 1.09210E-02   0.00000E+00   0.00000E+00   0.00000E+00   0.00000E+00     1146.13  0
 1.09410E-02   0.00000E+00   0.00000E+00   0.00000E+00   0.00000E+00     1142.72  0
 1.09610E-02   0.00000E+00   0.00000E+00   0.00000E+00   0.00000E+00     1139.26  0
 1.09810E-02   0.00000E+00   0.00000E+00   0.00000E+00   0.00000E+00     1135.76  0
 1.10010E-02   0.00000E+00   0.00000E+00   0.00000E+00   0.00000E+00     1132.22  0
 1.10210E-02   0.00000E+00   0.00000E+00   0.00000E+00   0.00000E+00     1128.64  0
 1.10410E-02   0.00000E+00   0.00000E+00   0.00000E+00   0.00000E+00     1125.02  0
 1.10610E-02   0.00000E+00   0.00000E+00   0.00000E+00   0.00000E+00     1121.38  0
 1.10810E-02   0.00000E+00   0.00000E+00   0.00000E+00   0.00000E+00     1117.70  0
 1.11010E-02   0.00000E+00   0.00000E+00   0.00000E+00   0.00000E+00     1114.00  0
 1.11210E-02   0.00000E+00   0.00000E+00   0.00000E+00   0.00000E+00     1110.28  0
 1.11410E-02   0.00000E+00   0.00000E+00   0.00000E+00   0.00000E+00     1106.53  0
 1.11610E-02   0.00000E+00   0.00000E+00   0.00000E+00   0.00000E+00     1102.77  0
 1.11810E-02   0.00000E+00   0.00000E+00   0.00000E+00   0.00000E+00     1098.99  0
 1.12010E-02   0.00000E+00   0.00000E+00   0.00000E+00   0.00000E+00     1095.20  0
 1.12210E-02   0.00000E+00   0.00000E+00   0.00000E+00   0.00000E+00     1091.40  0
 1.12410E-02   0.00000E+00   0.00000E+00   0.00000E+00   0.00000E+00     1087.59  0
 1.12610E-02   0.00000E+00   0.00000E+00   0.00000E+00   0.00000E+00     1083.78  0
 1.12810E-02   0.00000E+00   0.00000E+00   0.00000E+00   0.00000E+00     1079.95  0
 1.13010E-02   0.00000E+00   0.00000E+00   0.00000E+00   0.00000E+00     1076.13  0
 1.13210E-02   0.00000E+00   0.00000E+00   0.00000E+00   0.00000E+00     1072.30  0
 1.13410E-02   0.00000E+00   0.00000E+00   0.00000E+00   0.00000E+00     1068.48  0
 1.13610E-02   0.00000E+00   0.00000E+00   0.00000E+00   0.00000E+00     1064.65  0
 1.13810E-02   0.00000E+00   0.00000E+00   0.00000E+00   0.00000E+00     1060.83  0
 1.14010E-02   0.00000E+00   0.00000E+00   0.00000E+00   0.00000E+00     1057.01  0
 1.14210E-02   0.00000E+00   0.00000E+00   0.00000E+00   0.00000E+00     1053.39  0
 1.14411E-02   0.00000E+00   0.00000E+00   0.00000E+00   0.00000E+00     1050.04  0
 1.14611E-02   0.00000E+00   0.00000E+00   0.00000E+00   0.00000E+00     1046.68  0
 1.14811E-02   0.00000E+00   0.00000E+00   0.00000E+00   0.00000E+00     1043.32  0
 1.15011E-02   0.00000E+00   0.00000E+00   0.00000E+00   0.00000E+00     1039.96  0
 1.15211E-02   0.00000E+00   0.00000E+00   0.00000E+00   0.00000E+00     1036.59  0
 1.15411E-02   0.00000E+00   0.00000E+00   0.00000E+00   0.00000E+00     1033.22  0
 1.15611E-02   0.00000E+00   0.00000E+00   0.00000E+00   0.00000E+00     1029.85  0
 1.15811E-02   0.00000E+00   0.00000E+00   0.00000E+00   0.00000E+00     1026.49  0
 1.16011E-02   0.00000E+00   0.00000E+00   0.00000E+00   0.00000E+00     1023.13  0
 1.16211E-02   0.00000E+00   0.00000E+00   0.00000E+00   0.00000E+00     1019.77  0
 1.16411E-02   0.00000E+00   0.00000E+00   0.00000E+00   0.00000E+00     1016.42  0
 1.16611E-02   0.00000E+00   0.00000E+00   0.00000E+00   0.00000E+00     1013.08  0
 1.16811E-02   0.00000E+00   0.00000E+00   0.00000E+00   0.00000E+00     1009.74  0
 1.17011E-02   0.00000E+00   0.00000E+00   0.00000E+00   0.00000E+00     1006.41  0
 1.17211E-02   0.00000E+00   0.00000E+00   0.00000E+00   0.00000E+00     1003.10  0
 1.17411E-02   0.00000E+00   0.00000E+00   0.00000E+00   0.00000E+00      999.79  0
 1.17611E-02   0.00000E+00   0.00000E+00   0.00000E+00   0.00000E+00      996.49  0
 1.17811E-02   0.00000E+00   0.00000E+00   0.00000E+00   0.00000E+00      993.20  0
 1.18011E-02   0.00000E+00   0.00000E+00   0.00000E+00   0.00000E+00      989.93  0
 1.18211E-02   0.00000E+00   0.00000E+00   0.00000E+00   0.00000E+00      986.67  0
 1.18411E-02   0.00000E+00   0.00000E+00   0.00000E+00   0.00000E+00      983.42  0
 1.18611E-02   0.00000E+00   0.00000E+00   0.00000E+00   0.00000E+00      980.18  0
 1.18811E-02   0.00000E+00   0.00000E+00   0.00000E+00   0.00000E+00      976.97  0
 1.19011E-02   0.00000E+00   0.00000E+00   0.00000E+00   0.00000E+00      973.76  0
 1.19211E-02   0.00000E+00   0.00000E+00   0.00000E+00   0.00000E+00      970.57  0
 1.19411E-02   0.00000E+00   0.00000E+00   0.00000E+00   0.00000E+00      967.40  0
 1.19611E-02   0.00000E+00   0.00000E+00   0.00000E+00   0.00000E+00      964.24  0
 1.19811E-02   0.00000E+00   0.00000E+00   0.00000E+00   0.00000E+00      961.11  0
 1.20011E-02   0.00000E+00   0.00000E+00   0.00000E+00   0.00000E+00      957.98  0
 1.20211E-02   0.00000E+00   0.00000E+00   0.00000E+00   0.00000E+00      954.88  0
 1.20411E-02   0.00000E+00   0.00000E+00   0.00000E+00   0.00000E+00      951.79  0
 1.20611E-02   0.00000E+00   0.00000E+00   0.00000E+00   0.00000E+00      948.72  0
 1.20811E-02   0.00000E+00   0.00000E+00   0.00000E+00   0.00000E+00      945.68  0
 1.21011E-02   0.00000E+00   0.00000E+00   0.00000E+00   0.00000E+00      942.64  0
 1.21211E-02   0.00000E+00   0.00000E+00   0.00000E+00   0.00000E+00      939.63  0
 1.21411E-02   0.00000E+00   0.00000E+00   0.00000E+00   0.00000E+00      936.64  0
 1.21611E-02   0.00000E+00   0.00000E+00   0.00000E+00   0.00000E+00      933.67  0
 1.21811E-02   0.00000E+00   0.00000E+00   0.00000E+00   0.00000E+00      930.71  0
 1.22011E-02   0.00000E+00   0.00000E+00   0.00000E+00   0.00000E+00      927.78  0
 1.22211E-02   0.00000E+00   0.00000E+00   0.00000E+00   0.00000E+00      924.87  0
 1.22411E-02   0.00000E+00   0.00000E+00   0.00000E+00   0.00000E+00      921.98  0
 1.22611E-02   0.00000E+00   0.00000E+00   0.00000E+00   0.00000E+00      919.12  0
 1.22811E-02   0.00000E+00   0.00000E+00   0.00000E+00   0.00000E+00      916.27  0
 1.23011E-02   0.00000E+00   0.00000E+00   0.00000E+00   0.00000E+00      913.44  0
 1.23211E-02   0.00000E+00   0.00000E+00   0.00000E+00   0.00000E+00      910.64  0
 1.23411E-02   0.00000E+00   0.00000E+00   0.00000E+00   0.00000E+00      907.85  0
 1.23611E-02   0.00000E+00   0.00000E+00   0.00000E+00   0.00000E+00      905.09  0
 1.23811E-02   0.00000E+00   0.00000E+00   0.00000E+00   0.00000E+00      902.34  0
 1.24011E-02   0.00000E+00   0.00000E+00   0.00000E+00   0.00000E+00      899.62  0
 1.24211E-02   0.00000E+00   0.00000E+00   0.00000E+00   0.00000E+00      896.91  0
 1.24411E-02   0.00000E+00   0.00000E+00   0.00000E+00   0.00000E+00      894.23  0
 1.24611E-02   0.00000E+00   0.00000E+00   0.00000E+00   0.00000E+00      891.57  0
 1.24811E-02   0.00000E+00   0.00000E+00   0.00000E+00   0.00000E+00      888.92  0
 1.25011E-02   0.00000E+00   0.00000E+00   0.00000E+00   0.00000E+00      886.30  0
 1.25211E-02   0.00000E+00   0.00000E+00   0.00000E+00   0.00000E+00      883.70  0
 1.25411E-02   0.00000E+00   0.00000E+00   0.00000E+00   0.00000E+00      881.11  0
 1.25611E-02   0.00000E+00   0.00000E+00   0.00000E+00   0.00000E+00      878.55  0
 1.25811E-02   0.00000E+00   0.00000E+00   0.00000E+00   0.00000E+00      876.01  0
 1.26011E-02   0.00000E+00   0.00000E+00   0.00000E+00   0.00000E+00      873.49  0
 1.26211E-02   0.00000E+00   0.00000E+00   0.00000E+00   0.00000E+00      870.98  0
 1.26411E-02   0.00000E+00   0.00000E+00   0.00000E+00   0.00000E+00      868.50  0
 1.26611E-02   0.00000E+00   0.00000E+00   0.00000E+00   0.00000E+00      866.04  0
 1.26811E-02   0.00000E+00   0.00000E+00   0.00000E+00   0.00000E+00      863.60  0
 1.27011E-02   0.00000E+00   0.00000E+00   0.00000E+00   0.00000E+00      861.17  0
 1.27211E-02   0.00000E+00   0.00000E+00   0.00000E+00   0.00000E+00      858.77  0
 1.27411E-02   0.00000E+00   0.00000E+00   0.00000E+00   0.00000E+00      856.39  0
 1.27611E-02   0.00000E+00   0.00000E+00   0.00000E+00   0.00000E+00      854.02  0
 1.27811E-02   0.00000E+00   0.00000E+00   0.00000E+00   0.00000E+00      851.68  0
 1.28011E-02   0.00000E+00   0.00000E+00   0.00000E+00   0.00000E+00      849.35  0
 1.28211E-02   0.00000E+00   0.00000E+00   0.00000E+00   0.00000E+00      847.04  0
 1.28411E-02   0.00000E+00   0.00000E+00   0.00000E+00   0.00000E+00      844.75  0
 1.28611E-02   0.00000E+00   0.00000E+00   0.00000E+00   0.00000E+00      842.79  0
 1.28811E-02   0.00000E+00   0.00000E+00   0.00000E+00   0.00000E+00      841.38  0
 1.29011E-02   0.00000E+00   0.00000E+00   0.00000E+00   0.00000E+00      839.97  0
 1.29211E-02   0.00000E+00   0.00000E+00   0.00000E+00   0.00000E+00      838.57  0
 1.29411E-02   0.00000E+00   0.00000E+00   0.00000E+00   0.00000E+00      837.17  0
 1.29611E-02   0.00000E+00   0.00000E+00   0.00000E+00   0.00000E+00      835.79  0
 1.29811E-02   0.00000E+00   0.00000E+00   0.00000E+00   0.00000E+00      834.41  0
 1.30011E-02   0.00000E+00   0.00000E+00   0.00000E+00   0.00000E+00      833.04  0
 1.30211E-02   0.00000E+00   0.00000E+00   0.00000E+00   0.00000E+00      831.68  0
 1.30411E-02   0.00000E+00   0.00000E+00   0.00000E+00   0.00000E+00      830.32  0
 1.30611E-02   0.00000E+00   0.00000E+00   0.00000E+00   0.00000E+00      828.97  0
 1.30811E-02   0.00000E+00   0.00000E+00   0.00000E+00   0.00000E+00      827.63  0
 1.31011E-02   0.00000E+00   0.00000E+00   0.00000E+00   0.00000E+00      826.29  0
 1.31211E-02   0.00000E+00   0.00000E+00   0.00000E+00   0.00000E+00      824.96  0
 1.31411E-02   0.00000E+00   0.00000E+00   0.00000E+00   0.00000E+00      823.64  0
 1.31611E-02   0.00000E+00   0.00000E+00   0.00000E+00   0.00000E+00      822.32  0
 1.31811E-02   0.00000E+00   0.00000E+00   0.00000E+00   0.00000E+00      821.01  0
 1.32011E-02   0.00000E+00   0.00000E+00   0.00000E+00   0.00000E+00      819.71  0
 1.32211E-02   0.00000E+00   0.00000E+00   0.00000E+00   0.00000E+00      818.42  0
 1.32411E-02   0.00000E+00   0.00000E+00   0.00000E+00   0.00000E+00      817.13  0
 1.32611E-02   0.00000E+00   0.00000E+00   0.00000E+00   0.00000E+00      815.84  0
 1.32811E-02   0.00000E+00   0.00000E+00   0.00000E+00   0.00000E+00      814.57  0
 1.33011E-02   0.00000E+00   0.00000E+00   0.00000E+00   0.00000E+00      813.30  0
 1.33211E-02   0.00000E+00   0.00000E+00   0.00000E+00   0.00000E+00      812.04  0
 1.33411E-02   0.00000E+00   0.00000E+00   0.00000E+00   0.00000E+00      810.78  0
 1.33611E-02   0.00000E+00   0.00000E+00   0.00000E+00   0.00000E+00      809.53  0
 1.33811E-02   0.00000E+00   0.00000E+00   0.00000E+00   0.00000E+00      808.28  0
 1.34011E-02   0.00000E+00   0.00000E+00   0.00000E+00   0.00000E+00      807.04  0
 1.34211E-02   0.00000E+00   0.00000E+00   0.00000E+00   0.00000E+00      805.81  0
 1.34411E-02   0.00000E+00   0.00000E+00   0.00000E+00   0.00000E+00      804.59  0
 1.34611E-02   0.00000E+00   0.00000E+00   0.00000E+00   0.00000E+00      803.37  0
 1.34811E-02   0.00000E+00   0.00000E+00   0.00000E+00   0.00000E+00      802.15  0
 1.35011E-02   0.00000E+00   0.00000E+00   0.00000E+00   0.00000E+00      800.94  0
 1.35211E-02   0.00000E+00   0.00000E+00   0.00000E+00   0.00000E+00      799.74  0
 1.35411E-02   0.00000E+00   0.00000E+00   0.00000E+00   0.00000E+00      798.54  0
 1.35611E-02   0.00000E+00   0.00000E+00   0.00000E+00   0.00000E+00      797.35  0
 1.35811E-02   0.00000E+00   0.00000E+00   0.00000E+00   0.00000E+00      796.17  0
 1.36011E-02   0.00000E+00   0.00000E+00   0.00000E+00   0.00000E+00      794.99  0
 1.36211E-02   0.00000E+00   0.00000E+00   0.00000E+00   0.00000E+00      793.81  0
 1.36411E-02   0.00000E+00   0.00000E+00   0.00000E+00   0.00000E+00      792.65  0
 1.36611E-02   0.00000E+00   0.00000E+00   0.00000E+00   0.00000E+00      791.48  0
 1.36811E-02   0.00000E+00   0.00000E+00   0.00000E+00   0.00000E+00      790.33  0
 1.37011E-02   0.00000E+00   0.00000E+00   0.00000E+00   0.00000E+00      789.18  0
 1.37211E-02   0.00000E+00   0.00000E+00   0.00000E+00   0.00000E+00      788.03  0
 1.37411E-02   0.00000E+00   0.00000E+00   0.00000E+00   0.00000E+00      786.89  0
 1.37611E-02   0.00000E+00   0.00000E+00   0.00000E+00   0.00000E+00      785.76  0
 1.37811E-02   0.00000E+00   0.00000E+00   0.00000E+00   0.00000E+00      784.63  0
 1.38011E-02   0.00000E+00   0.00000E+00   0.00000E+00   0.00000E+00      783.51  0
 1.38211E-02   0.00000E+00   0.00000E+00   0.00000E+00   0.00000E+00      782.40  0
 1.38411E-02   0.00000E+00   0.00000E+00   0.00000E+00   0.00000E+00      781.28  0
 1.38611E-02   0.00000E+00   0.00000E+00   0.00000E+00   0.00000E+00      780.18  0
 1.38811E-02   0.00000E+00   0.00000E+00   0.00000E+00   0.00000E+00      779.08  0
 1.39011E-02   0.00000E+00   0.00000E+00   0.00000E+00   0.00000E+00      777.98  0
 1.39211E-02   0.00000E+00   0.00000E+00   0.00000E+00   0.00000E+00      776.89  0
 1.39411E-02   0.00000E+00   0.00000E+00   0.00000E+00   0.00000E+00      775.81  0
 1.39611E-02   0.00000E+00   0.00000E+00   0.00000E+00   0.00000E+00      774.73  0
 1.39811E-02   0.00000E+00   0.00000E+00   0.00000E+00   0.00000E+00      773.65  0
 1.40011E-02   0.00000E+00   0.00000E+00   0.00000E+00   0.00000E+00      772.59  0
 1.40211E-02   0.00000E+00   0.00000E+00   0.00000E+00   0.00000E+00      771.52  0
 1.40411E-02   0.00000E+00   0.00000E+00   0.00000E+00   0.00000E+00      770.46  0
 1.40611E-02   0.00000E+00   0.00000E+00   0.00000E+00   0.00000E+00      769.41  0
 1.40811E-02   0.00000E+00   0.00000E+00   0.00000E+00   0.00000E+00      768.36  0
 1.41011E-02   0.00000E+00   0.00000E+00   0.00000E+00   0.00000E+00      767.31  0
 1.41211E-02   0.00000E+00   0.00000E+00   0.00000E+00   0.00000E+00      766.28  0
 1.41411E-02   0.00000E+00   0.00000E+00   0.00000E+00   0.00000E+00      765.24  0
 1.41611E-02   0.00000E+00   0.00000E+00   0.00000E+00   0.00000E+00      764.21  0
 1.41811E-02   0.00000E+00   0.00000E+00   0.00000E+00   0.00000E+00      763.19  0
 1.42011E-02   0.00000E+00   0.00000E+00   0.00000E+00   0.00000E+00      762.17  0
 1.42211E-02   0.00000E+00   0.00000E+00   0.00000E+00   0.00000E+00      761.15  0
 1.42411E-02   0.00000E+00   0.00000E+00   0.00000E+00   0.00000E+00      760.32  0
 1.42611E-02   0.00000E+00   0.00000E+00   0.00000E+00   0.00000E+00      759.52  0
 1.42811E-02   0.00000E+00   0.00000E+00   0.00000E+00   0.00000E+00      758.72  0
 1.43011E-02   0.00000E+00   0.00000E+00   0.00000E+00   0.00000E+00      757.92  0
 1.43211E-02   0.00000E+00   0.00000E+00   0.00000E+00   0.00000E+00      757.13  0
 1.43411E-02   0.00000E+00   0.00000E+00   0.00000E+00   0.00000E+00      756.34  0
 1.43611E-02   0.00000E+00   0.00000E+00   0.00000E+00   0.00000E+00      755.55  0
 1.43811E-02   0.00000E+00   0.00000E+00   0.00000E+00   0.00000E+00      754.76  0
 1.44011E-02   0.00000E+00   0.00000E+00   0.00000E+00   0.00000E+00      753.98  0
 1.44211E-02   0.00000E+00   0.00000E+00   0.00000E+00   0.00000E+00      753.19  0
 1.44411E-02   0.00000E+00   0.00000E+00   0.00000E+00   0.00000E+00      752.41  0
 1.44611E-02   0.00000E+00   0.00000E+00   0.00000E+00   0.00000E+00      751.64  0
 1.44811E-02   0.00000E+00   0.00000E+00   0.00000E+00   0.00000E+00      750.86  0
 1.45011E-02   0.00000E+00   0.00000E+00   0.00000E+00   0.00000E+00      750.09  0
 1.45211E-02   0.00000E+00   0.00000E+00   0.00000E+00   0.00000E+00      749.32  0
 1.45411E-02   0.00000E+00   0.00000E+00   0.00000E+00   0.00000E+00      748.56  0
 1.45611E-02   0.00000E+00   0.00000E+00   0.00000E+00   0.00000E+00      747.79  0
 1.45811E-02   0.00000E+00   0.00000E+00   0.00000E+00   0.00000E+00      747.03  0
 1.46011E-02   0.00000E+00   0.00000E+00   0.00000E+00   0.00000E+00      746.27  0
 1.46211E-02   0.00000E+00   0.00000E+00   0.00000E+00   0.00000E+00      745.52  0
 1.46411E-02   0.00000E+00   0.00000E+00   0.00000E+00   0.00000E+00      744.76  0
 1.46611E-02   0.00000E+00   0.00000E+00   0.00000E+00   0.00000E+00      744.01  0
 1.46811E-02   0.00000E+00   0.00000E+00   0.00000E+00   0.00000E+00      743.27  0
 1.47011E-02   0.00000E+00   0.00000E+00   0.00000E+00   0.00000E+00      742.52  0
 1.47211E-02   0.00000E+00   0.00000E+00   0.00000E+00   0.00000E+00      741.78  0
 1.47411E-02   0.00000E+00   0.00000E+00   0.00000E+00   0.00000E+00      741.04  0
 1.47611E-02   0.00000E+00   0.00000E+00   0.00000E+00   0.00000E+00      740.31  0
 1.47811E-02   0.00000E+00   0.00000E+00   0.00000E+00   0.00000E+00      739.57  0
 1.48011E-02   0.00000E+00   0.00000E+00   0.00000E+00   0.00000E+00      738.84  0
 1.48211E-02   0.00000E+00   0.00000E+00   0.00000E+00   0.00000E+00      738.11  0
