# Melt Pool Geometry History
# time(s)  length(m)  depth(m)  width(m)  volume(m3)  Tpeak(K)  laser_on
 2.10000E-05   0.00000E+00   0.00000E+00   0.00000E+00   9.44394E-14      293.00  1
 4.10000E-05   4.74050E-05   1.04082E-04   4.19807E-05   2.39872E-13     1945.29  1
 6.10000E-05   7.32376E-05   1.09211E-04   5.63203E-05   3.80958E-13     2726.84  1
 8.10000E-05   9.91870E-05   1.10988E-04   6.18019E-05   5.11805E-13     3025.48  1
 1.01000E-04   1.23168E-04   1.11492E-04   6.36976E-05   6.40125E-13     3169.36  1
 1.21000E-04   1.46597E-04   1.11720E-04   6.47201E-05   7.68032E-13     3230.48  1
 1.41000E-04   1.69988E-04   1.11840E-04   6.52905E-05   8.82250E-13     3247.48  1
 1.61000E-04   1.93657E-04   1.11890E-04   6.55856E-05   9.94710E-13     3249.04  1
 1.81000E-04   2.16817E-04   1.11896E-04   6.59384E-05   1.10226E-12     3276.58  1
 2.01000E-04   2.37843E-04   1.10594E-04   6.62049E-05   1.17782E-12     3118.78  1
 2.21000E-04   2.61858E-04   1.10421E-04   7.65492E-05   1.15059E-12     3039.52  0
 2.41000E-04   2.65440E-04   1.08004E-04   7.97333E-05   1.10884E-12     2609.75  0
 2.61000E-04   2.66616E-04   1.03857E-04   8.09464E-05   1.06275E-12     2377.96  0
 2.81000E-04   2.66701E-04   9.97667E-05   8.16031E-05   1.01475E-12     2225.49  0
 3.01000E-04   2.66391E-04   9.57177E-05   8.19160E-05   9.61847E-13     2110.56  0
 3.21000E-04   2.65937E-04   9.19736E-05   8.20542E-05   9.11778E-13     2025.41  0
 3.41000E-04   2.65416E-04   8.77031E-05   8.20247E-05   8.62272E-13     1956.12  0
 3.61000E-04   2.64935E-04   8.30850E-05   8.18420E-05   8.14806E-13     1899.93  0
 3.81000E-04   2.64551E-04   7.84556E-05   8.15089E-05   7.70963E-13     1852.67  0
 4.01000E-04   2.64114E-04   7.40583E-05   8.10325E-05   7.27944E-13     1812.05  0
 4.21000E-04   2.63653E-04   6.99189E-05   8.04363E-05   6.86326E-13     1777.55  0
 4.41000E-04   2.63189E-04   6.61250E-05   7.97404E-05   6.45477E-13     1748.02  0
 4.61000E-04   2.62761E-04   6.27597E-05   7.89546E-05   6.04141E-13     1722.22  0
 4.81000E-04   2.62528E-04   5.86071E-05   7.81326E-05   5.63038E-13     1699.94  0
 5.01000E-04   2.62334E-04   5.49436E-05   7.72984E-05   5.21359E-13     1680.77  0
 5.21000E-04   2.62090E-04   5.24227E-05   7.64949E-05   4.80024E-13     1664.52  0
 5.41000E-04   2.61811E-04   4.85797E-05   7.57851E-05   4.38764E-13     1651.13  0
 5.61000E-04   2.61401E-04   4.55442E-05   7.52631E-05   3.97825E-13     1640.22  0
 5.81000E-04   2.55590E-04   4.30985E-05   7.51456E-05   3.58266E-13     1631.87  0
 6.01000E-04   2.47421E-04   3.97069E-05   7.10114E-05   2.92116E-13     1626.06  0
 6.21000E-04   2.43047E-04   3.78346E-05   8.12940E-05   2.55788E-13     1623.05  0
 6.41000E-04   2.33093E-04   3.46779E-05   8.15379E-05   2.21841E-13     1622.35  0
 6.61000E-04   2.24148E-04   3.29434E-05   8.17047E-05   1.90222E-13     1621.38  0
 6.81000E-04   2.16532E-04   3.00170E-05   8.18084E-05   1.60793E-13     1620.06  0
 7.01000E-04   2.11021E-04   2.82932E-05   8.18583E-05   1.33557E-13     1618.41  0
 7.21000E-04   2.02529E-04   2.58029E-05   8.18631E-05   1.97619E-13     1616.39  1
 7.41000E-04   4.13464E-05   1.03895E-04   4.14696E-05   3.20398E-13     1872.31  1
 7.61000E-04   7.34729E-05   1.09110E-04   6.19066E-05   4.50903E-13     2678.52  1
 7.81000E-04   9.91476E-05   1.10449E-04   6.88669E-05   5.64226E-13     3007.99  1
 8.01000E-04   1.20406E-04   1.10368E-04   7.17668E-05   6.91007E-13     2990.26  1
 8.21000E-04   1.47251E-04   1.11033E-04   7.79520E-05   8.20600E-13     3049.49  1
 8.41000E-04   1.67424E-04   1.11663E-04   8.02255E-05   9.49234E-13     3087.48  1
 8.61000E-04   1.90333E-04   1.11874E-04   8.14676E-05   1.07632E-12     3093.23  1
 8.81000E-04   2.16956E-04   1.11973E-04   8.23303E-05   1.20262E-12     3112.14  1
 9.01000E-04   2.37155E-04   1.12159E-04   8.30872E-05   1.33110E-12     3126.19  1
 9.21000E-04   2.59457E-04   1.12262E-04   8.37866E-05   1.45702E-12     3151.71  1
 9.41000E-04   2.86458E-04   1.12269E-04   8.45400E-05   1.57344E-12     3143.53  1
 9.61000E-04   3.06693E-04   1.12200E-04   8.52093E-05   1.69183E-12     3148.97  1
 9.81000E-04   3.28451E-04   1.12183E-04   8.59080E-05   1.80357E-12     3179.03  1
 1.00100E-03   3.50890E-04   1.12008E-04   8.65879E-05   1.90809E-12     3147.21  1
 1.02100E-03   3.76802E-04   1.11815E-04   8.72653E-05   2.01646E-12     3165.57  1
 1.04100E-03   3.96832E-04   1.11749E-04   9.03003E-05   2.12085E-12     3161.70  1
 1.06100E-03   4.19437E-04   1.11597E-04   9.22271E-05   2.22036E-12     3133.55  1
 1.08100E-03   4.46132E-04   1.11344E-04   9.31692E-05   2.30884E-12     3134.95  1
 1.10100E-03   4.66503E-04   1.11211E-04   9.38585E-05   2.40212E-12     3141.28  1
 1.12100E-03   4.88215E-04   1.11169E-04   9.44133E-05   2.33287E-12     3167.60  0
 1.14100E-03   4.89120E-04   1.08599E-04   9.49140E-05   2.25054E-12     2757.05  0
 1.16100E-03   4.89404E-04   1.05323E-04   9.53505E-05   2.16330E-12     2502.78  0
 1.18100E-03   4.89474E-04   1.02630E-04   9.57398E-05   2.07314E-12     2323.60  0
 1.20100E-03   4.87370E-04   9.81265E-05   9.57099E-05   1.98217E-12     2189.60  0
 1.22100E-03   4.87866E-04   9.38259E-05   9.79830E-05   1.90022E-12     2085.89  0
 1.24100E-03   4.86420E-04   8.97002E-05   9.87080E-05   1.81684E-12     2007.38  0
 1.26100E-03   4.81030E-04   8.60315E-05   9.92938E-05   1.73399E-12     1945.24  0
 1.28100E-03   4.77152E-04   8.26899E-05   9.94856E-05   1.65340E-12     1893.12  0
 1.30100E-03   4.74201E-04   7.84370E-05   9.94336E-05   1.57437E-12     1849.05  0
 1.32100E-03   4.66982E-04   7.45454E-05   9.91885E-05   1.49569E-12     1810.81  0
 1.34100E-03   4.63825E-04   7.15290E-05   9.88122E-05   1.41866E-12     1777.39  0
 1.36100E-03   4.56701E-04   6.82249E-05   9.83568E-05   1.34258E-12     1748.48  0
 1.38100E-03   4.53224E-04   6.46998E-05   9.78630E-05   1.26700E-12     1724.03  0
 1.40100E-03   4.46287E-04   6.10672E-05   9.63259E-05   1.13951E-12     1702.89  0
 1.42100E-03   4.42807E-04   5.84191E-05   1.02340E-04   1.05426E-12     1683.19  0
 1.44100E-03   4.35665E-04   5.56082E-05   1.02730E-04   9.71978E-13     1666.02  0
 1.46100E-03   4.32132E-04   5.33398E-05   1.02972E-04   8.92920E-13     1652.15  0
 1.48100E-03   4.24561E-04   5.06837E-05   1.03115E-04   8.17384E-13     1641.04  0
 1.50100E-03   4.20150E-04   4.85276E-05   1.03194E-04   7.45321E-13     1632.71  0
 1.52100E-03   4.13248E-04   4.62164E-05   1.03226E-04   6.76637E-13     1626.98  0
 1.54100E-03   4.06817E-04   4.39414E-05   1.03209E-04   6.11930E-13     1623.66  0
 1.56100E-03   4.01635E-04   4.23285E-05   1.03163E-04   5.50926E-13     1622.74  0
 1.58100E-03   3.88724E-04   3.94773E-05   1.03090E-04   4.93427E-13     1622.17  0
 1.60100E-03   3.76915E-04   3.75889E-05   9.88820E-05   4.12110E-13     1621.33  0
 1.62100E-03   3.63719E-04   3.51279E-05   1.02406E-04   4.33304E-13     1620.37  1
 1.64100E-03   4.28615E-05   1.03565E-04   4.46388E-05   5.41251E-13     1857.92  1
 1.66100E-03   7.27995E-05   1.09028E-04   5.99931E-05   6.30634E-13     2679.18  1
 1.68100E-03   9.80719E-05   1.10285E-04   6.50382E-05   7.15370E-13     2989.70  1
 1.70100E-03   1.22067E-04   1.11034E-04   7.04094E-05   8.12908E-13     3074.38  1
 1.72100E-03   1.45293E-04   1.11262E-04   7.24358E-05   9.12042E-13     3112.66  1
 1.74100E-03   1.69271E-04   1.11686E-04   7.36708E-05   1.01480E-12     3116.38  1
 1.76100E-03   1.92343E-04   1.11874E-04   7.45956E-05   1.12011E-12     3126.69  1
 1.78100E-03   2.15585E-04   1.12019E-04   7.54160E-05   1.22591E-12     3150.29  1
 1.80100E-03   2.38211E-04   1.11898E-04   7.68990E-05   1.37388E-12     3098.10  1
 1.82100E-03   2.61510E-04   1.12047E-04   8.13944E-05   1.49025E-12     3080.77  1
 1.84100E-03   2.85922E-04   1.12524E-04   8.33169E-05   1.60593E-12     3127.40  1
 1.86100E-03   3.09110E-04   1.12637E-04   8.44641E-05   1.71906E-12     3107.96  1
 1.88100E-03   3.31770E-04   1.12707E-04   8.54732E-05   1.83839E-12     3140.85  1
 1.90100E-03   3.55657E-04   1.12716E-04   8.64682E-05   1.96009E-12     3144.15  1
 1.92100E-03   3.78632E-04   1.12787E-04   9.12676E-05   2.08035E-12     3129.36  1
 1.94100E-03   4.01651E-04   1.12837E-04   9.33947E-05   2.20280E-12     3161.95  1
 1.96100E-03   4.25585E-04   1.12827E-04   9.45897E-05   2.32284E-12     3168.96  1
 1.98100E-03   4.48187E-04   1.12835E-04   9.54652E-05   2.43756E-12     3157.78  1
 2.00100E-03   4.70546E-04   1.12821E-04   9.61816E-05   2.54793E-12     3164.33  1
 2.02100E-03   4.92320E-04   1.12794E-04   9.68748E-05   2.65742E-12     3194.37  1
 2.04100E-03   5.16639E-04   1.12768E-04   9.75337E-05   2.76067E-12     3164.32  1
 2.06100E-03   5.39452E-04   1.12710E-04   9.96828E-05   2.86014E-12     3135.42  1
 2.08100E-03   5.61595E-04   1.12634E-04   1.00714E-04   2.95957E-12     3175.46  1
 2.10100E-03   5.85171E-04   1.12490E-04   1.02368E-04   3.04966E-12     3171.46  1
 2.12100E-03   6.07478E-04   1.12302E-04   1.03423E-04   3.13267E-12     3129.07  1
 2.14100E-03   6.27969E-04   1.12090E-04   1.03977E-04   3.20991E-12     3159.69  1
 2.16100E-03   6.46081E-04   1.11834E-04   1.04334E-04   3.28812E-12     3168.49  1
 2.18100E-03   6.65901E-04   1.11699E-04   1.04575E-04   3.35339E-12     3145.57  1
 2.20100E-03   6.81040E-04   1.11444E-04   1.04762E-04   3.41615E-12     3118.30  1
 2.22100E-03   6.98087E-04   1.11200E-04   1.04876E-04   3.47373E-12     3131.34  1
 2.24100E-03   7.17856E-04   1.11268E-04   1.04911E-04   3.37083E-12     3096.71  0
 2.26100E-03   7.17452E-04   1.08688E-04   1.04918E-04   3.25500E-12     2714.52  0
 2.28100E-03   7.09344E-04   1.05616E-04   1.04858E-04   3.13259E-12     2478.44  0
 2.30100E-03   7.02867E-04   1.02754E-04   1.04707E-04   3.01124E-12     2308.55  0
 2.32100E-03   6.99078E-04   9.83512E-05   1.04472E-04   2.89091E-12     2182.63  0
 2.34100E-03   6.92188E-04   9.41056E-05   1.04160E-04   2.77344E-12     2089.47  0
 2.36100E-03   6.88565E-04   9.01038E-05   1.03787E-04   2.65695E-12     2016.51  0
 2.38100E-03   6.81249E-04   8.67542E-05   1.03385E-04   2.54415E-12     1957.46  0
 2.40100E-03   6.75380E-04   8.28718E-05   1.01960E-04   2.38188E-12     1906.98  0
 2.42100E-03   6.70253E-04   7.87532E-05   1.02158E-04   2.24820E-12     1857.20  0
 2.44100E-03   6.65349E-04   7.51765E-05   1.00860E-04   2.11409E-12     1811.30  0
 2.46100E-03   6.58987E-04   7.25737E-05   1.00290E-04   1.98211E-12     1772.35  0
 2.48100E-03   6.54350E-04   6.86766E-05   9.98215E-05   1.85248E-12     1740.90  0
 2.50100E-03   6.47125E-04   6.55435E-05   9.93237E-05   1.72559E-12     1714.89  0
 2.52100E-03   6.43080E-04   6.29792E-05   9.87692E-05   1.60226E-12     1692.99  0
 2.54100E-03   6.35193E-04   5.96406E-05   9.81540E-05   1.48209E-12     1674.90  0
 2.56100E-03   6.30783E-04   5.76209E-05   9.75050E-05   1.36566E-12     1659.81  0
 2.58100E-03   6.23336E-04   5.43232E-05   9.68235E-05   1.25362E-12     1647.47  0
 2.60100E-03   6.11670E-04   5.17700E-05   9.45685E-05   1.08875E-12     1637.72  0
 2.62100E-03   6.07022E-04   4.91070E-05   1.01800E-04   9.78876E-13     1630.21  0
 2.64100E-03   5.93781E-04   4.75256E-05   1.02044E-04   8.77672E-13     1625.32  0
 2.66100E-03   5.84267E-04   4.44872E-05   1.02106E-04   7.83804E-13     1622.99  0
 2.68100E-03   5.71728E-04   4.29350E-05   1.02113E-04   6.96326E-13     1622.48  0
 2.70100E-03   5.58392E-04   4.02257E-05   1.02103E-04   6.14463E-13     1621.80  0
 2.72100E-03   5.44731E-04   3.85353E-05   1.02051E-04   5.38784E-13     1620.95  0
 2.74100E-03   5.29619E-04   3.64964E-05   1.01964E-04   5.45721E-13     1619.93  1
 2.76100E-03   4.14796E-05   1.03377E-04   4.57073E-05   6.44524E-13     1839.91  1
 2.78100E-03   7.12307E-05   1.08669E-04   5.97390E-05   7.17374E-13     2665.13  1
 2.80100E-03   9.90500E-05   1.10131E-04   6.45103E-05   7.83318E-13     2903.30  1
 2.82100E-03   1.20464E-04   1.10954E-04   6.69574E-05   8.64995E-13     3052.05  1
 2.84100E-03   1.42925E-04   1.11422E-04   6.80042E-05   9.47023E-13     3132.43  1
 2.86100E-03   1.67025E-04   1.11617E-04   6.90200E-05   1.03017E-12     3130.71  1
 2.88100E-03   1.91784E-04   1.11956E-04   7.29365E-05   1.13996E-12     3158.21  1
 2.90100E-03   2.13135E-04   1.12180E-04   7.86877E-05   1.25926E-12     3163.27  1
 2.92100E-03   2.36433E-04   1.12343E-04   8.08481E-05   1.37392E-12     3163.47  1
 2.94100E-03   2.61305E-04   1.12481E-04   8.21602E-05   1.49586E-12     3178.98  1
 2.96100E-03   2.82102E-04   1.12611E-04   8.32549E-05   1.61489E-12     3162.44  1
 2.98100E-03   3.04945E-04   1.12719E-04   8.42374E-05   1.73173E-12     3165.55  1
 3.00100E-03   3.29839E-04   1.12746E-04   8.50804E-05   1.85262E-12     3177.11  1
 3.02100E-03   3.53709E-04   1.12770E-04   8.59068E-05   1.97694E-12     3181.75  1
 3.04100E-03   3.75711E-04   1.12911E-04   8.97398E-05   2.10723E-12     3179.59  1
 3.06100E-03   3.99018E-04   1.12983E-04   9.16434E-05   2.23484E-12     3169.43  1
 3.08100E-03   4.25115E-04   1.13007E-04   9.27987E-05   2.36441E-12     3189.54  1
 3.10100E-03   4.45731E-04   1.13006E-04   9.37374E-05   2.49110E-12     3196.88  1
 3.12100E-03   4.68658E-04   1.13050E-04   9.45634E-05   2.61232E-12     3175.80  1
 3.14100E-03   4.94960E-04   1.13087E-04   9.52974E-05   2.73101E-12     3190.78  1
 3.16100E-03   5.15612E-04   1.13112E-04   9.59579E-05   2.84357E-12     3205.27  1
 3.18100E-03   5.38116E-04   1.13097E-04   9.65827E-05   2.94974E-12     3193.52  1
 3.20100E-03   5.64445E-04   1.13093E-04   9.72241E-05   3.06089E-12     3189.00  1
 3.22100E-03   5.85000E-04   1.13107E-04   9.99743E-05   3.16818E-12     3200.09  1
 3.24100E-03   6.06518E-04   1.13117E-04   1.01749E-04   3.27247E-12     3215.87  1
 3.26100E-03   6.29508E-04   1.13120E-04   1.02889E-04   3.37212E-12     3192.40  1
 3.28100E-03   6.54612E-04   1.13089E-04   1.03606E-04   3.47148E-12     3212.26  1
 3.30100E-03   6.74825E-04   1.13081E-04   1.04086E-04   3.56319E-12     3203.28  1
 3.32100E-03   6.89668E-04   1.12990E-04   1.04443E-04   3.64658E-12     3180.58  1
 3.34100E-03   7.08466E-04   1.12951E-04   1.04757E-04   3.72970E-12     3205.18  1
 3.36100E-03   7.24910E-04   1.12862E-04   1.05063E-04   3.80448E-12     3208.05  1
 3.38100E-03   7.40367E-04   1.12751E-04   1.05263E-04   3.87471E-12     3187.42  1
 3.40100E-03   7.62061E-04   1.12676E-04   1.05389E-04   3.93660E-12     3194.73  1
 3.42100E-03   7.78401E-04   1.12548E-04   1.05532E-04   3.99682E-12     3194.76  1
 3.44100E-03   7.98792E-04   1.12343E-04   1.05569E-04   4.04795E-12     3201.81  1
 3.46100E-03   8.17253E-04   1.12171E-04   1.05567E-04   4.09529E-12     3175.44  1
 3.48100E-03   8.37148E-04   1.11932E-04   1.05496E-04   4.14150E-12     3179.41  1
 3.50099E-03   8.50318E-04   1.11771E-04   1.05463E-04   4.17610E-12     3162.29  1
 3.52099E-03   8.69506E-04   1.11625E-04   1.05352E-04   4.20845E-12     3133.89  1
 3.54099E-03   8.88666E-04   1.11372E-04   1.05175E-04   4.08006E-12     3143.20  0
 3.56099E-03   8.86385E-04   1.08856E-04   1.04963E-04   3.94291E-12     2743.09  0
 3.58099E-03   8.80923E-04   1.06582E-04   1.04777E-04   3.79815E-12     2493.62  0
 3.60099E-03   8.74957E-04   1.03058E-04   1.03871E-04   3.60625E-12     2316.64  0
 3.62099E-03   8.69883E-04   9.90445E-05   1.05565E-04   3.43264E-12     2172.64  0
 3.64099E-03   8.66294E-04   9.52397E-05   1.06922E-04   3.25328E-12     2061.68  0
 3.66099E-03   8.57407E-04   9.21398E-05   1.07536E-04   3.07559E-12     1977.36  0
 3.68099E-03   8.53962E-04   8.80471E-05   1.07637E-04   2.90226E-12     1911.82  0
 3.70099E-03   8.45191E-04   8.39817E-05   1.07486E-04   2.73475E-12     1860.62  0
 3.72099E-03   8.41527E-04   8.02563E-05   1.07132E-04   2.57220E-12     1818.81  0
 3.74099E-03   8.33034E-04   7.75053E-05   1.06395E-04   2.41402E-12     1784.79  0
 3.76099E-03   8.29040E-04   7.33781E-05   1.05571E-04   2.26162E-12     1755.99  0
 3.78099E-03   8.20224E-04   6.98032E-05   1.04191E-04   2.11374E-12     1731.44  0
 3.80099E-03   8.14626E-04   6.64008E-05   9.95008E-05   1.88837E-12     1710.18  0
 3.82099E-03   8.05604E-04   6.33969E-05   1.04381E-04   1.73309E-12     1690.47  0
 3.84099E-03   7.96131E-04   6.02785E-05   1.04112E-04   1.58674E-12     1673.23  0
 3.86099E-03   7.86710E-04   5.79844E-05   1.03729E-04   1.44742E-12     1658.39  0
 3.88099E-03   7.76110E-04   5.48183E-05   1.03271E-04   1.31589E-12     1646.24  0
 3.90099E-03   7.64353E-04   5.28610E-05   1.03292E-04   1.19117E-12     1636.74  0
 3.92099E-03   7.52046E-04   4.98099E-05   1.03309E-04   1.07407E-12     1629.72  0
 3.94099E-03   7.39488E-04   4.80113E-05   1.03282E-04   9.63875E-13     1625.09  0
 3.96099E-03   7.26613E-04   4.52089E-05   1.03211E-04   8.59994E-13     1622.98  0
 3.98099E-03   7.13381E-04   4.33759E-05   1.03099E-04   7.62881E-13     1622.49  0
 4.00099E-03   6.95892E-04   4.06169E-05   9.92105E-05   6.50164E-13     1621.81  0
 4.02099E-03   6.74365E-04   3.87758E-05   1.02555E-04   5.65005E-13     1620.96  0
 4.04099E-03   6.46760E-04   3.71392E-05   1.01956E-04   5.61690E-13     1619.97  1
 4.06099E-03   4.34566E-05   1.03087E-04   4.68550E-05   6.54421E-13     1829.24  1
 4.08099E-03   7.11886E-05   1.08643E-04   5.94227E-05   7.19375E-13     2623.84  1
 4.10099E-03   9.66687E-05   1.10295E-04   6.44270E-05   7.82121E-13     2903.98  1
 4.12099E-03   1.18053E-04   1.10872E-04   6.62531E-05   8.58797E-13     3070.01  1
 4.14099E-03   1.43082E-04   1.11284E-04   6.74604E-05   9.34011E-13     3098.39  1
 4.16100E-03   1.66784E-04   1.11431E-04   6.84615E-05   1.01911E-12     3107.87  1
 4.18100E-03   1.88514E-04   1.11699E-04   7.29770E-05   1.11448E-12     3154.84  1
 4.20100E-03   2.12936E-04   1.11820E-04   7.48344E-05   1.23313E-12     3127.26  1
 4.22100E-03   2.36052E-04   1.12045E-04   7.92309E-05   1.35188E-12     3124.69  1
 4.24100E-03   2.57834E-04   1.12275E-04   8.14922E-05   1.47499E-12     3154.90  1
 4.26100E-03   2.81795E-04   1.12529E-04   8.29390E-05   1.59181E-12     3138.41  1
 4.28100E-03   3.04513E-04   1.12668E-04   8.41031E-05   1.70894E-12     3123.11  1
 4.30100E-03   3.26524E-04   1.12774E-04   8.52771E-05   1.83100E-12     3166.66  1
 4.32100E-03   3.50138E-04   1.12817E-04   8.63237E-05   1.95741E-12     3164.94  1
 4.34100E-03   3.72603E-04   1.12928E-04   9.21174E-05   2.08654E-12     3133.01  1
 4.36100E-03   3.94891E-04   1.12997E-04   9.44380E-05   2.21622E-12     3176.21  1
 4.38100E-03   4.18630E-04   1.13021E-04   9.54845E-05   2.34422E-12     3185.73  1
 4.40100E-03   4.40492E-04   1.13065E-04   9.62504E-05   2.47012E-12     3161.57  1
 4.42100E-03   4.62642E-04   1.13088E-04   9.68502E-05   2.59427E-12     3176.60  1
 4.44100E-03   4.87352E-04   1.13142E-04   9.73477E-05   2.71417E-12     3174.40  1
 4.46100E-03   5.10486E-04   1.13205E-04   9.96060E-05   2.83267E-12     3160.00  1
 4.48100E-03   5.32548E-04   1.13237E-04   1.01634E-04   2.95031E-12     3201.12  1
 4.50100E-03   5.56945E-04   1.13322E-04   1.04741E-04   3.06587E-12     3186.99  1
 4.52100E-03   5.79901E-04   1.13307E-04   1.06537E-04   3.17491E-12     3158.17  1
 4.54100E-03   6.02273E-04   1.13300E-04   1.07989E-04   3.28251E-12     3206.79  1
 4.56100E-03   6.26339E-04   1.13406E-04   1.10089E-04   3.38486E-12     3203.82  1
 4.58100E-03   6.49085E-04   1.13383E-04   1.11693E-04   3.48098E-12     3173.33  1
 4.60100E-03   6.70729E-04   1.13342E-04   1.12492E-04   3.56901E-12     3211.33  1
 4.62100E-03   6.91380E-04   1.13399E-04   1.12948E-04   3.65813E-12     3223.37  1
 4.64100E-03   7.09088E-04   1.13405E-04   1.13157E-04   3.74310E-12     3204.37  1
 4.66100E-03   7.26541E-04   1.13418E-04   1.13333E-04   3.82137E-12     3190.37  1
 4.68100E-03   7.42513E-04   1.13387E-04   1.13442E-04   3.90137E-12     3229.20  1
 4.70100E-03   7.61423E-04   1.13421E-04   1.13415E-04   3.97284E-12     3209.51  1
 4.72100E-03   7.79981E-04   1.13362E-04   1.13370E-04   4.03964E-12     3182.09  1
 4.74100E-03   7.96488E-04   1.13287E-04   1.13295E-04   4.10606E-12     3228.05  1
 4.76100E-03   8.16786E-04   1.13344E-04   1.13257E-04   4.16698E-12     3216.69  1
 4.78100E-03   8.34024E-04   1.13265E-04   1.13157E-04   4.22069E-12     3179.42  1
 4.80100E-03   8.50307E-04   1.13155E-04   1.13032E-04   4.27420E-12     3215.57  1
 4.82100E-03   8.67907E-04   1.13101E-04   1.12960E-04   4.32476E-12     3227.43  1
 4.84100E-03   8.89560E-04   1.13033E-04   1.12860E-04   4.36756E-12     3206.31  1
 4.86100E-03   9.04339E-04   1.12958E-04   1.12787E-04   4.40427E-12     3179.87  1
 4.88100E-03   9.22589E-04   1.12871E-04   1.12684E-04   4.44276E-12     3219.38  1
 4.90100E-03   9.39185E-04   1.12752E-04   1.12558E-04   4.46880E-12     3202.05  1
 4.92100E-03   9.57460E-04   1.12611E-04   1.12459E-04   4.49387E-12     3158.57  1
 4.94100E-03   9.72249E-04   1.12506E-04   1.12304E-04   4.51397E-12     3195.87  1
 4.96100E-03   9.91744E-04   1.12294E-04   1.12127E-04   4.53263E-12     3196.65  1
 4.98100E-03   1.00553E-03   1.12099E-04   1.12001E-04   4.54083E-12     3164.32  1
 5.00100E-03   1.02313E-03   1.11827E-04   1.11850E-04   4.55023E-12     3138.79  1
 5.02100E-03   1.03940E-03   1.11627E-04   1.11645E-04   4.55020E-12     3171.07  1
 5.04100E-03   1.06137E-03   1.11546E-04   1.11455E-04   4.55389E-12     3168.00  1
 5.06100E-03   1.08199E-03   1.11477E-04   1.11223E-04   4.39225E-12     3133.36  0
 5.08100E-03   1.07358E-03   1.08876E-04   1.10932E-04   4.22055E-12     2734.50  0
 5.10100E-03   1.06609E-03   1.06489E-04   1.10438E-04   4.04452E-12     2493.50  0
 5.12100E-03   1.05961E-03   1.03092E-04   1.09711E-04   3.87022E-12     2316.60  0
 5.14100E-03   1.04981E-03   9.89137E-05   1.08508E-04   3.69842E-12     2193.64  0
 5.16100E-03   1.04172E-03   9.51651E-05   1.05140E-04   3.53094E-12     2100.31  0
 5.18100E-03   1.03355E-03   9.17540E-05   1.03784E-04   3.36734E-12     2027.65  0
 5.20100E-03   1.01907E-03   8.78596E-05   1.01488E-04   3.13264E-12     1966.32  0
 5.22100E-03   1.00360E-03   8.37148E-05   1.04289E-04   2.95222E-12     1906.70  0
 5.24100E-03   9.88300E-04   8.00348E-05   1.03796E-04   2.76909E-12     1852.09  0
 5.26100E-03   9.74643E-04   7.71083E-05   1.00663E-04   2.58920E-12     1805.76  0
 5.28100E-03   9.61910E-04   7.33430E-05   9.95062E-05   2.41355E-12     1767.74  0
 5.30100E-03   9.49617E-04   6.98122E-05   9.86489E-05   2.24288E-12     1736.77  0
 5.32100E-03   9.37481E-04   6.74382E-05   9.78262E-05   2.07870E-12     1711.69  0
 5.34100E-03   9.25055E-04   6.37484E-05   9.70354E-05   1.91978E-12     1690.87  0
 5.36100E-03   9.12244E-04   6.08727E-05   9.63935E-05   1.76722E-12     1673.86  0
 5.38100E-03   8.99048E-04   5.82671E-05   9.56440E-05   1.62104E-12     1659.82  0
 5.40100E-03   8.77764E-04   5.46026E-05   9.27770E-05   1.40428E-12     1647.88  0
 5.42100E-03   8.70682E-04   5.27281E-05   1.01389E-04   1.25852E-12     1638.14  0
 5.44100E-03   8.49150E-04   4.95613E-05   1.01619E-04   1.12386E-12     1630.96  0
 5.46101E-03   8.28093E-04   4.78081E-05   1.01759E-04   9.99280E-13     1625.92  0
 5.48101E-03   8.02899E-04   4.48489E-05   1.01813E-04   8.83932E-13     1623.22  0
 5.50101E-03   7.79899E-04   4.31389E-05   1.01806E-04   7.77725E-13     1622.59  0
 5.52101E-03   7.51737E-04   4.05348E-05   1.01764E-04   6.79249E-13     1621.93  0
 5.54101E-03   7.24686E-04   3.86924E-05   1.01693E-04   5.89779E-13     1621.07  0
 5.56101E-03   6.95225E-04   3.68110E-05   1.01573E-04   5.81645E-13     1620.04  1
 5.58101E-03   4.05562E-05   1.03664E-04   4.19719E-05   6.64027E-13     1857.65  1
 5.60101E-03   6.96536E-05   1.08199E-04   5.89075E-05   7.09484E-13     2556.85  1
 5.62101E-03   1.00532E-04   1.09939E-04   6.73521E-05   7.69288E-13     2867.96  1
 5.64101E-03   1.23471E-04   1.10764E-04   7.06970E-05   8.47572E-13     3042.96  1
 5.66101E-03   1.46744E-04   1.11184E-04   7.26460E-05   9.27225E-13     3123.95  1
 5.68101E-03   1.71645E-04   1.11320E-04   7.38316E-05   1.00620E-12     3111.73  1
 5.70101E-03   1.96657E-04   1.11662E-04   7.48212E-05   1.10160E-12     3141.61  1
 5.72101E-03   2.18219E-04   1.11925E-04   7.82563E-05   1.20964E-12     3151.91  1
 5.74101E-03   2.41754E-04   1.12116E-04   8.02025E-05   1.32154E-12     3159.34  1
 5.76101E-03   2.66620E-04   1.12347E-04   8.23225E-05   1.44593E-12     3173.79  1
 5.78101E-03   2.87652E-04   1.12554E-04   8.34016E-05   1.56741E-12     3159.10  1
 5.80101E-03   3.09337E-04   1.12604E-04   8.42828E-05   1.68677E-12     3142.65  1
 5.82101E-03   3.36870E-04   1.12748E-04   8.50919E-05   1.80792E-12     3181.39  1
 5.84101E-03   3.57417E-04   1.12871E-04   8.58456E-05   1.93055E-12     3177.84  1
 5.86101E-03   3.79920E-04   1.12952E-04   8.65700E-05   2.05295E-12     3202.07  1
 5.88101E-03   4.03362E-04   1.13033E-04   9.07262E-05   2.18013E-12     3181.32  1
 5.90101E-03   4.28231E-04   1.13062E-04   9.30866E-05   2.31058E-12     3195.38  1
 5.92101E-03   4.48847E-04   1.13090E-04   9.46764E-05   2.43854E-12     3177.63  1
 5.94101E-03   4.71714E-04   1.13172E-04   9.55684E-05   2.55867E-12     3178.62  1
 5.96101E-03   4.95674E-04   1.13211E-04   9.62582E-05   2.67933E-12     3199.44  1
 5.98101E-03   5.15781E-04   1.13291E-04   9.68615E-05   2.79454E-12     3188.17  1
 6.00101E-03   5.35920E-04   1.13280E-04   9.73812E-05   2.90823E-12     3181.66  1
 6.02101E-03   5.57980E-04   1.13325E-04   1.01008E-04   3.02458E-12     3199.09  1
 6.04101E-03   5.76995E-04   1.13413E-04   1.04227E-04   3.13800E-12     3193.39  1
 6.06101E-03   5.99061E-04   1.13434E-04   1.06068E-04   3.24324E-12     3194.55  1
 6.08101E-03   6.20291E-04   1.13463E-04   1.07161E-04   3.34974E-12     3219.19  1
 6.10101E-03   6.37285E-04   1.13526E-04   1.08117E-04   3.45238E-12     3209.26  1
 6.12101E-03   6.56858E-04   1.13513E-04   1.09770E-04   3.55025E-12     3193.78  1
 6.14101E-03   6.76069E-04   1.13496E-04   1.10681E-04   3.64666E-12     3221.37  1
 6.16101E-03   6.91833E-04   1.13582E-04   1.11139E-04   3.73589E-12     3222.92  1
 6.18101E-03   7.09974E-04   1.13560E-04   1.11395E-04   3.82409E-12     3205.30  1
 6.20101E-03   7.34058E-04   1.13515E-04   1.11558E-04   3.90699E-12     3221.06  1
 6.22101E-03   7.52164E-04   1.13551E-04   1.11692E-04   3.98399E-12     3237.41  1
 6.24101E-03   7.68414E-04   1.13564E-04   1.11786E-04   4.05952E-12     3238.73  1
 6.26101E-03   7.88756E-04   1.13582E-04   1.11872E-04   4.12989E-12     3226.47  1
 6.28101E-03   8.07312E-04   1.13555E-04   1.11853E-04   4.20088E-12     3239.88  1
 6.30101E-03   8.26018E-04   1.13583E-04   1.11871E-04   4.26806E-12     3224.07  1
 6.32101E-03   8.42236E-04   1.13538E-04   1.11825E-04   4.32965E-12     3214.08  1
 6.34101E-03   8.65067E-04   1.13480E-04   1.11733E-04   4.38792E-12     3241.22  1
 6.36101E-03   8.79066E-04   1.13543E-04   1.11647E-04   4.44234E-12     3233.44  1
 6.38101E-03   8.98697E-04   1.13492E-04   1.11583E-04   4.49210E-12     3214.24  1
 6.40101E-03   9.15725E-04   1.13407E-04   1.11440E-04   4.54616E-12     3214.55  1
 6.42101E-03   9.36752E-04   1.13356E-04   1.11300E-04   4.58895E-12     3233.98  1
 6.44101E-03   9.52161E-04   1.13332E-04   1.11204E-04   4.63355E-12     3262.75  1
 6.46101E-03   9.68432E-04   1.13453E-04   1.11086E-04   4.66951E-12     3263.86  1
 6.48101E-03   9.83271E-04   1.13357E-04   1.10948E-04   4.70517E-12     3212.02  1
 6.50101E-03   1.00657E-03   1.13229E-04   1.10866E-04   4.73883E-12     3231.71  1
 6.52101E-03   1.01801E-03   1.13185E-04   1.10748E-04   4.76552E-12     3232.82  1
 6.54101E-03   1.03703E-03   1.13115E-04   1.10611E-04   4.79347E-12     3207.95  1
 6.56101E-03   1.06272E-03   1.13002E-04   1.10461E-04   4.81283E-12     3215.72  1
 6.58101E-03   1.07375E-03   1.12929E-04   1.10283E-04   4.83364E-12     3227.10  1
 6.60101E-03   1.09150E-03   1.12828E-04   1.09490E-04   4.84530E-12     3235.45  1
 6.62101E-03   1.10609E-03   1.12738E-04   1.06675E-04   4.85478E-12     3206.33  1
 6.64101E-03   1.12804E-03   1.12657E-04   1.05135E-04   4.86125E-12     3221.71  1
 6.66101E-03   1.13870E-03   1.12524E-04   1.04984E-04   4.86285E-12     3206.88  1
 6.68101E-03   1.15547E-03   1.12376E-04   1.04882E-04   4.86321E-12     3183.07  1
 6.70101E-03   1.17254E-03   1.12198E-04   1.04778E-04   4.85952E-12     3193.60  1
 6.72101E-03   1.18307E-03   1.11973E-04   1.04617E-04   4.85500E-12     3193.41  1
 6.74101E-03   1.19772E-03   1.11871E-04   1.04481E-04   4.84124E-12     3167.41  1
 6.76101E-03   1.21189E-03   1.11695E-04   1.04321E-04   4.82326E-12     3158.15  1
 6.78102E-03   1.22490E-03   1.11447E-04   1.04123E-04   4.81148E-12     3161.84  1
 6.80102E-03   1.23159E-03   1.11434E-04   1.02238E-04   4.57283E-12     3140.33  0
 6.82102E-03   1.22329E-03   1.08913E-04   1.05288E-04   4.35116E-12     2697.68  0
 6.84102E-03   1.21098E-03   1.06288E-04   1.05235E-04   4.12267E-12     2439.59  0
 6.86102E-03   1.19665E-03   1.03032E-04   1.02275E-04   3.89490E-12     2266.41  0
 6.88102E-03   1.18229E-03   9.88671E-05   1.01166E-04   3.66981E-12     2143.31  0
 6.90102E-03   1.16799E-03   9.50616E-05   1.00763E-04   3.45424E-12     2047.99  0
 6.92102E-03   1.15371E-03   9.14473E-05   1.00480E-04   3.24480E-12     1975.31  0
 6.94102E-03   1.13952E-03   8.78415E-05   1.00165E-04   3.04421E-12     1915.92  0
 6.96102E-03   1.12536E-03   8.35031E-05   9.97569E-05   2.85176E-12     1867.01  0
 6.98102E-03   1.10609E-03   7.95460E-05   9.92689E-05   2.66642E-12     1826.39  0
 7.00102E-03   1.08654E-03   7.49482E-05   9.78842E-05   2.40372E-12     1792.23  0
 7.02102E-03   1.06920E-03   7.22057E-05   1.02361E-04   2.21871E-12     1760.55  0
 7.04102E-03   1.04878E-03   6.83828E-05   1.02730E-04   2.04171E-12     1731.33  0
 7.06102E-03   1.02986E-03   6.49308E-05   1.02994E-04   1.87188E-12     1705.69  0
 7.08102E-03   1.00768E-03   6.26192E-05   1.03151E-04   1.71019E-12     1684.31  0
 7.10102E-03   9.83559E-04   5.90324E-05   1.03237E-04   1.55652E-12     1666.69  0
 7.12102E-03   9.55896E-04   5.65996E-05   1.03273E-04   1.41102E-12     1652.67  0
 7.14102E-03   9.30539E-04   5.37183E-05   1.03267E-04   1.27363E-12     1641.71  0
 7.16102E-03   9.06777E-04   5.11198E-05   1.03214E-04   1.14427E-12     1633.34  0
 7.18102E-03   8.83664E-04   4.86172E-05   1.03122E-04   1.02309E-12     1627.42  0
 7.20102E-03   8.55646E-04   4.52552E-05   9.84003E-05   8.60053E-13     1623.86  0
 7.22102E-03   8.32784E-04   4.32512E-05   1.02514E-04   7.43884E-13     1622.77  0
 7.24102E-03   8.07493E-04   4.06423E-05   9.73009E-05   6.38942E-13     1622.20  0
 7.26102E-03   7.76647E-04   3.85839E-05   9.62468E-05   5.44559E-13     1621.41  0
 7.28102E-03   7.37292E-04   3.64681E-05   9.55112E-05   4.59934E-13     1620.41  0
 7.30102E-03   6.99711E-04   3.41372E-05   9.48646E-05   4.91511E-13     1619.20  1
 7.32102E-03   4.65500E-05   1.05984E-04   4.78039E-05   5.89595E-13     1881.16  1
 7.34102E-03   7.34900E-05   1.10280E-04   6.16700E-05   6.74950E-13     2671.07  1
 7.36102E-03   9.81365E-05   1.11872E-04   6.64525E-05   7.72342E-13     2964.43  1
 7.38102E-03   1.20061E-04   1.12622E-04   7.29496E-05   8.80697E-13     3092.71  1
 7.40102E-03   1.44455E-04   1.12743E-04   7.57891E-05   9.92593E-13     3109.80  1
 7.42102E-03   1.67713E-04   1.12938E-04   7.76390E-05   1.11123E-12     3122.66  1
 7.44102E-03   1.89783E-04   1.13018E-04   8.23701E-05   1.23931E-12     3166.72  1
 7.46102E-03   2.14053E-04   1.13056E-04   8.43178E-05   1.37826E-12     3162.07  1
 7.48102E-03   2.36974E-04   1.13138E-04   9.18054E-05   1.51802E-12     3136.45  1
 7.50102E-03   2.59285E-04   1.13195E-04   9.39757E-05   1.66676E-12     3185.42  1
 7.52102E-03   2.83132E-04   1.13292E-04   9.52303E-05   1.81834E-12     3183.41  1
 7.54102E-03   3.05680E-04   1.13301E-04   9.62769E-05   1.96608E-12     3150.67  1
 7.56102E-03   3.28112E-04   1.13312E-04   1.02071E-04   2.11997E-12     3197.33  1
 7.58102E-03   3.51843E-04   1.13448E-04   1.05778E-04   2.27006E-12     3207.72  1
 7.60102E-03   3.72900E-04   1.13396E-04   1.07971E-04   2.41477E-12     3189.28  1
 7.62102E-03   3.93751E-04   1.13376E-04   1.11372E-04   2.55595E-12     3193.44  1
 7.64102E-03   4.19050E-04   1.13505E-04   1.13224E-04   2.69326E-12     3194.81  1
 7.66102E-03   4.42127E-04   1.13562E-04   1.14279E-04   2.82087E-12     3183.79  1
 7.68102E-03   4.63833E-04   1.13576E-04   1.15075E-04   2.95461E-12     3223.38  1
 7.70102E-03   4.88349E-04   1.13627E-04   1.15797E-04   3.07636E-12     3204.23  1
 7.72102E-03   5.11243E-04   1.13608E-04   1.16206E-04   3.19144E-12     3176.64  1
 7.74102E-03   5.33294E-04   1.13591E-04   1.16512E-04   3.30787E-12     3228.58  1
 7.76102E-03   5.57679E-04   1.13683E-04   1.16696E-04   3.41508E-12     3219.78  1
 7.78102E-03   5.80551E-04   1.13665E-04   1.16804E-04   3.51679E-12     3186.35  1
 7.80102E-03   6.02316E-04   1.13627E-04   1.16856E-04   3.60801E-12     3229.57  1
 7.82102E-03   6.25537E-04   1.13665E-04   1.16865E-04   3.69954E-12     3235.68  1
 7.84102E-03   6.51269E-04   1.13683E-04   1.16838E-04   3.78549E-12     3219.78  1
 7.86102E-03   6.73916E-04   1.13702E-04   1.16790E-04   3.86708E-12     3214.35  1
 7.88102E-03   6.95126E-04   1.13685E-04   1.16679E-04   3.94743E-12     3254.00  1
 7.90102E-03   7.19113E-04   1.13717E-04   1.16603E-04   4.02094E-12     3225.33  1
 7.92102E-03   7.40318E-04   1.13681E-04   1.16476E-04   4.08847E-12     3204.66  1
 7.94102E-03   7.61471E-04   1.13633E-04   1.16287E-04   4.15625E-12     3245.31  1
 7.96102E-03   7.85635E-04   1.13702E-04   1.16127E-04   4.21492E-12     3229.19  1
 7.98102E-03   8.04286E-04   1.13662E-04   1.16005E-04   4.27016E-12     3198.33  1
 8.00102E-03   8.22676E-04   1.13599E-04   1.15827E-04   4.32103E-12     3236.95  1
 8.02102E-03   8.42433E-04   1.13609E-04   1.15681E-04   4.37049E-12     3242.59  1
 8.04102E-03   8.64502E-04   1.13601E-04   1.15559E-04   4.41457E-12     3222.30  1
 8.06102E-03   8.84671E-04   1.13595E-04   1.15424E-04   4.45565E-12     3219.12  1
 8.08102E-03   8.97261E-04   1.13544E-04   1.15321E-04   4.49700E-12     3253.61  1
 8.10102E-03   9.19703E-04   1.13559E-04   1.15177E-04   4.53249E-12     3228.17  1
 8.12102E-03   9.34577E-04   1.13491E-04   1.15067E-04   4.56309E-12     3211.58  1
 8.14102E-03   9.53219E-04   1.13401E-04   1.14918E-04   4.59389E-12     3250.83  1
 8.16103E-03   9.71034E-04   1.13450E-04   1.14673E-04   4.61855E-12     3230.30  1
 8.18103E-03   9.90607E-04   1.13369E-04   1.14384E-04   4.64049E-12     3197.76  1
 8.20103E-03   1.00610E-03   1.13258E-04   1.14101E-04   4.66231E-12     3230.78  1
 8.22103E-03   1.02605E-03   1.13198E-04   1.13802E-04   4.68134E-12     3239.91  1
 8.24103E-03   1.04270E-03   1.13160E-04   1.13466E-04   4.69287E-12     3222.19  1
 8.26103E-03   1.06225E-03   1.13134E-04   1.13061E-04   4.70412E-12     3197.76  1
 8.28103E-03   1.07770E-03   1.13009E-04   1.12705E-04   4.71199E-12     3237.70  1
 8.30103E-03   1.09634E-03   1.12919E-04   1.12286E-04   4.71612E-12     3223.66  1
 8.32103E-03   1.11358E-03   1.12809E-04   1.11680E-04   4.56113E-12     3180.32  0
 8.34103E-03   1.10749E-03   1.11594E-04   1.11031E-04   4.39163E-12     2761.90  0
 8.36103E-03   1.10283E-03   1.09068E-04   1.09909E-04   4.21357E-12     2515.16  0
 8.38103E-03   1.09527E-03   1.07318E-04   1.07747E-04   4.03484E-12     2356.95  0
 8.40103E-03   1.08831E-03   1.03701E-04   1.05041E-04   3.84833E-12     2237.68  0
 8.42103E-03   1.08055E-03   1.00781E-04   1.07154E-04   3.66650E-12     2135.58  0
 8.44103E-03   1.07331E-03   9.80493E-05   1.07466E-04   3.47974E-12     2047.47  0
 8.46103E-03   1.06529E-03   9.44757E-05   1.06639E-04   3.29480E-12     1976.44  0
 8.48103E-03   1.05463E-03   9.18049E-05   1.04265E-04   3.11353E-12     1918.06  0
 8.50103E-03   1.04409E-03   8.84499E-05   1.02790E-04   2.93783E-12     1871.16  0
 8.52103E-03   1.03330E-03   8.51338E-05   1.02047E-04   2.76669E-12     1832.15  0
 8.54103E-03   1.02109E-03   8.27030E-05   1.01421E-04   2.60121E-12     1799.35  0
 8.56103E-03   1.00696E-03   7.90752E-05   1.00789E-04   2.44100E-12     1771.10  0
 8.58103E-03   9.91633E-04   7.64168E-05   1.00170E-04   2.28596E-12     1746.49  0
 8.60103E-03   9.70447E-04   7.30939E-05   9.87920E-05   2.02603E-12     1725.10  0
 8.62103E-03   9.56011E-04   6.99554E-05   1.03120E-04   1.84738E-12     1704.72  0
 8.64103E-03   9.35707E-04   6.78648E-05   1.03142E-04   1.68229E-12     1686.57  0
 8.66103E-03   9.14356E-04   6.46124E-05   1.03062E-04   1.52653E-12     1670.24  0
 8.68103E-03   8.91250E-04   6.27124E-05   1.02609E-04   1.38121E-12     1656.23  0
 8.70103E-03   8.66878E-04   5.95340E-05   1.01544E-04   1.24444E-12     1644.71  0
 8.72103E-03   8.42116E-04   5.77189E-05   9.78811E-05   1.11555E-12     1635.65  0
 8.74103E-03   8.17234E-04   5.46453E-05   9.63747E-05   9.95321E-13     1628.98  0
 8.76103E-03   7.92485E-04   5.28770E-05   9.55609E-05   8.83189E-13     1624.72  0
 8.78103E-03   7.62828E-04   4.99094E-05   9.48980E-05   7.79733E-13     1622.94  0
 8.80103E-03   7.29581E-04   4.75837E-05   9.20268E-05   6.57369E-13     1622.28  0
 8.82103E-03   7.02026E-04   4.48753E-05   9.40880E-05   6.80930E-13     1621.53  1
 8.84103E-03   4.15549E-05   1.06808E-04   5.03546E-05   7.65731E-13     1901.54  1
 8.86103E-03   7.30790E-05   1.10363E-04   6.15938E-05   8.41578E-13     2742.16  1
 8.88103E-03   1.00856E-04   1.12127E-04   6.64662E-05   9.15474E-13     2976.05  1
 8.90103E-03   1.21432E-04   1.12754E-04   6.84721E-05   1.01259E-12     3112.00  1
 8.92103E-03   1.44699E-04   1.12976E-04   7.44913E-05   1.11389E-12     3151.11  1
 8.94103E-03   1.72045E-04   1.13079E-04   7.67993E-05   1.23012E-12     3185.21  1
 8.96103E-03   1.92201E-04   1.13129E-04   8.18372E-05   1.34894E-12     3200.96  1
 8.98103E-03   2.14533E-04   1.13165E-04   8.40218E-05   1.46854E-12     3203.97  1
 9.00103E-03   2.37715E-04   1.13172E-04   8.58183E-05   1.60779E-12     3185.66  1
 9.02103E-03   2.64875E-04   1.13265E-04   9.26349E-05   1.74514E-12     3202.62  1
 9.04103E-03   2.86303E-04   1.13335E-04   9.48125E-05   1.88115E-12     3182.50  1
 9.06103E-03   3.09649E-04   1.13405E-04   9.60693E-05   2.01717E-12     3176.44  1
 9.08103E-03   3.35409E-04   1.13441E-04   1.03473E-04   2.15787E-12     3201.14  1
 9.10103E-03   3.56250E-04   1.13512E-04   1.07345E-04   2.30080E-12     3201.21  1
 9.12103E-03   3.79315E-04   1.13507E-04   1.13090E-04   2.44182E-12     3188.45  1
 9.14103E-03   4.05357E-04   1.13497E-04   1.15943E-04   2.58436E-12     3214.31  1
 9.16103E-03   4.26040E-04   1.13589E-04   1.17883E-04   2.72518E-12     3217.12  1
 9.18103E-03   4.48899E-04   1.13575E-04   1.21930E-04   2.85613E-12     3200.09  1
 9.20103E-03   4.74633E-04   1.13543E-04   1.24311E-04   2.97751E-12     3214.68  1
 9.22103E-03   4.96759E-04   1.13592E-04   1.25375E-04   3.10262E-12     3234.04  1
 9.24103E-03   5.19455E-04   1.13623E-04   1.25962E-04   3.21816E-12     3233.76  1
 9.26103E-03   5.42878E-04   1.13656E-04   1.26341E-04   3.33030E-12     3218.84  1
 9.28103E-03   5.68553E-04   1.13647E-04   1.26510E-04   3.44098E-12     3237.75  1
 9.30103E-03   5.89187E-04   1.13689E-04   1.26551E-04   3.54481E-12     3221.69  1
 9.32103E-03   6.11148E-04   1.13667E-04   1.26575E-04   3.64223E-12     3212.35  1
 9.34103E-03   6.35777E-04   1.13627E-04   1.26473E-04   3.73620E-12     3239.71  1
 9.36103E-03   6.54876E-04   1.13702E-04   1.26451E-04   3.82546E-12     3233.74  1
 9.38103E-03   6.73208E-04   1.13680E-04   1.26351E-04   3.90804E-12     3216.60  1
 9.40103E-03   6.97901E-04   1.13627E-04   1.26168E-04   3.98612E-12     3230.63  1
 9.42103E-03   7.18285E-04   1.13645E-04   1.25910E-04   4.05789E-12     3240.52  1
 9.44103E-03   7.39810E-04   1.13657E-04   1.25712E-04   4.12632E-12     3240.33  1
 9.46104E-03   7.61616E-04   1.13667E-04   1.25478E-04   4.19290E-12     3236.66  1
 9.48104E-03   7.85093E-04   1.13624E-04   1.25182E-04   4.25405E-12     3249.36  1
 9.50104E-03   8.04560E-04   1.13642E-04   1.24911E-04   4.30916E-12     3230.01  1
 9.52104E-03   8.22629E-04   1.13590E-04   1.24646E-04   4.36218E-12     3225.78  1
 9.54104E-03   8.45652E-04   1.13509E-04   1.24317E-04   4.41086E-12     3247.21  1
 9.56104E-03   8.60322E-04   1.13548E-04   1.23940E-04   4.45472E-12     3235.98  1
 9.58104E-03   8.79278E-04   1.13475E-04   1.23530E-04   4.49388E-12     3216.34  1
 9.60104E-03   8.99097E-04   1.13363E-04   1.23030E-04   4.52995E-12     3231.90  1
 9.62104E-03   9.18174E-04   1.13310E-04   1.22569E-04   4.40385E-12     3236.31  0
 9.64104E-03   9.12159E-04   1.12738E-04   1.21859E-04   4.26240E-12     2793.08  0
 9.66104E-03   9.10059E-04   1.09909E-04   1.21125E-04   4.10740E-12     2535.15  0
 9.68104E-03   9.06834E-04   1.08318E-04   1.20124E-04   3.94953E-12     2369.69  0
 9.70104E-03   9.00191E-04   1.05307E-04   1.19022E-04   3.79115E-12     2246.68  0
 9.72104E-03   8.97768E-04   1.03027E-04   1.16462E-04   3.63258E-12     2152.84  0
 9.74104E-03   8.91692E-04   9.96560E-05   1.15531E-04   3.47494E-12     2077.01  0
 9.76104E-03   8.87006E-04   9.75728E-05   1.14837E-04   3.32104E-12     2015.16  0
 9.78104E-03   8.84204E-04   9.39354E-05   1.14171E-04   3.16956E-12     1962.69  0
 9.80104E-03   8.74300E-04   9.06217E-05   1.11895E-04   2.99811E-12     1916.55  0
 9.82104E-03   8.70399E-04   8.81332E-05   1.13369E-04   2.84459E-12     1874.77  0
 9.84104E-03   8.66004E-04   8.48058E-05   1.10965E-04   2.68913E-12     1835.71  0
 9.86104E-03   8.57320E-04   8.27308E-05   1.09961E-04   2.53510E-12     1800.48  0
 9.88104E-03   8.53023E-04   7.92275E-05   1.09175E-04   2.38396E-12     1769.73  0
 9.90104E-03   8.44186E-04   7.72112E-05   1.08340E-04   2.23612E-12     1743.68  0
 9.92104E-03   8.39872E-04   7.39481E-05   1.07488E-04   2.09245E-12     1721.47  0
 9.94104E-03   8.30723E-04   7.17527E-05   1.06407E-04   1.95319E-12     1702.38  0
 9.96104E-03   8.23607E-04   6.88380E-05   1.05302E-04   1.81826E-12     1686.00  0
 9.98104E-03   8.16830E-04   6.67074E-05   1.03718E-04   1.68822E-12     1671.95  0
 1.00010E-02   8.06872E-04   6.38548E-05   9.85273E-05   1.48582E-12     1659.70  0
 1.00210E-02   7.97832E-04   6.19655E-05   1.04210E-04   1.34280E-12     1649.22  0
 1.00410E-02   7.87418E-04   5.91581E-05   1.04113E-04   1.21065E-12     1640.27  0
 1.00610E-02   7.76333E-04   5.75544E-05   1.03810E-04   1.08762E-12     1633.11  0
 1.00810E-02   7.64365E-04   5.44646E-05   1.03329E-04   9.72958E-13     1627.79  0
 1.01010E-02   7.50641E-04   5.28752E-05   1.02628E-04   8.66663E-13     1624.39  0
 1.01210E-02   7.33759E-04   5.00496E-05   1.01445E-04   8.73822E-13     1622.96  1
 1.01410E-02   4.62004E-05   1.06790E-04   4.36816E-05   9.59419E-13     1907.81  1
 1.01610E-02   7.27053E-05   1.10598E-04   6.14405E-05   1.02318E-12     2705.72  1
 1.01810E-02   9.94821E-05   1.12131E-04   7.03788E-05   1.10237E-12     2974.88  1
 1.02010E-02   1.23236E-04   1.12466E-04   7.38630E-05   1.18507E-12     3022.77  1
 1.02210E-02   1.44410E-04   1.12811E-04   7.99625E-05   1.28146E-12     3097.24  1
 1.02410E-02   1.69361E-04   1.13003E-04   8.23870E-05   1.37743E-12     3107.00  1
 1.02610E-02   1.92718E-04   1.13107E-04   8.37588E-05   1.47596E-12     3115.42  1
 1.02810E-02   2.14341E-04   1.13141E-04   8.49358E-05   1.58035E-12     3151.44  1
 1.03010E-02   2.38958E-04   1.13201E-04   8.60782E-05   1.69094E-12     3138.05  1
 1.03210E-02   2.62132E-04   1.13213E-04   9.19082E-05   1.80539E-12     3131.85  1
 1.03410E-02   2.84140E-04   1.13262E-04   9.41983E-05   1.92744E-12     3171.01  1
 1.03610E-02   3.08546E-04   1.13338E-04   9.55247E-05   2.05135E-12     3158.75  1
 1.03810E-02   3.31450E-04   1.13331E-04   9.65941E-05   2.17293E-12     3142.74  1
 1.04010E-02   3.52633E-04   1.13335E-04   9.75998E-05   2.29116E-12     3181.71  1
 1.04210E-02   3.76554E-04   1.13362E-04   1.05700E-04   2.41893E-12     3192.28  1
 1.04410E-02   4.02210E-04   1.13406E-04   1.10435E-04   2.54686E-12     3176.28  1
 1.04610E-02   4.25304E-04   1.13473E-04   1.16220E-04   2.67338E-12     3162.85  1
 1.04810E-02   4.48470E-04   1.13468E-04   1.19538E-04   2.80217E-12     3204.71  1
 1.05010E-02   4.73886E-04   1.13523E-04   1.23863E-04   2.93043E-12     3192.01  1
 1.05210E-02   4.96861E-04   1.13500E-04   1.25548E-04   3.05212E-12     3163.97  1
 1.05410E-02   5.20422E-04   1.13480E-04   1.26418E-04   3.17568E-12     3214.49  1
 1.05610E-02   5.44215E-04   1.13575E-04   1.26890E-04   3.29499E-12     3207.85  1
 1.05810E-02   5.66285E-04   1.13550E-04   1.27060E-04   3.40416E-12     3171.21  1
 1.06010E-02   5.88811E-04   1.13506E-04   1.27016E-04   3.50597E-12     3212.89  1
 1.06210E-02   6.08581E-04   1.13544E-04   1.26862E-04   3.61165E-12     3226.55  1
 1.06410E-02   6.31968E-04   1.13546E-04   1.26758E-04   3.70764E-12     3209.29  1
 1.06610E-02   6.53507E-04   1.13550E-04   1.26608E-04   3.79752E-12     3196.39  1
 1.06810E-02   6.74407E-04   1.13500E-04   1.26444E-04   3.89034E-12     3234.51  1
 1.07010E-02   6.98294E-04   1.13512E-04   1.26221E-04   3.97373E-12     3212.76  1
 1.07210E-02   7.19265E-04   1.13430E-04   1.25989E-04   4.05046E-12     3183.81  1
 1.07410E-02   7.40634E-04   1.13318E-04   1.25722E-04   3.96634E-12     3227.63  0
 1.07610E-02   7.41773E-04   1.12821E-04   1.25561E-04   3.86693E-12     2785.47  0
 1.07810E-02   7.40093E-04   1.10075E-04   1.25368E-04   3.75173E-12     2527.65  0
 1.08010E-02   7.37736E-04   1.08057E-04   1.24951E-04   3.63186E-12     2361.54  0
 1.08210E-02   7.35627E-04   1.04781E-04   1.26952E-04   3.50010E-12     2226.06  0
 1.08410E-02   7.28697E-04   1.02760E-04   1.27734E-04   3.35653E-12     2115.61  0
 1.08610E-02   7.26072E-04   9.90944E-05   1.27506E-04   3.21028E-12     2030.07  0
 1.08810E-02   7.19824E-04   9.68351E-05   1.27009E-04   3.06412E-12     1960.78  0
 1.09010E-02   7.15957E-04   9.36553E-05   1.26381E-04   2.91925E-12     1906.32  0
 1.09210E-02   7.09956E-04   9.08381E-05   1.25230E-04   2.77657E-12     1862.08  0
 1.09410E-02   7.05644E-04   8.82729E-05   1.23376E-04   2.63642E-12     1826.51  0
 1.09610E-02   7.00439E-04   8.51662E-05   1.21163E-04   2.49917E-12     1796.47  0
 1.09810E-02   6.95347E-04   8.29567E-05   1.20067E-04   2.36466E-12     1770.46  0
 1.10010E-02   6.87325E-04   7.88990E-05   1.18047E-04   2.15168E-12     1747.41  0
 1.10210E-02   6.90617E-04   7.67757E-05   1.23324E-04   2.00371E-12     1725.64  0
 1.10410E-02   6.83694E-04   7.38657E-05   1.22844E-04   1.86214E-12     1705.26  0
 1.10610E-02   6.80716E-04   7.16897E-05   1.21922E-04   1.72660E-12     1686.63  0
 1.10810E-02   6.73500E-04   6.89270E-05   1.20156E-04   1.59611E-12     1670.46  0
 1.11010E-02   6.70051E-04   6.69810E-05   1.17356E-04   1.47077E-12     1656.85  0
 1.11210E-02   6.62848E-04   6.41267E-05   1.16164E-04   1.35098E-12     1645.75  0
 1.11410E-02   6.57343E-04   6.25156E-05   1.15248E-04   1.23615E-12     1637.06  0
 1.11610E-02   6.48934E-04   5.94590E-05   1.14441E-04   1.12718E-12     1630.59  0
 1.11810E-02   6.39101E-04   5.78316E-05   1.13564E-04   1.02354E-12     1626.12  0
 1.12010E-02   6.30619E-04   5.44035E-05   1.09632E-04   8.96308E-13     1623.46  0
 1.12210E-02   6.17671E-04   5.28581E-05   1.09364E-04   7.96636E-13     1622.77  0
 1.12410E-02   6.08188E-04   5.00467E-05   1.07207E-04   8.13642E-13     1622.32  1
 1.12610E-02   4.72534E-05   1.06800E-04   4.15971E-05   9.05524E-13     1909.82  1
 1.12810E-02   7.65496E-05   1.10582E-04   6.21725E-05   9.80524E-13     2724.44  1
 1.13010E-02   9.95276E-05   1.12101E-04   7.05164E-05   1.06506E-12     2994.55  1
 1.13210E-02   1.24096E-04   1.12776E-04   7.34681E-05   1.14861E-12     3102.91  1
 1.13410E-02   1.48713E-04   1.12979E-04   7.52266E-05   1.23606E-12     3138.97  1
 1.13610E-02   1.70781E-04   1.13121E-04   7.65951E-05   1.33387E-12     3165.60  1
 1.13810E-02   1.94126E-04   1.13208E-04   7.78318E-05   1.43226E-12     3204.86  1
 1.14010E-02   2.18392E-04   1.12859E-04   8.67930E-05   1.57451E-12     3113.77  1
 1.14210E-02   2.43251E-04   1.12927E-04   9.39260E-05   1.69182E-12     3108.21  1
 1.14411E-02   2.65796E-04   1.13121E-04   1.02870E-04   1.81804E-12     3131.90  1
 1.14611E-02   2.89178E-04   1.13195E-04   1.08645E-04   1.94724E-12     3131.49  1
 1.14811E-02   3.14982E-04   1.13213E-04   1.14258E-04   2.07668E-12     3155.87  1
 1.15011E-02   3.35706E-04   1.13289E-04   1.19440E-04   2.20744E-12     3152.56  1
 1.15211E-02   3.58732E-04   1.13275E-04   1.25529E-04   2.33503E-12     3155.08  1
 1.15411E-02   4.04191E-04   1.13258E-04   1.99971E-04   2.46190E-12     3181.30  1
 1.15611E-02   4.15889E-04   1.13359E-04   1.97156E-04   2.59179E-12     3188.65  1
 1.15811E-02   4.28952E-04   1.13342E-04   1.91649E-04   2.71503E-12     3183.45  1
 1.16011E-02   4.54486E-04   1.13295E-04   1.89376E-04   2.82966E-12     3187.25  1
 1.16211E-02   4.76004E-04   1.13324E-04   1.82739E-04   2.94726E-12     3210.11  1
 1.16411E-02   4.98114E-04   1.13315E-04   1.79066E-04   2.89981E-12     3219.59  0
 1.16611E-02   4.99513E-04   1.12788E-04   1.68832E-04   2.83389E-12     2787.12  0
 1.16811E-02   4.99659E-04   1.10076E-04   1.43689E-04   2.75735E-12     2527.37  0
 1.17011E-02   4.99228E-04   1.08420E-04   1.42139E-04   2.67489E-12     2354.47  0
 1.17211E-02   4.98030E-04   1.05492E-04   1.41361E-04   2.58652E-12     2231.87  0
 1.17411E-02   4.97361E-04   1.03174E-04   1.40218E-04   2.49613E-12     2134.13  0
 1.17611E-02   4.94695E-04   9.98146E-05   1.39012E-04   2.40401E-12     2059.52  0
 1.17811E-02   4.93144E-04   9.77493E-05   1.37331E-04   2.31187E-12     1997.28  0
 1.18011E-02   4.91590E-04   9.42270E-05   1.36187E-04   2.22030E-12     1944.73  0
 1.18211E-02   4.89829E-04   9.17619E-05   1.35422E-04   2.12821E-12     1898.60  0
 1.18411E-02   4.87682E-04   8.86862E-05   1.34717E-04   2.03627E-12     1859.86  0
 1.18611E-02   4.86680E-04   8.58483E-05   1.33850E-04   1.94498E-12     1825.19  0
 1.18811E-02   4.81205E-04   8.32843E-05   1.32945E-04   1.85397E-12     1794.23  0
 1.19011E-02   4.76248E-04   8.02103E-05   1.31988E-04   1.76343E-12     1766.59  0
 1.19211E-02   4.70176E-04   7.80561E-05   1.31039E-04   1.67378E-12     1742.26  0
 1.19411E-02   4.66638E-04   7.48832E-05   1.30039E-04   1.58506E-12     1720.83  0
 1.19611E-02   4.62780E-04   7.28985E-05   1.28799E-04   1.49764E-12     1701.93  0
 1.19811E-02   4.56955E-04   6.97772E-05   1.27548E-04   1.41109E-12     1685.45  0
 1.20011E-02   4.52345E-04   6.79141E-05   1.24533E-04   1.27708E-12     1670.81  0
 1.20211E-02   4.50089E-04   6.49997E-05   1.25934E-04   1.18203E-12     1657.72  0
 1.20411E-02   4.47796E-04   6.31503E-05   1.25007E-04   1.09169E-12     1646.56  0
 1.20611E-02   4.41645E-04   6.04248E-05   1.24232E-04   1.00569E-12     1637.62  0
 1.20811E-02   4.37951E-04   5.84758E-05   1.23435E-04   9.23780E-13     1631.13  0
 1.21011E-02   4.31515E-04   5.60865E-05   1.22262E-04   8.46177E-13     1626.56  0
 1.21211E-02   4.26081E-04   5.38416E-05   1.19924E-04   7.72506E-13     1623.80  0
 1.21411E-02   4.19797E-04   5.19702E-05   1.17620E-04   8.00502E-13     1622.87  1
 1.21611E-02   4.19926E-05   1.06406E-04   4.35043E-05   9.09145E-13     1905.60  1
 1.21811E-02   7.25309E-05   1.10105E-04   6.06728E-05   9.97050E-13     2610.36  1
 1.22011E-02   9.46402E-05   1.11427E-04   6.59690E-05   1.07592E-12     2905.92  1
 1.22211E-02   1.21858E-04   1.12265E-04   7.26008E-05   1.17350E-12     3026.47  1
 1.22411E-02   1.46922E-04   1.12742E-04   7.49986E-05   1.26917E-12     3101.96  1
 1.22611E-02   1.70487E-04   1.12867E-04   7.64012E-05   1.36319E-12     3107.99  1
 1.22811E-02   1.93564E-04   1.12912E-04   7.76056E-05   1.46776E-12     3160.95  1
 1.23011E-02   2.17744E-04   1.12906E-04   8.19911E-05   1.57424E-12     3173.01  1
 1.23211E-02   2.40531E-04   1.12932E-04   8.38829E-05   1.67722E-12     3145.01  1
 1.23411E-02   2.63598E-04   1.12956E-04   8.51440E-05   1.79210E-12     3177.54  1
 1.23611E-02   2.87582E-04   1.12923E-04   8.98712E-05   1.75614E-12     3179.69  0
 1.23811E-02   2.89192E-04   1.11976E-04   9.19543E-05   1.70370E-12     2768.70  0
 1.24011E-02   2.88558E-04   1.09247E-04   9.31679E-05   1.64109E-12     2519.31  0
 1.24211E-02   2.94219E-04   1.07717E-04   9.41978E-05   1.57797E-12     2353.60  0
 1.24411E-02   2.95186E-04   1.04218E-04   9.51125E-05   1.51215E-12     2237.96  0
 1.24611E-02   2.95564E-04   1.02071E-04   9.59540E-05   1.44613E-12     2139.67  0
 1.24811E-02   2.95712E-04   9.87052E-05   9.67480E-05   1.38431E-12     2057.83  0
 1.25011E-02   2.95730E-04   9.56496E-05   1.00412E-04   1.32801E-12     1990.44  0
 1.25211E-02   2.95643E-04   9.31319E-05   1.02168E-04   1.27580E-12     1933.98  0
 1.25411E-02   2.95471E-04   8.97660E-05   1.03418E-04   1.22584E-12     1888.19  0
 1.25611E-02   2.95217E-04   8.76131E-05   1.03992E-04   1.17744E-12     1848.49  0
 1.25811E-02   2.94897E-04   8.40239E-05   1.04295E-04   1.13078E-12     1814.08  0
 1.26011E-02   2.94527E-04   8.16445E-05   1.04407E-04   1.08472E-12     1783.68  0
 1.26211E-02   2.94127E-04   7.86190E-05   1.04376E-04   1.03757E-12     1756.61  0
 1.26411E-02   2.93737E-04   7.58189E-05   1.04207E-04   9.90580E-13     1732.76  0
 1.26611E-02   2.93397E-04   7.33921E-05   1.03915E-04   9.43269E-13     1711.81  0
 1.26811E-02   2.93207E-04   7.08256E-05   1.03510E-04   8.95737E-13     1693.65  0
 1.27011E-02   2.93045E-04   6.85588E-05   1.03016E-04   8.48263E-13     1678.11  0
 1.27211E-02   2.92833E-04   6.61422E-05   1.02460E-04   8.01193E-13     1664.99  0
 1.27411E-02   2.92569E-04   6.38005E-05   1.01876E-04   7.54483E-13     1653.92  0
 1.27611E-02   2.92201E-04   6.17576E-05   1.01334E-04   7.08656E-13     1644.74  0
 1.27811E-02   2.89384E-04   5.91349E-05   1.00957E-04   6.63952E-13     1637.28  0
 1.28011E-02   2.84765E-04   5.75290E-05   1.00649E-04   6.20388E-13     1631.65  0
 1.28211E-02   2.81413E-04   5.44871E-05   1.00350E-04   5.78305E-13     1627.51  0
 1.28411E-02   2.75475E-04   5.28866E-05   1.00058E-04   5.37693E-13     1624.65  0
 1.28611E-02   2.74019E-04   5.00467E-05   9.97683E-05   4.98501E-13     1623.13  0
 1.28811E-02   2.72997E-04   4.83395E-05   9.94840E-05   4.60819E-13     1622.79  0
 1.29011E-02   2.71535E-04   4.59562E-05   9.92039E-05   4.24474E-13     1622.45  0
 1.29211E-02   2.65153E-04   4.39783E-05   9.89222E-05   3.89668E-13     1622.01  0
 1.29411E-02   2.60767E-04   4.25662E-05   9.86357E-05   3.56145E-13     1621.45  0
 1.29611E-02   2.54220E-04   3.98520E-05   9.83434E-05   3.24039E-13     1620.82  0
 1.29811E-02   2.47675E-04   3.84307E-05   9.80449E-05   2.93430E-13     1620.09  0
 1.30011E-02   2.44817E-04   3.66020E-05   9.77380E-05   2.64147E-13     1619.25  0
 1.30211E-02   2.40925E-04   3.46304E-05   9.74229E-05   2.36239E-13     1618.30  0
 1.30411E-02   2.33665E-04   3.39939E-05   9.70942E-05   2.09867E-13     1617.23  0
 1.30611E-02   2.27049E-04   3.37721E-05   9.67460E-05   1.85002E-13     1616.03  0
 1.30811E-02   2.23472E-04   3.35507E-05   9.63764E-05   1.61551E-13     1614.70  0
 1.31011E-02   2.14918E-04   3.33347E-05   9.59680E-05   1.39642E-13     1613.21  0
 1.31211E-02   2.07980E-04   3.31248E-05   9.55173E-05   1.19343E-13     1611.59  0
 1.31411E-02   2.04281E-04   3.29183E-05   9.50274E-05   1.00734E-13     1609.93  0
 1.31611E-02   1.94550E-04   3.27042E-05   9.44154E-05   8.38080E-14     1608.15  0
 1.31811E-02   1.85121E-04   3.20590E-05   9.06071E-05   6.86736E-14     1606.23  0
 1.32011E-02   1.74188E-04   2.91792E-05   8.44945E-05   5.52414E-14     1604.17  0
 1.32211E-02   1.61683E-04   2.74378E-05   7.70389E-05   4.35032E-14     1601.97  0
 1.32411E-02   1.47541E-04   2.47139E-05   7.31713E-05   3.32284E-14     1599.71  0
 1.32611E-02   1.42379E-04   2.31560E-05   6.56775E-05   2.44958E-14     1597.39  0
 1.32811E-02   1.33009E-04   2.08037E-05   6.04988E-05   1.71827E-14     1594.88  0
 1.33011E-02   1.17752E-04   1.89526E-05   5.43599E-05   1.12562E-14     1592.16  0
 1.33211E-02   1.03116E-04   1.74601E-05   4.73476E-05   6.68169E-15     1589.13  0
 1.33411E-02   8.61654E-05   1.45055E-05   4.24327E-05   3.36924E-15     1585.71  0
 1.33611E-02   6.95845E-05   1.28776E-05   3.35030E-05   1.25053E-15     1581.71  0
 1.33811E-02   5.14146E-05   9.41072E-06   2.42068E-05   1.64763E-16     1576.37  0
 1.34011E-02   2.56923E-05   5.62129E-06   1.27624E-05   0.00000E+00     1569.35  0
 1.34211E-02   0.00000E+00   0.00000E+00   0.00000E+00   0.00000E+00     1543.60  0
 1.34411E-02   0.00000E+00   0.00000E+00   0.00000E+00   0.00000E+00     1509.67  0
 1.34611E-02   0.00000E+00   0.00000E+00   0.00000E+00   0.00000E+00     1485.43  0
 1.34811E-02   0.00000E+00   0.00000E+00   0.00000E+00   0.00000E+00     1465.45  0
 1.35011E-02   0.00000E+00   0.00000E+00   0.00000E+00   0.00000E+00     1447.91  0
 1.35211E-02   0.00000E+00   0.00000E+00   0.00000E+00   0.00000E+00     1431.99  0
 1.35411E-02   0.00000E+00   0.00000E+00   0.00000E+00   0.00000E+00     1417.27  0
 1.35611E-02   0.00000E+00   0.00000E+00   0.00000E+00   0.00000E+00     1403.49  0
 1.35811E-02   0.00000E+00   0.00000E+00   0.00000E+00   0.00000E+00     1390.49  0
 1.36011E-02   0.00000E+00   0.00000E+00   0.00000E+00   0.00000E+00     1378.14  0
 1.36211E-02   0.00000E+00   0.00000E+00   0.00000E+00   0.00000E+00     1366.36  0
 1.36411E-02   0.00000E+00   0.00000E+00   0.00000E+00   0.00000E+00     1355.07  0
 1.36611E-02   0.00000E+00   0.00000E+00   0.00000E+00   0.00000E+00     1344.24  0
 1.36811E-02   0.00000E+00   0.00000E+00   0.00000E+00   0.00000E+00     1333.81  0
 1.37011E-02   0.00000E+00   0.00000E+00   0.00000E+00   0.00000E+00     1323.81  0
 1.37211E-02   0.00000E+00   0.00000E+00   0.00000E+00   0.00000E+00     1314.13  0
 1.37411E-02   0.00000E+00   0.00000E+00   0.00000E+00   0.00000E+00     1304.76  0
 1.37611E-02   0.00000E+00   0.00000E+00   0.00000E+00   0.00000E+00     1296.65  0
 1.37811E-02   0.00000E+00   0.00000E+00   0.00000E+00   0.00000E+00     1289.18  0
 1.38011E-02   0.00000E+00   0.00000E+00   0.00000E+00   0.00000E+00     1281.90  0
 1.38211E-02   0.00000E+00   0.00000E+00   0.00000E+00   0.00000E+00     1274.78  0
 1.38411E-02   0.00000E+00   0.00000E+00   0.00000E+00   0.00000E+00     1267.84  0
 1.38611E-02   0.00000E+00   0.00000E+00   0.00000E+00   0.00000E+00     1261.05  0
 1.38811E-02   0.00000E+00   0.00000E+00   0.00000E+00   0.00000E+00     1254.41  0
 1.39011E-02   0.00000E+00   0.00000E+00   0.00000E+00   0.00000E+00     1247.91  0
 1.39211E-02   0.00000E+00   0.00000E+00   0.00000E+00   0.00000E+00     1241.54  0
 1.39411E-02   0.00000E+00   0.00000E+00   0.00000E+00   0.00000E+00     1235.31  0
 1.39611E-02   0.00000E+00   0.00000E+00   0.00000E+00   0.00000E+00     1229.19  0
 1.39811E-02   0.00000E+00   0.00000E+00   0.00000E+00   0.00000E+00     1223.20  0
 1.40011E-02   0.00000E+00   0.00000E+00   0.00000E+00   0.00000E+00     1217.32  0
 1.40211E-02   0.00000E+00   0.00000E+00   0.00000E+00   0.00000E+00     1211.54  0
 1.40411E-02   0.00000E+00   0.00000E+00   0.00000E+00   0.00000E+00     1205.88  0
 1.40611E-02   0.00000E+00   0.00000E+00   0.00000E+00   0.00000E+00     1200.33  0
 1.40811E-02   0.00000E+00   0.00000E+00   0.00000E+00   0.00000E+00     1194.87  0
 1.41011E-02   0.00000E+00   0.00000E+00   0.00000E+00   0.00000E+00     1189.51  0
 1.41211E-02   0.00000E+00   0.00000E+00   0.00000E+00   0.00000E+00     1184.24  0
 1.41411E-02   0.00000E+00   0.00000E+00   0.00000E+00   0.00000E+00     1179.05  0
 1.41611E-02   0.00000E+00   0.00000E+00   0.00000E+00   0.00000E+00     1173.95  0
 1.41811E-02   0.00000E+00   0.00000E+00   0.00000E+00   0.00000E+00     1168.93  0
 1.42011E-02   0.00000E+00   0.00000E+00   0.00000E+00   0.00000E+00     1163.99  0
 1.42211E-02   0.00000E+00   0.00000E+00   0.00000E+00   0.00000E+00     1159.13  0
 1.42411E-02   0.00000E+00   0.00000E+00   0.00000E+00   0.00000E+00     1154.34  0
 1.42611E-02   0.00000E+00   0.00000E+00   0.00000E+00   0.00000E+00     1149.62  0
 1.42811E-02   0.00000E+00   0.00000E+00   0.00000E+00   0.00000E+00     1144.97  0
 1.43011E-02   0.00000E+00   0.00000E+00   0.00000E+00   0.00000E+00     1140.38  0
 1.43211E-02   0.00000E+00   0.00000E+00   0.00000E+00   0.00000E+00     1135.87  0
 1.43411E-02   0.00000E+00   0.00000E+00   0.00000E+00   0.00000E+00     1131.42  0
 1.43611E-02   0.00000E+00   0.00000E+00   0.00000E+00   0.00000E+00     1127.03  0
 1.43811E-02   0.00000E+00   0.00000E+00   0.00000E+00   0.00000E+00     1122.70  0
 1.44011E-02   0.00000E+00   0.00000E+00   0.00000E+00   0.00000E+00     1118.43  0
 1.44211E-02   0.00000E+00   0.00000E+00   0.00000E+00   0.00000E+00     1114.22  0
 1.44411E-02   0.00000E+00   0.00000E+00   0.00000E+00   0.00000E+00     1110.06  0
 1.44611E-02   0.00000E+00   0.00000E+00   0.00000E+00   0.00000E+00     1105.97  0
 1.44811E-02   0.00000E+00   0.00000E+00   0.00000E+00   0.00000E+00     1102.79  0
 1.45011E-02   0.00000E+00   0.00000E+00   0.00000E+00   0.00000E+00     1099.92  0
 1.45211E-02   0.00000E+00   0.00000E+00   0.00000E+00   0.00000E+00     1097.06  0
 1.45411E-02   0.00000E+00   0.00000E+00   0.00000E+00   0.00000E+00     1094.31  0
 1.45611E-02   0.00000E+00   0.00000E+00   0.00000E+00   0.00000E+00     1091.58  0
 1.45811E-02   0.00000E+00   0.00000E+00   0.00000E+00   0.00000E+00     1088.86  0
 1.46011E-02   0.00000E+00   0.00000E+00   0.00000E+00   0.00000E+00     1086.18  0
 1.46211E-02   0.00000E+00   0.00000E+00   0.00000E+00   0.00000E+00     1083.58  0
 1.46411E-02   0.00000E+00   0.00000E+00   0.00000E+00   0.00000E+00     1081.00  0
 1.46611E-02   0.00000E+00   0.00000E+00   0.00000E+00   0.00000E+00     1078.44  0
 1.46811E-02   0.00000E+00   0.00000E+00   0.00000E+00   0.00000E+00     1075.89  0
 1.47011E-02   0.00000E+00   0.00000E+00   0.00000E+00   0.00000E+00     1073.42  0
 1.47211E-02   0.00000E+00   0.00000E+00   0.00000E+00   0.00000E+00     1070.98  0
 1.47411E-02   0.00000E+00   0.00000E+00   0.00000E+00   0.00000E+00     1068.55  0
 1.47611E-02   0.00000E+00   0.00000E+00   0.00000E+00   0.00000E+00     1066.14  0
 1.47811E-02   0.00000E+00   0.00000E+00   0.00000E+00   0.00000E+00     1063.74  0
 1.48011E-02   0.00000E+00   0.00000E+00   0.00000E+00   0.00000E+00     1061.43  0
 1.48211E-02   0.00000E+00   0.00000E+00   0.00000E+00   0.00000E+00     1059.12  0
 1.48411E-02   0.00000E+00   0.00000E+00   0.00000E+00   0.00000E+00     1056.84  0
 1.48611E-02   0.00000E+00   0.00000E+00   0.00000E+00   0.00000E+00     1054.56  0
 1.48811E-02   0.00000E+00   0.00000E+00   0.00000E+00   0.00000E+00     1052.30  0
 1.49011E-02   0.00000E+00   0.00000E+00   0.00000E+00   0.00000E+00     1050.10  0
 1.49211E-02   0.00000E+00   0.00000E+00   0.00000E+00   0.00000E+00     1047.93  0
 1.49411E-02   0.00000E+00   0.00000E+00   0.00000E+00   0.00000E+00     1045.77  0
 1.49611E-02   0.00000E+00   0.00000E+00   0.00000E+00   0.00000E+00     1043.64  0
 1.49811E-02   0.00000E+00   0.00000E+00   0.00000E+00   0.00000E+00     1041.52  0
 1.50011E-02   0.00000E+00   0.00000E+00   0.00000E+00   0.00000E+00     1039.42  0
 1.50211E-02   0.00000E+00   0.00000E+00   0.00000E+00   0.00000E+00     1037.37  0
 1.50411E-02   0.00000E+00   0.00000E+00   0.00000E+00   0.00000E+00     1035.34  0
 1.50611E-02   0.00000E+00   0.00000E+00   0.00000E+00   0.00000E+00     1033.32  0
 1.50811E-02   0.00000E+00   0.00000E+00   0.00000E+00   0.00000E+00     1031.31  0
 1.51011E-02   0.00000E+00   0.00000E+00   0.00000E+00   0.00000E+00     1029.31  0
 1.51211E-02   0.00000E+00   0.00000E+00   0.00000E+00   0.00000E+00     1027.32  0
 1.51411E-02   0.00000E+00   0.00000E+00   0.00000E+00   0.00000E+00     1025.38  0
 1.51611E-02   0.00000E+00   0.00000E+00   0.00000E+00   0.00000E+00     1023.46  0
 1.51811E-02   0.00000E+00   0.00000E+00   0.00000E+00   0.00000E+00     1021.55  0
 1.52011E-02   0.00000E+00   0.00000E+00   0.00000E+00   0.00000E+00     1019.66  0
 1.52211E-02   0.00000E+00   0.00000E+00   0.00000E+00   0.00000E+00     1017.77  0
 1.52411E-02   0.00000E+00   0.00000E+00   0.00000E+00   0.00000E+00     1015.90  0
 1.52611E-02   0.00000E+00   0.00000E+00   0.00000E+00   0.00000E+00     1014.03  0
 1.52811E-02   0.00000E+00   0.00000E+00   0.00000E+00   0.00000E+00     1012.21  0
 1.53011E-02   0.00000E+00   0.00000E+00   0.00000E+00   0.00000E+00     1010.41  0
 1.53211E-02   0.00000E+00   0.00000E+00   0.00000E+00   0.00000E+00     1008.62  0
 1.53411E-02   0.00000E+00   0.00000E+00   0.00000E+00   0.00000E+00     1006.83  0
 1.53611E-02   0.00000E+00   0.00000E+00   0.00000E+00   0.00000E+00     1005.06  0
 1.53811E-02   0.00000E+00   0.00000E+00   0.00000E+00   0.00000E+00     1003.30  0
 1.54011E-02   0.00000E+00   0.00000E+00   0.00000E+00   0.00000E+00     1001.54  0
 1.54211E-02   0.00000E+00   0.00000E+00   0.00000E+00   0.00000E+00      999.81  0
 1.54411E-02   0.00000E+00   0.00000E+00   0.00000E+00   0.00000E+00      998.12  0
 1.54611E-02   0.00000E+00   0.00000E+00   0.00000E+00   0.00000E+00      996.43  0
 1.54811E-02   0.00000E+00   0.00000E+00   0.00000E+00   0.00000E+00      994.75  0
 1.55011E-02   0.00000E+00   0.00000E+00   0.00000E+00   0.00000E+00      993.08  0
 1.55211E-02   0.00000E+00   0.00000E+00   0.00000E+00   0.00000E+00      991.42  0
 1.55411E-02   0.00000E+00   0.00000E+00   0.00000E+00   0.00000E+00      989.76  0
 1.55611E-02   0.00000E+00   0.00000E+00   0.00000E+00   0.00000E+00      988.11  0
 1.55811E-02   0.00000E+00   0.00000E+00   0.00000E+00   0.00000E+00      986.51  0
 1.56011E-02   0.00000E+00   0.00000E+00   0.00000E+00   0.00000E+00      984.93  0
 1.56211E-02   0.00000E+00   0.00000E+00   0.00000E+00   0.00000E+00      983.36  0
 1.56411E-02   0.00000E+00   0.00000E+00   0.00000E+00   0.00000E+00      981.79  0
 1.56611E-02   0.00000E+00   0.00000E+00   0.00000E+00   0.00000E+00      980.23  0
 1.56811E-02   0.00000E+00   0.00000E+00   0.00000E+00   0.00000E+00      978.68  0
 1.57011E-02   0.00000E+00   0.00000E+00   0.00000E+00   0.00000E+00      977.14  0
 1.57211E-02   0.00000E+00   0.00000E+00   0.00000E+00   0.00000E+00      975.60  0
 1.57411E-02   0.00000E+00   0.00000E+00   0.00000E+00   0.00000E+00      974.07  0
 1.57611E-02   0.00000E+00   0.00000E+00   0.00000E+00   0.00000E+00      972.56  0
 1.57811E-02   0.00000E+00   0.00000E+00   0.00000E+00   0.00000E+00      971.08  0
 1.58011E-02   0.00000E+00   0.00000E+00   0.00000E+00   0.00000E+00      969.60  0
 1.58211E-02   0.00000E+00   0.00000E+00   0.00000E+00   0.00000E+00      968.13  0
 1.58411E-02   0.00000E+00   0.00000E+00   0.00000E+00   0.00000E+00      966.67  0
 1.58611E-02   0.00000E+00   0.00000E+00   0.00000E+00   0.00000E+00      965.22  0
 1.58811E-02   0.00000E+00   0.00000E+00   0.00000E+00   0.00000E+00      963.77  0
 1.59011E-02   0.00000E+00   0.00000E+00   0.00000E+00   0.00000E+00      962.32  0
 1.59211E-02   0.00000E+00   0.00000E+00   0.00000E+00   0.00000E+00      960.89  0
 1.59411E-02   0.00000E+00   0.00000E+00   0.00000E+00   0.00000E+00      959.46  0
 1.59611E-02   0.00000E+00   0.00000E+00   0.00000E+00   0.00000E+00      958.05  0
 1.59811E-02   0.00000E+00   0.00000E+00   0.00000E+00   0.00000E+00      956.67  0
 1.60011E-02   0.00000E+00   0.00000E+00   0.00000E+00   0.00000E+00      955.29  0
 1.60211E-02   0.00000E+00   0.00000E+00   0.00000E+00   0.00000E+00      953.92  0
 1.60411E-02   0.00000E+00   0.00000E+00   0.00000E+00   0.00000E+00      952.55  0
 1.60611E-02   0.00000E+00   0.00000E+00   0.00000E+00   0.00000E+00      951.19  0
 1.60811E-02   0.00000E+00   0.00000E+00   0.00000E+00   0.00000E+00      949.84  0
 1.61011E-02   0.00000E+00   0.00000E+00   0.00000E+00   0.00000E+00      948.49  0
 1.61211E-02   0.00000E+00   0.00000E+00   0.00000E+00   0.00000E+00      947.14  0
 1.61411E-02   0.00000E+00   0.00000E+00   0.00000E+00   0.00000E+00      945.81  0
 1.61611E-02   0.00000E+00   0.00000E+00   0.00000E+00   0.00000E+00      944.47  0
 1.61811E-02   0.00000E+00   0.00000E+00   0.00000E+00   0.00000E+00      943.17  0
 1.62011E-02   0.00000E+00   0.00000E+00   0.00000E+00   0.00000E+00      941.88  0
 1.62211E-02   0.00000E+00   0.00000E+00   0.00000E+00   0.00000E+00      940.59  0
 1.62411E-02   0.00000E+00   0.00000E+00   0.00000E+00   0.00000E+00      939.31  0
 1.62611E-02   0.00000E+00   0.00000E+00   0.00000E+00   0.00000E+00      938.04  0
 1.62811E-02   0.00000E+00   0.00000E+00   0.00000E+00   0.00000E+00      936.77  0
 1.63011E-02   0.00000E+00   0.00000E+00   0.00000E+00   0.00000E+00      935.51  0
 1.63211E-02   0.00000E+00   0.00000E+00   0.00000E+00   0.00000E+00      934.26  0
 1.63411E-02   0.00000E+00   0.00000E+00   0.00000E+00   0.00000E+00      933.02  0
 1.63611E-02   0.00000E+00   0.00000E+00   0.00000E+00   0.00000E+00      931.78  0
 1.63811E-02   0.00000E+00   0.00000E+00   0.00000E+00   0.00000E+00      930.54  0
 1.64011E-02   0.00000E+00   0.00000E+00   0.00000E+00   0.00000E+00      929.31  0
 1.64211E-02   0.00000E+00   0.00000E+00   0.00000E+00   0.00000E+00      928.10  0
 1.64411E-02   0.00000E+00   0.00000E+00   0.00000E+00   0.00000E+00      926.91  0
 1.64611E-02   0.00000E+00   0.00000E+00   0.00000E+00   0.00000E+00      925.72  0
 1.64810E-02   0.00000E+00   0.00000E+00   0.00000E+00   0.00000E+00      924.53  0
 1.65010E-02   0.00000E+00   0.00000E+00   0.00000E+00   0.00000E+00      923.35  0
 1.65210E-02   0.00000E+00   0.00000E+00   0.00000E+00   0.00000E+00      922.18  0
 1.65410E-02   0.00000E+00   0.00000E+00   0.00000E+00   0.00000E+00      921.01  0
 1.65610E-02   0.00000E+00   0.00000E+00   0.00000E+00   0.00000E+00      919.84  0
 1.65810E-02   0.00000E+00   0.00000E+00   0.00000E+00   0.00000E+00      918.68  0
 1.66010E-02   0.00000E+00   0.00000E+00   0.00000E+00   0.00000E+00      917.52  0
 1.66210E-02   0.00000E+00   0.00000E+00   0.00000E+00   0.00000E+00      916.36  0
 1.66410E-02   0.00000E+00   0.00000E+00   0.00000E+00   0.00000E+00      915.21  0
 1.66610E-02   0.00000E+00   0.00000E+00   0.00000E+00   0.00000E+00      914.07  0
 1.66810E-02   0.00000E+00   0.00000E+00   0.00000E+00   0.00000E+00      912.93  0
 1.67010E-02   0.00000E+00   0.00000E+00   0.00000E+00   0.00000E+00      911.82  0
 1.67210E-02   0.00000E+00   0.00000E+00   0.00000E+00   0.00000E+00      910.71  0
 1.67410E-02   0.00000E+00   0.00000E+00   0.00000E+00   0.00000E+00      909.61  0
 1.67610E-02   0.00000E+00   0.00000E+00   0.00000E+00   0.00000E+00      908.51  0
 1.67810E-02   0.00000E+00   0.00000E+00   0.00000E+00   0.00000E+00      907.41  0
 1.68010E-02   0.00000E+00   0.00000E+00   0.00000E+00   0.00000E+00      906.32  0
 1.68210E-02   0.00000E+00   0.00000E+00   0.00000E+00   0.00000E+00      905.23  0
 1.68410E-02   0.00000E+00   0.00000E+00   0.00000E+00   0.00000E+00      904.15  0
 1.68610E-02   0.00000E+00   0.00000E+00   0.00000E+00   0.00000E+00      903.07  0
 1.68810E-02   0.00000E+00   0.00000E+00   0.00000E+00   0.00000E+00      901.99  0
 1.69010E-02   0.00000E+00   0.00000E+00   0.00000E+00   0.00000E+00      900.92  0
 1.69210E-02   0.00000E+00   0.00000E+00   0.00000E+00   0.00000E+00      899.85  0
 1.69410E-02   0.00000E+00   0.00000E+00   0.00000E+00   0.00000E+00      898.79  0
 1.69610E-02   0.00000E+00   0.00000E+00   0.00000E+00   0.00000E+00      897.73  0
 1.69810E-02   0.00000E+00   0.00000E+00   0.00000E+00   0.00000E+00      896.67  0
 1.70010E-02   0.00000E+00   0.00000E+00   0.00000E+00   0.00000E+00      895.64  0
 1.70210E-02   0.00000E+00   0.00000E+00   0.00000E+00   0.00000E+00      894.61  0
 1.70410E-02   0.00000E+00   0.00000E+00   0.00000E+00   0.00000E+00      893.59  0
 1.70610E-02   0.00000E+00   0.00000E+00   0.00000E+00   0.00000E+00      892.57  0
 1.70810E-02   0.00000E+00   0.00000E+00   0.00000E+00   0.00000E+00      891.55  0
 1.71010E-02   0.00000E+00   0.00000E+00   0.00000E+00   0.00000E+00      890.54  0
 1.71210E-02   0.00000E+00   0.00000E+00   0.00000E+00   0.00000E+00      889.53  0
 1.71410E-02   0.00000E+00   0.00000E+00   0.00000E+00   0.00000E+00      888.53  0
 1.71610E-02   0.00000E+00   0.00000E+00   0.00000E+00   0.00000E+00      887.53  0
 1.71810E-02   0.00000E+00   0.00000E+00   0.00000E+00   0.00000E+00      886.53  0
 1.72010E-02   0.00000E+00   0.00000E+00   0.00000E+00   0.00000E+00      885.54  0
 1.72210E-02   0.00000E+00   0.00000E+00   0.00000E+00   0.00000E+00      884.56  0
 1.72410E-02   0.00000E+00   0.00000E+00   0.00000E+00   0.00000E+00      883.58  0
 1.72610E-02   0.00000E+00   0.00000E+00   0.00000E+00   0.00000E+00      882.60  0
 1.72810E-02   0.00000E+00   0.00000E+00   0.00000E+00   0.00000E+00      881.63  0
 1.73010E-02   0.00000E+00   0.00000E+00   0.00000E+00   0.00000E+00      880.66  0
 1.73210E-02   0.00000E+00   0.00000E+00   0.00000E+00   0.00000E+00      879.69  0
 1.73410E-02   0.00000E+00   0.00000E+00   0.00000E+00   0.00000E+00      878.74  0
 1.73610E-02   0.00000E+00   0.00000E+00   0.00000E+00   0.00000E+00      877.80  0
 1.73810E-02   0.00000E+00   0.00000E+00   0.00000E+00   0.00000E+00      876.86  0
 1.74010E-02   0.00000E+00   0.00000E+00   0.00000E+00   0.00000E+00      875.92  0
 1.74210E-02   0.00000E+00   0.00000E+00   0.00000E+00   0.00000E+00      874.99  0
 1.74410E-02   0.00000E+00   0.00000E+00   0.00000E+00   0.00000E+00      874.06  0
 1.74610E-02   0.00000E+00   0.00000E+00   0.00000E+00   0.00000E+00      873.13  0
 1.74810E-02   0.00000E+00   0.00000E+00   0.00000E+00   0.00000E+00      872.21  0
 1.75010E-02   0.00000E+00   0.00000E+00   0.00000E+00   0.00000E+00      871.29  0
 1.75210E-02   0.00000E+00   0.00000E+00   0.00000E+00   0.00000E+00      870.37  0
 1.75410E-02   0.00000E+00   0.00000E+00   0.00000E+00   0.00000E+00      869.46  0
 1.75610E-02   0.00000E+00   0.00000E+00   0.00000E+00   0.00000E+00      868.54  0
 1.75810E-02   0.00000E+00   0.00000E+00   0.00000E+00   0.00000E+00      867.63  0
 1.76010E-02   0.00000E+00   0.00000E+00   0.00000E+00   0.00000E+00      866.73  0
 1.76210E-02   0.00000E+00   0.00000E+00   0.00000E+00   0.00000E+00      865.82  0
 1.76410E-02   0.00000E+00   0.00000E+00   0.00000E+00   0.00000E+00      864.92  0
 1.76610E-02   0.00000E+00   0.00000E+00   0.00000E+00   0.00000E+00      864.02  0
 1.76810E-02   0.00000E+00   0.00000E+00   0.00000E+00   0.00000E+00      863.13  0
 1.77010E-02   0.00000E+00   0.00000E+00   0.00000E+00   0.00000E+00      862.23  0
 1.77210E-02   0.00000E+00   0.00000E+00   0.00000E+00   0.00000E+00      861.35  0
 1.77410E-02   0.00000E+00   0.00000E+00   0.00000E+00   0.00000E+00      860.48  0
 1.77610E-02   0.00000E+00   0.00000E+00   0.00000E+00   0.00000E+00      859.62  0
 1.77810E-02   0.00000E+00   0.00000E+00   0.00000E+00   0.00000E+00      858.75  0
 1.78010E-02   0.00000E+00   0.00000E+00   0.00000E+00   0.00000E+00      857.89  0
 1.78210E-02   0.00000E+00   0.00000E+00   0.00000E+00   0.00000E+00      857.03  0
 1.78410E-02   0.00000E+00   0.00000E+00   0.00000E+00   0.00000E+00      856.18  0
 1.78610E-02   0.00000E+00   0.00000E+00   0.00000E+00   0.00000E+00      855.32  0
