# Melt Pool Geometry History
# time(s)  length(m)  depth(m)  width(m)  volume(m3)  Tpeak(K)  laser_on
 2.10000E-05   0.00000E+00   0.00000E+00   0.00000E+00   7.13186E-14      293.00  1
 4.10000E-05   4.45005E-05   1.03202E-04   4.33901E-05   2.25289E-13     1894.29  1
 6.10000E-05   7.74856E-05   1.08553E-04   5.41273E-05   3.58150E-13     2514.60  1
 8.10000E-05   1.02860E-04   1.09311E-04   5.96313E-05   4.88459E-13     2799.63  1
 1.01000E-04   1.29338E-04   1.09619E-04   6.09974E-05   6.06756E-13     2855.59  1
 1.21000E-04   1.54355E-04   1.09575E-04   6.18046E-05   7.29791E-13     2922.79  1
 1.41000E-04   1.81478E-04   1.09671E-04   6.26152E-05   8.46511E-13     2898.33  1
 1.61000E-04   2.09181E-04   1.09617E-04   6.28820E-05   9.46023E-13     2903.92  1
 1.81000E-04   2.34955E-04   1.09628E-04   6.31332E-05   1.05353E-12     2944.74  1
 2.01000E-04   2.59976E-04   1.09421E-04   6.33096E-05   1.14498E-12     2870.08  1
 2.21000E-04   2.86593E-04   1.08944E-04   6.92651E-05   1.09537E-12     2794.91  0
 2.41000E-04   2.87276E-04   1.05777E-04   7.10975E-05   1.03369E-12     2404.34  0
 2.61000E-04   2.87446E-04   1.01351E-04   7.19130E-05   9.69453E-13     2220.16  0
 2.81000E-04   2.87150E-04   9.63179E-05   7.23931E-05   9.08745E-13     2104.83  0
 3.01000E-04   2.86612E-04   9.06227E-05   7.26591E-05   8.51453E-13     2017.57  0
 3.21000E-04   2.86098E-04   8.52272E-05   7.27234E-05   8.00192E-13     1948.86  0
 3.41000E-04   2.85751E-04   7.94881E-05   7.26101E-05   7.52742E-13     1891.05  0
 3.61000E-04   2.85360E-04   7.41510E-05   7.23294E-05   7.08181E-13     1842.61  0
 3.81000E-04   2.84901E-04   6.88544E-05   7.18906E-05   6.65730E-13     1801.74  0
 4.01000E-04   2.83060E-04   6.37271E-05   6.91874E-05   5.87859E-13     1765.69  0
 4.21000E-04   2.83526E-04   5.93720E-05   7.24842E-05   5.43894E-13     1729.24  0
 4.41000E-04   2.83186E-04   5.53064E-05   7.29777E-05   4.97744E-13     1697.56  0
 4.61000E-04   2.82903E-04   5.22374E-05   7.31303E-05   4.51637E-13     1672.13  0
 4.81000E-04   2.82554E-04   4.83685E-05   7.31346E-05   4.06589E-13     1652.81  0
 5.01000E-04   2.82103E-04   4.48604E-05   7.31896E-05   3.63072E-13     1639.02  0
 5.21000E-04   2.80956E-04   4.25382E-05   7.32161E-05   3.21524E-13     1629.62  0
 5.41000E-04   2.72857E-04   3.89402E-05   7.32235E-05   2.82931E-13     1624.19  0
 5.61000E-04   2.64043E-04   3.64149E-05   7.32149E-05   2.46678E-13     1622.61  0
 5.81000E-04   2.54988E-04   3.36862E-05   7.31914E-05   2.12891E-13     1621.72  0
 6.01000E-04   2.44388E-04   3.04044E-05   6.68469E-05   1.66970E-13     1620.30  0
 6.21000E-04   2.37011E-04   2.84173E-05   7.82619E-05   1.39289E-13     1618.70  0
 6.41000E-04   2.30383E-04   2.60588E-05   7.64251E-05   1.14073E-13     1616.75  0
 6.61000E-04   2.14839E-04   2.38951E-05   7.53103E-05   9.12698E-14     1614.44  0
 6.81000E-04   1.97380E-04   2.25230E-05   7.45097E-05   7.08590E-14     1611.79  0
 7.01000E-04   1.81459E-04   1.96267E-05   7.38619E-05   5.27802E-14     1608.74  0
 7.21000E-04   1.67715E-04   1.82388E-05   7.32596E-05   1.16791E-13     1605.23  1
 7.41000E-04   4.41566E-05   1.03106E-04   4.28877E-05   2.58874E-13     1836.75  1
 7.61000E-04   7.55327E-05   1.08267E-04   5.84581E-05   3.82690E-13     2564.68  1
 7.81000E-04   1.02632E-04   1.09087E-04   6.27575E-05   5.03330E-13     2794.96  1
 8.01000E-04   1.29312E-04   1.08925E-04   6.38530E-05   6.20603E-13     2788.99  1
 8.21000E-04   1.57904E-04   1.09045E-04   6.56457E-05   7.38484E-13     2814.81  1
 8.41000E-04   1.86899E-04   1.09337E-04   6.63935E-05   8.50391E-13     2878.02  1
 8.61000E-04   2.16043E-04   1.09419E-04   6.69385E-05   9.65595E-13     2884.28  1
 8.81000E-04   2.45856E-04   1.09617E-04   6.74204E-05   1.07161E-12     2873.78  1
 9.01000E-04   2.75188E-04   1.09700E-04   6.78607E-05   1.17479E-12     2911.00  1
 9.21000E-04   2.88274E-04   1.09746E-04   6.82389E-05   1.27835E-12     2919.46  1
 9.41000E-04   3.16572E-04   1.09895E-04   6.86321E-05   1.37374E-12     2887.68  1
 9.61000E-04   3.45864E-04   1.09851E-04   6.89515E-05   1.46552E-12     2880.63  1
 9.81000E-04   3.74188E-04   1.09818E-04   6.93733E-05   1.56235E-12     2883.36  1
 1.00100E-03   4.00329E-04   1.09816E-04   7.15476E-05   1.65236E-12     2847.75  1
 1.02100E-03   4.31645E-04   1.09715E-04   7.28372E-05   1.74449E-12     2860.70  1
 1.04100E-03   4.48119E-04   1.09645E-04   7.48647E-05   1.82868E-12     2888.06  1
 1.06100E-03   4.75459E-04   1.09468E-04   7.60647E-05   1.91568E-12     2879.48  1
 1.08100E-03   5.04070E-04   1.09368E-04   7.68226E-05   1.99482E-12     2825.35  1
 1.10100E-03   5.33274E-04   1.09237E-04   7.71820E-05   2.06633E-12     2865.47  1
 1.12100E-03   5.62183E-04   1.09149E-04   7.73522E-05   2.13518E-12     2874.24  1
 1.14100E-03   5.91799E-04   1.09128E-04   7.74543E-05   2.04278E-12     2862.23  0
 1.16100E-03   5.91567E-04   1.06640E-04   7.74912E-05   1.94396E-12     2503.75  0
 1.18100E-03   5.91394E-04   1.02696E-04   7.75839E-05   1.84213E-12     2324.24  0
 1.20100E-03   5.84812E-04   9.78560E-05   7.68580E-05   1.74060E-12     2206.50  0
 1.22100E-03   5.82424E-04   9.27924E-05   7.77740E-05   1.65345E-12     2093.98  0
 1.24100E-03   5.74944E-04   8.77735E-05   7.78910E-05   1.56383E-12     2001.81  0
 1.26100E-03   5.69409E-04   8.25994E-05   7.77305E-05   1.47793E-12     1928.68  0
 1.28100E-03   5.62701E-04   7.76008E-05   7.74309E-05   1.39538E-12     1868.99  0
 1.30100E-03   5.55311E-04   7.26018E-05   7.70377E-05   1.31553E-12     1819.61  0
 1.32100E-03   5.51163E-04   6.78420E-05   7.66146E-05   1.23824E-12     1778.58  0
 1.34100E-03   5.42992E-04   6.31904E-05   7.62347E-05   1.16252E-12     1744.77  0
 1.36100E-03   5.35971E-04   5.87935E-05   7.58016E-05   1.08796E-12     1716.65  0
 1.38100E-03   5.31287E-04   5.48485E-05   7.53505E-05   1.01469E-12     1693.16  0
 1.40100E-03   5.22720E-04   5.15039E-05   7.13295E-05   8.60750E-13     1672.98  0
 1.42100E-03   5.14953E-04   4.82868E-05   8.14330E-05   7.74350E-13     1655.06  0
 1.44100E-03   5.08404E-04   4.49694E-05   8.17598E-05   6.94457E-13     1640.51  0
 1.46100E-03   5.00873E-04   4.27551E-05   8.20005E-05   6.19537E-13     1630.41  0
 1.48100E-03   4.91562E-04   3.94259E-05   8.21789E-05   5.49691E-13     1624.54  0
 1.50100E-03   4.82078E-04   3.76367E-05   8.23148E-05   4.84598E-13     1622.66  0
 1.52100E-03   4.71874E-04   3.44341E-05   8.24117E-05   4.23729E-13     1621.76  0
 1.54100E-03   4.57289E-04   3.28101E-05   8.24641E-05   3.67252E-13     1620.53  0
 1.56100E-03   4.44912E-04   2.98586E-05   8.24843E-05   3.14591E-13     1619.00  0
 1.58100E-03   4.27116E-04   2.82417E-05   8.24743E-05   2.66289E-13     1617.17  0
 1.60100E-03   4.05499E-04   2.56373E-05   7.67136E-05   2.02907E-13     1614.86  0
 1.62100E-03   3.84384E-04   2.38520E-05   8.19127E-05   1.60370E-13     1612.45  0
 1.64100E-03   3.63537E-04   2.25825E-05   8.09173E-05   1.98924E-13     1609.77  1
 1.66100E-03   4.27083E-05   1.02757E-04   4.37805E-05   3.31944E-13     1912.91  1
 1.68100E-03   7.42771E-05   1.08125E-04   5.76439E-05   4.36297E-13     2533.13  1
 1.70100E-03   9.82577E-05   1.08879E-04   6.25103E-05   5.38203E-13     2764.68  1
 1.72100E-03   1.27140E-04   1.09029E-04   6.39393E-05   6.42649E-13     2773.55  1
 1.74100E-03   1.55510E-04   1.09180E-04   6.48334E-05   7.49770E-13     2809.00  1
 1.76100E-03   1.78604E-04   1.09289E-04   6.57100E-05   8.54749E-13     2823.98  1
 1.78100E-03   2.07063E-04   1.09425E-04   6.63644E-05   9.66558E-13     2794.73  1
 1.80100E-03   2.34241E-04   1.09489E-04   6.68351E-05   1.07792E-12     2782.70  1
 1.82100E-03   2.61754E-04   1.09661E-04   6.73364E-05   1.18534E-12     2819.97  1
 1.84100E-03   2.88742E-04   1.09871E-04   6.77807E-05   1.28336E-12     2842.06  1
 1.86100E-03   3.13465E-04   1.09885E-04   6.81139E-05   1.38502E-12     2835.32  1
 1.88100E-03   3.42686E-04   1.10050E-04   6.84933E-05   1.48011E-12     2826.55  1
 1.90100E-03   3.68841E-04   1.10051E-04   6.88775E-05   1.56940E-12     2847.01  1
 1.92100E-03   3.93232E-04   1.10075E-04   6.92249E-05   1.66198E-12     2839.47  1
 1.94100E-03   4.22632E-04   1.10226E-04   6.95503E-05   1.76214E-12     2827.74  1
 1.96100E-03   4.48397E-04   1.10257E-04   7.16998E-05   1.85260E-12     2852.58  1
 1.98100E-03   4.72794E-04   1.10211E-04   7.29249E-05   1.94506E-12     2846.77  1
 2.00100E-03   4.98581E-04   1.10305E-04   7.35577E-05   2.02931E-12     2808.13  1
 2.02100E-03   5.30900E-04   1.10335E-04   7.39588E-05   2.11188E-12     2841.75  1
 2.04100E-03   5.57514E-04   1.10483E-04   7.42503E-05   2.18730E-12     2875.39  1
 2.06100E-03   5.81719E-04   1.10301E-04   7.45415E-05   2.26640E-12     2858.33  1
 2.08100E-03   6.10832E-04   1.10355E-04   7.47295E-05   2.33476E-12     2838.42  1
 2.10100E-03   6.37070E-04   1.10338E-04   7.48809E-05   2.39617E-12     2863.12  1
 2.12100E-03   6.58986E-04   1.10161E-04   7.50858E-05   2.46091E-12     2854.85  1
 2.14100E-03   6.82286E-04   1.10158E-04   7.52517E-05   2.51758E-12     2835.68  1
 2.16100E-03   7.03134E-04   1.10000E-04   7.53800E-05   2.56541E-12     2856.09  1
 2.18100E-03   7.21826E-04   1.09818E-04   7.55272E-05   2.62518E-12     2844.49  1
 2.20100E-03   7.42273E-04   1.09696E-04   7.68006E-05   2.67330E-12     2789.47  1
 2.22100E-03   7.64470E-04   1.09509E-04   7.78057E-05   2.72157E-12     2816.80  1
 2.24100E-03   7.84609E-04   1.09495E-04   7.82520E-05   2.75949E-12     2838.80  1
 2.26100E-03   8.04294E-04   1.09289E-04   7.84003E-05   2.79873E-12     2837.62  1
 2.28100E-03   8.25163E-04   1.09232E-04   7.85593E-05   2.67029E-12     2802.83  0
 2.30100E-03   8.24141E-04   1.07018E-04   7.86317E-05   2.53724E-12     2461.83  0
 2.32100E-03   8.17464E-04   1.02801E-04   7.86280E-05   2.40324E-12     2298.21  0
 2.34100E-03   8.13287E-04   9.80877E-05   7.86228E-05   2.27397E-12     2188.56  0
 2.36100E-03   8.06297E-04   9.31194E-05   7.86197E-05   2.14920E-12     2103.65  0
 2.38100E-03   7.99044E-04   8.81230E-05   7.86005E-05   2.02837E-12     2029.03  0
 2.40100E-03   7.91983E-04   8.29272E-05   7.65313E-05   1.84313E-12     1961.55  0
 2.42100E-03   7.84688E-04   7.80092E-05   8.22158E-05   1.71891E-12     1884.11  0
 2.44100E-03   7.79316E-04   7.32334E-05   8.30806E-05   1.59259E-12     1816.03  0
 2.46100E-03   7.69258E-04   6.85242E-05   8.33467E-05   1.46913E-12     1763.59  0
 2.48100E-03   7.59110E-04   6.41893E-05   8.33894E-05   1.34951E-12     1724.17  0
 2.50100E-03   7.49364E-04   6.01278E-05   8.33308E-05   1.23504E-12     1695.14  0
 2.52100E-03   7.40042E-04   5.67666E-05   8.32232E-05   1.12517E-12     1673.03  0
 2.54100E-03   7.31084E-04   5.30757E-05   8.33135E-05   1.02036E-12     1656.11  0
 2.56100E-03   7.22037E-04   4.91691E-05   8.33918E-05   9.20550E-13     1643.43  0
 2.58100E-03   7.09546E-04   4.62272E-05   8.34466E-05   8.26142E-13     1633.97  0
 2.60100E-03   6.90190E-04   4.29222E-05   7.90149E-05   6.79014E-13     1627.28  0
 2.62100E-03   6.71415E-04   3.96808E-05   8.42477E-05   5.86058E-13     1623.45  0
 2.64100E-03   6.53045E-04   3.77635E-05   8.45777E-05   5.03345E-13     1622.49  0
 2.66100E-03   6.28723E-04   3.46233E-05   8.46722E-05   4.28818E-13     1621.59  0
 2.68100E-03   6.03862E-04   3.29199E-05   8.43134E-05   3.61720E-13     1620.36  0
 2.70100E-03   5.71866E-04   3.00898E-05   8.36414E-05   3.01127E-13     1618.83  0
 2.72100E-03   5.38094E-04   2.83651E-05   8.24187E-05   2.46641E-13     1616.98  0
 2.74100E-03   5.08568E-04   2.60862E-05   8.00953E-05   1.97455E-13     1614.81  0
 2.76100E-03   4.77680E-04   2.39899E-05   7.70126E-05   1.53966E-13     1612.29  0
 2.78100E-03   4.45248E-04   2.26194E-05   7.52612E-05   1.92050E-13     1609.48  1
 2.80100E-03   3.97295E-05   1.00437E-04   4.02182E-05   3.12914E-13     1786.98  1
 2.82100E-03   7.81434E-05   1.08091E-04   5.78608E-05   4.15713E-13     2499.42  1
 2.84100E-03   1.05225E-04   1.08902E-04   6.25713E-05   5.26537E-13     2763.79  1
 2.86100E-03   1.33874E-04   1.09019E-04   6.39333E-05   6.30060E-13     2813.87  1
 2.88100E-03   1.62879E-04   1.09194E-04   6.47184E-05   7.39470E-13     2848.98  1
 2.90100E-03   1.92690E-04   1.09324E-04   6.55420E-05   8.53727E-13     2885.29  1
 2.92100E-03   2.22062E-04   1.09484E-04   6.62184E-05   9.62617E-13     2891.61  1
 2.94100E-03   2.52009E-04   1.09634E-04   6.68326E-05   1.07025E-12     2907.59  1
 2.96100E-03   2.66738E-04   1.09719E-04   6.73982E-05   1.17482E-12     2948.49  1
 2.98100E-03   2.94325E-04   1.09940E-04   6.80326E-05   1.27770E-12     2927.90  1
 3.00100E-03   3.19264E-04   1.09968E-04   6.85804E-05   1.37245E-12     2866.66  1
 3.02100E-03   3.46596E-04   1.10019E-04   6.90854E-05   1.46651E-12     2889.54  1
 3.04100E-03   3.75096E-04   1.10224E-04   6.95523E-05   1.56948E-12     2941.73  1
 3.06100E-03   4.04957E-04   1.10171E-04   7.18490E-05   1.66394E-12     2940.79  1
 3.08100E-03   4.33948E-04   1.10296E-04   7.32167E-05   1.76626E-12     2925.41  1
 3.10100E-03   4.63440E-04   1.10362E-04   7.52379E-05   1.86619E-12     2934.12  1
 3.12100E-03   4.78285E-04   1.10356E-04   7.65279E-05   1.96385E-12     2938.25  1
 3.14100E-03   5.05927E-04   1.10427E-04   7.71682E-05   2.05776E-12     2905.24  1
 3.16100E-03   5.33805E-04   1.10488E-04   7.75988E-05   2.14852E-12     2895.26  1
 3.18100E-03   5.62674E-04   1.10472E-04   7.79029E-05   2.23169E-12     2913.21  1
 3.20100E-03   5.85657E-04   1.10485E-04   7.82824E-05   2.31778E-12     2904.90  1
 3.22100E-03   6.13636E-04   1.10528E-04   7.86120E-05   2.39200E-12     2913.00  1
 3.24100E-03   6.36634E-04   1.10726E-04   7.88490E-05   2.46473E-12     2930.66  1
 3.26100E-03   6.45962E-04   1.10561E-04   7.90210E-05   2.53686E-12     2947.44  1
 3.28100E-03   6.68383E-04   1.10621E-04   7.92678E-05   2.60288E-12     2912.39  1
 3.30100E-03   6.93272E-04   1.10722E-04   7.94575E-05   2.66750E-12     2917.03  1
 3.32100E-03   7.15271E-04   1.10575E-04   7.95887E-05   2.73248E-12     2910.37  1
 3.34100E-03   7.41307E-04   1.10639E-04   7.97627E-05   2.78823E-12     2886.76  1
 3.36100E-03   7.63212E-04   1.10738E-04   7.99217E-05   2.84261E-12     2921.17  1
 3.38100E-03   7.73043E-04   1.10564E-04   8.00491E-05   2.89711E-12     2938.28  1
 3.40100E-03   7.92984E-04   1.10567E-04   8.01488E-05   2.94379E-12     2898.64  1
 3.42100E-03   8.13799E-04   1.10566E-04   8.02447E-05   2.99219E-12     2906.46  1
 3.44100E-03   8.36757E-04   1.10595E-04   8.03011E-05   3.03358E-12     2921.96  1
 3.46100E-03   8.58528E-04   1.10462E-04   8.03506E-05   3.06788E-12     2946.97  1
 3.48100E-03   8.83042E-04   1.10317E-04   8.04353E-05   3.10255E-12     2935.69  1
 3.50099E-03   9.04056E-04   1.10237E-04   8.05458E-05   3.13149E-12     2934.77  1
 3.52099E-03   9.27126E-04   1.10010E-04   8.06467E-05   3.15535E-12     2948.29  1
 3.54099E-03   9.33863E-04   1.09938E-04   8.07090E-05   3.17471E-12     2919.99  1
 3.56099E-03   9.54043E-04   1.09760E-04   8.08011E-05   3.19184E-12     2909.03  1
 3.58099E-03   9.75432E-04   1.09524E-04   8.09299E-05   3.20759E-12     2867.43  1
 3.60099E-03   9.96994E-04   1.09480E-04   8.10341E-05   3.21265E-12     2829.21  1
 3.62099E-03   1.01239E-03   1.09349E-04   8.11100E-05   3.21830E-12     2846.95  1
 3.64099E-03   1.02966E-03   1.09226E-04   8.11573E-05   3.06171E-12     2876.10  0
 3.66099E-03   1.02295E-03   1.07072E-04   8.11651E-05   2.89892E-12     2476.81  0
 3.68099E-03   1.01666E-03   1.02772E-04   8.11144E-05   2.73499E-12     2281.54  0
 3.70099E-03   1.00719E-03   9.81204E-05   8.10064E-05   2.57676E-12     2153.19  0
 3.72099E-03   9.99817E-04   9.31878E-05   8.09025E-05   2.42643E-12     2059.69  0
 3.74099E-03   9.91342E-04   8.80872E-05   8.07068E-05   2.28205E-12     1980.65  0
 3.76099E-03   9.79871E-04   8.30417E-05   8.04087E-05   2.14362E-12     1914.05  0
 3.78099E-03   9.67959E-04   7.79256E-05   8.00331E-05   2.01160E-12     1858.14  0
 3.80099E-03   9.52455E-04   7.29511E-05   7.92331E-05   1.86141E-12     1811.58  0
 3.82099E-03   9.34467E-04   6.81028E-05   7.96407E-05   1.73800E-12     1772.67  0
 3.84099E-03   9.11801E-04   6.35416E-05   7.90976E-05   1.61854E-12     1740.86  0
 3.86099E-03   8.93033E-04   5.92459E-05   7.84498E-05   1.50253E-12     1714.60  0
 3.88099E-03   8.73501E-04   5.56525E-05   7.77577E-05   1.38950E-12     1692.67  0
 3.90099E-03   8.54245E-04   5.27850E-05   7.70762E-05   1.27947E-12     1674.52  0
 3.92099E-03   8.37145E-04   4.90517E-05   7.65373E-05   1.17258E-12     1659.50  0
 3.94099E-03   8.16587E-04   4.65502E-05   7.64136E-05   1.06961E-12     1647.07  0
 3.96099E-03   7.97235E-04   4.36776E-05   7.63043E-05   9.70686E-13     1637.23  0
 3.98099E-03   7.78641E-04   4.11782E-05   7.61992E-05   8.75836E-13     1629.98  0
 4.00099E-03   7.55811E-04   3.81454E-05   7.36496E-05   7.18181E-13     1624.94  0
 4.02099E-03   7.32936E-04   3.57109E-05   8.18779E-05   6.19702E-13     1622.87  0
 4.04099E-03   7.08899E-04   3.36760E-05   8.20695E-05   5.31660E-13     1622.18  0
 4.06099E-03   6.80761E-04   3.19334E-05   8.21867E-05   4.52023E-13     1621.18  0
 4.08099E-03   6.45980E-04   2.94069E-05   8.22369E-05   3.79822E-13     1619.83  0
 4.10099E-03   6.08999E-04   2.80217E-05   8.22299E-05   3.14901E-13     1618.14  0
 4.12099E-03   5.74403E-04   2.56775E-05   8.21607E-05   2.56357E-13     1616.12  0
 4.14099E-03   5.37102E-04   2.39270E-05   8.20147E-05   2.77660E-13     1613.74  1
 4.16100E-03   4.70198E-05   1.03291E-04   4.39208E-05   3.84345E-13     1842.37  1
 4.18100E-03   7.32021E-05   1.08381E-04   5.92655E-05   4.87287E-13     2567.60  1
 4.20100E-03   1.01254E-04   1.08722E-04   6.23107E-05   5.72320E-13     2689.35  1
 4.22100E-03   1.31273E-04   1.08985E-04   6.87538E-05   6.74290E-13     2770.36  1
 4.24100E-03   1.54466E-04   1.09310E-04   7.05883E-05   7.77561E-13     2821.84  1
 4.26100E-03   1.82536E-04   1.09468E-04   7.14848E-05   8.91210E-13     2782.03  1
 4.28100E-03   2.12020E-04   1.09655E-04   7.21072E-05   1.00619E-12     2807.24  1
 4.30100E-03   2.34570E-04   1.09740E-04   7.26884E-05   1.11743E-12     2832.48  1
 4.32100E-03   2.62432E-04   1.09878E-04   7.30829E-05   1.23563E-12     2788.98  1
 4.34100E-03   2.91792E-04   1.10015E-04   7.34707E-05   1.34775E-12     2814.23  1
 4.36100E-03   3.14295E-04   1.10024E-04   7.38546E-05   1.44981E-12     2836.30  1
 4.38100E-03   3.42104E-04   1.10139E-04   7.42073E-05   1.55789E-12     2793.60  1
 4.40100E-03   3.71490E-04   1.10244E-04   7.44741E-05   1.65841E-12     2821.43  1
 4.42100E-03   3.94230E-04   1.10288E-04   7.47783E-05   1.75191E-12     2846.29  1
 4.44100E-03   4.21936E-04   1.10320E-04   7.50461E-05   1.85177E-12     2801.99  1
 4.46100E-03   4.51267E-04   1.10409E-04   7.52808E-05   1.94126E-12     2820.73  1
 4.48100E-03   4.74315E-04   1.10486E-04   7.54762E-05   2.02713E-12     2851.24  1
 4.50100E-03   5.01871E-04   1.10455E-04   7.56138E-05   2.11672E-12     2803.32  1
 4.52100E-03   5.31417E-04   1.10532E-04   7.57861E-05   2.19805E-12     2818.65  1
 4.54100E-03   5.56613E-04   1.10633E-04   7.59958E-05   2.27205E-12     2838.95  1
 4.56100E-03   5.81778E-04   1.10557E-04   7.61602E-05   2.35126E-12     2832.14  1
 4.58100E-03   6.11068E-04   1.10628E-04   7.63276E-05   2.42119E-12     2831.12  1
 4.60100E-03   6.34476E-04   1.10685E-04   7.64891E-05   2.48807E-12     2800.12  1
 4.62100E-03   6.60576E-04   1.10638E-04   7.66101E-05   2.55106E-12     2817.81  1
 4.64100E-03   6.78680E-04   1.10870E-04   7.67453E-05   2.61034E-12     2872.84  1
 4.66100E-03   6.95297E-04   1.10716E-04   7.68871E-05   2.67407E-12     2858.31  1
 4.68100E-03   7.21013E-04   1.10758E-04   7.70377E-05   2.72947E-12     2833.12  1
 4.70100E-03   7.39898E-04   1.10883E-04   7.71431E-05   2.78116E-12     2861.49  1
 4.72100E-03   7.59406E-04   1.10751E-04   7.72651E-05   2.83552E-12     2860.32  1
 4.74100E-03   7.82741E-04   1.10793E-04   7.74320E-05   2.88542E-12     2836.73  1
 4.76100E-03   8.05066E-04   1.10920E-04   7.75458E-05   2.92989E-12     2858.68  1
 4.78100E-03   8.23432E-04   1.10787E-04   7.76797E-05   2.97546E-12     2864.07  1
 4.80100E-03   8.46464E-04   1.10801E-04   7.78297E-05   3.01687E-12     2814.90  1
 4.82100E-03   8.67616E-04   1.10804E-04   7.79501E-05   3.05591E-12     2844.71  1
 4.84100E-03   8.89860E-04   1.10997E-04   7.80422E-05   3.09107E-12     2880.19  1
 4.86100E-03   9.10851E-04   1.10818E-04   7.81505E-05   3.12786E-12     2865.58  1
 4.88100E-03   9.30990E-04   1.10803E-04   7.82391E-05   3.15870E-12     2841.31  1
 4.90100E-03   9.55341E-04   1.10905E-04   7.83580E-05   3.18649E-12     2867.22  1
 4.92100E-03   9.70718E-04   1.10725E-04   7.84505E-05   3.21444E-12     2867.54  1
 4.94100E-03   9.96203E-04   1.10720E-04   7.85257E-05   3.23758E-12     2843.08  1
 4.96100E-03   1.01462E-03   1.10793E-04   7.85807E-05   3.25623E-12     2865.51  1
 4.98100E-03   1.03420E-03   1.10550E-04   7.86217E-05   3.27706E-12     2864.62  1
 5.00100E-03   1.05063E-03   1.10498E-04   7.87344E-05   3.29555E-12     2821.51  1
 5.02100E-03   1.06840E-03   1.10473E-04   7.99088E-05   3.30961E-12     2834.69  1
 5.04100E-03   1.08677E-03   1.10395E-04   8.08645E-05   3.32265E-12     2846.57  1
 5.06100E-03   1.10486E-03   1.10267E-04   8.12753E-05   3.33061E-12     2867.69  1
 5.08100E-03   1.12004E-03   1.09908E-04   8.14318E-05   3.34273E-12     2860.34  1
 5.10100E-03   1.13705E-03   1.09897E-04   8.15275E-05   3.34679E-12     2829.57  1
 5.12100E-03   1.15219E-03   1.09700E-04   8.15815E-05   3.34514E-12     2844.18  1
 5.14100E-03   1.16324E-03   1.09499E-04   8.15268E-05   3.35090E-12     2845.61  1
 5.16100E-03   1.17989E-03   1.09484E-04   8.15180E-05   3.34568E-12     2806.50  1
 5.18100E-03   1.19418E-03   1.09340E-04   8.14871E-05   3.33460E-12     2826.57  1
 5.20100E-03   1.20229E-03   1.09144E-04   7.86460E-05   3.13356E-12     2774.04  0
 5.22100E-03   1.19166E-03   1.06938E-04   8.33088E-05   2.95735E-12     2379.43  0
 5.24100E-03   1.17442E-03   1.02815E-04   8.43770E-05   2.76993E-12     2171.70  0
 5.26100E-03   1.15627E-03   9.81375E-05   8.47406E-05   2.58236E-12     2040.96  0
 5.28100E-03   1.13474E-03   9.31420E-05   8.48727E-05   2.40189E-12     1949.78  0
 5.30100E-03   1.11296E-03   8.81562E-05   8.49078E-05   2.22967E-12     1881.96  0
 5.32100E-03   1.09021E-03   8.29985E-05   8.48885E-05   2.06657E-12     1829.82  0
 5.34100E-03   1.06619E-03   7.79344E-05   8.48011E-05   1.91214E-12     1787.84  0
 5.36100E-03   1.04114E-03   7.28320E-05   8.46908E-05   1.76497E-12     1754.17  0
 5.38100E-03   1.01577E-03   6.78900E-05   8.45281E-05   1.62550E-12     1726.07  0
 5.40100E-03   9.85745E-04   6.14967E-05   8.09683E-05   1.38126E-12     1701.59  0
 5.42100E-03   9.61664E-04   5.78922E-05   8.60691E-05   1.23149E-12     1680.02  0
 5.44100E-03   9.34254E-04   5.37202E-05   8.69636E-05   1.09465E-12     1660.81  0
 5.46101E-03   9.03001E-04   5.00793E-05   8.76707E-05   9.68642E-13     1645.51  0
 5.48101E-03   8.70919E-04   4.76467E-05   8.80984E-05   8.52788E-13     1634.38  0
 5.50101E-03   8.37203E-04   4.39411E-05   8.83224E-05   7.46357E-13     1627.14  0
 5.52101E-03   8.01873E-04   4.13958E-05   8.82439E-05   6.48563E-13     1623.38  0
 5.54101E-03   7.67221E-04   3.86172E-05   8.79707E-05   5.59054E-13     1622.44  0
 5.56101E-03   7.28560E-04   3.59849E-05   8.74805E-05   4.76931E-13     1621.50  0
 5.58101E-03   6.93184E-04   3.36405E-05   8.66249E-05   4.02433E-13     1620.26  0
 5.60101E-03   6.50177E-04   3.05449E-05   8.20700E-05   3.09898E-13     1618.56  0
 5.62101E-03   6.14021E-04   2.85806E-05   8.34179E-05   2.44515E-13     1616.74  0
 5.64101E-03   5.69273E-04   2.65167E-05   8.12728E-05   1.88277E-13     1614.65  0
 5.66101E-03   5.27402E-04   2.41368E-05   7.64392E-05   1.40336E-13     1612.23  0
 5.68101E-03   4.81277E-04   2.27078E-05   7.37937E-05   9.99298E-14     1609.46  0
 5.70101E-03   4.34211E-04   1.98647E-05   7.18454E-05   1.56445E-13     1606.27  1
 5.72101E-03   4.28982E-05   1.04603E-04   4.22922E-05   2.95391E-13     1870.61  1
 5.74101E-03   7.62030E-05   1.08979E-04   5.88152E-05   4.19599E-13     2585.71  1
 5.76101E-03   1.06342E-04   1.09851E-04   6.32881E-05   5.41573E-13     2816.19  1
 5.78101E-03   1.35642E-04   1.10165E-04   6.48285E-05   6.68977E-13     2899.17  1
 5.80101E-03   1.61244E-04   1.09702E-04   6.58666E-05   7.99128E-13     2861.77  1
 5.82101E-03   1.90899E-04   1.10129E-04   7.08433E-05   9.28884E-13     2877.06  1
 5.84101E-03   2.19572E-04   1.10249E-04   7.26947E-05   1.06010E-12     2911.28  1
 5.86101E-03   2.49336E-04   1.10410E-04   7.36780E-05   1.17744E-12     2867.72  1
 5.88101E-03   2.78371E-04   1.10493E-04   7.43917E-05   1.29389E-12     2900.35  1
 5.90101E-03   2.92432E-04   1.10416E-04   7.50081E-05   1.40952E-12     2934.14  1
 5.92101E-03   3.20992E-04   1.10542E-04   7.55585E-05   1.51819E-12     2880.34  1
 5.94101E-03   3.49308E-04   1.10646E-04   7.59831E-05   1.62339E-12     2882.20  1
 5.96101E-03   3.78153E-04   1.10547E-04   7.63503E-05   1.72693E-12     2882.47  1
 5.98101E-03   4.07112E-04   1.10639E-04   7.66224E-05   1.82359E-12     2850.38  1
 6.00101E-03   4.30068E-04   1.10683E-04   7.67580E-05   1.91842E-12     2862.80  1
 6.02101E-03   4.58037E-04   1.10643E-04   7.70012E-05   2.00671E-12     2902.46  1
 6.04101E-03   4.72378E-04   1.10877E-04   7.72703E-05   2.09202E-12     2934.54  1
 6.06101E-03   4.97288E-04   1.10723E-04   7.74867E-05   2.18166E-12     2913.10  1
 6.08101E-03   5.23884E-04   1.10751E-04   7.76525E-05   2.26249E-12     2857.28  1
 6.10101E-03   5.47626E-04   1.10873E-04   7.77411E-05   2.34017E-12     2904.51  1
 6.12101E-03   5.74911E-04   1.10759E-04   7.78792E-05   2.41703E-12     2909.25  1
 6.14101E-03   6.03252E-04   1.10804E-04   7.79764E-05   2.48597E-12     2894.24  1
 6.16101E-03   6.28595E-04   1.10936E-04   7.80426E-05   2.55611E-12     2923.82  1
 6.18101E-03   6.38288E-04   1.10825E-04   7.81603E-05   2.62414E-12     2935.38  1
 6.20101E-03   6.62688E-04   1.10832E-04   7.82745E-05   2.68751E-12     2888.67  1
 6.22101E-03   6.87632E-04   1.10834E-04   7.83161E-05   2.74653E-12     2883.81  1
 6.24101E-03   7.13162E-04   1.11029E-04   7.83462E-05   2.80447E-12     2916.50  1
 6.26101E-03   7.36981E-04   1.10886E-04   7.84358E-05   2.86754E-12     2914.77  1
 6.28101E-03   7.63434E-04   1.10877E-04   7.97601E-05   2.92492E-12     2899.14  1
 6.30101E-03   7.90601E-04   1.11007E-04   8.05743E-05   2.98201E-12     2923.89  1
 6.32101E-03   7.98167E-04   1.10887E-04   8.10251E-05   3.03454E-12     2943.73  1
 6.34101E-03   8.24297E-04   1.10880E-04   8.13154E-05   3.08448E-12     2911.84  1
 6.36101E-03   8.46905E-04   1.10998E-04   8.15055E-05   3.13244E-12     2918.53  1
 6.38101E-03   8.73242E-04   1.10871E-04   8.15925E-05   3.17649E-12     2908.29  1
 6.40101E-03   8.93836E-04   1.10849E-04   8.16009E-05   3.21763E-12     2883.71  1
 6.42101E-03   9.16156E-04   1.10902E-04   8.16595E-05   3.25570E-12     2897.72  1
 6.44101E-03   9.42732E-04   1.10898E-04   8.17201E-05   3.28809E-12     2911.09  1
 6.46101E-03   9.66143E-04   1.10978E-04   8.18156E-05   3.31920E-12     2936.59  1
 6.48101E-03   9.74945E-04   1.10758E-04   8.19288E-05   3.34971E-12     2944.79  1
 6.50101E-03   1.00096E-03   1.10735E-04   8.20650E-05   3.37104E-12     2910.08  1
 6.52101E-03   1.02087E-03   1.10796E-04   8.21298E-05   3.39390E-12     2918.62  1
 6.54101E-03   1.04731E-03   1.10542E-04   8.21711E-05   3.24706E-12     2901.33  0
 6.56101E-03   1.03997E-03   1.08329E-04   8.22289E-05   3.09298E-12     2519.24  0
 6.58101E-03   1.03629E-03   1.04808E-04   8.22688E-05   2.93566E-12     2327.43  0
 6.60101E-03   1.02838E-03   1.01860E-04   8.23005E-05   2.78135E-12     2202.87  0
 6.62101E-03   1.02544E-03   9.78308E-05   8.24678E-05   2.63186E-12     2106.49  0
 6.64101E-03   1.01563E-03   9.33935E-05   8.25359E-05   2.48941E-12     2023.34  0
 6.66101E-03   1.00704E-03   8.89834E-05   8.25451E-05   2.35180E-12     1952.59  0
 6.68101E-03   1.00052E-03   8.48193E-05   8.24754E-05   2.21969E-12     1897.09  0
 6.70101E-03   9.89852E-04   8.09648E-05   8.23520E-05   2.09172E-12     1850.90  0
 6.72101E-03   9.79073E-04   7.75369E-05   8.21238E-05   1.96840E-12     1813.24  0
 6.74101E-03   9.67564E-04   7.32457E-05   8.17883E-05   1.84846E-12     1780.52  0
 6.76101E-03   9.54900E-04   6.92217E-05   8.13464E-05   1.73192E-12     1752.10  0
 6.78102E-03   9.41303E-04   6.59254E-05   8.08110E-05   1.61816E-12     1727.64  0
 6.80102E-03   9.25896E-04   6.11691E-05   7.73846E-05   1.41411E-12     1705.74  0
 6.82102E-03   9.05579E-04   5.84229E-05   8.27739E-05   1.28704E-12     1684.39  0
 6.84102E-03   8.83981E-04   5.52673E-05   8.31970E-05   1.16675E-12     1665.33  0
 6.86102E-03   8.60480E-04   5.29882E-05   8.34682E-05   1.05383E-12     1650.02  0
 6.88102E-03   8.35402E-04   4.97145E-05   8.36492E-05   9.47461E-13     1638.47  0
 6.90102E-03   8.07501E-04   4.78047E-05   8.37779E-05   8.48176E-13     1630.36  0
 6.92102E-03   7.79011E-04   4.45941E-05   8.38648E-05   7.55637E-13     1625.24  0
 6.94102E-03   7.47582E-04   4.27880E-05   8.39231E-05   6.69527E-13     1622.97  0
 6.96102E-03   7.15452E-04   3.97370E-05   8.39579E-05   5.89507E-13     1622.41  0
 6.98102E-03   6.83006E-04   3.80053E-05   8.39706E-05   5.15649E-13     1621.62  0
 7.00102E-03   6.48258E-04   3.45164E-05   8.03657E-05   4.15195E-13     1620.33  0
 7.02102E-03   6.18346E-04   3.29611E-05   8.41569E-05   3.44269E-13     1619.02  0
 7.04102E-03   5.83042E-04   3.03959E-05   8.39795E-05   3.71240E-13     1617.46  1
 7.06102E-03   4.91489E-05   1.04005E-04   4.30262E-05   4.78673E-13     1830.05  1
 7.08102E-03   7.32505E-05   1.08861E-04   5.87918E-05   5.78496E-13     2565.29  1
 7.10102E-03   1.01906E-04   1.09900E-04   6.31893E-05   6.76741E-13     2765.37  1
 7.12102E-03   1.32514E-04   1.10265E-04   6.45199E-05   7.72461E-13     2811.85  1
 7.14102E-03   1.58953E-04   1.10381E-04   6.55639E-05   8.70005E-13     2865.60  1
 7.16102E-03   1.83842E-04   1.10357E-04   6.64298E-05   9.72213E-13     2868.32  1
 7.18102E-03   2.13476E-04   1.10478E-04   6.72286E-05   1.07722E-12     2856.20  1
 7.20102E-03   2.37564E-04   1.10197E-04   7.06518E-05   1.21040E-12     2793.22  1
 7.22102E-03   2.67048E-04   1.10274E-04   7.57239E-05   1.33183E-12     2812.76  1
 7.24102E-03   2.93309E-04   1.10552E-04   7.76725E-05   1.44828E-12     2863.94  1
 7.26102E-03   3.17657E-04   1.10430E-04   7.85445E-05   1.56614E-12     2846.29  1
 7.28102E-03   3.47496E-04   1.10542E-04   7.91586E-05   1.67735E-12     2820.55  1
 7.30102E-03   3.74050E-04   1.10650E-04   7.95933E-05   1.78458E-12     2851.11  1
 7.32102E-03   3.98237E-04   1.10528E-04   7.98908E-05   1.89214E-12     2848.19  1
 7.34102E-03   4.27419E-04   1.10628E-04   8.01325E-05   1.99169E-12     2824.65  1
 7.36102E-03   4.53364E-04   1.10756E-04   8.03105E-05   2.08458E-12     2858.19  1
 7.38102E-03   4.77039E-04   1.10623E-04   8.04004E-05   2.17828E-12     2855.26  1
 7.40102E-03   5.03582E-04   1.10680E-04   8.04992E-05   2.26634E-12     2802.70  1
 7.42102E-03   5.30848E-04   1.10707E-04   8.06327E-05   2.34933E-12     2841.11  1
 7.44102E-03   5.55894E-04   1.10906E-04   8.07287E-05   2.42663E-12     2879.93  1
 7.46102E-03   5.75121E-04   1.10746E-04   8.08589E-05   2.50594E-12     2867.73  1
 7.48102E-03   6.02353E-04   1.10774E-04   8.09699E-05   2.57864E-12     2836.15  1
 7.50102E-03   6.27166E-04   1.10899E-04   8.10745E-05   2.64597E-12     2869.37  1
 7.52102E-03   6.44080E-04   1.10770E-04   8.11827E-05   2.71426E-12     2864.58  1
 7.54102E-03   6.70802E-04   1.10806E-04   8.13756E-05   2.77584E-12     2834.76  1
 7.56102E-03   6.91396E-04   1.10931E-04   8.14887E-05   2.83336E-12     2869.14  1
 7.58102E-03   7.12693E-04   1.10797E-04   8.15971E-05   2.89151E-12     2863.71  1
 7.60102E-03   7.36035E-04   1.10786E-04   8.16658E-05   2.94150E-12     2808.10  1
 7.62102E-03   7.56785E-04   1.10858E-04   8.17596E-05   2.99109E-12     2829.77  1
 7.64102E-03   7.83514E-04   1.10840E-04   8.18175E-05   3.03690E-12     2830.09  1
 7.66102E-03   8.04084E-04   1.10897E-04   8.18738E-05   3.07426E-12     2855.32  1
 7.68102E-03   8.25032E-04   1.10691E-04   8.19705E-05   2.94327E-12     2862.28  0
 7.70102E-03   8.26323E-04   1.08426E-04   8.20803E-05   2.80010E-12     2452.79  0
 7.72102E-03   8.23087E-04   1.05020E-04   8.21418E-05   2.65534E-12     2248.91  0
 7.74102E-03   8.19853E-04   1.02503E-04   8.22747E-05   2.51186E-12     2119.39  0
 7.76102E-03   8.17556E-04   9.80501E-05   8.23955E-05   2.37188E-12     2026.26  0
 7.78102E-03   8.11794E-04   9.36882E-05   8.24656E-05   2.23708E-12     1953.95  0
 7.80102E-03   8.05955E-04   8.85320E-05   8.15933E-05   2.04585E-12     1897.42  0
 7.82102E-03   8.02624E-04   8.44559E-05   8.50369E-05   1.90421E-12     1844.47  0
 7.84102E-03   7.94796E-04   8.04168E-05   8.55792E-05   1.76726E-12     1797.97  0
 7.86102E-03   7.90567E-04   7.66956E-05   8.57444E-05   1.63551E-12     1759.36  0
 7.88102E-03   7.82888E-04   7.28805E-05   8.57310E-05   1.50854E-12     1727.81  0
 7.90102E-03   7.78236E-04   6.86361E-05   8.56131E-05   1.38683E-12     1701.99  0
 7.92102E-03   7.69446E-04   6.47016E-05   8.54281E-05   1.27022E-12     1681.35  0
 7.94102E-03   7.61368E-04   6.17627E-05   8.52017E-05   1.15886E-12     1664.62  0
 7.96102E-03   7.51879E-04   5.82717E-05   8.49611E-05   1.05308E-12     1651.17  0
 7.98102E-03   7.39513E-04   5.46750E-05   8.47388E-05   9.52513E-13     1640.61  0
 8.00102E-03   7.23752E-04   5.07637E-05   8.17617E-05   8.10589E-13     1632.50  0
 8.02102E-03   7.09772E-04   4.82011E-05   8.62279E-05   7.14969E-13     1626.59  0
 8.04102E-03   6.91148E-04   4.50119E-05   8.69913E-05   6.28223E-13     1623.35  0
 8.06102E-03   6.67736E-04   4.30322E-05   8.75401E-05   5.49344E-13     1622.56  0
 8.08102E-03   6.38359E-04   4.01326E-05   8.77086E-05   4.77266E-13     1621.81  0
 8.10102E-03   6.10175E-04   3.82095E-05   8.75291E-05   4.11411E-13     1620.83  0
 8.12102E-03   5.79651E-04   3.55609E-05   8.70590E-05   3.51376E-13     1619.63  0
 8.14102E-03   5.45849E-04   3.36045E-05   8.61987E-05   2.96920E-13     1618.24  0
 8.16103E-03   5.15511E-04   3.15920E-05   8.51111E-05   2.47862E-13     1616.66  0
 8.18103E-03   4.82099E-04   2.92134E-05   8.34122E-05   2.87124E-13     1614.88  1
 8.20103E-03   3.78748E-05   1.03147E-04   3.72725E-05   3.95805E-13     1807.45  1
 8.22103E-03   7.36231E-05   1.08783E-04   5.74472E-05   5.00772E-13     2451.67  1
 8.24103E-03   1.02250E-04   1.09735E-04   6.28423E-05   6.05628E-13     2739.03  1
 8.26103E-03   1.31117E-04   1.09963E-04   6.40613E-05   7.19702E-13     2801.23  1
 8.28103E-03   1.60983E-04   1.10197E-04   6.50297E-05   8.26660E-13     2802.17  1
 8.30103E-03   1.91030E-04   1.10238E-04   6.59327E-05   9.33219E-13     2871.64  1
 8.32103E-03   2.20688E-04   1.10219E-04   6.66542E-05   1.04308E-12     2887.68  1
 8.34103E-03   2.50854E-04   1.10367E-04   6.73297E-05   1.14650E-12     2882.88  1
 8.36103E-03   2.81125E-04   1.10444E-04   6.79801E-05   1.25263E-12     2913.18  1
 8.38103E-03   2.94807E-04   1.10362E-04   6.86476E-05   1.36907E-12     2929.99  1
 8.40103E-03   3.18987E-04   1.10463E-04   7.16661E-05   1.47985E-12     2879.93  1
 8.42103E-03   3.53268E-04   1.10497E-04   7.33285E-05   1.58723E-12     2884.93  1
 8.44103E-03   3.81139E-04   1.10698E-04   7.40695E-05   1.69585E-12     2925.29  1
 8.46103E-03   4.09282E-04   1.10536E-04   7.46360E-05   1.80672E-12     2916.94  1
 8.48103E-03   4.38695E-04   1.10620E-04   7.68019E-05   1.91101E-12     2912.38  1
 8.50103E-03   4.67142E-04   1.10742E-04   7.79142E-05   2.01095E-12     2929.83  1
 8.52103E-03   4.80649E-04   1.10611E-04   7.85033E-05   2.11110E-12     2945.14  1
 8.54103E-03   5.08639E-04   1.10680E-04   7.88620E-05   2.20175E-12     2919.57  1
 8.56103E-03   5.36600E-04   1.10791E-04   7.90467E-05   2.29169E-12     2924.18  1
 8.58103E-03   5.64580E-04   1.10640E-04   7.92090E-05   2.37752E-12     2923.10  1
 8.60103E-03   5.91647E-04   1.10579E-04   7.89018E-05   2.29458E-12     2894.64  0
 8.62103E-03   5.91058E-04   1.08380E-04   8.27985E-05   2.20668E-12     2501.07  0
 8.64103E-03   5.84605E-04   1.04949E-04   8.52919E-05   2.10352E-12     2294.95  0
 8.66103E-03   5.81695E-04   1.01967E-04   8.62970E-05   1.99435E-12     2165.24  0
 8.68103E-03   5.75838E-04   9.79753E-05   8.71005E-05   1.88749E-12     2072.89  0
 8.70103E-03   5.71996E-04   9.36116E-05   8.74320E-05   1.78532E-12     2002.38  0
 8.72103E-03   5.65874E-04   8.93807E-05   8.74063E-05   1.68873E-12     1942.44  0
 8.74103E-03   5.61889E-04   8.55189E-05   8.72267E-05   1.59513E-12     1891.22  0
 8.76103E-03   5.55415E-04   8.19336E-05   8.71180E-05   1.50511E-12     1847.41  0
 8.78103E-03   5.51603E-04   7.79753E-05   8.69811E-05   1.41916E-12     1809.12  0
 8.80103E-03   5.39303E-04   7.30975E-05   8.45814E-05   1.26297E-12     1775.02  0
 8.82103E-03   5.35911E-04   6.93713E-05   8.98996E-05   1.16809E-12     1739.82  0
 8.84103E-03   5.31200E-04   6.61452E-05   9.12887E-05   1.07647E-12     1708.47  0
 8.86103E-03   5.25310E-04   6.30008E-05   9.21636E-05   9.88159E-13     1682.30  0
 8.88103E-03   5.18952E-04   5.93673E-05   9.23671E-05   9.04171E-13     1662.01  0
 8.90103E-03   5.14132E-04   5.66732E-05   9.25466E-05   8.23746E-13     1646.90  0
 8.92103E-03   5.06227E-04   5.34584E-05   9.26970E-05   7.47537E-13     1635.98  0
 8.94103E-03   5.01774E-04   5.02914E-05   9.28188E-05   6.75203E-13     1628.60  0
 8.96103E-03   4.93104E-04   4.79740E-05   9.29160E-05   6.07339E-13     1624.26  0
 8.98103E-03   4.82303E-04   4.47041E-05   9.29906E-05   5.43528E-13     1622.80  0
 9.00103E-03   4.70605E-04   4.18166E-05   8.89387E-05   4.54360E-13     1622.16  0
 9.02103E-03   4.56353E-04   3.91133E-05   9.14799E-05   3.92405E-13     1621.34  0
 9.04103E-03   4.42612E-04   3.74067E-05   8.90194E-05   3.36312E-13     1620.32  0
 9.06103E-03   4.26073E-04   3.43690E-05   8.72485E-05   2.85814E-13     1619.11  0
 9.08103E-03   4.09177E-04   3.28605E-05   8.61852E-05   2.40268E-13     1617.70  0
 9.10103E-03   3.92779E-04   3.01428E-05   8.49839E-05   2.83304E-13     1616.06  1
 9.12103E-03   4.49675E-05   1.04368E-04   4.19759E-05   4.02961E-13     1855.40  1
 9.14103E-03   7.20544E-05   1.08982E-04   5.84520E-05   5.24516E-13     2564.89  1
 9.16103E-03   1.02182E-04   1.09841E-04   6.64267E-05   6.42661E-13     2757.17  1
 9.18103E-03   1.32581E-04   1.10184E-04   6.92940E-05   7.61340E-13     2813.25  1
 9.20103E-03   1.52008E-04   1.09575E-04   7.03053E-05   8.63232E-13     2738.86  1
 9.22103E-03   1.82328E-04   1.09952E-04   7.60261E-05   9.81285E-13     2767.10  1
 9.24103E-03   2.09066E-04   1.10168E-04   7.80285E-05   1.09593E-12     2791.92  1
 9.26103E-03   2.34095E-04   1.10167E-04   7.89637E-05   1.21504E-12     2813.21  1
 9.28103E-03   2.63536E-04   1.10290E-04   7.95650E-05   1.32938E-12     2791.28  1
 9.30103E-03   2.89841E-04   1.10316E-04   7.99923E-05   1.43930E-12     2825.30  1
 9.32103E-03   3.13950E-04   1.10226E-04   8.02206E-05   1.38303E-12     2818.01  0
 9.34103E-03   3.16205E-04   1.08114E-04   8.04130E-05   1.31483E-12     2420.09  0
 9.36103E-03   3.16262E-04   1.04205E-04   8.05109E-05   1.24564E-12     2228.68  0
 9.38103E-03   3.15265E-04   1.00652E-04   8.07306E-05   1.17634E-12     2102.12  0
 9.40103E-03   3.11684E-04   9.70199E-05   8.08768E-05   1.10388E-12     2007.69  0
 9.42103E-03   3.13867E-04   9.27408E-05   8.08990E-05   1.04140E-12     1934.56  0
 9.44103E-03   3.12601E-04   8.82160E-05   8.08162E-05   9.82113E-13     1875.33  0
 9.46104E-03   3.09599E-04   8.36871E-05   8.06160E-05   9.25527E-13     1828.41  0
 9.48104E-03   3.05767E-04   7.91988E-05   8.03084E-05   8.71673E-13     1790.25  0
 9.50104E-03   3.04176E-04   7.50651E-05   7.98990E-05   8.20050E-13     1758.32  0
 9.52104E-03   3.02785E-04   7.11991E-05   7.94046E-05   7.70181E-13     1732.24  0
 9.54104E-03   3.01689E-04   6.76293E-05   7.88377E-05   7.21506E-13     1709.64  0
 9.56104E-03   3.01373E-04   6.33739E-05   7.82248E-05   6.73501E-13     1690.50  0
 9.58104E-03   2.97368E-04   5.95275E-05   7.76027E-05   6.26794E-13     1674.17  0
 9.60104E-03   2.93544E-04   5.64720E-05   7.69944E-05   5.80733E-13     1660.18  0
 9.62104E-03   2.89734E-04   5.32961E-05   7.64558E-05   5.35880E-13     1648.48  0
 9.64104E-03   2.84227E-04   4.99811E-05   7.61501E-05   4.92084E-13     1639.04  0
 9.66104E-03   2.81868E-04   4.77600E-05   7.60220E-05   4.49963E-13     1631.78  0
 9.68104E-03   2.76392E-04   4.44756E-05   7.59900E-05   4.09555E-13     1626.62  0
 9.70104E-03   2.72885E-04   4.26919E-05   7.59632E-05   3.71000E-13     1623.63  0
 9.72104E-03   2.69416E-04   3.95816E-05   7.59362E-05   3.34728E-13     1622.77  0
 9.74104E-03   2.56607E-04   3.79338E-05   7.59063E-05   3.00183E-13     1622.27  0
 9.76104E-03   2.48900E-04   3.52186E-05   7.58698E-05   2.67647E-13     1621.56  0
 9.78104E-03   2.37973E-04   3.35476E-05   7.58228E-05   2.37089E-13     1620.66  0
 9.80104E-03   2.29158E-04   3.17473E-05   7.57639E-05   2.08354E-13     1619.56  0
 9.82104E-03   2.19689E-04   2.94712E-05   7.56917E-05   1.81206E-13     1618.24  0
 9.84104E-03   2.10357E-04   2.81791E-05   7.56020E-05   1.55949E-13     1616.70  0
 9.86104E-03   2.01069E-04   2.61598E-05   7.54915E-05   1.32270E-13     1614.92  0
 9.88104E-03   1.93980E-04   2.43568E-05   7.53510E-05   1.10472E-13     1612.89  0
 9.90104E-03   1.87879E-04   2.31934E-05   7.51788E-05   9.03797E-14     1610.61  0
 9.92104E-03   1.79201E-04   2.13638E-05   7.49672E-05   7.20055E-14     1608.06  0
 9.94104E-03   1.65470E-04   1.95135E-05   7.47064E-05   5.55576E-14     1605.22  0
 9.96104E-03   1.52566E-04   1.83359E-05   7.43802E-05   4.10753E-14     1602.10  0
 9.98104E-03   1.36459E-04   1.66868E-05   7.39789E-05   2.84527E-14     1598.66  0
 1.00010E-02   1.22865E-04   1.45673E-05   7.34796E-05   1.78560E-14     1594.76  0
 1.00210E-02   1.09180E-04   1.32719E-05   7.28503E-05   9.63030E-15     1590.47  0
 1.00410E-02   9.16333E-05   1.10634E-05   7.19872E-05   3.77516E-15     1585.51  0
 1.00610E-02   7.12587E-05   8.78080E-06   6.30916E-05   6.55369E-16     1579.63  0
 1.00810E-02   4.16089E-05   5.69341E-06   4.37805E-05   0.00000E+00     1571.73  0
 1.01010E-02   0.00000E+00   0.00000E+00   0.00000E+00   0.00000E+00     1549.98  0
 1.01210E-02   0.00000E+00   0.00000E+00   0.00000E+00   0.00000E+00     1510.86  0
 1.01410E-02   0.00000E+00   0.00000E+00   0.00000E+00   0.00000E+00     1482.82  0
 1.01610E-02   0.00000E+00   0.00000E+00   0.00000E+00   0.00000E+00     1459.71  0
 1.01810E-02   0.00000E+00   0.00000E+00   0.00000E+00   0.00000E+00     1445.84  0
 1.02010E-02   0.00000E+00   0.00000E+00   0.00000E+00   0.00000E+00     1436.22  0
 1.02210E-02   0.00000E+00   0.00000E+00   0.00000E+00   0.00000E+00     1426.41  0
 1.02410E-02   0.00000E+00   0.00000E+00   0.00000E+00   0.00000E+00     1416.51  0
 1.02610E-02   0.00000E+00   0.00000E+00   0.00000E+00   0.00000E+00     1406.58  0
 1.02810E-02   0.00000E+00   0.00000E+00   0.00000E+00   0.00000E+00     1396.67  0
 1.03010E-02   0.00000E+00   0.00000E+00   0.00000E+00   0.00000E+00     1386.83  0
 1.03210E-02   0.00000E+00   0.00000E+00   0.00000E+00   0.00000E+00     1377.08  0
 1.03410E-02   0.00000E+00   0.00000E+00   0.00000E+00   0.00000E+00     1367.43  0
 1.03610E-02   0.00000E+00   0.00000E+00   0.00000E+00   0.00000E+00     1357.92  0
 1.03810E-02   0.00000E+00   0.00000E+00   0.00000E+00   0.00000E+00     1348.54  0
 1.04010E-02   0.00000E+00   0.00000E+00   0.00000E+00   0.00000E+00     1339.30  0
 1.04210E-02   0.00000E+00   0.00000E+00   0.00000E+00   0.00000E+00     1330.20  0
 1.04410E-02   0.00000E+00   0.00000E+00   0.00000E+00   0.00000E+00     1321.24  0
 1.04610E-02   0.00000E+00   0.00000E+00   0.00000E+00   0.00000E+00     1312.43  0
 1.04810E-02   0.00000E+00   0.00000E+00   0.00000E+00   0.00000E+00     1303.75  0
 1.05010E-02   0.00000E+00   0.00000E+00   0.00000E+00   0.00000E+00     1297.74  0
 1.05210E-02   0.00000E+00   0.00000E+00   0.00000E+00   0.00000E+00     1293.57  0
 1.05410E-02   0.00000E+00   0.00000E+00   0.00000E+00   0.00000E+00     1289.29  0
 1.05610E-02   0.00000E+00   0.00000E+00   0.00000E+00   0.00000E+00     1284.91  0
 1.05810E-02   0.00000E+00   0.00000E+00   0.00000E+00   0.00000E+00     1280.43  0
 1.06010E-02   0.00000E+00   0.00000E+00   0.00000E+00   0.00000E+00     1275.88  0
 1.06210E-02   0.00000E+00   0.00000E+00   0.00000E+00   0.00000E+00     1271.26  0
 1.06410E-02   0.00000E+00   0.00000E+00   0.00000E+00   0.00000E+00     1266.58  0
 1.06610E-02   0.00000E+00   0.00000E+00   0.00000E+00   0.00000E+00     1261.84  0
 1.06810E-02   0.00000E+00   0.00000E+00   0.00000E+00   0.00000E+00     1257.05  0
 1.07010E-02   0.00000E+00   0.00000E+00   0.00000E+00   0.00000E+00     1252.22  0
 1.07210E-02   0.00000E+00   0.00000E+00   0.00000E+00   0.00000E+00     1247.35  0
 1.07410E-02   0.00000E+00   0.00000E+00   0.00000E+00   0.00000E+00     1242.44  0
 1.07610E-02   0.00000E+00   0.00000E+00   0.00000E+00   0.00000E+00     1237.51  0
 1.07810E-02   0.00000E+00   0.00000E+00   0.00000E+00   0.00000E+00     1232.56  0
 1.08010E-02   0.00000E+00   0.00000E+00   0.00000E+00   0.00000E+00     1227.59  0
 1.08210E-02   0.00000E+00   0.00000E+00   0.00000E+00   0.00000E+00     1222.60  0
 1.08410E-02   0.00000E+00   0.00000E+00   0.00000E+00   0.00000E+00     1217.60  0
 1.08610E-02   0.00000E+00   0.00000E+00   0.00000E+00   0.00000E+00     1212.60  0
 1.08810E-02   0.00000E+00   0.00000E+00   0.00000E+00   0.00000E+00     1207.59  0
 1.09010E-02   0.00000E+00   0.00000E+00   0.00000E+00   0.00000E+00     1202.58  0
 1.09210E-02   0.00000E+00   0.00000E+00   0.00000E+00   0.00000E+00     1197.57  0
 1.09410E-02   0.00000E+00   0.00000E+00   0.00000E+00   0.00000E+00     1193.47  0
 1.09610E-02   0.00000E+00   0.00000E+00   0.00000E+00   0.00000E+00     1189.69  0
 1.09810E-02   0.00000E+00   0.00000E+00   0.00000E+00   0.00000E+00     1185.86  0
 1.10010E-02   0.00000E+00   0.00000E+00   0.00000E+00   0.00000E+00     1182.00  0
 1.10210E-02   0.00000E+00   0.00000E+00   0.00000E+00   0.00000E+00     1178.11  0
 1.10410E-02   0.00000E+00   0.00000E+00   0.00000E+00   0.00000E+00     1174.18  0
 1.10610E-02   0.00000E+00   0.00000E+00   0.00000E+00   0.00000E+00     1170.22  0
 1.10810E-02   0.00000E+00   0.00000E+00   0.00000E+00   0.00000E+00     1166.25  0
 1.11010E-02   0.00000E+00   0.00000E+00   0.00000E+00   0.00000E+00     1162.25  0
 1.11210E-02   0.00000E+00   0.00000E+00   0.00000E+00   0.00000E+00     1158.23  0
 1.11410E-02   0.00000E+00   0.00000E+00   0.00000E+00   0.00000E+00     1154.19  0
 1.11610E-02   0.00000E+00   0.00000E+00   0.00000E+00   0.00000E+00     1150.15  0
 1.11810E-02   0.00000E+00   0.00000E+00   0.00000E+00   0.00000E+00     1146.09  0
 1.12010E-02   0.00000E+00   0.00000E+00   0.00000E+00   0.00000E+00     1142.02  0
 1.12210E-02   0.00000E+00   0.00000E+00   0.00000E+00   0.00000E+00     1137.95  0
 1.12410E-02   0.00000E+00   0.00000E+00   0.00000E+00   0.00000E+00     1133.88  0
 1.12610E-02   0.00000E+00   0.00000E+00   0.00000E+00   0.00000E+00     1129.80  0
 1.12810E-02   0.00000E+00   0.00000E+00   0.00000E+00   0.00000E+00     1125.72  0
 1.13010E-02   0.00000E+00   0.00000E+00   0.00000E+00   0.00000E+00     1121.65  0
 1.13210E-02   0.00000E+00   0.00000E+00   0.00000E+00   0.00000E+00     1117.58  0
 1.13410E-02   0.00000E+00   0.00000E+00   0.00000E+00   0.00000E+00     1113.52  0
 1.13610E-02   0.00000E+00   0.00000E+00   0.00000E+00   0.00000E+00     1109.46  0
 1.13810E-02   0.00000E+00   0.00000E+00   0.00000E+00   0.00000E+00     1105.41  0
 1.14010E-02   0.00000E+00   0.00000E+00   0.00000E+00   0.00000E+00     1101.38  0
 1.14210E-02   0.00000E+00   0.00000E+00   0.00000E+00   0.00000E+00     1097.35  0
 1.14411E-02   0.00000E+00   0.00000E+00   0.00000E+00   0.00000E+00     1093.34  0
 1.14611E-02   0.00000E+00   0.00000E+00   0.00000E+00   0.00000E+00     1089.34  0
 1.14811E-02   0.00000E+00   0.00000E+00   0.00000E+00   0.00000E+00     1085.36  0
 1.15011E-02   0.00000E+00   0.00000E+00   0.00000E+00   0.00000E+00     1081.39  0
 1.15211E-02   0.00000E+00   0.00000E+00   0.00000E+00   0.00000E+00     1077.44  0
 1.15411E-02   0.00000E+00   0.00000E+00   0.00000E+00   0.00000E+00     1073.51  0
 1.15611E-02   0.00000E+00   0.00000E+00   0.00000E+00   0.00000E+00     1069.60  0
 1.15811E-02   0.00000E+00   0.00000E+00   0.00000E+00   0.00000E+00     1065.71  0
 1.16011E-02   0.00000E+00   0.00000E+00   0.00000E+00   0.00000E+00     1061.84  0
 1.16211E-02   0.00000E+00   0.00000E+00   0.00000E+00   0.00000E+00     1057.99  0
 1.16411E-02   0.00000E+00   0.00000E+00   0.00000E+00   0.00000E+00     1054.17  0
 1.16611E-02   0.00000E+00   0.00000E+00   0.00000E+00   0.00000E+00     1050.36  0
 1.16811E-02   0.00000E+00   0.00000E+00   0.00000E+00   0.00000E+00     1046.58  0
 1.17011E-02   0.00000E+00   0.00000E+00   0.00000E+00   0.00000E+00     1042.82  0
 1.17211E-02   0.00000E+00   0.00000E+00   0.00000E+00   0.00000E+00     1039.09  0
 1.17411E-02   0.00000E+00   0.00000E+00   0.00000E+00   0.00000E+00     1035.38  0
 1.17611E-02   0.00000E+00   0.00000E+00   0.00000E+00   0.00000E+00     1031.70  0
 1.17811E-02   0.00000E+00   0.00000E+00   0.00000E+00   0.00000E+00     1028.04  0
 1.18011E-02   0.00000E+00   0.00000E+00   0.00000E+00   0.00000E+00     1024.41  0
 1.18211E-02   0.00000E+00   0.00000E+00   0.00000E+00   0.00000E+00     1020.80  0
 1.18411E-02   0.00000E+00   0.00000E+00   0.00000E+00   0.00000E+00     1017.22  0
 1.18611E-02   0.00000E+00   0.00000E+00   0.00000E+00   0.00000E+00     1013.67  0
 1.18811E-02   0.00000E+00   0.00000E+00   0.00000E+00   0.00000E+00     1010.14  0
 1.19011E-02   0.00000E+00   0.00000E+00   0.00000E+00   0.00000E+00     1006.64  0
 1.19211E-02   0.00000E+00   0.00000E+00   0.00000E+00   0.00000E+00     1003.17  0
 1.19411E-02   0.00000E+00   0.00000E+00   0.00000E+00   0.00000E+00      999.72  0
 1.19611E-02   0.00000E+00   0.00000E+00   0.00000E+00   0.00000E+00      996.30  0
 1.19811E-02   0.00000E+00   0.00000E+00   0.00000E+00   0.00000E+00      992.91  0
 1.20011E-02   0.00000E+00   0.00000E+00   0.00000E+00   0.00000E+00      989.55  0
 1.20211E-02   0.00000E+00   0.00000E+00   0.00000E+00   0.00000E+00      986.21  0
 1.20411E-02   0.00000E+00   0.00000E+00   0.00000E+00   0.00000E+00      982.90  0
 1.20611E-02   0.00000E+00   0.00000E+00   0.00000E+00   0.00000E+00      979.62  0
 1.20811E-02   0.00000E+00   0.00000E+00   0.00000E+00   0.00000E+00      976.37  0
 1.21011E-02   0.00000E+00   0.00000E+00   0.00000E+00   0.00000E+00      973.14  0
 1.21211E-02   0.00000E+00   0.00000E+00   0.00000E+00   0.00000E+00      969.95  0
 1.21411E-02   0.00000E+00   0.00000E+00   0.00000E+00   0.00000E+00      966.77  0
 1.21611E-02   0.00000E+00   0.00000E+00   0.00000E+00   0.00000E+00      963.63  0
 1.21811E-02   0.00000E+00   0.00000E+00   0.00000E+00   0.00000E+00      960.52  0
 1.22011E-02   0.00000E+00   0.00000E+00   0.00000E+00   0.00000E+00      957.43  0
 1.22211E-02   0.00000E+00   0.00000E+00   0.00000E+00   0.00000E+00      954.36  0
 1.22411E-02   0.00000E+00   0.00000E+00   0.00000E+00   0.00000E+00      951.33  0
 1.22611E-02   0.00000E+00   0.00000E+00   0.00000E+00   0.00000E+00      948.36  0
 1.22811E-02   0.00000E+00   0.00000E+00   0.00000E+00   0.00000E+00      945.65  0
 1.23011E-02   0.00000E+00   0.00000E+00   0.00000E+00   0.00000E+00      942.96  0
 1.23211E-02   0.00000E+00   0.00000E+00   0.00000E+00   0.00000E+00      940.29  0
 1.23411E-02   0.00000E+00   0.00000E+00   0.00000E+00   0.00000E+00      937.64  0
 1.23611E-02   0.00000E+00   0.00000E+00   0.00000E+00   0.00000E+00      935.01  0
 1.23811E-02   0.00000E+00   0.00000E+00   0.00000E+00   0.00000E+00      932.40  0
 1.24011E-02   0.00000E+00   0.00000E+00   0.00000E+00   0.00000E+00      929.81  0
 1.24211E-02   0.00000E+00   0.00000E+00   0.00000E+00   0.00000E+00      927.25  0
 1.24411E-02   0.00000E+00   0.00000E+00   0.00000E+00   0.00000E+00      924.70  0
 1.24611E-02   0.00000E+00   0.00000E+00   0.00000E+00   0.00000E+00      922.17  0
 1.24811E-02   0.00000E+00   0.00000E+00   0.00000E+00   0.00000E+00      919.67  0
 1.25011E-02   0.00000E+00   0.00000E+00   0.00000E+00   0.00000E+00      917.19  0
 1.25211E-02   0.00000E+00   0.00000E+00   0.00000E+00   0.00000E+00      914.72  0
 1.25411E-02   0.00000E+00   0.00000E+00   0.00000E+00   0.00000E+00      912.28  0
 1.25611E-02   0.00000E+00   0.00000E+00   0.00000E+00   0.00000E+00      909.85  0
 1.25811E-02   0.00000E+00   0.00000E+00   0.00000E+00   0.00000E+00      907.45  0
 1.26011E-02   0.00000E+00   0.00000E+00   0.00000E+00   0.00000E+00      905.07  0
 1.26211E-02   0.00000E+00   0.00000E+00   0.00000E+00   0.00000E+00      902.70  0
 1.26411E-02   0.00000E+00   0.00000E+00   0.00000E+00   0.00000E+00      900.36  0
 1.26611E-02   0.00000E+00   0.00000E+00   0.00000E+00   0.00000E+00      898.03  0
 1.26811E-02   0.00000E+00   0.00000E+00   0.00000E+00   0.00000E+00      895.73  0
 1.27011E-02   0.00000E+00   0.00000E+00   0.00000E+00   0.00000E+00      893.44  0
 1.27211E-02   0.00000E+00   0.00000E+00   0.00000E+00   0.00000E+00      891.17  0
 1.27411E-02   0.00000E+00   0.00000E+00   0.00000E+00   0.00000E+00      888.92  0
 1.27611E-02   0.00000E+00   0.00000E+00   0.00000E+00   0.00000E+00      886.69  0
 1.27811E-02   0.00000E+00   0.00000E+00   0.00000E+00   0.00000E+00      884.48  0
 1.28011E-02   0.00000E+00   0.00000E+00   0.00000E+00   0.00000E+00      882.29  0
 1.28211E-02   0.00000E+00   0.00000E+00   0.00000E+00   0.00000E+00      880.11  0
 1.28411E-02   0.00000E+00   0.00000E+00   0.00000E+00   0.00000E+00      877.95  0
 1.28611E-02   0.00000E+00   0.00000E+00   0.00000E+00   0.00000E+00      875.81  0
 1.28811E-02   0.00000E+00   0.00000E+00   0.00000E+00   0.00000E+00      873.69  0
 1.29011E-02   0.00000E+00   0.00000E+00   0.00000E+00   0.00000E+00      871.58  0
 1.29211E-02   0.00000E+00   0.00000E+00   0.00000E+00   0.00000E+00      869.49  0
 1.29411E-02   0.00000E+00   0.00000E+00   0.00000E+00   0.00000E+00      867.42  0
 1.29611E-02   0.00000E+00   0.00000E+00   0.00000E+00   0.00000E+00      865.37  0
 1.29811E-02   0.00000E+00   0.00000E+00   0.00000E+00   0.00000E+00      863.33  0
 1.30011E-02   0.00000E+00   0.00000E+00   0.00000E+00   0.00000E+00      861.31  0
 1.30211E-02   0.00000E+00   0.00000E+00   0.00000E+00   0.00000E+00      859.30  0
 1.30411E-02   0.00000E+00   0.00000E+00   0.00000E+00   0.00000E+00      857.31  0
 1.30611E-02   0.00000E+00   0.00000E+00   0.00000E+00   0.00000E+00      855.34  0
 1.30811E-02   0.00000E+00   0.00000E+00   0.00000E+00   0.00000E+00      853.38  0
 1.31011E-02   0.00000E+00   0.00000E+00   0.00000E+00   0.00000E+00      851.44  0
 1.31211E-02   0.00000E+00   0.00000E+00   0.00000E+00   0.00000E+00      849.51  0
 1.31411E-02   0.00000E+00   0.00000E+00   0.00000E+00   0.00000E+00      847.60  0
 1.31611E-02   0.00000E+00   0.00000E+00   0.00000E+00   0.00000E+00      845.71  0
 1.31811E-02   0.00000E+00   0.00000E+00   0.00000E+00   0.00000E+00      843.83  0
 1.32011E-02   0.00000E+00   0.00000E+00   0.00000E+00   0.00000E+00      841.96  0
 1.32211E-02   0.00000E+00   0.00000E+00   0.00000E+00   0.00000E+00      840.70  0
 1.32411E-02   0.00000E+00   0.00000E+00   0.00000E+00   0.00000E+00      839.52  0
 1.32611E-02   0.00000E+00   0.00000E+00   0.00000E+00   0.00000E+00      838.35  0
 1.32811E-02   0.00000E+00   0.00000E+00   0.00000E+00   0.00000E+00      837.19  0
 1.33011E-02   0.00000E+00   0.00000E+00   0.00000E+00   0.00000E+00      836.03  0
 1.33211E-02   0.00000E+00   0.00000E+00   0.00000E+00   0.00000E+00      834.88  0
 1.33411E-02   0.00000E+00   0.00000E+00   0.00000E+00   0.00000E+00      833.73  0
 1.33611E-02   0.00000E+00   0.00000E+00   0.00000E+00   0.00000E+00      832.58  0
 1.33811E-02   0.00000E+00   0.00000E+00   0.00000E+00   0.00000E+00      831.44  0
 1.34011E-02   0.00000E+00   0.00000E+00   0.00000E+00   0.00000E+00      830.31  0
 1.34211E-02   0.00000E+00   0.00000E+00   0.00000E+00   0.00000E+00      829.18  0
 1.34411E-02   0.00000E+00   0.00000E+00   0.00000E+00   0.00000E+00      828.06  0
 1.34611E-02   0.00000E+00   0.00000E+00   0.00000E+00   0.00000E+00      826.94  0
 1.34811E-02   0.00000E+00   0.00000E+00   0.00000E+00   0.00000E+00      825.83  0
 1.35011E-02   0.00000E+00   0.00000E+00   0.00000E+00   0.00000E+00      824.72  0
 1.35211E-02   0.00000E+00   0.00000E+00   0.00000E+00   0.00000E+00      823.61  0
 1.35411E-02   0.00000E+00   0.00000E+00   0.00000E+00   0.00000E+00      822.51  0
 1.35611E-02   0.00000E+00   0.00000E+00   0.00000E+00   0.00000E+00      821.41  0
 1.35811E-02   0.00000E+00   0.00000E+00   0.00000E+00   0.00000E+00      820.32  0
 1.36011E-02   0.00000E+00   0.00000E+00   0.00000E+00   0.00000E+00      819.24  0
 1.36211E-02   0.00000E+00   0.00000E+00   0.00000E+00   0.00000E+00      818.15  0
 1.36411E-02   0.00000E+00   0.00000E+00   0.00000E+00   0.00000E+00      817.08  0
 1.36611E-02   0.00000E+00   0.00000E+00   0.00000E+00   0.00000E+00      816.00  0
 1.36811E-02   0.00000E+00   0.00000E+00   0.00000E+00   0.00000E+00      814.93  0
 1.37011E-02   0.00000E+00   0.00000E+00   0.00000E+00   0.00000E+00      813.87  0
 1.37211E-02   0.00000E+00   0.00000E+00   0.00000E+00   0.00000E+00      812.81  0
 1.37411E-02   0.00000E+00   0.00000E+00   0.00000E+00   0.00000E+00      811.75  0
 1.37611E-02   0.00000E+00   0.00000E+00   0.00000E+00   0.00000E+00      810.70  0
 1.37811E-02   0.00000E+00   0.00000E+00   0.00000E+00   0.00000E+00      809.65  0
 1.38011E-02   0.00000E+00   0.00000E+00   0.00000E+00   0.00000E+00      808.61  0
 1.38211E-02   0.00000E+00   0.00000E+00   0.00000E+00   0.00000E+00      807.57  0
 1.38411E-02   0.00000E+00   0.00000E+00   0.00000E+00   0.00000E+00      806.54  0
 1.38611E-02   0.00000E+00   0.00000E+00   0.00000E+00   0.00000E+00      805.51  0
 1.38811E-02   0.00000E+00   0.00000E+00   0.00000E+00   0.00000E+00      804.48  0
 1.39011E-02   0.00000E+00   0.00000E+00   0.00000E+00   0.00000E+00      803.46  0
 1.39211E-02   0.00000E+00   0.00000E+00   0.00000E+00   0.00000E+00      802.44  0
 1.39411E-02   0.00000E+00   0.00000E+00   0.00000E+00   0.00000E+00      801.43  0
 1.39611E-02   0.00000E+00   0.00000E+00   0.00000E+00   0.00000E+00      800.42  0
 1.39811E-02   0.00000E+00   0.00000E+00   0.00000E+00   0.00000E+00      799.41  0
 1.40011E-02   0.00000E+00   0.00000E+00   0.00000E+00   0.00000E+00      798.41  0
 1.40211E-02   0.00000E+00   0.00000E+00   0.00000E+00   0.00000E+00      797.41  0
 1.40411E-02   0.00000E+00   0.00000E+00   0.00000E+00   0.00000E+00      796.41  0
 1.40611E-02   0.00000E+00   0.00000E+00   0.00000E+00   0.00000E+00      795.42  0
 1.40811E-02   0.00000E+00   0.00000E+00   0.00000E+00   0.00000E+00      794.44  0
 1.41011E-02   0.00000E+00   0.00000E+00   0.00000E+00   0.00000E+00      793.46  0
 1.41211E-02   0.00000E+00   0.00000E+00   0.00000E+00   0.00000E+00      792.48  0
 1.41411E-02   0.00000E+00   0.00000E+00   0.00000E+00   0.00000E+00      791.50  0
 1.41611E-02   0.00000E+00   0.00000E+00   0.00000E+00   0.00000E+00      790.53  0
 1.41811E-02   0.00000E+00   0.00000E+00   0.00000E+00   0.00000E+00      789.57  0
 1.42011E-02   0.00000E+00   0.00000E+00   0.00000E+00   0.00000E+00      788.61  0
 1.42211E-02   0.00000E+00   0.00000E+00   0.00000E+00   0.00000E+00      787.65  0
 1.42411E-02   0.00000E+00   0.00000E+00   0.00000E+00   0.00000E+00      786.70  0
 1.42611E-02   0.00000E+00   0.00000E+00   0.00000E+00   0.00000E+00      785.75  0
 1.42811E-02   0.00000E+00   0.00000E+00   0.00000E+00   0.00000E+00      784.81  0
 1.43011E-02   0.00000E+00   0.00000E+00   0.00000E+00   0.00000E+00      783.87  0
 1.43211E-02   0.00000E+00   0.00000E+00   0.00000E+00   0.00000E+00      782.93  0
 1.43411E-02   0.00000E+00   0.00000E+00   0.00000E+00   0.00000E+00      782.00  0
 1.43611E-02   0.00000E+00   0.00000E+00   0.00000E+00   0.00000E+00      781.07  0
 1.43811E-02   0.00000E+00   0.00000E+00   0.00000E+00   0.00000E+00      780.15  0
 1.44011E-02   0.00000E+00   0.00000E+00   0.00000E+00   0.00000E+00      779.23  0
 1.44211E-02   0.00000E+00   0.00000E+00   0.00000E+00   0.00000E+00      778.31  0
 1.44411E-02   0.00000E+00   0.00000E+00   0.00000E+00   0.00000E+00      777.49  0
 1.44611E-02   0.00000E+00   0.00000E+00   0.00000E+00   0.00000E+00      776.76  0
 1.44811E-02   0.00000E+00   0.00000E+00   0.00000E+00   0.00000E+00      776.03  0
 1.45011E-02   0.00000E+00   0.00000E+00   0.00000E+00   0.00000E+00      775.31  0
 1.45211E-02   0.00000E+00   0.00000E+00   0.00000E+00   0.00000E+00      774.59  0
 1.45411E-02   0.00000E+00   0.00000E+00   0.00000E+00   0.00000E+00      773.86  0
 1.45611E-02   0.00000E+00   0.00000E+00   0.00000E+00   0.00000E+00      773.15  0
 1.45811E-02   0.00000E+00   0.00000E+00   0.00000E+00   0.00000E+00      772.43  0
 1.46011E-02   0.00000E+00   0.00000E+00   0.00000E+00   0.00000E+00      771.71  0
 1.46211E-02   0.00000E+00   0.00000E+00   0.00000E+00   0.00000E+00      771.00  0
 1.46411E-02   0.00000E+00   0.00000E+00   0.00000E+00   0.00000E+00      770.29  0
 1.46611E-02   0.00000E+00   0.00000E+00   0.00000E+00   0.00000E+00      769.58  0
 1.46811E-02   0.00000E+00   0.00000E+00   0.00000E+00   0.00000E+00      768.87  0
 1.47011E-02   0.00000E+00   0.00000E+00   0.00000E+00   0.00000E+00      768.17  0
 1.47211E-02   0.00000E+00   0.00000E+00   0.00000E+00   0.00000E+00      767.47  0
 1.47411E-02   0.00000E+00   0.00000E+00   0.00000E+00   0.00000E+00      766.77  0
 1.47611E-02   0.00000E+00   0.00000E+00   0.00000E+00   0.00000E+00      766.07  0
 1.47811E-02   0.00000E+00   0.00000E+00   0.00000E+00   0.00000E+00      765.37  0
 1.48011E-02   0.00000E+00   0.00000E+00   0.00000E+00   0.00000E+00      764.67  0
 1.48211E-02   0.00000E+00   0.00000E+00   0.00000E+00   0.00000E+00      763.98  0
