# Thermal History - 10 Monitoring Points
# Columns: time(s)  T1..T10 (K)
# Point physical coordinates:
#  P 1:  x= 4.000E-04m  y= 1.000E-03m  z= 6.950E-04m
#  P 2:  x= 1.000E-03m  y= 1.000E-03m  z= 6.950E-04m
#  P 3:  x= 1.600E-03m  y= 1.000E-03m  z= 6.950E-04m
#  P 4:  x= 1.000E-03m  y= 1.000E-03m  z= 6.600E-04m
#  P 5:  x= 1.000E-03m  y= 1.000E-03m  z= 6.000E-04m
#  P 6:  x= 1.000E-03m  y= 1.050E-03m  z= 6.950E-04m
#  P 7:  x= 1.000E-03m  y= 1.200E-03m  z= 6.950E-04m
#  P 8:  x= 1.000E-03m  y= 1.500E-03m  z= 6.950E-04m
#  P 9:  x= 1.000E-03m  y= 1.800E-03m  z= 6.950E-04m
#  P10:  x= 1.000E-03m  y= 1.000E-03m  z= 2.000E-04m
#  time(s)    T 1(K)       T 2(K)       T 3(K)       T 4(K)       T 5(K)       T 6(K)       T 7(K)       T 8(K)       T 9(K)       T10(K)       
 2.10000E-05     293.000     293.000     293.000     293.000     293.000     293.000     293.000     293.000     293.000     293.000
 4.10000E-05     293.000     293.000     293.000     293.000     293.000     293.000     293.000     293.000     293.000     293.000
 6.10000E-05     293.000     293.000     293.000     293.001     293.002     293.000     293.000     293.000     293.000     293.000
 8.10000E-05     293.000     293.000     293.000     293.000     293.001     293.000     293.000     293.000     293.000     293.000
 1.01000E-04     293.000     292.999     293.000     293.002     293.005     292.999     292.999     292.999     292.999     293.000
 1.21000E-04     293.000     293.000     293.000     293.003     293.005     293.000     293.000     293.000     293.000     293.000
 1.41000E-04     293.000     293.000     293.000     293.004     293.006     293.000     293.000     293.000     293.000     293.000
 1.61000E-04     293.000     293.000     293.000     293.006     293.009     293.000     293.000     293.000     293.000     293.000
 1.81000E-04     293.000     293.000     293.000     293.008     293.012     293.000     293.000     293.000     293.000     293.000
 2.01000E-04     293.000     293.000     293.000     293.009     293.012     293.000     293.000     293.000     293.000     293.000
 2.21000E-04     293.000     293.000     293.000     293.009     293.012     293.000     293.000     293.000     293.000     293.000
 2.41000E-04     293.000     292.999     293.000     293.009     293.012     293.000     293.000     293.000     292.999     293.000
 2.61000E-04     293.000     292.999     293.000     293.009     293.012     292.999     292.999     292.999     292.999     293.000
 2.81000E-04     293.000     292.999     293.000     293.008     293.011     292.999     292.999     292.999     292.999     293.000
 3.01000E-04     293.000     292.999     293.000     293.008     293.011     292.999     292.999     292.999     292.999     293.000
 3.21000E-04     293.000     292.999     293.000     293.007     293.010     292.999     292.999     292.999     292.999     293.000
 3.41000E-04     293.000     292.999     293.000     293.007     293.010     292.999     292.999     292.999     292.999     293.000
 3.61000E-04     293.000     292.999     293.000     293.006     293.009     292.999     292.999     292.999     292.999     293.000
 3.81000E-04     293.000     292.999     293.000     293.006     293.009     292.999     292.999     292.999     292.999     293.000
 4.01000E-04     293.000     292.999     293.000     293.005     293.008     292.999     292.999     292.999     292.999     293.000
 4.21000E-04     293.000     292.999     293.000     293.005     293.007     292.999     292.999     292.999     292.999     293.000
 4.41000E-04     293.000     292.999     293.000     293.005     293.007     292.999     292.999     292.999     292.999     293.000
 4.61000E-04     293.000     292.999     293.000     293.005     293.007     292.999     292.999     292.999     292.999     293.000
 4.81000E-04     293.000     292.999     293.000     293.005     293.007     292.999     292.999     292.999     292.999     293.000
 5.01000E-04     293.000     292.999     293.000     293.005     293.007     292.999     292.999     292.999     292.999     293.000
 5.21000E-04     293.000     292.999     293.000     293.005     293.007     292.999     292.999     292.999     292.999     293.000
 5.41000E-04     293.000     292.999     293.000     293.005     293.006     292.999     292.999     292.999     292.999     293.000
 5.61000E-04     293.000     292.999     293.000     293.005     293.006     292.999     292.999     292.999     292.999     293.000
 5.81000E-04     293.000     292.999     293.000     293.005     293.006     292.999     292.999     292.999     292.999     293.000
 6.01000E-04     293.000     292.999     293.000     293.005     293.006     292.999     292.999     293.000     292.999     293.000
 6.21000E-04     293.000     292.999     293.000     293.004     293.005     292.999     293.000     293.000     293.000     293.000
 6.41000E-04     293.000     293.000     293.000     293.004     293.005     293.000     293.000     293.000     293.000     293.000
 6.61000E-04     293.000     293.000     293.000     293.004     293.004     293.000     293.000     293.000     293.000     293.000
 6.81000E-04     293.000     293.000     293.000     293.003     293.004     293.000     293.000     293.000     293.000     293.000
 7.01000E-04     293.000     293.000     293.000     293.003     293.003     293.000     293.000     293.000     293.000     293.000
 7.21000E-04     293.000     293.000     293.000     293.003     293.003     293.000     293.000     293.000     293.000     293.000
 7.41000E-04     293.000     293.000     293.000     293.003     293.003     293.000     293.000     293.000     293.000     293.000
 7.61000E-04     293.000     293.000     293.000     293.003     293.004     293.000     293.000     293.000     293.000     293.000
 7.81000E-04     293.000     293.000     293.000     293.003     293.003     293.000     293.000     293.000     293.000     293.000
 8.01000E-04     293.000     293.000     293.000     293.003     293.003     293.000     293.000     293.000     293.000     293.000
 8.21000E-04     293.000     293.000     293.000     293.003     293.002     293.000     293.000     293.001     293.000     293.000
 8.41000E-04     293.000     293.000     293.000     293.001     293.001     293.000     293.000     293.000     293.000     293.000
 8.61000E-04     293.000     293.000     293.000     293.001     293.001     293.000     293.000     293.001     293.000     293.000
 8.81000E-04     293.000     293.000     293.000     293.001     293.000     293.000     293.000     293.001     293.000     293.000
 9.01000E-04     293.000     293.000     293.000     292.996     292.994     293.000     293.000     293.000     293.000     293.000
 9.21000E-04     293.000     292.999     293.000     292.988     292.986     292.999     292.999     292.999     292.999     292.999
 9.41000E-04     293.000     292.999     293.000     292.988     292.985     292.999     292.999     293.000     293.000     292.999
 9.61000E-04     293.000     292.999     293.000     292.988     292.986     292.999     293.000     293.000     293.000     292.999
 9.81000E-04     293.000     292.999     293.000     292.989     292.986     292.999     293.000     293.000     293.000     292.999
 1.00100E-03     293.000     292.999     293.000     292.989     292.986     292.999     293.000     293.000     293.000     293.000
 1.02100E-03     293.000     292.999     293.000     292.989     292.986     293.000     293.000     293.000     293.000     293.000
 1.04100E-03     293.000     293.000     293.000     292.989     292.987     293.000     293.000     293.000     293.000     293.000
 1.06100E-03     293.000     292.999     293.000     292.989     292.986     292.999     293.000     293.000     293.000     293.000
 1.08100E-03     293.000     292.999     293.000     292.989     292.986     292.999     293.000     293.000     293.000     293.000
 1.10100E-03     293.000     292.999     293.000     292.989     292.987     292.999     293.000     293.000     293.000     293.000
 1.12100E-03     293.000     292.999     293.000     292.989     292.987     292.999     293.000     293.000     293.000     293.000
 1.14100E-03     293.000     292.999     293.000     292.990     292.987     292.999     293.000     293.000     293.000     293.000
 1.16100E-03     293.000     292.999     293.000     292.989     292.986     292.999     293.000     293.000     293.000     293.000
 1.18100E-03     293.000     292.999     293.000     292.989     292.986     292.999     292.999     292.999     293.000     293.000
 1.20100E-03     293.000     292.999     293.000     292.989     292.986     292.999     292.999     292.999     293.000     292.999
 1.22100E-03     293.000     292.999     293.000     292.988     292.986     292.999     292.999     292.999     293.000     292.999
 1.24100E-03     293.000     292.999     293.000     292.988     292.985     292.999     292.999     292.999     292.999     292.999
 1.26100E-03     293.000     292.998     293.000     292.987     292.985     292.999     292.999     292.999     292.999     292.999
 1.28100E-03     293.000     292.998     293.000     292.987     292.984     292.998     292.999     292.999     292.999     292.999
 1.30100E-03     293.000     292.998     293.000     292.986     292.984     292.998     292.999     292.999     292.999     292.999
 1.32100E-03     293.000     292.998     293.000     292.986     292.983     292.998     292.999     292.999     292.999     292.999
 1.34100E-03     293.000     292.998     293.000     292.985     292.983     292.998     292.998     292.999     292.999     292.999
 1.36100E-03     293.000     292.998     293.000     292.985     292.982     292.998     292.998     292.998     292.999     292.999
 1.38100E-03     293.000     292.997     293.000     292.985     292.982     292.998     292.998     292.998     292.999     292.999
 1.40100E-03     293.000     292.997     293.000     292.984     292.982     292.997     292.998     292.998     292.998     292.999
 1.42100E-03     293.000     292.997     293.000     292.984     292.981     292.997     292.998     292.998     292.998     292.999
 1.44100E-03     293.000     292.997     293.000     292.984     292.981     292.997     292.998     292.998     292.998     292.999
 1.46100E-03     293.000     292.997     293.000     292.983     292.981     292.997     292.998     292.998     292.998     292.999
 1.48100E-03     293.000     292.997     293.000     292.983     292.980     292.997     292.997     292.998     292.998     292.999
 1.50100E-03     293.000     292.996     293.000     292.982     292.980     292.997     292.997     292.997     292.998     292.999
 1.52100E-03     293.000     292.996     293.000     292.982     292.979     292.996     292.997     292.997     292.997     292.999
 1.54100E-03     293.000     292.996     293.000     292.982     292.979     292.996     292.997     292.997     292.997     292.999
 1.56100E-03     293.000     292.996     293.000     292.981     292.978     292.996     292.997     292.997     292.997     292.999
 1.58100E-03     293.000     292.996     293.000     292.981     292.978     292.996     292.997     292.997     292.997     292.999
 1.60100E-03     293.000     292.995     293.000     292.980     292.978     292.996     292.996     292.997     292.997     292.999
 1.62100E-03     293.000     292.995     293.000     292.980     292.977     292.996     292.996     292.996     292.997     292.999
 1.64100E-03     293.000     292.995     293.000     292.980     292.978     292.995     292.996     292.996     292.997     292.999
 1.66100E-03     293.000     292.995     293.000     292.980     292.978     292.995     292.996     292.996     292.996     292.999
 1.68100E-03     293.000     292.995     293.000     292.981     292.978     292.995     292.996     292.996     292.996     292.999
 1.70100E-03     293.000     292.995     293.000     292.981     292.978     292.995     292.996     292.996     292.996     292.999
 1.72100E-03     293.000     292.994     293.000     292.980     292.978     292.995     292.995     292.996     292.996     292.999
 1.74100E-03     293.000     292.994     293.000     292.981     292.978     292.995     292.995     292.996     292.996     292.999
 1.76100E-03     293.000     292.994     293.000     292.980     292.977     292.994     292.995     292.996     292.996     292.999
 1.78100E-03     293.000     292.994     293.000     292.979     292.976     292.994     292.995     292.995     292.996     292.999
 1.80100E-03     293.000     292.993     293.000     292.978     292.976     292.994     292.995     292.995     292.995     292.999
 1.82100E-03     293.000     292.993     293.000     292.978     292.976     292.994     292.995     292.995     292.995     292.999
 1.84100E-03     293.000     292.993     293.000     292.977     292.975     292.993     292.994     292.995     292.995     292.999
 1.86100E-03     293.000     292.993     293.000     292.977     292.974     292.993     292.994     292.995     292.995     292.999
 1.88100E-03     293.000     292.993     293.000     292.977     292.974     292.993     292.994     292.994     292.995     292.999
 1.90100E-03     293.000     292.992     293.000     292.976     292.973     292.993     292.994     292.994     292.994     292.999
 1.92100E-03     293.000     292.992     293.000     292.972     292.969     292.992     292.993     292.994     292.994     292.998
 1.94100E-03     293.000     292.990     293.000     292.962     292.958     292.991     292.992     292.992     292.993     292.998
 1.96100E-03     293.000     292.990     293.000     292.961     292.956     292.990     292.991     292.992     292.992     292.998
 1.98100E-03     293.000     292.990     293.000     292.962     292.957     292.990     292.991     292.992     292.992     292.998
 2.00100E-03     293.000     292.990     293.000     292.963     292.959     292.990     292.991     292.992     292.992     292.998
 2.02100E-03     293.000     292.990     293.000     292.964     292.960     292.990     292.991     292.992     292.992     292.998
 2.04100E-03     293.000     292.989     293.000     292.964     292.961     292.990     292.991     292.992     292.992     292.998
 2.06100E-03     293.000     292.989     293.000     292.965     292.962     292.989     292.991     292.992     292.992     292.998
 2.08100E-03     293.000     292.989     293.000     292.966     292.963     292.989     292.991     292.991     292.992     292.998
 2.10100E-03     293.000     292.989     293.000     292.967     292.964     292.989     292.990     292.991     292.991     292.998
 2.12100E-03     293.000     292.988     293.000     292.968     292.965     292.989     292.990     292.991     292.991     292.998
 2.14100E-03     293.000     292.988     293.000     292.969     292.966     292.988     292.990     292.991     292.991     292.998
 2.16100E-03     293.000     292.988     293.000     292.970     292.968     292.988     292.990     292.991     292.991     292.998
 2.18100E-03     293.000     292.988     293.000     292.971     292.969     292.988     292.989     292.990     292.990     292.998
 2.20100E-03     293.000     292.987     293.000     292.972     292.970     292.988     292.989     292.990     292.990     292.998
 2.22100E-03     293.000     292.987     293.000     292.973     292.971     292.987     292.989     292.990     292.990     292.998
 2.24100E-03     293.000     292.987     293.000     292.974     292.973     292.987     292.988     292.989     292.990     292.998
 2.26100E-03     293.000     292.987     293.000     292.976     292.974     292.987     292.988     292.989     292.989     292.998
 2.28100E-03     293.000     292.986     293.000     292.977     292.977     292.986     292.988     292.989     292.989     292.998
 2.30100E-03     293.000     292.986     293.000     292.980     292.979     292.986     292.987     292.988     292.989     292.998
 2.32100E-03     293.000     292.986     293.000     292.982     292.982     292.986     292.987     292.988     292.988     292.998
 2.34100E-03     293.000     292.986     293.000     292.985     292.986     292.985     292.987     292.988     292.988     292.998
 2.36100E-03     293.000     292.985     293.000     292.989     292.990     292.985     292.987     292.988     292.988     292.998
 2.38100E-03     293.000     292.985     293.000     292.994     292.995     292.985     292.986     292.987     292.988     292.998
 2.40100E-03     293.001     292.985     293.000     292.999     293.001     292.984     292.986     292.987     292.987     292.998
 2.42100E-03     293.001     292.985     293.000     293.006     293.008     292.984     292.986     292.987     292.987     292.998
 2.44100E-03     293.001     292.985     293.000     293.014     293.016     292.984     292.985     292.986     292.987     292.998
 2.46100E-03     293.001     292.985     293.000     293.023     293.026     292.983     292.985     292.986     292.987     292.998
 2.48100E-03     293.001     292.985     293.000     293.034     293.038     292.983     292.985     292.986     292.986     292.997
 2.50100E-03     293.001     292.986     293.000     293.047     293.052     292.983     292.985     292.986     292.986     292.997
 2.52100E-03     293.001     292.986     293.000     293.062     293.067     292.983     292.984     292.985     292.986     292.997
 2.54100E-03     293.001     292.986     293.000     293.079     293.086     292.982     292.984     292.985     292.985     292.997
 2.56100E-03     293.001     292.987     293.000     293.099     293.107     292.982     292.984     292.985     292.985     292.997
 2.58100E-03     293.001     292.987     293.000     293.122     293.131     292.982     292.983     292.984     292.985     292.997
 2.60100E-03     293.001     292.988     293.000     293.155     293.165     292.982     292.983     292.984     292.985     292.997
 2.62100E-03     293.002     292.989     293.000     293.185     293.197     292.982     292.983     292.984     292.984     292.997
 2.64100E-03     293.002     292.991     293.000     293.220     293.233     292.981     292.982     292.984     292.984     292.997
 2.66100E-03     293.002     292.992     293.000     293.258     293.273     292.981     292.982     292.983     292.984     292.997
 2.68100E-03     293.002     292.994     293.000     293.301     293.318     292.981     292.982     292.983     292.984     292.997
 2.70100E-03     293.002     292.996     293.000     293.348     293.368     292.981     292.982     292.983     292.983     292.997
 2.72100E-03     293.003     292.999     293.000     293.401     293.422     292.981     292.981     292.982     292.983     292.997
 2.74100E-03     293.003     293.002     293.000     293.458     293.483     292.981     292.981     292.982     292.983     292.997
 2.76100E-03     293.003     293.005     293.000     293.522     293.548     292.981     292.981     292.982     292.983     292.997
 2.78100E-03     293.004     293.009     293.000     293.592     293.622     292.981     292.980     292.982     292.982     292.997
 2.80100E-03     293.004     293.015     293.000     293.677     293.710     292.981     292.980     292.981     292.982     292.997
 2.82100E-03     293.005     293.020     293.000     293.759     293.796     292.981     292.980     292.981     292.982     292.997
 2.84100E-03     293.005     293.027     293.000     293.849     293.889     292.981     292.980     292.981     292.982     292.997
 2.86100E-03     293.006     293.033     293.000     293.943     293.987     292.982     292.979     292.980     292.981     292.997
 2.88100E-03     293.006     293.041     293.000     294.045     294.093     292.982     292.979     292.980     292.981     292.996
 2.90100E-03     293.007     293.051     293.000     294.156     294.208     292.982     292.979     292.980     292.981     292.996
 2.92100E-03     293.008     293.061     293.001     294.271     294.327     292.983     292.978     292.980     292.980     292.996
 2.94100E-03     293.008     293.072     293.002     294.395     294.456     292.984     292.978     292.979     292.980     292.996
 2.96100E-03     293.009     293.084     293.003     294.526     294.592     292.985     292.978     292.979     292.980     292.996
 2.98100E-03     293.010     293.098     293.006     294.664     294.734     292.985     292.977     292.979     292.979     292.996
 3.00100E-03     293.011     293.114     293.009     294.810     294.886     292.987     292.977     292.978     292.979     292.996
 3.02100E-03     293.012     293.131     293.015     294.963     295.044     292.988     292.977     292.978     292.979     292.996
 3.04100E-03     293.013     293.149     293.022     295.126     295.213     292.990     292.976     292.978     292.979     292.996
 3.06100E-03     293.015     293.169     293.032     295.296     295.388     292.991     292.976     292.978     292.978     292.996
 3.08100E-03     293.016     293.192     293.047     295.473     295.571     292.993     292.976     292.977     292.978     292.996
 3.10100E-03     293.018     293.216     293.065     295.659     295.764     292.996     292.975     292.977     292.978     292.996
 3.12100E-03     293.019     293.242     293.090     295.853     295.964     292.999     292.975     292.977     292.977     292.996
 3.14100E-03     293.021     293.270     293.121     296.052     296.170     293.001     292.975     292.976     292.977     292.996
 3.16100E-03     293.023     293.301     293.160     296.261     296.385     293.005     292.974     292.976     292.977     292.995
 3.18100E-03     293.025     293.331     293.209     296.463     296.592     293.006     292.972     292.973     292.974     292.993
 3.20100E-03     293.028     293.367     293.267     296.703     296.835     293.010     292.971     292.973     292.974     292.993
 3.22100E-03     293.030     293.405     293.337     296.977     297.109     293.015     292.971     292.973     292.974     292.993
 3.24100E-03     293.032     293.446     293.420     297.310     297.432     293.020     292.971     292.973     292.974     292.994
 3.26100E-03     293.035     293.490     293.517     297.735     297.830     293.026     292.971     292.973     292.974     292.994
 3.28100E-03     293.038     293.537     293.628     298.298     298.339     293.032     292.971     292.972     292.973     292.994
 3.30100E-03     293.041     293.588     293.755     299.049     299.000     293.039     292.971     292.972     292.973     292.994
 3.32100E-03     293.045     293.643     293.900     300.040     299.854     293.046     292.970     292.972     292.973     292.994
 3.34100E-03     293.048     293.703     294.062     301.312     300.933     293.054     292.970     292.972     292.973     292.994
 3.36100E-03     293.052     293.770     294.242     302.913     302.278     293.063     292.969     292.971     292.972     292.994
 3.38100E-03     293.056     293.844     294.442     304.869     303.912     293.072     292.969     292.971     292.972     292.995
 3.40100E-03     293.060     293.930     294.676     307.206     305.854     293.082     292.969     292.971     292.972     292.995
 3.42100E-03     293.065     294.027     294.917     309.902     308.092     293.093     292.969     292.970     292.971     292.995
 3.44100E-03     293.069     294.140     295.179     312.977     310.649     293.106     292.968     292.970     292.971     292.995
 3.46100E-03     293.074     294.272     295.461     316.396     313.492     293.119     292.968     292.970     292.971     292.995
 3.48100E-03     293.079     294.426     295.765     320.143     316.617     293.134     292.967     292.969     292.970     292.995
 3.50099E-03     293.085     294.608     296.090     324.202     320.018     293.151     292.967     292.969     292.970     292.996
 3.52099E-03     293.090     294.820     296.436     328.520     323.649     293.170     292.967     292.969     292.970     292.996
 3.54099E-03     293.096     295.068     296.802     333.055     327.475     293.191     292.966     292.968     292.969     292.996
 3.56099E-03     293.102     295.355     297.190     337.793     331.496     293.215     292.966     292.968     292.969     292.996
 3.58099E-03     293.109     295.687     297.598     342.678     335.660     293.243     292.966     292.968     292.969     292.997
 3.60099E-03     293.115     296.067     298.032     347.665     339.928     293.274     292.966     292.967     292.968     292.997
 3.62099E-03     293.122     296.499     298.481     352.743     344.300     293.310     292.965     292.967     292.968     292.997
 3.64099E-03     293.129     296.986     298.949     357.869     348.734     293.352     292.965     292.967     292.968     292.998
 3.66099E-03     293.137     297.532     299.437     363.015     353.206     293.399     292.965     292.966     292.967     292.998
 3.68099E-03     293.145     298.140     299.943     368.156     357.694     293.453     292.964     292.966     292.967     292.998
 3.70099E-03     293.153     298.811     300.467     373.271     362.181     293.515     292.964     292.966     292.967     292.999
 3.72099E-03     293.162     299.548     301.009     378.340     366.648     293.585     292.964     292.965     292.966     292.999
 3.74099E-03     293.171     300.353     301.567     383.348     371.081     293.665     292.963     292.965     292.966     292.999
 3.76099E-03     293.182     301.226     302.141     388.282     375.467     293.756     292.963     292.965     292.966     293.000
 3.78099E-03     293.193     302.167     302.731     393.130     379.796     293.858     292.963     292.964     292.965     293.000
 3.80099E-03     293.207     303.257     303.406     398.294     384.376     293.981     292.963     292.964     292.965     293.001
 3.82099E-03     293.222     304.342     304.027     402.940     388.561     294.110     292.962     292.964     292.965     293.001
 3.84099E-03     293.241     305.496     304.662     407.481     392.667     294.254     292.962     292.963     292.964     293.002
 3.86099E-03     293.263     306.717     305.309     411.914     396.690     294.412     292.962     292.963     292.964     293.003
 3.88099E-03     293.291     308.004     305.969     416.235     400.627     294.587     292.962     292.963     292.964     293.003
 3.90099E-03     293.325     309.356     306.640     420.444     404.474     294.779     292.962     292.962     292.964     293.004
 3.92099E-03     293.367     310.771     307.322     424.541     408.233     294.989     292.962     292.962     292.963     293.005
 3.94099E-03     293.418     312.247     308.014     428.526     411.900     295.218     292.962     292.962     292.963     293.005
 3.96099E-03     293.481     313.782     308.715     432.398     415.475     295.466     292.962     292.962     292.963     293.006
 3.98099E-03     293.556     315.374     309.426     436.162     418.960     295.734     292.962     292.961     292.962     293.007
 4.00099E-03     293.653     317.164     310.218     440.146     422.599     296.046     292.962     292.961     292.962     293.008
 4.02099E-03     293.760     318.869     310.946     443.688     425.900     296.357     292.962     292.961     292.962     293.009
 4.04099E-03     293.886     320.625     311.680     447.130     429.115     296.690     292.962     292.960     292.962     293.010
 4.06099E-03     294.031     322.428     312.421     450.476     432.246     297.044     292.962     292.960     292.961     293.011
 4.08099E-03     294.197     324.276     313.168     453.727     435.295     297.421     292.963     292.960     292.961     293.012
 4.10099E-03     294.386     326.167     313.919     456.888     438.263     297.820     292.963     292.960     292.961     293.013
 4.12099E-03     294.598     328.097     314.675     459.961     441.152     298.242     292.963     292.959     292.960     293.015
 4.14099E-03     295.000     330.066     315.435     462.957     443.974     298.686     292.964     292.959     292.960     293.016
 4.16100E-03     336.318     332.069     316.199     465.863     446.709     299.153     292.965     292.959     292.960     293.018
 4.18100E-03    1302.404     334.106     316.965     468.701     449.388     299.643     292.965     292.958     292.960     293.019
 4.20100E-03    2404.409     337.053     318.109     472.665     452.876     300.354     292.966     292.958     292.959     293.021
 4.22100E-03    2629.126     339.168     318.883     475.331     455.399     300.899     292.967     292.958     292.959     293.023
 4.24100E-03    2420.975     341.308     319.659     477.920     457.849     301.465     292.968     292.957     292.959     293.024
 4.26100E-03    2269.003     343.471     320.436     480.439     460.232     302.054     292.969     292.957     292.958     293.026
 4.28100E-03    2163.662     345.656     321.213     482.903     462.570     302.664     292.971     292.957     292.958     293.028
 4.30100E-03    2078.186     347.861     321.991     485.295     464.839     303.297     292.972     292.957     292.958     293.030
 4.32100E-03    2009.488     350.083     322.768     487.624     467.049     303.950     292.974     292.956     292.958     293.032
 4.34100E-03    1957.027     352.320     323.544     489.902     469.218     304.625     292.976     292.956     292.957     293.034
 4.36100E-03    1907.519     354.572     324.319     492.108     471.316     305.320     292.978     292.956     292.957     293.037
 4.38100E-03    1866.412     356.836     325.093     494.260     473.367     306.035     292.981     292.955     292.957     293.039
 4.40100E-03    1834.232     359.111     325.958     496.360     475.376     306.770     292.984     292.955     292.956     293.042
 4.42100E-03    1801.115     361.395     326.728     498.395     477.322     307.524     292.987     292.955     292.956     293.044
 4.44100E-03    1773.213     363.687     327.496     500.378     479.224     308.296     292.990     292.954     292.956     293.047
 4.46100E-03    1750.451     365.985     328.261     502.310     481.084     309.087     292.994     292.954     292.955     293.050
 4.48100E-03    1726.151     368.288     329.023     504.177     482.881     309.896     292.998     292.954     292.955     293.054
 4.50100E-03    1705.794     370.595     329.782     505.996     484.639     310.722     293.003     292.953     292.955     293.057
 4.52100E-03    1690.211     372.905     330.538     507.766     486.356     311.565     293.008     292.953     292.954     293.060
 4.54100E-03    1672.157     375.215     331.290     509.475     488.013     312.424     293.013     292.953     292.954     293.064
 4.56100E-03    1657.793     377.526     332.037     511.156     489.646     313.299     293.019     292.952     292.954     293.068
 4.58100E-03    1646.978     379.841     332.781     513.288     491.602     314.189     293.025     292.952     292.953     293.072
 4.60100E-03    1638.448     384.514     333.523     527.415     502.170     315.144     293.032     292.952     292.953     293.076
 4.62100E-03    1631.153     653.641     334.258     769.731     687.172     321.100     293.039     292.951     292.953     293.080
 4.64100E-03    1626.684    1916.241     334.988    1802.775    1527.841     382.876     293.045     292.949     292.951     293.082
 4.66100E-03    1624.079    2730.928     335.714    2588.054    2039.351     456.807     293.054     292.949     292.951     293.087
 4.68100E-03    1622.429    2569.285     336.434    2415.375    1824.968     491.056     293.063     292.949     292.950     293.092
 4.70100E-03    1621.295    2400.093     337.150    2221.274    1682.268     522.055     293.073     292.949     292.950     293.097
 4.72100E-03    1619.757    2284.333     337.860    2084.118    1602.898     552.625     293.084     292.948     292.950     293.103
 4.74100E-03    1617.899    2197.872     338.565    1983.737    1557.727     582.326     293.096     292.948     292.950     293.108
 4.76100E-03    1616.141    2129.435     339.263    1909.210    1492.162     610.868     293.108     292.948     292.949     293.114
 4.78100E-03    1613.082    2072.388     339.957    1853.169    1443.246     638.085     293.121     292.947     292.949     293.120
 4.80100E-03    1609.397    2023.340     340.672    1810.515    1400.781     663.838     293.135     292.947     292.949     293.126
 4.82100E-03    1605.419    1979.758     341.353    1776.946    1364.292     688.229     293.150     292.947     292.949     293.133
 4.84100E-03    1600.569    1940.892     342.029    1750.051    1333.119     711.202     293.166     292.946     292.948     293.140
 4.86100E-03    1594.871    1905.878     342.698    1727.777    1305.995     732.798     293.183     292.946     292.948     293.147
 4.88100E-03    1587.765    1873.969     343.361    1708.874    1282.197     753.076     293.200     292.946     292.948     293.154
 4.90100E-03    1579.420    1844.979     344.017    1692.439    1261.220     772.103     293.220     292.945     292.947     293.161
 4.92100E-03    1565.329    1818.509     344.668    1677.714    1242.576     789.951     293.240     292.945     292.947     293.169
 4.94100E-03    1541.905    1794.061     345.312    1664.620    1225.884     806.692     293.262     292.945     292.947     293.177
 4.96100E-03    1507.909    1771.599     345.949    1652.859    1210.852     822.399     293.285     292.944     292.946     293.186
 4.98100E-03    1477.042    1750.973     346.580    1642.432    1197.241     837.142     293.310     292.944     292.946     293.194
 5.00100E-03    1451.371    1732.237     347.226    1633.237    1184.870     850.983     293.337     292.944     292.946     293.203
 5.02100E-03    1427.602    1714.803     347.844    1625.223    1173.521     863.994     293.367     292.943     292.945     293.212
 5.04100E-03    1402.263    1699.023     348.584    1618.505    1163.103     876.231     293.399     292.943     292.945     293.222
 5.06100E-03    1379.832    1684.621     385.049    1612.177    1153.448     887.753     293.435     292.943     292.944     293.232
 5.08100E-03    1361.227    1671.469    1352.486    1604.982    1144.451     898.611     293.473     292.942     292.944     293.242
 5.10100E-03    1340.618    1659.652    2427.904    1596.702    1136.041     908.859     293.516     292.942     292.944     293.252
 5.12100E-03    1321.011    1649.173    2665.194    1587.045    1128.156     918.544     293.563     292.942     292.944     293.263
 5.14100E-03    1305.853    1640.371    2461.030    1576.692    1120.761     927.717     293.616     292.941     292.943     293.274
 5.16100E-03    1290.807    1633.165    2313.023    1563.348    1113.781     936.430     293.674     292.941     292.943     293.286
 5.18100E-03    1276.579    1627.749    2206.358    1549.033    1107.174     944.734     293.738     292.941     292.943     293.298
 5.20100E-03    1261.753    1623.898    2092.436    1533.420    1100.745     960.121     293.813     292.940     292.942     293.310
 5.22100E-03    1247.271    1622.375    1997.118    1520.877    1094.831     969.824     293.893     292.940     292.942     293.323
 5.24100E-03    1233.094    1621.258    1923.565    1506.955    1089.226     979.677     293.981     292.940     292.942     293.336
 5.26100E-03    1219.488    1619.770    1868.008    1494.880    1083.919     989.513     294.078     292.940     292.942     293.349
 5.28100E-03    1206.414    1617.927    1824.624    1483.765    1078.879     999.210     294.186     292.939     292.941     293.363
 5.30100E-03    1193.814    1615.775    1789.211    1472.385    1074.076    1008.673     294.304     292.939     292.941     293.377
 5.32100E-03    1181.704    1613.338    1759.455    1461.938    1069.489    1017.829     294.434     292.939     292.941     293.391
 5.34100E-03    1170.023    1610.599    1733.851    1452.016    1065.093    1026.633     294.576     292.938     292.940     293.407
 5.36100E-03    1158.743    1607.621    1711.636    1442.275    1060.869    1035.055     294.732     292.938     292.940     293.422
 5.38100E-03    1147.868    1604.412    1692.287    1433.135    1056.806    1043.061     294.901     292.938     292.940     293.438
 5.40100E-03    1136.776    1599.932    1671.765    1421.522    1051.296    1086.510     295.157     292.938     292.940     293.455
 5.42100E-03    1125.906    1595.903    1654.439    1412.414    1047.549    1104.038     295.361     292.937     292.939     293.472
 5.44100E-03    1115.230    1591.211    1640.833    1403.668    1043.929    1118.702     295.582     292.937     292.939     293.489
 5.46101E-03    1104.850    1585.841    1631.152    1395.224    1040.431    1130.830     295.819     292.937     292.939     293.507
 5.48101E-03    1094.811    1578.915    1625.154    1386.964    1037.047    1140.756     296.072     292.937     292.939     293.525
 5.50101E-03    1085.122    1569.688    1622.490    1378.819    1033.770    1148.776     296.344     292.936     292.938     293.544
 5.52101E-03    1075.772    1555.807    1621.340    1370.630    1030.588    1155.163     296.633     292.936     292.938     293.563
 5.54101E-03    1066.742    1535.121    1619.912    1362.272    1027.489    1160.140     296.940     292.936     292.938     293.582
 5.56101E-03    1058.011    1509.694    1618.227    1353.587    1024.461    1163.894     297.265     292.935     292.938     293.602
 5.58101E-03    1049.559    1486.025    1616.265    1344.493    1021.489    1166.579     297.610     292.935     292.937     293.623
 5.60101E-03    1040.939    1463.844    1613.563    1333.875    1017.810    1173.213     298.069     292.935     292.937     293.645
 5.62101E-03    1033.029    1444.394    1610.944    1323.950    1014.917    1185.835     298.456     292.935     292.937     293.667
 5.64101E-03    1025.352    1426.651    1607.847    1313.862    1012.034    1194.369     298.863     292.934     292.936     293.689
 5.66101E-03    1017.870    1410.369    1604.249    1303.786    1009.144    1200.145     299.289     292.934     292.936     293.711
 5.68101E-03    1010.591    1395.376    1600.067    1293.860    1006.242    1203.870     299.734     292.934     292.936     293.734
 5.70101E-03    1003.379    1381.123    1595.065    1284.066    1003.305    1205.900     300.199     292.934     292.936     293.758
 5.72101E-03     996.363    1367.811    1588.654    1274.515    1000.347    1206.630     300.683     292.933     292.936     293.783
 5.74101E-03     989.701    1355.706    1580.653    1265.340     997.393    1206.422     301.186     292.933     292.935     293.808
 5.76101E-03     983.302    1344.434    1569.642    1256.517     994.445    1205.432     301.708     292.933     292.935     293.833
 5.78101E-03     976.897    1333.338    1550.070    1247.845     991.452    1203.661     302.248     292.932     292.935     293.859
 5.80101E-03     970.531    1322.529    1515.907    1238.773     987.922    1188.538     302.912     292.932     292.934     293.887
 5.82101E-03     964.223    1312.081    1480.215    1230.511     984.911    1183.197     303.494     292.932     292.934     293.914
 5.84101E-03     958.007    1301.944    1450.073    1222.467     981.895    1177.807     304.094     292.932     292.934     293.942
 5.86101E-03     951.986    1292.302    1424.510    1214.690     978.897    1172.403     304.712     292.931     292.934     293.970
 5.88101E-03     946.028    1282.833    1401.575    1207.074     975.891    1166.997     305.348     292.931     292.933     294.000
 5.90101E-03     940.193    1273.644    1380.833    1199.642     972.890    1161.610     306.001     292.931     292.933     294.029
 5.92101E-03     934.577    1264.927    1362.220    1192.453     969.920    1156.272     306.671     292.931     292.933     294.060
 5.94101E-03     929.018    1256.322    1344.675    1185.388     966.947    1150.982     307.357     292.930     292.933     294.091
 5.96101E-03     923.606    1248.015    1328.372    1178.504     963.995    1145.755     308.060     292.930     292.932     294.123
 5.98101E-03     918.386    1240.085    1313.299    1171.833     961.078    1140.605     308.779     292.930     292.932     294.155
 6.00101E-03     913.050    1232.132    1298.265    1165.230     958.147    1135.483     309.513     292.930     292.932     294.188
 6.02101E-03     908.019    1224.501    1284.497    1158.812     955.254    1130.470     310.262     292.929     292.932     294.222
 6.04101E-03     903.048    1216.984    1271.211    1152.503     952.371    1125.526     311.026     292.929     292.931     294.256
 6.06101E-03     898.147    1209.590    1258.387    1146.305     949.503    1120.648     311.859     292.929     292.931     294.291
 6.08101E-03     893.442    1202.545    1246.389    1140.295     946.678    1115.851     315.413     292.928     292.930     294.327
 6.10101E-03     888.759    1195.537    1234.627    1134.373     943.870    1111.127     333.318     292.927     292.929     294.362
 6.12101E-03     884.103    1188.590    1223.091    1128.570     941.116    1106.478     350.744     292.927     292.929     294.400
 6.14101E-03     879.648    1182.026    1212.306    1123.008     938.478    1101.926     364.509     292.927     292.929     294.438
 6.16101E-03     875.165    1175.420    1201.546    1117.565     935.929    1097.466     379.062     292.927     292.929     294.477
 6.18101E-03     870.796    1169.046    1191.234    1112.356     933.541    1093.123     394.420     292.926     292.929     294.517
 6.20101E-03     866.458    1162.795    1181.093    1107.370     931.339    1088.906     410.402     292.926     292.928     294.557
 6.22101E-03     862.356    1156.984    1171.717    1102.733     929.385    1084.862     426.817     292.926     292.928     294.598
 6.24101E-03     858.217    1151.188    1162.312    1098.318     927.656    1080.992     443.517     292.926     292.928     294.640
 6.26101E-03     854.102    1145.525    1153.046    1094.163     926.177    1077.316     462.939     292.925     292.927     294.683
 6.28101E-03     850.170    1140.271    1144.353    1090.346     924.970    1073.867     484.489     292.925     292.927     294.726
 6.30101E-03     846.215    1135.105    1135.661    1086.768     924.010    1070.651     507.401     292.924     292.927     294.770
 6.32101E-03     842.348    1130.208    1127.270    1083.464     923.293    1067.689     530.944     292.924     292.926     294.816
 6.34101E-03     838.616    1125.646    1119.286    1080.439     922.801    1064.996     554.578     292.924     292.926     294.861
 6.36101E-03     834.861    1121.193    1111.297    1077.614     922.511    1062.573     577.914     292.924     292.926     294.908
 6.38101E-03     831.137    1116.929    1103.443    1074.988     922.398    1060.420     600.699     292.924     292.925     294.956
 6.40101E-03     827.405    1112.886    1095.579    1072.549     922.436    1058.537     622.634     292.923     292.925     295.004
 6.42101E-03     823.852    1109.124    1088.226    1070.294     922.603    1056.930     643.930     292.923     292.925     295.053
 6.44101E-03     820.365    1105.574    1081.080    1068.196     922.873    1055.589     664.391     292.923     292.925     295.103
 6.46101E-03     816.865    1102.135    1073.955    1066.210     923.230    1054.499     683.989     292.923     292.924     295.154
 6.48101E-03     813.441    1098.903    1067.053    1064.346     923.648    1053.652     702.721     292.922     292.924     295.206
 6.50101E-03     810.117    1095.888    1060.420    1062.595     924.107    1053.036     720.601     292.922     292.924     295.258
 6.52101E-03     806.778    1092.967    1053.812    1060.916     924.598    1052.633     737.665     292.922     292.923     295.311
 6.54101E-03     803.412    1090.099    1047.167    1059.286     925.105    1052.423     753.964     292.922     292.923     295.366
 6.56101E-03     800.107    1087.378    1040.693    1057.714     925.610    1052.390     769.545     292.922     292.923     295.421
 6.58101E-03     796.873    1084.801    1034.400    1056.195     926.104    1052.521     784.447     292.921     292.922     295.477
 6.60101E-03     793.697    1082.339    1028.240    1054.719     926.581    1052.708     799.504     292.921     292.922     295.534
 6.62101E-03     790.582    1079.983    1022.215    1053.277     927.028    1053.122     813.097     292.921     292.922     295.592
 6.64101E-03     787.541    1077.733    1016.340    1051.867     927.441    1053.652     826.105     292.921     292.921     295.650
 6.66101E-03     784.568    1075.566    1010.586    1050.482     927.816    1054.282     838.560     292.921     292.921     295.710
 6.68101E-03     781.672    1073.483    1004.960    1049.119     928.151    1054.999     850.491     292.921     292.921     295.771
 6.70101E-03     778.852    1071.467     999.446    1047.771     928.441    1055.787     861.925     292.921     292.920     295.832
 6.72101E-03     776.119    1069.520     994.055    1046.438     928.686    1056.635     872.886     292.921     292.920     295.894
 6.74101E-03     773.469    1067.628     988.768    1045.115     928.885    1057.531     883.396     292.921     292.920     295.957
 6.76101E-03     770.904    1065.787     983.581    1043.800     929.037    1058.464     893.475     292.921     292.920     296.022
 6.78102E-03     768.432    1063.997     978.507    1042.492     929.142    1059.424     903.141     292.921     292.919     296.087
 6.80102E-03     766.039    1062.295     973.420    1041.304     929.341    1060.656     936.592     292.921     292.919     296.154
 6.82102E-03     763.720    1060.607     968.442    1040.030     929.349    1062.314     953.116     292.921     292.919     296.221
 6.84102E-03     761.482    1058.984     963.517    1038.762     929.313    1063.725     968.517     292.921     292.919     296.289
 6.86102E-03     759.325    1057.410     958.643    1037.494     929.233    1064.946     982.781     292.921     292.918     296.358
 6.88102E-03     757.252    1055.878     953.834    1036.228     929.110    1066.011     995.919     292.921     292.918     296.427
 6.90102E-03     755.265    1054.380     949.104    1034.964     928.946    1066.941    1007.963     292.922     292.918     296.498
 6.92102E-03     753.363    1052.910     944.460    1033.703     928.743    1067.750    1018.926     292.922     292.918     296.569
 6.94102E-03     751.542    1051.462     939.904    1032.446     928.502    1068.451    1028.795     292.922     292.917     296.642
 6.96102E-03     749.800    1050.035     935.438    1031.193     928.225    1069.053    1037.619     292.923     292.917     296.715
 6.98102E-03     748.131    1048.625     931.061    1029.943     927.915    1069.565    1045.462     292.923     292.917     296.790
 7.00102E-03     746.523    1047.263     926.744    1028.708     927.597    1070.498    1077.544     292.924     292.917     296.866
 7.02102E-03     744.958    1045.909     922.537    1027.460     927.222    1069.867    1097.312     292.924     292.916     296.942
 7.04102E-03     743.411    1044.545     918.334    1026.209     926.819    1069.214    1113.556     292.925     292.916     297.019
 7.06102E-03     741.925    1043.219     914.263    1024.969     926.390    1068.580    1126.602     292.926     292.916     297.098
 7.08102E-03     740.473    1041.895     910.242    1023.733     925.936    1067.938    1136.865     292.926     292.916     297.177
 7.10102E-03     739.074    1040.596     906.335    1022.505     925.460    1067.297    1144.795     292.927     292.915     297.257
 7.12102E-03     737.719    1039.311     902.516    1021.285     924.963    1066.646    1150.777     292.928     292.915     297.338
 7.14102E-03     736.386    1038.012     898.715    1020.062     924.444    1065.965    1155.101     292.929     292.915     297.420
 7.16102E-03     735.087    1036.718     894.980    1018.840     923.907    1065.263    1158.041     292.930     292.914     297.503
 7.18102E-03     733.831    1035.441     891.338    1017.624     923.352    1064.545    1159.836     292.931     292.914     297.587
 7.20102E-03     732.674    1034.301     887.564    1016.645     923.010    1069.538    1144.772     292.933     292.914     297.676
 7.22102E-03     731.568    1033.041     883.996    1015.465     922.410    1069.198    1144.138     292.934     292.914     297.762
 7.24102E-03     730.511    1031.781     880.464    1014.289     921.794    1068.796    1143.050     292.936     292.913     297.849
 7.26102E-03     729.480    1030.502     876.945    1013.102     921.163    1068.316    1141.554     292.937     292.913     297.936
 7.28102E-03     728.480    1029.225     873.490    1011.907     920.520    1067.771    1139.714     292.939     292.913     298.025
 7.30102E-03     727.502    1027.941     870.091    1010.700     919.863    1067.162    1137.579     292.941     292.913     298.115
 7.32102E-03     726.538    1026.634     866.729    1009.469     919.182    1066.479    1135.190     292.942     292.912     298.205
 7.34102E-03     725.597    1025.333     863.452    1008.229     918.487    1065.742    1132.645     292.943     292.910     298.296
 7.36102E-03     724.668    1024.038     860.216    1006.992     917.792    1064.952    1129.968     292.946     292.910     298.389
 7.38102E-03     723.744    1022.726     856.998    1005.743     917.084    1064.097    1127.168     292.949     292.910     298.482
 7.40102E-03     722.850    1021.411     853.783    1004.482     916.356    1063.189    1124.277     292.952     292.909     298.577
 7.42102E-03     721.964    1020.121     850.728    1003.226     915.625    1062.244    1121.432     292.955     292.909     298.672
 7.44102E-03     721.080    1018.812     847.688    1001.957     914.876    1061.239    1118.626     292.959     292.909     298.769
 7.46102E-03     720.202    1017.491     844.680    1000.678     914.112    1060.179    1115.901     292.962     292.909     298.866
 7.48102E-03     719.344    1016.190     841.757     999.401     913.340    1059.088    1113.320     292.967     292.909     298.965
 7.50102E-03     718.486    1014.869     838.847     998.112     912.551    1057.942    1110.904     292.971     292.908     299.064
 7.52102E-03     717.630    1013.532     835.956     996.812     911.747    1056.744    1108.676     292.976     292.908     299.164
 7.54102E-03     716.794    1012.220     833.157     995.517     910.936    1055.523    1106.685     292.981     292.908     299.266
 7.56102E-03     715.956    1010.889     830.368     994.211     910.110    1054.253    1104.934     292.986     292.908     299.368
 7.58102E-03     715.118    1009.540     827.596     992.893     909.269    1052.936    1103.427     292.992     292.907     299.471
 7.60102E-03     714.289    1008.185     824.851     991.568     908.415    1051.583    1102.156     292.999     292.907     299.575
 7.62102E-03     713.454    1006.823     822.145     990.238     907.551    1050.191    1101.156     293.006     292.907     299.681
 7.64102E-03     712.632    1005.487     819.525     988.913     906.683    1048.788    1100.423     293.013     292.906     299.787
 7.66102E-03     711.809    1004.142     816.929     987.582     905.805    1047.351    1099.942     293.021     292.906     299.894
 7.68102E-03     710.978    1002.766     814.329     986.239     904.912    1045.868    1099.682     293.030     292.906     300.002
 7.70102E-03     710.150    1001.389     811.767     984.891     904.011    1044.359    1099.636     293.039     292.906     300.111
 7.72102E-03     709.324    1000.012     809.243     983.541     903.102    1042.826    1099.789     293.050     292.905     300.221
 7.74102E-03     708.501     998.634     806.754     982.188     902.187    1041.272    1100.126     293.061     292.905     300.332
 7.76102E-03     707.680     997.255     804.300     980.834     901.266    1039.697    1100.630     293.074     292.905     300.444
 7.78102E-03     706.860     995.874     801.876     979.478     900.339    1038.102    1101.281     293.088     292.904     300.557
 7.80102E-03     706.135     994.612     799.445     978.135     899.423    1036.320    1098.087     293.109     292.904     300.673
 7.82102E-03     705.284     993.265     797.100     976.747     898.483    1033.957    1099.302     293.127     292.904     300.788
 7.84102E-03     704.411     991.903     794.781     975.360     897.540    1031.904    1100.616     293.147     292.903     300.904
 7.86102E-03     703.518     990.518     792.483     973.976     896.595    1029.990    1102.010     293.169     292.903     301.020
 7.88102E-03     702.612     989.116     790.209     972.595     895.649    1028.150    1103.471     293.195     292.903     301.138
 7.90102E-03     701.697     987.697     787.955     971.218     894.702    1026.345    1104.985     293.223     292.903     301.256
 7.92102E-03     700.778     986.267     785.723     969.843     893.756    1024.562    1106.538     293.255     292.902     301.376
 7.94102E-03     699.856     984.830     783.514     968.471     892.810    1022.793    1108.118     293.291     292.902     301.496
 7.96102E-03     698.935     983.390     781.327     967.101     891.866    1021.032    1109.713     293.331     292.902     301.618
 7.98102E-03     698.018     981.953     779.169     965.734     890.924    1019.282    1111.314     293.376     292.901     301.740
 8.00102E-03     697.151     980.558     776.993     964.374     889.976    1016.211    1113.078     293.436     292.901     301.864
 8.02102E-03     696.243     979.147     774.879     963.024     889.037    1013.633    1115.165     293.493     292.901     301.988
 8.04102E-03     695.333     977.723     772.771     961.674     888.100    1011.392    1116.947     293.556     292.901     302.113
 8.06102E-03     694.419     976.274     770.663     960.318     887.165    1009.329    1118.495     293.627     292.900     302.239
 8.08102E-03     693.504     974.804     768.560     958.955     886.233    1007.376    1119.854     293.704     292.900     302.366
 8.10102E-03     692.590     973.315     766.467     957.585     885.304    1005.492    1121.050     293.789     292.900     302.494
 8.12102E-03     691.678     971.812     764.385     956.209     884.377    1003.653    1122.104     293.883     292.899     302.623
 8.14102E-03     690.769     970.300     762.319     954.828     883.453    1001.847    1123.030     293.986     292.899     302.752
 8.16103E-03     689.862     968.783     760.270     953.444     882.532    1000.064    1123.839     294.098     292.899     302.883
 8.18103E-03     688.949     967.236     758.209     952.052     881.611     998.275    1124.530     294.219     292.899     303.015
 8.20103E-03     688.068     965.737     756.168     950.650     880.687     999.035    1128.651     294.364     292.898     303.148
 8.22103E-03     687.180     964.246     754.174     949.273     879.771     996.614    1129.888     294.508     292.898     303.282
 8.24103E-03     686.308     962.806     752.242     947.914     878.863     994.491    1131.008     294.662     292.898     303.416
 8.26103E-03     685.431     961.362     750.318     946.561     877.958     992.509    1132.018     294.829     292.898     303.551
 8.28103E-03     684.551     959.914     748.402     945.213     877.056     990.617    1132.922     295.008     292.897     303.687
 8.30103E-03     683.674     958.479     746.516     943.874     876.159     988.803    1133.725     295.199     292.897     303.824
 8.32103E-03     682.788     957.022     744.621     942.534     875.261     987.013    1134.424     295.402     292.897     303.962
 8.34103E-03     681.911     955.583     742.765     941.200     874.368     985.277    1135.022     295.625     292.896     304.101
 8.36103E-03     681.031     954.126     740.915     939.859     873.466     983.548    1135.519     296.003     292.895     304.241
 8.38103E-03     680.152     952.683     739.082     938.533     872.578     981.851    1135.915     296.783     292.895     304.381
 8.40103E-03     679.284     951.254     737.249     937.211     871.691     980.194    1136.194     297.824     292.894     304.522
 8.42103E-03     678.430     949.874     735.497     935.916     870.822     978.586    1136.395     299.183     292.894     304.664
 8.44103E-03     677.565     948.473     733.735     934.620     869.950     976.963    1136.498     300.924     292.894     304.808
 8.46103E-03     676.697     947.066     731.979     933.325     869.079     975.338    1136.499     303.088     292.894     304.952
 8.48103E-03     675.847     945.701     730.274     932.050     868.218     973.763    1136.404     305.708     292.893     305.097
 8.50103E-03     674.994     944.331     728.575     930.777     867.359     972.188    1136.212     308.827     292.893     305.243
 8.52103E-03     674.143     942.970     726.894     929.513     866.503     970.628    1135.923     312.499     292.893     305.389
 8.54103E-03     673.304     941.637     725.250     928.264     865.655     969.102    1135.542     316.776     292.893     305.537
 8.56103E-03     672.461     940.298     723.608     927.018     864.808     967.573    1135.067     321.695     292.892     305.685
 8.58103E-03     671.621     938.966     721.982     925.780     863.965     966.058    1134.500     327.272     292.892     305.834
 8.60103E-03     670.840     937.605     720.254     924.517     863.111     969.420    1135.089     340.718     292.891     305.986
 8.62103E-03     670.071     936.308     718.629     923.319     862.270     967.135    1133.162     348.415     292.891     306.136
 8.64103E-03     669.300     935.043     717.023     922.135     861.434     965.080    1131.278     356.736     292.891     306.288
 8.66103E-03     668.518     933.794     715.429     920.964     860.603     963.172    1129.416     365.620     292.890     306.440
 8.68103E-03     667.723     932.554     713.843     919.802     859.779     961.366    1127.563     374.997     292.890     306.594
 8.70103E-03     666.918     931.317     712.264     918.649     858.961     959.636    1125.710     384.797     292.890     306.748
 8.72103E-03     666.103     930.082     710.693     917.502     858.150     957.966    1123.848     394.948     292.889     306.903
 8.74103E-03     665.285     928.852     709.133     916.363     857.345     956.347    1121.971     405.381     292.889     307.059
 8.76103E-03     664.464     927.628     707.586     915.231     856.546     954.774    1120.076     416.033     292.888     307.215
 8.78103E-03     663.641     926.408     706.051     914.104     855.753     953.235    1118.159     426.848     292.888     307.372
 8.80103E-03     662.935     925.165     704.436     912.970     854.972     958.913    1108.806     445.285     292.888     307.531
 8.82103E-03     662.252     923.931     702.954     911.879     854.194     957.536    1101.767     457.120     292.887     307.690
 8.84103E-03     661.565     922.685     701.494     910.782     853.421     956.238    1096.632     469.263     292.887     307.850
 8.86103E-03     660.862     921.432     700.056     909.678     852.653     955.005    1092.503     481.661     292.887     308.010
 8.88103E-03     660.139     920.173     698.634     908.566     851.889     953.815    1088.943     494.245     292.886     308.171
 8.90103E-03     659.397     918.910     697.227     907.446     851.129     952.653    1085.735     506.938     292.886     308.333
 8.92103E-03     658.639     917.648     695.833     906.323     850.372     951.510    1082.761     519.670     292.885     308.496
 8.94103E-03     657.870     916.389     694.452     905.197     849.617     950.379    1079.952     532.374     292.885     308.659
 8.96103E-03     657.092     915.135     693.084     904.071     848.863     949.252    1077.263     544.994     292.885     308.823
 8.98103E-03     656.308     913.889     691.728     902.946     848.112     948.129    1074.668     557.479     292.885     308.988
 9.00103E-03     655.570     912.685     690.364     901.832     847.355     945.703    1079.007     593.235     292.884     309.152
 9.02103E-03     654.825     911.530     689.029     900.750     846.607     943.965    1079.083     607.141     292.884     309.319
 9.04103E-03     654.073     910.386     687.702     899.681     845.860     942.352    1078.919     621.264     292.883     309.485
 9.06103E-03     653.311     909.246     686.385     898.621     845.117     940.832    1078.544     635.377     292.883     309.653
 9.08103E-03     652.541     908.107     685.079     897.567     844.376     939.381    1077.983     649.306     292.883     309.821
 9.10103E-03     651.753     906.949     683.767     896.514     843.636     937.966    1077.250     662.924     292.883     309.990
 9.12103E-03     650.987     905.846     682.513     895.478     842.907     936.636    1076.382     676.143     292.882     310.160
 9.14103E-03     650.193     904.699     681.229     894.435     842.174     935.298    1075.374     688.901     292.882     310.330
 9.16103E-03     649.410     903.576     679.976     893.399     841.445     934.003    1074.254     701.235     292.882     310.501
 9.18103E-03     648.641     902.474     678.759     892.368     840.714     932.743    1073.035     714.757     292.880     310.673
 9.20103E-03     647.908     901.336     677.406     891.372     840.036     936.826    1067.993     735.961     292.880     310.844
 9.22103E-03     647.218     900.507     676.167     890.484     839.319     936.634    1063.035     749.228     292.880     311.017
 9.24103E-03     646.542     899.759     674.935     889.653     838.611     936.119    1059.135     763.121     292.880     311.190
 9.26103E-03     645.859     899.039     673.693     888.855     837.908     935.393    1055.806     777.905     292.880     311.364
 9.28103E-03     645.167     898.333     672.449     888.081     837.212     934.539    1052.833     793.536     292.880     311.539
 9.30103E-03     644.477     897.642     671.221     887.325     836.526     933.629    1050.125     809.879     292.879     311.715
 9.32103E-03     643.775     896.934     669.989     886.572     835.845     932.651    1047.556     826.762     292.879     311.891
 9.34103E-03     643.070     896.218     668.766     885.823     835.171     931.641    1045.108     844.007     292.879     312.067
 9.36103E-03     642.364     895.493     667.555     885.073     834.505     930.612    1042.755     861.446     292.878     312.245
 9.38103E-03     641.658     894.756     666.356     884.320     833.845     929.569    1040.476     878.929     292.878     312.423
 9.40103E-03     640.949     893.993     665.132     883.553     833.180     928.505    1038.236     897.595     292.878     312.600
 9.42103E-03     640.246     893.233     663.958     882.792     832.532     927.447    1036.065     915.072     292.878     312.779
 9.44103E-03     639.544     892.460     662.796     882.026     831.888     926.386    1033.936     932.305     292.878     312.958
 9.46104E-03     638.845     891.678     661.648     881.255     831.247     925.324    1031.848     949.184     292.877     313.139
 9.48104E-03     638.149     890.886     660.513     880.479     830.610     924.260    1029.796     965.631     292.877     313.320
 9.50104E-03     637.456     890.087     659.391     879.698     829.976     923.199    1027.781     981.591     292.877     313.501
 9.52104E-03     636.766     889.279     658.281     878.914     829.344     922.139    1025.797     997.028     292.877     313.683
 9.54104E-03     636.078     888.465     657.183     878.125     828.714     921.079    1023.841    1011.919     292.878     313.866
 9.56104E-03     635.394     887.646     656.098     877.333     828.086     920.024    1021.916    1026.252     292.878     314.049
 9.58104E-03     634.713     886.822     655.025     876.538     827.460     918.970    1020.017    1040.023     292.879     314.233
 9.60104E-03     634.034     885.993     653.963     875.740     826.835     917.919    1018.142    1053.236     292.879     314.417
 9.62104E-03     633.358     885.159     652.912     874.940     826.210     916.870    1016.291    1065.900     292.880     314.602
 9.64104E-03     632.685     884.322     651.872     874.138     825.587     915.824    1014.462    1078.027     292.882     314.787
 9.66104E-03     632.015     883.484     650.844     873.334     824.964     914.783    1012.658    1089.631     292.884     314.973
 9.68104E-03     631.348     882.644     649.827     872.529     824.343     913.745    1010.875    1100.731     292.886     315.159
 9.70104E-03     630.684     881.801     648.819     871.723     823.721     912.710    1009.112    1111.342     292.889     315.346
 9.72104E-03     630.021     880.956     647.822     870.916     823.101     911.677    1007.368    1121.482     292.893     315.534
 9.74104E-03     629.362     880.110     646.833     870.108     822.481     910.648    1005.643    1131.167     292.898     315.721
 9.76104E-03     628.704     879.263     645.854     869.299     821.861     909.621    1003.936    1140.412     292.903     315.910
 9.78104E-03     628.049     878.414     644.884     868.490     821.242     908.598    1002.247    1149.232     292.910     316.099
 9.80104E-03     627.396     877.566     643.923     867.681     820.623     907.578    1000.574    1157.642     292.919     316.288
 9.82104E-03     626.745     876.717     642.971     866.872     820.005     906.561     998.918    1165.654     292.928     316.478
 9.84104E-03     626.096     875.868     642.028     866.063     819.387     905.547     997.278    1173.280     292.940     316.668
 9.86104E-03     625.450     875.019     641.093     865.255     818.769     904.537     995.654    1180.534     292.953     316.859
 9.88104E-03     624.806     874.170     640.166     864.447     818.152     903.530     994.045    1187.424     292.969     317.050
 9.90104E-03     624.164     873.322     639.247     863.640     817.536     902.526     992.451    1193.962     292.987     317.242
 9.92104E-03     623.525     872.475     638.336     862.833     816.920     901.526     990.870    1200.156     293.008     317.434
 9.94104E-03     622.889     871.631     637.436     862.028     816.305     900.533     989.308    1206.016     293.032     317.627
 9.96104E-03     622.255     870.787     636.543     861.223     815.690     899.542     987.758    1211.550     293.059     317.820
 9.98104E-03     621.621     869.942     635.654     860.419     815.076     898.551     986.218    1216.764     293.090     318.014
 1.00010E-02     620.990     869.098     634.774     859.616     814.462     897.564     984.690    1221.665     293.124     318.207
 1.00210E-02     620.361     868.255     633.900     858.814     813.848     896.580     983.175    1226.258     293.163     318.402
 1.00410E-02     619.735     867.413     633.034     858.013     813.235     895.599     981.672    1230.543     293.206     318.597
 1.00610E-02     619.110     866.572     632.175     857.213     812.623     894.622     980.180    1234.521     293.253     318.792
 1.00810E-02     618.488     865.733     631.322     856.414     812.010     893.648     978.699    1238.186     293.305     318.987
 1.01010E-02     617.867     864.895     630.477     855.617     811.399     892.677     977.229    1241.538     293.363     319.183
 1.01210E-02     617.249     864.059     629.638     854.821     810.788     891.711     975.771    1244.574     293.426     319.380
 1.01410E-02     616.634     863.225     628.805     854.026     810.179     890.748     974.322    1247.293     293.494     319.576
 1.01610E-02     616.021     862.395     627.981     853.234     809.570     889.791     972.888    1249.698     293.569     319.773
 1.01810E-02     615.411     861.567     627.164     852.444     808.962     888.838     971.463    1251.790     293.650     319.971
 1.02010E-02     614.803     860.740     626.352     851.656     808.355     887.887     970.048    1253.575     293.737     320.169
 1.02210E-02     614.197     859.916     625.546     850.869     807.749     886.941     968.642    1255.057     293.831     320.367
 1.02410E-02     613.593     859.093     624.746     850.084     807.144     885.997     967.245    1256.245     293.932     320.565
 1.02610E-02     612.991     858.272     623.952     849.301     806.539     885.057     965.857    1257.144     294.039     320.764
 1.02810E-02     612.391     857.453     623.164     848.520     805.936     884.121     964.479    1257.764     294.154     320.964
 1.03010E-02     611.794     856.636     622.382     847.740     805.333     883.188     963.108    1258.114     294.277     321.163
 1.03210E-02     611.198     855.820     621.605     846.963     804.732     882.258     961.746    1258.202     294.407     321.363
 1.03410E-02     610.606     855.010     620.836     846.188     804.131     881.335     960.395    1258.038     294.544     321.563
 1.03610E-02     610.016     854.202     620.072     845.415     803.532     880.415     959.053    1257.632     294.690     321.764
 1.03810E-02     609.429     853.395     619.313     844.644     802.934     879.498     957.718    1256.994     294.843     321.965
 1.04010E-02     608.843     852.590     618.560     843.875     802.336     878.584     956.390    1256.134     295.004     322.166
 1.04210E-02     608.259     851.788     617.812     843.108     801.740     877.673     955.070    1255.061     295.174     322.367
 1.04410E-02     607.677     850.987     617.068     842.343     801.144     876.766     953.757    1253.785     295.351     322.569
 1.04610E-02     607.098     850.188     616.330     841.581     800.550     875.862     952.451    1252.316     295.537     322.771
 1.04810E-02     606.520     849.392     615.597     840.820     799.956     874.961     951.152    1250.663     295.731     322.974
 1.05010E-02     605.945     848.597     614.869     840.060     799.364     874.063     949.860    1248.835     295.933     323.176
 1.05210E-02     605.371     847.805     614.145     839.303     798.772     873.168     948.575    1246.842     296.144     323.379
 1.05410E-02     604.800     847.015     613.427     838.548     798.182     872.277     947.296    1244.691     296.362     323.582
 1.05610E-02     604.231     846.227     612.713     837.795     797.592     871.388     946.024    1242.391     296.589     323.786
 1.05810E-02     603.666     845.444     612.006     837.045     797.004     870.507     944.762    1239.952     296.825     323.989
 1.06010E-02     603.102     844.663     611.304     836.297     796.417     869.628     943.506    1237.379     297.068     324.193
 1.06210E-02     602.541     843.884     610.606     835.551     795.832     868.752     942.255    1234.681     297.320     324.397
 1.06410E-02     601.981     843.106     609.912     834.806     795.247     867.879     941.011    1231.867     297.579     324.602
 1.06610E-02     601.424     842.331     609.223     834.064     794.663     867.009     939.773    1228.941     297.847     324.806
 1.06810E-02     600.868     841.558     608.538     833.324     794.080     866.142     938.540    1225.913     298.122     325.011
 1.07010E-02     600.315     840.787     607.858     832.586     793.499     865.278     937.313    1222.787     298.406     325.216
 1.07210E-02     599.763     840.018     607.181     831.850     792.918     864.416     936.092    1219.570     298.697     325.422
 1.07410E-02     599.214     839.251     606.509     831.116     792.338     863.558     934.876    1216.269     298.996     325.627
 1.07610E-02     598.666     838.486     605.841     830.384     791.760     862.702     933.665    1212.889     299.302     325.833
 1.07810E-02     598.121     837.724     605.177     829.654     791.182     861.850     932.460    1209.437     299.616     326.039
 1.08010E-02     597.577     836.963     604.517     828.925     790.606     861.000     931.261    1205.916     299.937     326.245
 1.08210E-02     597.036     836.205     603.861     828.199     790.031     860.153     930.066    1202.332     300.265     326.451
 1.08410E-02     596.497     835.448     603.210     827.475     789.456     859.309     928.877    1198.691     300.600     326.658
 1.08610E-02     595.959     834.694     602.562     826.752     788.883     858.468     927.692    1194.996     300.942     326.864
 1.08810E-02     595.424     833.942     601.918     826.032     788.311     857.630     926.513    1191.253     301.290     327.071
 1.09010E-02     594.893     833.195     601.280     825.314     787.740     856.798     925.343    1187.465     301.646     327.278
 1.09210E-02     594.363     832.451     600.646     824.599     787.171     855.969     924.177    1183.637     302.007     327.485
 1.09410E-02     593.835     831.708     600.016     823.886     786.603     855.142     923.016    1179.773     302.375     327.692
 1.09610E-02     593.309     830.966     599.389     823.174     786.035     854.318     921.860    1175.876     302.749     327.900
 1.09810E-02     592.785     830.227     598.766     822.465     785.469     853.496     920.708    1171.950     303.129     328.108
 1.10010E-02     592.263     829.490     598.146     821.757     784.904     852.677     919.562    1167.998     303.514     328.315
 1.10210E-02     591.743     828.754     597.530     821.052     784.340     851.860     918.419    1164.024     303.906     328.523
 1.10410E-02     591.225     828.021     596.917     820.348     783.776     851.046     917.281    1160.031     304.302     328.731
 1.10610E-02     590.708     827.290     596.308     819.646     783.214     850.235     916.147    1156.021     304.704     328.939
 1.10810E-02     590.194     826.560     595.702     818.946     782.653     849.426     915.019    1151.997     305.111     329.147
 1.11010E-02     589.681     825.833     595.099     818.248     782.093     848.619     913.894    1147.963     305.523     329.356
 1.11210E-02     589.171     825.107     594.501     817.551     781.534     847.815     912.774    1143.920     305.940     329.564
 1.11410E-02     588.662     824.384     593.905     816.857     780.976     847.014     911.658    1139.870     306.361     329.773
 1.11610E-02     588.155     823.662     593.313     816.164     780.419     846.215     910.546    1135.817     306.787     329.981
 1.11810E-02     587.650     822.943     592.724     815.473     779.864     845.419     909.438    1131.762     307.216     330.190
 1.12010E-02     587.147     822.225     592.138     814.784     779.309     844.625     908.335    1127.707     307.650     330.399
 1.12210E-02     586.646     821.510     591.555     814.097     778.755     843.833     907.236    1123.654     308.088     330.608
 1.12410E-02     586.146     820.796     590.976     813.411     778.202     843.044     906.141    1119.605     308.530     330.817
 1.12610E-02     585.649     820.084     590.400     812.728     777.650     842.257     905.049    1115.562     308.975     331.026
 1.12810E-02     585.153     819.374     589.827     812.046     777.100     841.473     903.962    1111.526     309.423     331.235
 1.13010E-02     584.660     818.666     589.257     811.366     776.550     840.691     902.879    1107.498     309.875     331.444
 1.13210E-02     584.170     817.964     588.693     810.689     776.002     839.916     901.805    1103.481     310.330     331.653
 1.13410E-02     583.682     817.263     588.131     810.013     775.455     839.143     900.734    1099.476     310.787     331.862
 1.13610E-02     583.195     816.564     587.573     809.340     774.909     838.371     899.666    1095.484     311.248     332.072
 1.13810E-02     582.711     815.866     587.017     808.669     774.364     837.602     898.603    1091.505     311.711     332.281
 1.14010E-02     582.228     815.171     586.464     807.999     773.820     836.835     897.543    1087.542     312.176     332.490
 1.14210E-02     581.746     814.477     585.914     807.330     773.277     836.070     896.486    1083.596     312.644     332.700
 1.14411E-02     581.267     813.784     585.367     806.664     772.735     835.307     895.434    1079.667     313.114     332.909
 1.14611E-02     580.789     813.094     584.822     806.000     772.194     834.546     894.385    1075.756     313.585     333.119
 1.14811E-02     580.313     812.405     584.280     805.337     771.654     833.787     893.340    1071.865     314.059     333.328
 1.15011E-02     579.839     811.718     583.741     804.675     771.115     833.031     892.298    1067.994     314.534     333.538
 1.15211E-02     579.366     811.033     583.205     804.016     770.577     832.277     891.260    1064.143     315.011     333.747
 1.15411E-02     578.895     810.349     582.672     803.358     770.040     831.524     890.226    1060.314     315.490     333.957
 1.15611E-02     578.426     809.668     582.141     802.702     769.504     830.774     889.195    1056.507     315.969     334.166
 1.15811E-02     577.959     808.988     581.613     802.047     768.969     830.026     888.168    1052.722     316.450     334.376
 1.16011E-02     577.493     808.310     581.088     801.394     768.435     829.280     887.144    1048.961     316.932     334.585
 1.16211E-02     577.029     807.633     580.565     800.743     767.902     828.537     886.124    1045.224     317.414     334.795
 1.16411E-02     576.567     806.958     580.045     800.093     767.370     827.795     885.107    1041.510     317.898     335.004
 1.16611E-02     576.106     806.285     579.527     799.445     766.838     827.055     884.094    1037.822     318.382     335.214
 1.16811E-02     575.648     805.614     579.012     798.798     766.308     826.318     883.084    1034.158     318.866     335.423
 1.17011E-02     575.190     804.945     578.500     798.153     765.779     825.582     882.077    1030.520     319.352     335.633
 1.17211E-02     574.735     804.277     577.990     797.510     765.250     824.848     881.074    1026.907     319.837     335.842
 1.17411E-02     574.281     803.611     577.483     796.868     764.723     824.117     880.074    1023.320     320.322     336.051
 1.17611E-02     573.829     802.946     576.978     796.228     764.196     823.387     879.078    1019.760     320.808     336.261
 1.17811E-02     573.379     802.283     576.475     795.589     763.671     822.660     878.084    1016.226     321.294     336.470
 1.18011E-02     572.930     801.622     575.975     794.952     763.146     821.934     877.094    1012.718     321.779     336.679
 1.18211E-02     572.483     800.963     575.478     794.316     762.622     821.210     876.108    1009.237     322.264     336.888
 1.18411E-02     572.040     800.309     574.985     793.684     762.100     820.493     875.128    1005.783     322.749     337.097
 1.18611E-02     571.598     799.656     574.495     793.052     761.579     819.777     874.152    1002.356     323.234     337.306
 1.18811E-02     571.158     799.005     574.007     792.423     761.060     819.063     873.179     998.957     323.718     337.515
 1.19011E-02     570.719     798.355     573.521     791.795     760.540     818.351     872.209     995.584     324.201     337.724
 1.19211E-02     570.282     797.707     573.037     791.169     760.022     817.640     871.242     992.240     324.684     337.933
 1.19411E-02     569.846     797.060     572.555     790.544     759.505     816.931     870.278     988.922     325.166     338.142
 1.19611E-02     569.412     796.415     572.076     789.921     758.988     816.224     869.317     985.632     325.647     338.350
 1.19811E-02     568.979     795.771     571.599     789.299     758.473     815.518     868.359     982.370     326.127     338.559
 1.20011E-02     568.548     795.128     571.124     788.679     757.958     814.814     867.404     979.135     326.606     338.767
 1.20211E-02     568.119     794.488     570.651     788.060     757.444     814.112     866.453     975.927     327.084     338.975
 1.20411E-02     567.690     793.848     570.180     787.442     756.931     813.412     865.504     972.747     327.561     339.184
 1.20611E-02     567.264     793.210     569.712     786.826     756.420     812.714     864.558     969.594     328.036     339.392
 1.20811E-02     566.839     792.574     569.245     786.212     755.909     812.017     863.615     966.468     328.511     339.600
 1.21011E-02     566.416     791.939     568.781     785.599     755.398     811.322     862.675     963.369     328.984     339.808
 1.21211E-02     565.994     791.306     568.319     784.987     754.889     810.629     861.738     960.297     329.455     340.015
 1.21411E-02     565.573     790.674     567.859     784.377     754.380     809.937     860.804     957.253     329.925     340.223
 1.21611E-02     565.154     790.044     567.401     783.768     753.873     809.248     859.872     954.234     330.393     340.431
 1.21811E-02     564.737     789.415     566.945     783.161     753.366     808.560     858.944     951.243     330.860     340.638
 1.22011E-02     564.321     788.788     566.491     782.554     752.860     807.873     858.018     948.278     331.325     340.845
 1.22211E-02     563.907     788.162     566.040     781.950     752.356     807.189     857.095     945.339     331.789     341.053
 1.22411E-02     563.494     787.538     565.590     781.346     751.851     806.506     856.176     942.426     332.250     341.260
 1.22611E-02     563.082     786.915     565.142     780.744     751.348     805.825     855.258     939.539     332.710     341.466
 1.22811E-02     562.672     786.293     564.697     780.144     750.846     805.145     854.344     936.678     333.168     341.673
 1.23011E-02     562.264     785.673     564.253     779.544     750.344     804.467     853.432     933.843     333.624     341.880
 1.23211E-02     561.857     785.055     563.811     778.947     749.844     803.791     852.524     931.033     334.078     342.086
 1.23411E-02     561.451     784.438     563.371     778.350     749.343     803.117     851.617     928.248     334.530     342.293
 1.23611E-02     561.047     783.822     562.933     777.755     748.845     802.443     850.714     925.488     334.980     342.499
 1.23811E-02     560.644     783.208     562.497     777.161     748.346     801.772     849.814     922.753     335.428     342.705
 1.24011E-02     560.243     782.595     562.063     776.568     747.849     801.103     848.916     920.043     335.874     342.910
 1.24211E-02     559.843     781.984     561.631     775.977     747.352     800.435     848.020     917.356     336.317     343.116
 1.24411E-02     559.445     781.374     561.200     775.387     746.857     799.768     847.128     914.695     336.759     343.321
 1.24611E-02     559.050     780.769     560.774     774.800     746.363     799.108     846.242     912.057     337.198     343.527
 1.24811E-02     558.657     780.166     560.350     774.214     745.870     798.449     845.360     909.443     337.634     343.732
 1.25011E-02     558.265     779.564     559.927     773.630     745.378     797.792     844.479     906.853     338.069     343.937
 1.25211E-02     557.874     778.962     559.507     773.047     744.887     797.135     843.601     904.286     338.501     344.142
 1.25411E-02     557.484     778.362     559.087     772.465     744.396     796.480     842.726     901.743     338.931     344.346
 1.25611E-02     557.096     777.764     558.670     771.885     743.906     795.827     841.853     899.223     339.359     344.550
 1.25811E-02     556.709     777.166     558.254     771.306     743.418     795.175     840.982     896.726     339.784     344.755
 1.26011E-02     556.323     776.570     557.840     770.728     742.930     794.524     840.115     894.251     340.206     344.959
 1.26211E-02     555.939     775.975     557.427     770.152     742.442     793.875     839.249     891.799     340.627     345.162
 1.26411E-02     555.556     775.382     557.016     769.577     741.956     793.227     838.386     889.368     341.044     345.366
 1.26611E-02     555.174     774.789     556.607     769.003     741.470     792.581     837.526     886.960     341.459     345.569
 1.26811E-02     554.794     774.198     556.200     768.430     740.985     791.936     836.668     884.574     341.872     345.772
 1.27011E-02     554.415     773.608     555.794     767.859     740.501     791.293     835.812     882.209     342.282     345.975
 1.27211E-02     554.037     773.020     555.390     767.288     740.018     790.651     834.960     879.866     342.690     346.178
 1.27411E-02     553.660     772.432     554.988     766.719     739.536     790.011     834.109     877.543     343.095     346.380
 1.27611E-02     553.285     771.847     554.587     766.151     739.054     789.372     833.261     875.241     343.497     346.583
 1.27811E-02     552.911     771.262     554.188     765.585     738.573     788.734     832.415     872.961     343.897     346.785
 1.28011E-02     552.539     770.679     553.790     765.019     738.093     788.098     831.572     870.700     344.295     346.987
 1.28211E-02     552.167     770.096     553.394     764.455     737.613     787.464     830.731     868.459     344.689     347.188
 1.28411E-02     551.797     769.516     553.000     763.892     737.135     786.831     829.892     866.239     345.081     347.390
 1.28611E-02     551.428     768.936     552.607     763.330     736.657     786.199     829.056     864.038     345.471     347.591
 1.28811E-02     551.061     768.358     552.216     762.769     736.180     785.569     828.222     861.857     345.857     347.792
 1.29011E-02     550.695     767.780     551.826     762.210     735.704     784.940     827.391     859.694     346.241     347.992
 1.29211E-02     550.330     767.205     551.438     761.652     735.229     784.312     826.562     857.551     346.623     348.193
 1.29411E-02     549.966     766.630     551.052     761.094     734.754     783.686     825.735     855.427     347.002     348.393
 1.29611E-02     549.603     766.057     550.667     760.538     734.280     783.062     824.911     853.321     347.378     348.593
 1.29811E-02     549.242     765.484     550.284     759.983     733.807     782.438     824.088     851.234     347.751     348.793
 1.30011E-02     548.882     764.913     549.902     759.430     733.334     781.816     823.268     849.165     348.122     348.992
 1.30211E-02     548.523     764.343     549.522     758.877     732.863     781.196     822.451     847.113     348.490     349.191
 1.30411E-02     548.166     763.775     549.143     758.326     732.392     780.577     821.635     845.080     348.855     349.390
 1.30611E-02     547.809     763.208     548.765     757.775     731.922     779.959     820.823     843.064     349.218     349.589
 1.30811E-02     547.454     762.642     548.390     757.226     731.452     779.343     820.012     841.065     349.578     349.787
 1.31011E-02     547.100     762.077     548.015     756.678     730.984     778.728     819.203     839.083     349.935     349.985
 1.31211E-02     546.747     761.513     547.642     756.131     730.516     778.114     818.397     837.119     350.289     350.183
 1.31411E-02     546.396     760.951     547.271     755.585     730.049     777.502     817.593     835.171     350.641     350.380
 1.31611E-02     546.046     760.389     546.901     755.041     729.582     776.891     816.791     833.239     350.990     350.578
 1.31811E-02     545.697     759.829     546.532     754.497     729.117     776.282     815.991     831.324     351.337     350.775
 1.32011E-02     545.349     759.270     546.165     753.954     728.652     775.673     815.194     829.425     351.681     350.972
 1.32211E-02     545.004     758.717     545.802     753.415     728.189     775.071     814.403     827.542     352.022     351.168
 1.32411E-02     544.661     758.164     545.440     752.876     727.727     774.470     813.615     825.675     352.360     351.364
 1.32611E-02     544.318     757.612     545.079     752.339     727.266     773.870     812.828     823.823     352.696     351.560
 1.32811E-02     543.977     757.062     544.719     751.803     726.805     773.271     812.044     821.987     353.029     351.756
 1.33011E-02     543.636     756.512     544.361     751.268     726.345     772.673     811.261     820.167     353.359     351.951
 1.33211E-02     543.297     755.963     544.004     750.734     725.886     772.077     810.481     818.361     353.687     352.146
 1.33411E-02     542.959     755.415     543.648     750.201     725.427     771.481     809.702     816.571     354.012     352.341
 1.33611E-02     542.622     754.868     543.294     749.670     724.970     770.887     808.926     814.795     354.335     352.535
 1.33811E-02     542.286     754.323     542.941     749.139     724.512     770.294     808.152     813.035     354.654     352.730
 1.34011E-02     541.951     753.778     542.589     748.610     724.056     769.702     807.380     811.288     354.972     352.923
 1.34211E-02     541.617     753.235     542.238     748.081     723.601     769.111     806.610     809.556     355.286     353.117
 1.34411E-02     541.284     752.692     541.889     747.554     723.146     768.522     805.842     807.838     355.598     353.310
 1.34611E-02     540.952     752.151     541.541     747.028     722.691     767.933     805.076     806.134     355.907     353.503
 1.34811E-02     540.622     751.611     541.194     746.502     722.238     767.346     804.312     804.444     356.214     353.696
 1.35011E-02     540.292     751.071     540.849     745.978     721.785     766.760     803.550     802.768     356.518     353.888
 1.35211E-02     539.963     750.533     540.505     745.455     721.333     766.176     802.790     801.104     356.819     354.080
 1.35411E-02     539.636     749.996     540.162     744.933     720.882     765.592     802.032     799.455     357.118     354.272
 1.35611E-02     539.309     749.460     539.820     744.411     720.432     765.010     801.276     797.818     357.414     354.464
 1.35811E-02     538.984     748.925     539.480     743.891     719.982     764.430     800.523     796.195     357.708     354.655
 1.36011E-02     538.660     748.391     539.140     743.372     719.533     763.850     799.771     794.584     357.999     354.845
 1.36211E-02     538.337     747.858     538.802     742.854     719.084     763.271     799.021     792.986     358.288     355.036
 1.36411E-02     538.014     747.327     538.466     742.337     718.636     762.694     798.273     791.400     358.574     355.226
 1.36611E-02     537.693     746.796     538.130     741.821     718.189     762.118     797.527     789.827     358.857     355.416
 1.36811E-02     537.373     746.267     537.796     741.305     717.743     761.543     796.783     788.266     359.138     355.605
 1.37011E-02     537.054     745.738     537.463     740.791     717.297     760.969     796.041     786.717     359.417     355.795
 1.37211E-02     536.736     745.210     537.131     740.278     716.852     760.396     795.301     785.180     359.693     355.984
 1.37411E-02     536.419     744.684     536.800     739.766     716.408     759.825     794.563     783.655     359.966     356.172
 1.37611E-02     536.103     744.158     536.471     739.255     715.964     759.255     793.827     782.142     360.238     356.360
 1.37811E-02     535.788     743.634     536.142     738.745     715.522     758.686     793.093     780.640     360.506     356.548
 1.38011E-02     535.474     743.111     535.815     738.235     715.079     758.118     792.360     779.149     360.772     356.736
 1.38211E-02     535.161     742.588     535.489     737.727     714.638     757.551     791.630     777.669     361.036     356.923
 1.38411E-02     534.849     742.067     535.164     737.220     714.197     756.986     790.901     776.201     361.297     357.110
 1.38611E-02     534.538     741.547     534.840     736.714     713.757     756.422     790.174     774.744     361.556     357.296
 1.38811E-02     534.228     741.028     534.518     736.209     713.317     755.859     789.450     773.297     361.813     357.483
 1.39011E-02     533.919     740.509     534.196     735.704     712.879     755.297     788.727     771.861     362.067     357.668
 1.39211E-02     533.611     739.992     533.876     735.201     712.440     754.736     788.006     770.436     362.319     357.854
 1.39411E-02     533.304     739.476     533.557     734.698     712.003     754.176     787.287     769.021     362.568     358.039
 1.39611E-02     532.998     738.961     533.239     734.197     711.566     753.617     786.570     767.617     362.815     358.224
 1.39811E-02     532.693     738.447     532.922     733.696     711.130     753.060     785.854     766.222     363.060     358.408
 1.40011E-02     532.389     737.934     532.606     733.197     710.695     752.504     785.140     764.838     363.302     358.593
 1.40211E-02     532.086     737.421     532.291     732.698     710.260     751.949     784.429     763.464     363.543     358.776
 1.40411E-02     531.784     736.910     531.977     732.200     709.826     751.395     783.719     762.099     363.780     358.960
 1.40611E-02     531.483     736.400     531.665     731.704     709.392     750.842     783.011     760.745     364.016     359.143
 1.40811E-02     531.182     735.891     531.353     731.208     708.959     750.290     782.304     759.400     364.249     359.326
 1.41011E-02     530.883     735.383     531.043     730.713     708.527     749.740     781.600     758.065     364.480     359.508
 1.41211E-02     530.585     734.876     530.733     730.219     708.096     749.190     780.897     756.739     364.709     359.690
 1.41411E-02     530.289     734.374     530.427     729.728     707.667     748.647     780.201     755.422     364.936     359.872
 1.41611E-02     529.995     733.873     530.122     729.238     707.238     748.105     779.507     754.115     365.160     360.053
 1.41811E-02     529.702     733.373     529.818     728.749     706.810     747.563     778.814     752.817     365.383     360.234
 1.42011E-02     529.409     732.873     529.515     728.261     706.383     747.022     778.123     751.528     365.603     360.415
 1.42211E-02     529.117     732.374     529.213     727.774     705.956     746.482     777.433     750.248     365.820     360.595
 1.42411E-02     528.826     731.876     528.912     727.288     705.530     745.943     776.745     748.977     366.036     360.775
 1.42611E-02     528.536     731.379     528.611     726.802     705.105     745.405     776.059     747.715     366.250     360.954
 1.42811E-02     528.246     730.883     528.312     726.318     704.681     744.867     775.375     746.462     366.461     361.134
 1.43011E-02     527.958     730.388     528.013     725.835     704.256     744.331     774.692     745.218     366.671     361.312
 1.43211E-02     527.670     729.893     527.716     725.353     703.833     743.796     774.011     743.982     366.878     361.491
 1.43411E-02     527.383     729.400     527.419     724.871     703.410     743.262     773.332     742.754     367.083     361.669
 1.43611E-02     527.097     728.907     527.124     724.391     702.988     742.729     772.654     741.535     367.287     361.847
 1.43811E-02     526.812     728.415     526.829     723.911     702.567     742.197     771.979     740.325     367.488     362.024
 1.44011E-02     526.528     727.924     526.536     723.432     702.146     741.666     771.305     739.122     367.687     362.201
 1.44211E-02     526.244     727.434     526.243     722.954     701.726     741.136     770.632     737.928     367.884     362.378
 1.44411E-02     525.962     726.945     525.951     722.477     701.307     740.607     769.961     736.741     368.079     362.554
 1.44611E-02     525.680     726.457     525.660     722.001     700.888     740.079     769.292     735.563     368.272     362.730
 1.44811E-02     525.399     725.970     525.371     721.525     700.470     739.552     768.624     734.393     368.463     362.905
 1.45011E-02     525.119     725.483     525.082     721.051     700.052     739.026     767.958     733.230     368.652     363.080
 1.45211E-02     524.840     724.998     524.794     720.577     699.635     738.501     767.294     732.075     368.839     363.255
 1.45411E-02     524.562     724.513     524.507     720.105     699.219     737.977     766.632     730.927     369.025     363.429
 1.45611E-02     524.284     724.030     524.221     719.633     698.803     737.454     765.971     729.787     369.208     363.603
 1.45811E-02     524.007     723.547     523.936     719.162     698.388     736.932     765.312     728.655     369.389     363.777
 1.46011E-02     523.732     723.065     523.651     718.692     697.974     736.412     764.654     727.530     369.569     363.950
 1.46211E-02     523.456     722.584     523.368     718.222     697.560     735.892     763.998     726.412     369.747     364.123
 1.46411E-02     523.182     722.104     523.086     717.754     697.147     735.373     763.344     725.301     369.923     364.296
 1.46611E-02     522.909     721.625     522.804     717.286     696.734     734.855     762.691     724.197     370.096     364.468
 1.46811E-02     522.636     721.146     522.523     716.820     696.323     734.339     762.040     723.101     370.269     364.640
 1.47011E-02     522.364     720.669     522.244     716.354     695.911     733.823     761.390     722.011     370.439     364.811
 1.47211E-02     522.094     720.192     521.965     715.888     695.501     733.308     760.742     720.928     370.607     364.982
 1.47411E-02     521.823     719.717     521.687     715.424     695.091     732.794     760.096     719.852     370.774     365.153
 1.47611E-02     521.554     719.242     521.410     714.961     694.681     732.281     759.451     718.783     370.939     365.323
 1.47811E-02     521.285     718.768     521.134     714.498     694.273     731.769     758.808     717.721     371.102     365.493
 1.48011E-02     521.018     718.295     520.859     714.037     693.865     731.259     758.166     716.665     371.264     365.662
 1.48211E-02     520.751     717.822     520.584     713.576     693.457     730.749     757.526     715.615     371.424     365.831
