# Melt Pool Geometry History
# time(s)  length(m)  depth(m)  width(m)  volume(m3)  Tpeak(K)  laser_on
 2.10000E-05   0.00000E+00   0.00000E+00   0.00000E+00   7.81488E-14      293.00  1
 4.10000E-05   3.91334E-05   1.00416E-04   3.40103E-05   2.23858E-13     1806.27  1
 6.10000E-05   7.31358E-05   1.06711E-04   5.21437E-05   3.52804E-13     2416.58  1
 8.10000E-05   1.06346E-04   1.07443E-04   5.67622E-05   4.76034E-13     2532.95  1
 1.01000E-04   1.38266E-04   1.07432E-04   5.83560E-05   5.98318E-13     2491.77  1
 1.21000E-04   1.70752E-04   1.07260E-04   5.91814E-05   7.19002E-13     2448.15  1
 1.41000E-04   2.04826E-04   1.07210E-04   5.96438E-05   6.76550E-13     2410.31  0
 1.61000E-04   2.06161E-04   1.02211E-04   5.95049E-05   6.24294E-13     2255.52  0
 1.81000E-04   2.07431E-04   9.63965E-05   5.92291E-05   5.73304E-13     2144.95  0
 2.01000E-04   2.06134E-04   8.81870E-05   5.85785E-05   4.73994E-13     2047.75  0
 2.21000E-04   2.07661E-04   8.28422E-05   6.19854E-05   4.40536E-13     1898.26  0
 2.41000E-04   2.06034E-04   7.63607E-05   6.21162E-05   4.07057E-13     1819.09  0
 2.61000E-04   2.05000E-04   6.92314E-05   6.14833E-05   3.76157E-13     1766.37  0
 2.81000E-04   2.04542E-04   6.29339E-05   6.05563E-05   3.47433E-13     1727.69  0
 3.01000E-04   2.04189E-04   5.63482E-05   5.94988E-05   3.19862E-13     1698.14  0
 3.21000E-04   2.03858E-04   5.02463E-05   5.83990E-05   2.92560E-13     1674.96  0
 3.41000E-04   2.03531E-04   4.55289E-05   5.73287E-05   2.65105E-13     1656.41  0
 3.61000E-04   2.03186E-04   4.19806E-05   5.63872E-05   2.37990E-13     1641.93  0
 3.81000E-04   2.02804E-04   3.82887E-05   5.57652E-05   2.11205E-13     1631.41  0
 4.01000E-04   2.02353E-04   3.48847E-05   5.55753E-05   1.85401E-13     1624.94  0
 4.21000E-04   2.01799E-04   3.31591E-05   5.54025E-05   1.60872E-13     1622.68  0
 4.41000E-04   2.01149E-04   3.29274E-05   5.52383E-05   1.37430E-13     1621.73  0
 4.61000E-04   1.96533E-04   3.27047E-05   5.50725E-05   1.15586E-13     1620.43  0
 4.81000E-04   1.90919E-04   3.17961E-05   5.48963E-05   9.52493E-14     1618.76  0
 5.01000E-04   1.80604E-04   2.84610E-05   5.47003E-05   7.66750E-14     1616.69  0
 5.21000E-04   1.70119E-04   2.60769E-05   5.44753E-05   6.00150E-14     1614.21  0
 5.41000E-04   1.54038E-04   2.31746E-05   5.42082E-05   4.51154E-14     1611.24  0
 5.61000E-04   1.45377E-04   2.02233E-05   5.38865E-05   3.20772E-14     1607.77  0
 5.81000E-04   1.32850E-04   1.82673E-05   5.34968E-05   2.11339E-14     1603.71  0
 6.01000E-04   1.12455E-04   1.50503E-05   4.72702E-05   8.79296E-15     1598.83  0
 6.21000E-04   8.70394E-05   1.26283E-05   5.14652E-05   2.83789E-15     1592.69  0
 6.41000E-04   6.35394E-05   8.89436E-06   4.21113E-05   7.62292E-14     1584.25  1
 6.61000E-04   4.85786E-05   1.03010E-04   4.23857E-05   2.28921E-13     1824.65  1
 6.81000E-04   8.09650E-05   1.07877E-04   5.51501E-05   3.67395E-13     2399.11  1
 7.01000E-04   1.11678E-04   1.08127E-04   5.89424E-05   5.01810E-13     2555.72  1
 7.21000E-04   1.42879E-04   1.08203E-04   6.04096E-05   6.27612E-13     2563.23  1
 7.41000E-04   1.75317E-04   1.08398E-04   6.13455E-05   7.54655E-13     2550.40  1
 7.61000E-04   2.06401E-04   1.08640E-04   6.20310E-05   8.80632E-13     2551.31  1
 7.81000E-04   2.38415E-04   1.08752E-04   6.27187E-05   9.92344E-13     2532.21  1
 8.01000E-04   2.67495E-04   1.08191E-04   6.30355E-05   1.07884E-12     2550.41  1
 8.21000E-04   3.01475E-04   1.08439E-04   6.52147E-05   1.18399E-12     2519.15  1
 8.41000E-04   3.34283E-04   1.08326E-04   6.55137E-05   1.27056E-12     2529.54  1
 8.61000E-04   3.65028E-04   1.08183E-04   6.56384E-05   1.35127E-12     2606.60  1
 8.81000E-04   3.96347E-04   1.08035E-04   6.57160E-05   1.42754E-12     2560.53  1
 9.01000E-04   4.28506E-04   1.07869E-04   6.57881E-05   1.49685E-12     2521.00  1
 9.21000E-04   4.61501E-04   1.07901E-04   6.57968E-05   1.40155E-12     2496.59  0
 9.41000E-04   4.61765E-04   1.02923E-04   6.57941E-05   1.29920E-12     2155.23  0
 9.61000E-04   4.62258E-04   9.76524E-05   6.56980E-05   1.20441E-12     2018.67  0
 9.81000E-04   4.61990E-04   9.10508E-05   6.55117E-05   1.11986E-12     1938.60  0
 1.00100E-03   4.60134E-04   8.42220E-05   6.51298E-05   1.03946E-12     1880.31  0
 1.02100E-03   4.55373E-04   7.79461E-05   6.53141E-05   9.69445E-13     1833.32  0
 1.04100E-03   4.51295E-04   7.09612E-05   6.49730E-05   9.04249E-13     1793.76  0
 1.06100E-03   4.44519E-04   6.45262E-05   6.44692E-05   8.42265E-13     1759.99  0
 1.08100E-03   4.41793E-04   5.91574E-05   6.38235E-05   7.82294E-13     1731.51  0
 1.10100E-03   4.35092E-04   5.46008E-05   6.30448E-05   7.23815E-13     1706.89  0
 1.12100E-03   4.31564E-04   5.09708E-05   6.21733E-05   6.66155E-13     1686.00  0
 1.14100E-03   4.24008E-04   4.79697E-05   6.12428E-05   6.10090E-13     1668.13  0
 1.16100E-03   4.19398E-04   4.44361E-05   6.03186E-05   5.54998E-13     1653.20  0
 1.18100E-03   4.12338E-04   4.25351E-05   5.95544E-05   5.01250E-13     1641.08  0
 1.20100E-03   3.97677E-04   3.89151E-05   5.75531E-05   4.08312E-13     1631.60  0
 1.22100E-03   3.92857E-04   3.70369E-05   6.23840E-05   3.51638E-13     1624.92  0
 1.24100E-03   3.83115E-04   3.41926E-05   6.27849E-05   3.00671E-13     1622.61  0
 1.26100E-03   3.70642E-04   3.26441E-05   6.30536E-05   2.54581E-13     1621.48  0
 1.28100E-03   3.58607E-04   2.96359E-05   6.32229E-05   2.12386E-13     1619.89  0
 1.30100E-03   3.42949E-04   2.80540E-05   6.33121E-05   1.74781E-13     1617.86  0
 1.32100E-03   3.25802E-04   2.53447E-05   6.33154E-05   1.40514E-13     1615.44  0
 1.34100E-03   3.10002E-04   2.35360E-05   6.32356E-05   1.10047E-13     1612.65  0
 1.36100E-03   2.91360E-04   2.14527E-05   6.30762E-05   8.30284E-14     1609.51  0
 1.38100E-03   2.71502E-04   1.91194E-05   6.28206E-05   5.94295E-14     1605.99  0
 1.40100E-03   2.45901E-04   1.73544E-05   5.56834E-05   3.43077E-14     1601.12  0
 1.42100E-03   2.22894E-04   1.45425E-05   5.77991E-05   9.40976E-14     1596.43  1
 1.44100E-03   4.41778E-05   1.03542E-04   4.50147E-05   2.36286E-13     1850.48  1
 1.46100E-03   7.35089E-05   1.07769E-04   5.52586E-05   3.77347E-13     2420.57  1
 1.48100E-03   1.09398E-04   1.08080E-04   5.91376E-05   5.15982E-13     2482.95  1
 1.50100E-03   1.42820E-04   1.08302E-04   6.02381E-05   6.46342E-13     2495.64  1
 1.52100E-03   1.73244E-04   1.08480E-04   6.11466E-05   7.70926E-13     2519.70  1
 1.54100E-03   2.03852E-04   1.08596E-04   6.18823E-05   8.98125E-13     2463.16  1
 1.56100E-03   2.35262E-04   1.08651E-04   6.24466E-05   1.01404E-12     2485.21  1
 1.58100E-03   2.70055E-04   1.08751E-04   6.28714E-05   1.13213E-12     2525.71  1
 1.60100E-03   2.98062E-04   1.08493E-04   6.28181E-05   1.23089E-12     2469.74  1
 1.62100E-03   3.35223E-04   1.08975E-04   6.44920E-05   1.33010E-12     2474.17  1
 1.64100E-03   3.65461E-04   1.09035E-04   6.49671E-05   1.42764E-12     2509.85  1
 1.66100E-03   3.95982E-04   1.09026E-04   6.53132E-05   1.52723E-12     2497.31  1
 1.68100E-03   4.26918E-04   1.08966E-04   6.56244E-05   1.61360E-12     2482.22  1
 1.70100E-03   4.60218E-04   1.08810E-04   6.58922E-05   1.70160E-12     2531.61  1
 1.72100E-03   4.93540E-04   1.08793E-04   6.61059E-05   1.77592E-12     2514.61  1
 1.74100E-03   5.21839E-04   1.08687E-04   6.62599E-05   1.84172E-12     2502.71  1
 1.76100E-03   5.51060E-04   1.08497E-04   6.63371E-05   1.90516E-12     2486.03  1
 1.78100E-03   5.79919E-04   1.08267E-04   6.63929E-05   1.96177E-12     2460.48  1
 1.80100E-03   6.06823E-04   1.08054E-04   6.64074E-05   2.01387E-12     2456.55  1
 1.82100E-03   6.35047E-04   1.07988E-04   6.63826E-05   1.89995E-12     2471.56  0
 1.84100E-03   6.31247E-04   1.03373E-04   6.63018E-05   1.77465E-12     2164.38  0
 1.86100E-03   6.27332E-04   9.80482E-05   6.63318E-05   1.66018E-12     2024.30  0
 1.88100E-03   6.22350E-04   9.26984E-05   6.72708E-05   1.55642E-12     1945.18  0
 1.90100E-03   6.16885E-04   8.63257E-05   6.76126E-05   1.46106E-12     1889.65  0
 1.92100E-03   6.11462E-04   7.97510E-05   6.77314E-05   1.37186E-12     1844.78  0
 1.94100E-03   6.05676E-04   7.37057E-05   6.77130E-05   1.28749E-12     1807.15  0
 1.96100E-03   5.99268E-04   6.81971E-05   6.75897E-05   1.20537E-12     1774.82  0
 1.98100E-03   5.94126E-04   6.31084E-05   6.73937E-05   1.12559E-12     1746.53  0
 2.00100E-03   5.85403E-04   5.84745E-05   6.68225E-05   1.02842E-12     1721.79  0
 2.02100E-03   5.82265E-04   5.44733E-05   6.65975E-05   9.45586E-13     1699.78  0
 2.04100E-03   5.75991E-04   5.15355E-05   6.63584E-05   8.66673E-13     1680.88  0
 2.06100E-03   5.67689E-04   4.83991E-05   6.60931E-05   7.91221E-13     1664.67  0
 2.08100E-03   5.59577E-04   4.53804E-05   6.58394E-05   7.19329E-13     1650.94  0
 2.10100E-03   5.52713E-04   4.31360E-05   6.56731E-05   6.50609E-13     1639.91  0
 2.12100E-03   5.41590E-04   4.02047E-05   6.56852E-05   5.85079E-13     1631.48  0
 2.14100E-03   5.27127E-04   3.82813E-05   6.56929E-05   5.23548E-13     1625.76  0
 2.16100E-03   5.15255E-04   3.57064E-05   6.56961E-05   4.65562E-13     1623.04  0
 2.18100E-03   5.03113E-04   3.37228E-05   6.56906E-05   4.11511E-13     1622.41  0
 2.20100E-03   4.84660E-04   3.12023E-05   6.21441E-05   3.27951E-13     1621.38  0
 2.22100E-03   4.72379E-04   2.90493E-05   7.15273E-05   2.74810E-13     1620.02  0
 2.24100E-03   4.51399E-04   2.76789E-05   7.17911E-05   2.27325E-13     1618.19  0
 2.26100E-03   4.32842E-04   2.49130E-05   7.19411E-05   1.84485E-13     1615.89  0
 2.28100E-03   4.08778E-04   2.33866E-05   7.19993E-05   1.46460E-13     1613.15  0
 2.30100E-03   3.86026E-04   2.13291E-05   7.19551E-05   1.12600E-13     1610.00  0
 2.32100E-03   3.60496E-04   1.91778E-05   7.18118E-05   1.64892E-13     1606.41  1
 2.34100E-03   4.64335E-05   1.03793E-04   4.25666E-05   2.81419E-13     1866.22  1
 2.36100E-03   7.82732E-05   1.07806E-04   5.44046E-05   3.85385E-13     2501.25  1
 2.38100E-03   1.11638E-04   1.08095E-04   5.67024E-05   4.93728E-13     2575.03  1
 2.40100E-03   1.41311E-04   1.07662E-04   5.72392E-05   6.29521E-13     2519.50  1
 2.42100E-03   1.78708E-04   1.08242E-04   5.99915E-05   7.52731E-13     2492.14  1
 2.44100E-03   2.09990E-04   1.08529E-04   6.15976E-05   8.68021E-13     2525.89  1
 2.46100E-03   2.40513E-04   1.08700E-04   6.23367E-05   9.87968E-13     2561.57  1
 2.48100E-03   2.74244E-04   1.08811E-04   6.28291E-05   1.10483E-12     2471.01  1
 2.50100E-03   3.06156E-04   1.08895E-04   6.31892E-05   1.21249E-12     2553.59  1
 2.52100E-03   3.38864E-04   1.08990E-04   6.34652E-05   1.32250E-12     2566.65  1
 2.54100E-03   3.68755E-04   1.09097E-04   6.37501E-05   1.42278E-12     2548.90  1
 2.56100E-03   4.01530E-04   1.09160E-04   6.40781E-05   1.52100E-12     2526.90  1
 2.58100E-03   4.32226E-04   1.09219E-04   6.43955E-05   1.61368E-12     2593.21  1
 2.60100E-03   4.61357E-04   1.09156E-04   6.47127E-05   1.70592E-12     2568.72  1
 2.62100E-03   4.93416E-04   1.09246E-04   6.50316E-05   1.79107E-12     2560.94  1
 2.64100E-03   5.25807E-04   1.09266E-04   6.53599E-05   1.87188E-12     2546.01  1
 2.66100E-03   5.55245E-04   1.09288E-04   6.56786E-05   1.94928E-12     2600.47  1
 2.68100E-03   5.86252E-04   1.09250E-04   6.59766E-05   2.01976E-12     2587.10  1
 2.70100E-03   6.12727E-04   1.09120E-04   6.62158E-05   2.08845E-12     2587.10  1
 2.72100E-03   6.40961E-04   1.09072E-04   6.64429E-05   2.15193E-12     2571.54  1
 2.74100E-03   6.66711E-04   1.08997E-04   6.66725E-05   2.21713E-12     2536.53  1
 2.76100E-03   6.94569E-04   1.08886E-04   6.79370E-05   2.27392E-12     2599.32  1
 2.78100E-03   7.18942E-04   1.08669E-04   6.86019E-05   2.33193E-12     2584.88  1
 2.80100E-03   7.45725E-04   1.08343E-04   6.91777E-05   2.38077E-12     2540.94  1
 2.82100E-03   7.70990E-04   1.08327E-04   6.94655E-05   2.41796E-12     2522.64  1
 2.84100E-03   7.96090E-04   1.08165E-04   6.96370E-05   2.44904E-12     2543.45  1
 2.86100E-03   8.22853E-04   1.08028E-04   6.98322E-05   2.31198E-12     2443.99  0
 2.88100E-03   8.17895E-04   1.03259E-04   6.99561E-05   2.16580E-12     2169.70  0
 2.90100E-03   8.10599E-04   9.80113E-05   6.99599E-05   2.02696E-12     2032.54  0
 2.92100E-03   8.06278E-04   9.27408E-05   6.99076E-05   1.89785E-12     1954.16  0
 2.94100E-03   7.97960E-04   8.63182E-05   6.97535E-05   1.77833E-12     1896.92  0
 2.96100E-03   7.92689E-04   7.98024E-05   6.95282E-05   1.66637E-12     1850.51  0
 2.98100E-03   7.84985E-04   7.36949E-05   6.92817E-05   1.56009E-12     1811.82  0
 3.00100E-03   7.76415E-04   6.80509E-05   6.83758E-05   1.44377E-12     1778.37  0
 3.02100E-03   7.69277E-04   6.29497E-05   6.87803E-05   1.34605E-12     1747.80  0
 3.04100E-03   7.62488E-04   5.82726E-05   6.85694E-05   1.25057E-12     1720.89  0
 3.06100E-03   7.52760E-04   5.41554E-05   6.82712E-05   1.15762E-12     1697.71  0
 3.08100E-03   7.44055E-04   5.09333E-05   6.79390E-05   1.06669E-12     1677.94  0
 3.10100E-03   7.38082E-04   4.81067E-05   6.76034E-05   9.78828E-13     1661.34  0
 3.12100E-03   7.27565E-04   4.47914E-05   6.73018E-05   8.93961E-13     1647.76  0
 3.14100E-03   7.16989E-04   4.27519E-05   6.71582E-05   8.11843E-13     1637.12  0
 3.16100E-03   7.06230E-04   3.95307E-05   6.71062E-05   7.33201E-13     1629.29  0
 3.18100E-03   6.95031E-04   3.77835E-05   6.70457E-05   6.58579E-13     1624.44  0
 3.20100E-03   6.81846E-04   3.43920E-05   6.40855E-05   5.33226E-13     1622.70  0
 3.22100E-03   6.67897E-04   3.28593E-05   7.18882E-05   4.55914E-13     1621.78  0
 3.24100E-03   6.49786E-04   3.00427E-05   7.22072E-05   3.86230E-13     1620.39  0
 3.26100E-03   6.22534E-04   2.83609E-05   7.24146E-05   3.23563E-13     1618.56  0
 3.28100E-03   5.92276E-04   2.61288E-05   7.25149E-05   2.66402E-13     1616.31  0
 3.30100E-03   5.59973E-04   2.40038E-05   7.25306E-05   2.15057E-13     1613.70  0
 3.32100E-03   5.29389E-04   2.26206E-05   7.24612E-05   1.69251E-13     1610.73  0
 3.34100E-03   5.01366E-04   1.98084E-05   7.22957E-05   1.28051E-13     1607.36  0
 3.36100E-03   4.71643E-04   1.84783E-05   7.20473E-05   1.69780E-13     1603.64  1
 3.38100E-03   4.38643E-05   1.03585E-04   4.04760E-05   2.84133E-13     1853.26  1
 3.40100E-03   7.81784E-05   1.07102E-04   5.37285E-05   4.01077E-13     2329.57  1
 3.42100E-03   1.12438E-04   1.07915E-04   5.85767E-05   5.12316E-13     2432.16  1
 3.44100E-03   1.41736E-04   1.08069E-04   6.01920E-05   6.33198E-13     2490.99  1
 3.46100E-03   1.72894E-04   1.08179E-04   6.08476E-05   7.53122E-13     2436.21  1
 3.48100E-03   2.06176E-04   1.08339E-04   6.12381E-05   8.78652E-13     2478.27  1
 3.50099E-03   2.41408E-04   1.08664E-04   6.16842E-05   9.93864E-13     2479.57  1
 3.52099E-03   2.71669E-04   1.08858E-04   6.21713E-05   1.10370E-12     2504.01  1
 3.54099E-03   3.01954E-04   1.08978E-04   6.26587E-05   1.22037E-12     2488.93  1
 3.56099E-03   3.33108E-04   1.09047E-04   6.31030E-05   1.32556E-12     2467.78  1
 3.58099E-03   3.67225E-04   1.09042E-04   6.35691E-05   1.43110E-12     2533.28  1
 3.60099E-03   3.97262E-04   1.09015E-04   6.39449E-05   1.52645E-12     2505.49  1
 3.62099E-03   4.31969E-04   1.09302E-04   6.43061E-05   1.61514E-12     2510.59  1
 3.64099E-03   4.61435E-04   1.09354E-04   6.46399E-05   1.70589E-12     2514.64  1
 3.66099E-03   4.89107E-04   1.09392E-04   6.49631E-05   1.79489E-12     2498.79  1
 3.68099E-03   5.16237E-04   1.09401E-04   6.52731E-05   1.87996E-12     2499.98  1
 3.70099E-03   5.48778E-04   1.09326E-04   6.55844E-05   1.96232E-12     2536.35  1
 3.72099E-03   5.78785E-04   1.09398E-04   6.59123E-05   2.03599E-12     2540.38  1
 3.74099E-03   6.02946E-04   1.09461E-04   6.62451E-05   2.10958E-12     2544.55  1
 3.76099E-03   6.31667E-04   1.09489E-04   6.65258E-05   2.18547E-12     2529.01  1
 3.78099E-03   6.57044E-04   1.09468E-04   6.78873E-05   2.25924E-12     2524.87  1
 3.80099E-03   6.88764E-04   1.09360E-04   6.85385E-05   2.33561E-12     2551.94  1
 3.82099E-03   7.14611E-04   1.09387E-04   6.91966E-05   2.40143E-12     2554.34  1
 3.84099E-03   7.41306E-04   1.09408E-04   6.95992E-05   2.46695E-12     2545.18  1
 3.86099E-03   7.65300E-04   1.09379E-04   6.99736E-05   2.52410E-12     2524.93  1
 3.88099E-03   7.93901E-04   1.09291E-04   7.03379E-05   2.57683E-12     2535.81  1
 3.90099E-03   8.21699E-04   1.09105E-04   7.05918E-05   2.62779E-12     2549.97  1
 3.92099E-03   8.50555E-04   1.09046E-04   7.08301E-05   2.66654E-12     2551.38  1
 3.94099E-03   8.72814E-04   1.08944E-04   7.09876E-05   2.69757E-12     2535.77  1
 3.96099E-03   8.97917E-04   1.08779E-04   7.11051E-05   2.72913E-12     2519.96  1
 3.98099E-03   9.23516E-04   1.08535E-04   7.11342E-05   2.75086E-12     2505.39  1
 4.00099E-03   9.47662E-04   1.08269E-04   7.11642E-05   2.76637E-12     2503.46  1
 4.02099E-03   9.73734E-04   1.08153E-04   7.11809E-05   2.78122E-12     2491.70  1
 4.04099E-03   1.00461E-03   1.08094E-04   7.11460E-05   2.62440E-12     2476.12  0
 4.06099E-03   9.93352E-04   1.03480E-04   7.11398E-05   2.46256E-12     2176.54  0
 4.08099E-03   9.84824E-04   9.83000E-05   7.10693E-05   2.30612E-12     2041.46  0
 4.10099E-03   9.78177E-04   9.31352E-05   7.09286E-05   2.16123E-12     1961.98  0
 4.12099E-03   9.67202E-04   8.76573E-05   7.07193E-05   2.02644E-12     1904.53  0
 4.14099E-03   9.57161E-04   8.09407E-05   7.05553E-05   1.90004E-12     1858.19  0
 4.16100E-03   9.48471E-04   7.46663E-05   7.03899E-05   1.77976E-12     1818.97  0
 4.18100E-03   9.38807E-04   6.88846E-05   7.01586E-05   1.66499E-12     1784.94  0
 4.20100E-03   9.24991E-04   6.31713E-05   6.91321E-05   1.45590E-12     1754.13  0
 4.22100E-03   9.14160E-04   5.86073E-05   7.26338E-05   1.32950E-12     1717.25  0
 4.24100E-03   9.01454E-04   5.45387E-05   7.31034E-05   1.20637E-12     1684.10  0
 4.26100E-03   8.87896E-04   5.13420E-05   7.34168E-05   1.08874E-12     1659.02  0
 4.28100E-03   8.70036E-04   4.81718E-05   7.36365E-05   9.77893E-13     1641.86  0
 4.30100E-03   8.52571E-04   4.46947E-05   7.37911E-05   8.74161E-13     1631.02  0
 4.32100E-03   8.31133E-04   4.25692E-05   7.38971E-05   7.76745E-13     1624.99  0
 4.34100E-03   8.09290E-04   3.89786E-05   7.39650E-05   6.86099E-13     1622.79  0
 4.36100E-03   7.92162E-04   3.66822E-05   7.40046E-05   6.01834E-13     1621.96  0
 4.38100E-03   7.67723E-04   3.37833E-05   7.40102E-05   5.23133E-13     1620.81  0
 4.40100E-03   7.42097E-04   3.09724E-05   6.85447E-05   4.00649E-13     1619.21  0
 4.42100E-03   7.13802E-04   2.87268E-05   8.06707E-05   3.24573E-13     1617.42  0
 4.44100E-03   6.78809E-04   2.67295E-05   8.06967E-05   2.58079E-13     1615.25  0
 4.46100E-03   6.36903E-04   2.41529E-05   8.06417E-05   2.00164E-13     1612.70  0
 4.48100E-03   5.91102E-04   2.26970E-05   8.04044E-05   1.50255E-13     1609.74  0
 4.50100E-03   5.46631E-04   1.98369E-05   7.93720E-05   1.07548E-13     1606.32  0
 4.52100E-03   4.97023E-04   1.83061E-05   7.32644E-05   7.24232E-14     1602.54  0
 4.54100E-03   4.49365E-04   1.60321E-05   6.77609E-05   1.16501E-13     1598.15  1
 4.56100E-03   4.06284E-05   1.03143E-04   4.75319E-05   2.52946E-13     1862.60  1
 4.58100E-03   7.60305E-05   1.07606E-04   5.45848E-05   3.78447E-13     2315.24  1
 4.60100E-03   1.08299E-04   1.07818E-04   5.83420E-05   5.02233E-13     2430.08  1
 4.62100E-03   1.44685E-04   1.08098E-04   5.97062E-05   6.29234E-13     2478.40  1
 4.64100E-03   1.76754E-04   1.08193E-04   6.04629E-05   7.55181E-13     2527.90  1
 4.66100E-03   2.10034E-04   1.08432E-04   6.13268E-05   8.77766E-13     2523.35  1
 4.68100E-03   2.41107E-04   1.08697E-04   6.19849E-05   9.93081E-13     2526.71  1
 4.70100E-03   2.74516E-04   1.08874E-04   6.24481E-05   1.10614E-12     2531.31  1
 4.72100E-03   3.05584E-04   1.09013E-04   6.29642E-05   1.21733E-12     2574.81  1
 4.74100E-03   3.37626E-04   1.09088E-04   6.33702E-05   1.32377E-12     2568.37  1
 4.76100E-03   3.70848E-04   1.09130E-04   6.37793E-05   1.43086E-12     2562.92  1
 4.78100E-03   4.01056E-04   1.09246E-04   6.42522E-05   1.52779E-12     2556.83  1
 4.80100E-03   4.30202E-04   1.09087E-04   6.46250E-05   1.62384E-12     2551.99  1
 4.82100E-03   4.63033E-04   1.09437E-04   6.50316E-05   1.71288E-12     2563.96  1
 4.84100E-03   4.94733E-04   1.09464E-04   6.53507E-05   1.79992E-12     2588.20  1
 4.86100E-03   5.21501E-04   1.09508E-04   6.56996E-05   1.88447E-12     2609.62  1
 4.88100E-03   5.49604E-04   1.09525E-04   6.59875E-05   1.96314E-12     2598.91  1
 4.90100E-03   5.80009E-04   1.09443E-04   6.62739E-05   2.04317E-12     2591.91  1
 4.92100E-03   6.05126E-04   1.09466E-04   6.66842E-05   2.12219E-12     2583.35  1
 4.94100E-03   6.32029E-04   1.09514E-04   6.81902E-05   2.20909E-12     2589.71  1
 4.96100E-03   6.60705E-04   1.09555E-04   6.92031E-05   2.28550E-12     2521.97  1
 4.98100E-03   6.88492E-04   1.09603E-04   7.00097E-05   2.36231E-12     2604.77  1
 5.00100E-03   7.15478E-04   1.09508E-04   7.05742E-05   2.43341E-12     2600.71  1
 5.02100E-03   7.41929E-04   1.09502E-04   7.08858E-05   2.49912E-12     2593.05  1
 5.04100E-03   7.69511E-04   1.09546E-04   7.10758E-05   2.56010E-12     2569.58  1
 5.06100E-03   7.96498E-04   1.09611E-04   7.12607E-05   2.61774E-12     2633.63  1
 5.08100E-03   8.21794E-04   1.09597E-04   7.13923E-05   2.67011E-12     2618.66  1
 5.10100E-03   8.50690E-04   1.09472E-04   7.14753E-05   2.72262E-12     2610.52  1
 5.12100E-03   8.73705E-04   1.09430E-04   7.15168E-05   2.76580E-12     2598.56  1
 5.14100E-03   9.03604E-04   1.09434E-04   7.16177E-05   2.81189E-12     2581.38  1
 5.16100E-03   9.27079E-04   1.09453E-04   7.17612E-05   2.84691E-12     2626.69  1
 5.18100E-03   9.51847E-04   1.09380E-04   7.18947E-05   2.88498E-12     2620.44  1
 5.20100E-03   9.78817E-04   1.09170E-04   7.19261E-05   2.91648E-12     2545.22  1
 5.22100E-03   1.00080E-03   1.09194E-04   7.19609E-05   2.94022E-12     2569.80  1
 5.24100E-03   1.02941E-03   1.09027E-04   7.20375E-05   2.96311E-12     2594.26  1
 5.26100E-03   1.05068E-03   1.08830E-04   7.21149E-05   2.98747E-12     2584.80  1
 5.28100E-03   1.07529E-03   1.08707E-04   7.21607E-05   2.99490E-12     2551.56  1
 5.30100E-03   1.09950E-03   1.08564E-04   7.22144E-05   3.00269E-12     2619.43  1
 5.32100E-03   1.12009E-03   1.08347E-04   7.21399E-05   2.99974E-12     2586.57  1
 5.34100E-03   1.14290E-03   1.08168E-04   7.20252E-05   2.99845E-12     2557.40  1
 5.36100E-03   1.16918E-03   1.08071E-04   7.19119E-05   2.82497E-12     2518.23  0
 5.38100E-03   1.15698E-03   1.03520E-04   7.17721E-05   2.64672E-12     2183.03  0
 5.40100E-03   1.14359E-03   9.82264E-05   7.16191E-05   2.47075E-12     2052.16  0
 5.42100E-03   1.13367E-03   9.30552E-05   7.17575E-05   2.31114E-12     1974.23  0
 5.44100E-03   1.12066E-03   8.75912E-05   7.16958E-05   2.16277E-12     1915.50  0
 5.46101E-03   1.10583E-03   8.07123E-05   7.15415E-05   2.02301E-12     1867.20  0
 5.48101E-03   1.09018E-03   7.45417E-05   7.12943E-05   1.89008E-12     1825.63  0
 5.50101E-03   1.07517E-03   6.88558E-05   7.09803E-05   1.76274E-12     1789.94  0
 5.52101E-03   1.06180E-03   6.36355E-05   7.05830E-05   1.63948E-12     1758.46  0
 5.54101E-03   1.05245E-03   5.89614E-05   7.01257E-05   1.51984E-12     1731.36  0
 5.56101E-03   1.04295E-03   5.48904E-05   6.96169E-05   1.40332E-12     1707.75  0
 5.58101E-03   1.03179E-03   5.17927E-05   6.90755E-05   1.29052E-12     1687.30  0
 5.60101E-03   1.01730E-03   4.83884E-05   6.85493E-05   1.18131E-12     1669.82  0
 5.62101E-03   1.00150E-03   4.51426E-05   6.80517E-05   1.07533E-12     1655.21  0
 5.64101E-03   9.86255E-04   4.29669E-05   6.76021E-05   9.73893E-13     1643.24  0
 5.66101E-03   9.63062E-04   3.98441E-05   6.73179E-05   8.76908E-13     1633.92  0
 5.68101E-03   9.33227E-04   3.79864E-05   6.71818E-05   7.84844E-13     1627.37  0
 5.70101E-03   9.08155E-04   3.51047E-05   6.70417E-05   6.97666E-13     1623.64  0
 5.72101E-03   8.84145E-04   3.33381E-05   6.68978E-05   6.15465E-13     1622.60  0
 5.74101E-03   8.59223E-04   3.28013E-05   6.67445E-05   5.38269E-13     1621.76  0
 5.76101E-03   8.33394E-04   3.26117E-05   6.65738E-05   4.66381E-13     1620.58  0
 5.78101E-03   8.00473E-04   3.09331E-05   6.63815E-05   3.99538E-13     1619.06  0
 5.80101E-03   7.46634E-04   2.55794E-05   6.41173E-05   3.05506E-13     1616.84  0
 5.82101E-03   7.01463E-04   2.75972E-05   7.04636E-05   2.43086E-13     1614.37  0
 5.84101E-03   6.53106E-04   2.53588E-05   6.90357E-05   1.88642E-13     1611.35  0
 5.86101E-03   6.06608E-04   2.30278E-05   6.76216E-05   2.30957E-13     1607.91  1
 5.88101E-03   4.20695E-05   1.04305E-04   4.46357E-05   3.50623E-13     1860.54  1
 5.90101E-03   7.65319E-05   1.08167E-04   5.59428E-05   4.73213E-13     2369.34  1
 5.92101E-03   1.13268E-04   1.08635E-04   5.99069E-05   5.88643E-13     2495.40  1
 5.94101E-03   1.43223E-04   1.08846E-04   6.11052E-05   7.03667E-13     2504.35  1
 5.96101E-03   1.73619E-04   1.08964E-04   6.21516E-05   8.28790E-13     2507.14  1
 5.98101E-03   2.04857E-04   1.09031E-04   6.28468E-05   9.52562E-13     2493.75  1
 6.00101E-03   2.37434E-04   1.08799E-04   6.29475E-05   1.08711E-12     2480.23  1
 6.02101E-03   2.72045E-04   1.09149E-04   6.69931E-05   1.21774E-12     2494.58  1
 6.04101E-03   3.01841E-04   1.09297E-04   6.87293E-05   1.33834E-12     2508.46  1
 6.06101E-03   3.32259E-04   1.09376E-04   6.97217E-05   1.45615E-12     2499.85  1
 6.08101E-03   3.63637E-04   1.09413E-04   7.04147E-05   1.56700E-12     2492.35  1
 6.10101E-03   3.98104E-04   1.09361E-04   7.08016E-05   1.67563E-12     2547.27  1
 6.12101E-03   4.31043E-04   1.09444E-04   7.11338E-05   1.77154E-12     2537.45  1
 6.14101E-03   4.61441E-04   1.09531E-04   7.13958E-05   1.87024E-12     2539.68  1
 6.16101E-03   4.92057E-04   1.09587E-04   7.16051E-05   1.96435E-12     2496.42  1
 6.18101E-03   5.23618E-04   1.09596E-04   7.17692E-05   2.05371E-12     2521.18  1
 6.20101E-03   5.58338E-04   1.09513E-04   7.19148E-05   2.14195E-12     2549.27  1
 6.22101E-03   5.90753E-04   1.09564E-04   7.20515E-05   2.21785E-12     2551.67  1
 6.24101E-03   6.20506E-04   1.09640E-04   7.21057E-05   2.29754E-12     2544.09  1
 6.26101E-03   6.46112E-04   1.09682E-04   7.22409E-05   2.37215E-12     2522.09  1
 6.28101E-03   6.74237E-04   1.09671E-04   7.23435E-05   2.44291E-12     2538.29  1
 6.30101E-03   7.04116E-04   1.09574E-04   7.24759E-05   2.51213E-12     2561.38  1
 6.32101E-03   7.31324E-04   1.09604E-04   7.26456E-05   2.56986E-12     2569.91  1
 6.34101E-03   7.51944E-04   1.09677E-04   7.27723E-05   2.63097E-12     2562.65  1
 6.36101E-03   7.76506E-04   1.09710E-04   7.28808E-05   2.68743E-12     2535.83  1
 6.38101E-03   8.04433E-04   1.09688E-04   7.29363E-05   2.74217E-12     2552.54  1
 6.40101E-03   8.32601E-04   1.09577E-04   7.30212E-05   2.79232E-12     2574.45  1
 6.42101E-03   8.61441E-04   1.09591E-04   7.31149E-05   2.83346E-12     2580.03  1
 6.44101E-03   8.82760E-04   1.09644E-04   7.31963E-05   2.87796E-12     2567.85  1
 6.46101E-03   9.10498E-04   1.09655E-04   7.32050E-05   2.91795E-12     2541.34  1
 6.48101E-03   9.37340E-04   1.09607E-04   7.32016E-05   2.95343E-12     2579.30  1
 6.50101E-03   9.67408E-04   1.09469E-04   7.32355E-05   2.98614E-12     2584.26  1
 6.52101E-03   9.95708E-04   1.09456E-04   7.33406E-05   3.01058E-12     2585.99  1
 6.54101E-03   1.01697E-03   1.09455E-04   7.33914E-05   3.03739E-12     2594.18  1
 6.56101E-03   1.04502E-03   1.09403E-04   7.33734E-05   3.05612E-12     2540.17  1
 6.58101E-03   1.06924E-03   1.09289E-04   7.33309E-05   3.07398E-12     2566.11  1
 6.60101E-03   1.09844E-03   1.09077E-04   7.33190E-05   3.08927E-12     2570.26  1
 6.62101E-03   1.12331E-03   1.09022E-04   7.32808E-05   3.09131E-12     2571.14  1
 6.64101E-03   1.14600E-03   1.08914E-04   7.32470E-05   3.09320E-12     2579.23  1
 6.66101E-03   1.17044E-03   1.08756E-04   7.32003E-05   3.09398E-12     2523.57  1
 6.68101E-03   1.19339E-03   1.08526E-04   7.30901E-05   2.92038E-12     2531.72  0
 6.70101E-03   1.19020E-03   1.04908E-04   7.29531E-05   2.73970E-12     2235.72  0
 6.72101E-03   1.17961E-03   1.00443E-04   7.28243E-05   2.56211E-12     2096.07  0
 6.74101E-03   1.16928E-03   9.54483E-05   7.27009E-05   2.39448E-12     2014.51  0
 6.76101E-03   1.15837E-03   9.04150E-05   7.25086E-05   2.23599E-12     1951.43  0
 6.78102E-03   1.14512E-03   8.50231E-05   7.23223E-05   2.08800E-12     1897.20  0
 6.80102E-03   1.12782E-03   7.86855E-05   7.15882E-05   1.87779E-12     1848.23  0
 6.82102E-03   1.11023E-03   7.34492E-05   7.41157E-05   1.72228E-12     1792.92  0
 6.84102E-03   1.08998E-03   6.83664E-05   7.44693E-05   1.57345E-12     1746.39  0
 6.86102E-03   1.06765E-03   6.35621E-05   7.46615E-05   1.43190E-12     1709.82  0
 6.88102E-03   1.04246E-03   5.91227E-05   7.47793E-05   1.29773E-12     1681.79  0
 6.90102E-03   1.01546E-03   5.53075E-05   7.48531E-05   1.17126E-12     1660.83  0
 6.92102E-03   9.87789E-04   5.24060E-05   7.48980E-05   1.05269E-12     1645.22  0
 6.94102E-03   9.57208E-04   4.84377E-05   7.49193E-05   9.41892E-13     1634.35  0
 6.96102E-03   9.26296E-04   4.50371E-05   7.49158E-05   8.38524E-13     1627.43  0
 6.98102E-03   8.92920E-04   4.27551E-05   7.48887E-05   7.42810E-13     1623.75  0
 7.00102E-03   8.53842E-04   3.90375E-05   6.96182E-05   5.96411E-13     1622.66  0
 7.02102E-03   8.16582E-04   3.69573E-05   8.10229E-05   5.04659E-13     1621.89  0
 7.04102E-03   7.73732E-04   3.40061E-05   8.12385E-05   4.23115E-13     1620.77  0
 7.06102E-03   7.24986E-04   3.22376E-05   8.13596E-05   3.50912E-13     1619.29  0
 7.08102E-03   6.77776E-04   2.93209E-05   8.13443E-05   2.86903E-13     1617.48  0
 7.10102E-03   6.28617E-04   2.77951E-05   8.12473E-05   2.30668E-13     1615.36  0
 7.12102E-03   5.78403E-04   2.51358E-05   7.77717E-05   1.81350E-13     1612.95  0
 7.14102E-03   5.30107E-04   2.35934E-05   7.53506E-05   1.38970E-13     1610.29  0
 7.16102E-03   4.82776E-04   2.19675E-05   7.32328E-05   1.03014E-13     1607.36  0
 7.18102E-03   4.32613E-04   1.95365E-05   6.97351E-05   1.79340E-13     1604.16  1
 7.20102E-03   4.15508E-05   1.05084E-04   3.91363E-05   3.09285E-13     1858.53  1
 7.22102E-03   7.78917E-05   1.08595E-04   5.68448E-05   4.50325E-13     2418.89  1
 7.24102E-03   1.12325E-04   1.09097E-04   6.05907E-05   5.94424E-13     2534.32  1
 7.26102E-03   1.43178E-04   1.09253E-04   6.19432E-05   7.29236E-13     2548.24  1
 7.28102E-03   1.76650E-04   1.09337E-04   6.28453E-05   8.66248E-13     2566.08  1
 7.30102E-03   2.08062E-04   1.09410E-04   6.36069E-05   1.00345E-12     2606.13  1
 7.32102E-03   2.39948E-04   1.09425E-04   6.42402E-05   1.13118E-12     2596.55  1
 7.34102E-03   2.72867E-04   1.09369E-04   6.48226E-05   1.25722E-12     2593.89  1
 7.36102E-03   3.05647E-04   1.09465E-04   6.53437E-05   1.37111E-12     2573.96  1
 7.38102E-03   3.36440E-04   1.09566E-04   6.59003E-05   1.48368E-12     2639.99  1
 7.40102E-03   3.65625E-04   1.09479E-04   6.63591E-05   1.59118E-12     2594.09  1
 7.42102E-03   4.01282E-04   1.09615E-04   6.68109E-05   1.70098E-12     2573.34  1
 7.44102E-03   4.34659E-04   1.09632E-04   6.83983E-05   1.80965E-12     2581.40  1
 7.46102E-03   4.66026E-04   1.09679E-04   6.99493E-05   1.91653E-12     2625.81  1
 7.48102E-03   4.97869E-04   1.09685E-04   7.06126E-05   2.01502E-12     2614.48  1
 7.50102E-03   5.30830E-04   1.09585E-04   7.10519E-05   2.11273E-12     2606.69  1
 7.52102E-03   5.61288E-04   1.09577E-04   7.13698E-05   2.20259E-12     2592.40  1
 7.54102E-03   5.94716E-04   1.09637E-04   7.16593E-05   2.28924E-12     2566.61  1
 7.56102E-03   6.25964E-04   1.09726E-04   7.19716E-05   2.36861E-12     2629.26  1
 7.58102E-03   6.57717E-04   1.09732E-04   7.22341E-05   2.44733E-12     2614.16  1
 7.60102E-03   6.90643E-04   1.09619E-04   7.23999E-05   2.52108E-12     2609.24  1
 7.62102E-03   7.20615E-04   1.09594E-04   7.25079E-05   2.59225E-12     2599.40  1
 7.64102E-03   7.49958E-04   1.09646E-04   7.25959E-05   2.65808E-12     2581.86  1
 7.66102E-03   7.76728E-04   1.09731E-04   7.27583E-05   2.71689E-12     2635.38  1
 7.68102E-03   8.05361E-04   1.09728E-04   7.28973E-05   2.77403E-12     2634.71  1
 7.70102E-03   8.31289E-04   1.09606E-04   7.29829E-05   2.83447E-12     2620.75  1
 7.72102E-03   8.57377E-04   1.09568E-04   7.30072E-05   2.88910E-12     2602.66  1
 7.74102E-03   8.84828E-04   1.09658E-04   7.30025E-05   2.93543E-12     2662.86  1
 7.76102E-03   9.09617E-04   1.09677E-04   7.30078E-05   2.97674E-12     2666.06  1
 7.78102E-03   9.38322E-04   1.09633E-04   7.29436E-05   3.01713E-12     2627.08  1
 7.80102E-03   9.63524E-04   1.09416E-04   7.28704E-05   3.05854E-12     2583.94  1
 7.82102E-03   9.91646E-04   1.09518E-04   7.29138E-05   3.09144E-12     2566.98  1
 7.84102E-03   1.01782E-03   1.09461E-04   7.30512E-05   3.11784E-12     2625.35  1
 7.86102E-03   1.04766E-03   1.09274E-04   7.31718E-05   2.96859E-12     2617.39  0
 7.88102E-03   1.03942E-03   1.07173E-04   7.32216E-05   2.81180E-12     2270.30  0
 7.90102E-03   1.03668E-03   1.03012E-04   7.31660E-05   2.65797E-12     2131.63  0
 7.92102E-03   1.03553E-03   9.85166E-05   7.30759E-05   2.50845E-12     2043.71  0
 7.94102E-03   1.03379E-03   9.39502E-05   7.29385E-05   2.36602E-12     1970.78  0
 7.96102E-03   1.02605E-03   8.91521E-05   7.27737E-05   2.22948E-12     1910.80  0
 7.98102E-03   1.02213E-03   8.44084E-05   7.26080E-05   2.09932E-12     1859.84  0
 8.00102E-03   1.01298E-03   7.90905E-05   7.10490E-05   1.90025E-12     1815.40  0
 8.02102E-03   1.00660E-03   7.44513E-05   7.39782E-05   1.76128E-12     1764.77  0
 8.04102E-03   9.95737E-04   7.00078E-05   7.45808E-05   1.62551E-12     1725.82  0
 8.06102E-03   9.87335E-04   6.58219E-05   7.47209E-05   1.49405E-12     1694.69  0
 8.08102E-03   9.78731E-04   6.24642E-05   7.46768E-05   1.36747E-12     1671.06  0
 8.10102E-03   9.67189E-04   5.81481E-05   7.45660E-05   1.24618E-12     1653.41  0
 8.12102E-03   9.54936E-04   5.42355E-05   7.44687E-05   1.13082E-12     1640.62  0
 8.14102E-03   9.41512E-04   5.10681E-05   7.45408E-05   1.02188E-12     1631.86  0
 8.16103E-03   9.22450E-04   4.80321E-05   7.46094E-05   9.19428E-13     1626.22  0
 8.18103E-03   9.02664E-04   4.45259E-05   7.46617E-05   8.23074E-13     1623.34  0
 8.20103E-03   8.71811E-04   4.06986E-05   7.04415E-05   6.68221E-13     1622.55  0
 8.22103E-03   8.37077E-04   3.82840E-05   8.12318E-05   5.72438E-13     1621.75  0
 8.24103E-03   7.96226E-04   3.55533E-05   8.14672E-05   4.86926E-13     1620.66  0
 8.26103E-03   7.54081E-04   3.34807E-05   8.16131E-05   4.10003E-13     1619.29  0
 8.28103E-03   7.14416E-04   3.13258E-05   8.16841E-05   3.40969E-13     1617.65  0
 8.30103E-03   6.75371E-04   2.90778E-05   8.16832E-05   2.79257E-13     1615.77  0
 8.32103E-03   6.23604E-04   2.77086E-05   8.16050E-05   2.24771E-13     1613.63  0
 8.34103E-03   5.69785E-04   2.50338E-05   8.14794E-05   1.76900E-13     1611.40  0
 8.36103E-03   5.15278E-04   2.35459E-05   8.12897E-05   2.39018E-13     1608.92  1
 8.38103E-03   4.95193E-05   1.05666E-04   4.47163E-05   3.70322E-13     1875.70  1
 8.40103E-03   7.85053E-05   1.08550E-04   5.60536E-05   4.88978E-13     2403.48  1
 8.42103E-03   1.09024E-04   1.09153E-04   6.39484E-05   6.22423E-13     2430.29  1
 8.44103E-03   1.40366E-04   1.09300E-04   6.68324E-05   7.53949E-13     2478.80  1
 8.46103E-03   1.74598E-04   1.09253E-04   6.80682E-05   8.89608E-13     2520.10  1
 8.48103E-03   2.07449E-04   1.09381E-04   6.89598E-05   1.01785E-12     2519.34  1
 8.50103E-03   2.37720E-04   1.09462E-04   6.93568E-05   1.15043E-12     2529.37  1
 8.52103E-03   2.68223E-04   1.09511E-04   6.98299E-05   1.28320E-12     2481.06  1
 8.54103E-03   2.99675E-04   1.09513E-04   7.00918E-05   1.40795E-12     2498.22  1
 8.56103E-03   3.34525E-04   1.09431E-04   7.03789E-05   1.53027E-12     2538.79  1
 8.58103E-03   3.66728E-04   1.09515E-04   7.07945E-05   1.64010E-12     2539.41  1
 8.60103E-03   3.95704E-04   1.09408E-04   7.10055E-05   1.75080E-12     2522.24  1
 8.62103E-03   4.31967E-04   1.09629E-04   7.12409E-05   1.84878E-12     2517.75  1
 8.64103E-03   4.61666E-04   1.09653E-04   7.14323E-05   1.94872E-12     2545.17  1
 8.66103E-03   4.92418E-04   1.09674E-04   7.16383E-05   2.04619E-12     2521.50  1
 8.68103E-03   5.24308E-04   1.09663E-04   7.18081E-05   2.13703E-12     2531.26  1
 8.70103E-03   5.59213E-04   1.09570E-04   7.19390E-05   2.22578E-12     2558.56  1
 8.72103E-03   5.90597E-04   1.09604E-04   7.21486E-05   2.30249E-12     2560.95  1
 8.74103E-03   6.17500E-04   1.09679E-04   7.22782E-05   2.38659E-12     2547.54  1
 8.76103E-03   6.46039E-04   1.09716E-04   7.23347E-05   2.45891E-12     2525.02  1
 8.78103E-03   6.75547E-04   1.09697E-04   7.24153E-05   2.53045E-12     2551.47  1
 8.80103E-03   7.03780E-04   1.09554E-04   7.25002E-05   2.59478E-12     2525.79  1
 8.82103E-03   7.33471E-04   1.09733E-04   7.25870E-05   2.65978E-12     2562.21  1
 8.84103E-03   7.62905E-04   1.09621E-04   7.26589E-05   2.71844E-12     2577.94  1
 8.86103E-03   7.93280E-04   1.09555E-04   7.26994E-05   2.76521E-12     2578.63  1
 8.88103E-03   8.18198E-04   1.09568E-04   7.27444E-05   2.81504E-12     2568.47  1
 8.90103E-03   8.44326E-04   1.09519E-04   7.27423E-05   2.68492E-12     2536.35  0
 8.92103E-03   8.44565E-04   1.07602E-04   7.27988E-05   2.54584E-12     2264.34  0
 8.94103E-03   8.40264E-04   1.03238E-04   7.28954E-05   2.40835E-12     2130.54  0
 8.96103E-03   8.37216E-04   9.89836E-05   7.29641E-05   2.27469E-12     2045.19  0
 8.98103E-03   8.34980E-04   9.46631E-05   7.30201E-05   2.14631E-12     1971.41  0
 9.00103E-03   8.27533E-04   8.95032E-05   7.19553E-05   1.96327E-12     1909.73  0
 9.02103E-03   8.27891E-04   8.50766E-05   7.47341E-05   1.83642E-12     1841.18  0
 9.04103E-03   8.21582E-04   8.05805E-05   7.53723E-05   1.70929E-12     1785.41  0
 9.06103E-03   8.17740E-04   7.61676E-05   7.55572E-05   1.58457E-12     1741.45  0
 9.08103E-03   8.14501E-04   7.21684E-05   7.55293E-05   1.46361E-12     1708.59  0
 9.10103E-03   8.06902E-04   6.77970E-05   7.54045E-05   1.34705E-12     1683.57  0
 9.12103E-03   8.03915E-04   6.34270E-05   7.52358E-05   1.23536E-12     1664.01  0
 9.14103E-03   7.95392E-04   5.93047E-05   7.50696E-05   1.12882E-12     1648.91  0
 9.16103E-03   7.91746E-04   5.57473E-05   7.49738E-05   1.02707E-12     1638.02  0
 9.18103E-03   7.82176E-04   5.27889E-05   7.50591E-05   9.30829E-13     1630.61  0
 9.20103E-03   7.66486E-04   4.82098E-05   7.09880E-05   7.75240E-13     1625.57  0
 9.22103E-03   7.54926E-04   4.48773E-05   8.14628E-05   6.78748E-13     1623.02  0
 9.24103E-03   7.36211E-04   4.27513E-05   8.17963E-05   5.91172E-13     1622.39  0
 9.26103E-03   7.15729E-04   3.93776E-05   8.20198E-05   5.11264E-13     1621.49  0
 9.28103E-03   6.89343E-04   3.76555E-05   8.21599E-05   4.38462E-13     1620.38  0
 9.30103E-03   6.60562E-04   3.45341E-05   8.22366E-05   3.72128E-13     1619.10  0
 9.32103E-03   6.23683E-04   3.29217E-05   8.22623E-05   3.12682E-13     1617.61  0
 9.34103E-03   5.83036E-04   3.01948E-05   8.22342E-05   2.58902E-13     1615.90  0
 9.36103E-03   5.40827E-04   2.85274E-05   8.21612E-05   2.11207E-13     1613.99  0
 9.38103E-03   4.94619E-04   2.65373E-05   8.20451E-05   1.69013E-13     1611.86  0
 9.40103E-03   4.50547E-04   2.40825E-05   7.61255E-05   2.23659E-13     1609.26  1
 9.42103E-03   4.26590E-05   1.05992E-04   4.98737E-05   3.59441E-13     1881.55  1
 9.44103E-03   8.12112E-05   1.08792E-04   5.69000E-05   4.89987E-13     2376.42  1
 9.46104E-03   1.15141E-04   1.09165E-04   6.03471E-05   6.17032E-13     2507.55  1
 9.48104E-03   1.46549E-04   1.09278E-04   6.16469E-05   7.44656E-13     2608.05  1
 9.50104E-03   1.77919E-04   1.09318E-04   6.26816E-05   8.76260E-13     2600.47  1
 9.52104E-03   2.10017E-04   1.09301E-04   6.34326E-05   1.00538E-12     2576.04  1
 9.54104E-03   2.42792E-04   1.09303E-04   6.40474E-05   1.13582E-12     2569.86  1
 9.56104E-03   2.75473E-04   1.09381E-04   6.45746E-05   1.25668E-12     2551.42  1
 9.58104E-03   3.06323E-04   1.09462E-04   6.50348E-05   1.37187E-12     2618.47  1
 9.60104E-03   3.36264E-04   1.09375E-04   6.53972E-05   1.48657E-12     2587.55  1
 9.62104E-03   3.71068E-04   1.09506E-04   6.57419E-05   1.58982E-12     2563.39  1
 9.64104E-03   4.04556E-04   1.09521E-04   6.60216E-05   1.69125E-12     2562.80  1
 9.66104E-03   4.35608E-04   1.09561E-04   6.63432E-05   1.78864E-12     2606.37  1
 9.68104E-03   4.67509E-04   1.09566E-04   6.66799E-05   1.89016E-12     2596.89  1
 9.70104E-03   5.00430E-04   1.09473E-04   6.81278E-05   1.99203E-12     2590.45  1
 9.72104E-03   5.31217E-04   1.09477E-04   6.90715E-05   2.08762E-12     2585.02  1
 9.74104E-03   5.64548E-04   1.09523E-04   6.96834E-05   2.17764E-12     2555.60  1
 9.76104E-03   5.95883E-04   1.09589E-04   7.01235E-05   2.26032E-12     2612.01  1
 9.78104E-03   6.27660E-04   1.09565E-04   7.04777E-05   2.33960E-12     2605.69  1
 9.80104E-03   6.55900E-04   1.09352E-04   7.06700E-05   2.41566E-12     2566.25  1
 9.82104E-03   6.93982E-04   1.09432E-04   7.08731E-05   2.31086E-12     2546.63  0
 9.84104E-03   6.93074E-04   1.07240E-04   7.10270E-05   2.19595E-12     2250.65  0
 9.86104E-03   6.88784E-04   1.02991E-04   7.11702E-05   2.08015E-12     2104.08  0
 9.88104E-03   6.86754E-04   9.85926E-05   7.12847E-05   1.96977E-12     2025.06  0
 9.90104E-03   6.84752E-04   9.40309E-05   7.13255E-05   1.86389E-12     1961.15  0
 9.92104E-03   6.80043E-04   8.94279E-05   7.12887E-05   1.76307E-12     1903.24  0
 9.94104E-03   6.75560E-04   8.48643E-05   7.11473E-05   1.66647E-12     1853.54  0
 9.96104E-03   6.70762E-04   8.04408E-05   7.09726E-05   1.57437E-12     1810.73  0
 9.98104E-03   6.64712E-04   7.61711E-05   7.06833E-05   1.48561E-12     1773.97  0
 1.00010E-02   6.57186E-04   7.07400E-05   6.87049E-05   1.33554E-12     1741.82  0
 1.00210E-02   6.52441E-04   6.73134E-05   7.27191E-05   1.23991E-12     1707.38  0
 1.00410E-02   6.44283E-04   6.31106E-05   7.33072E-05   1.14577E-12     1679.94  0
 1.00610E-02   6.37481E-04   5.90837E-05   7.36773E-05   1.05476E-12     1658.68  0
 1.00810E-02   6.32719E-04   5.56419E-05   7.39357E-05   9.67391E-13     1643.30  0
 1.01010E-02   6.24691E-04   5.28386E-05   7.41303E-05   8.84182E-13     1632.80  0
 1.01210E-02   6.17773E-04   4.90690E-05   7.42861E-05   8.05193E-13     1626.29  0
 1.01410E-02   6.12283E-04   4.63203E-05   7.44157E-05   7.30213E-13     1623.18  0
 1.01610E-02   6.03674E-04   4.33780E-05   7.45218E-05   6.59570E-13     1622.46  0
 1.01810E-02   5.95445E-04   4.03689E-05   7.46056E-05   5.91981E-13     1621.67  0
 1.02010E-02   5.86429E-04   3.79742E-05   7.00537E-05   4.82167E-13     1620.38  0
 1.02210E-02   5.79496E-04   3.50187E-05   8.11670E-05   4.12874E-13     1619.05  0
 1.02410E-02   5.71181E-04   3.32504E-05   8.13821E-05   3.50081E-13     1617.60  0
 1.02610E-02   5.60836E-04   3.07458E-05   8.15004E-05   2.92547E-13     1616.01  0
 1.02810E-02   5.47591E-04   2.88073E-05   8.15385E-05   2.40669E-13     1614.21  0
 1.03010E-02   5.19799E-04   2.73061E-05   8.14864E-05   1.94108E-13     1612.19  0
 1.03210E-02   4.91444E-04   2.46429E-05   8.13674E-05   2.53978E-13     1609.94  1
 1.03410E-02   5.00057E-05   1.05502E-04   4.47280E-05   3.81051E-13     1868.79  1
 1.03610E-02   8.07552E-05   1.08753E-04   5.65416E-05   5.10236E-13     2425.78  1
 1.03810E-02   1.11828E-04   1.09137E-04   6.03702E-05   6.32619E-13     2477.64  1
 1.04010E-02   1.40662E-04   1.08834E-04   6.11838E-05   7.61750E-13     2470.96  1
 1.04210E-02   1.80961E-04   1.09204E-04   6.63528E-05   8.88530E-13     2486.84  1
 1.04410E-02   2.10967E-04   1.09309E-04   6.84523E-05   1.01387E-12     2519.04  1
 1.04610E-02   2.41439E-04   1.09343E-04   6.95415E-05   1.14297E-12     2523.83  1
 1.04810E-02   2.72798E-04   1.09349E-04   7.02082E-05   1.27127E-12     2488.72  1
 1.05010E-02   3.07149E-04   1.09275E-04   7.06598E-05   1.39383E-12     2521.13  1
 1.05210E-02   3.40779E-04   1.09355E-04   7.09950E-05   1.50783E-12     2524.85  1
 1.05410E-02   3.70928E-04   1.09413E-04   7.12097E-05   1.61881E-12     2509.36  1
 1.05610E-02   4.01538E-04   1.09425E-04   7.13820E-05   1.72543E-12     2499.88  1
 1.05810E-02   4.33043E-04   1.09377E-04   7.15242E-05   1.64954E-12     2504.39  0
 1.06010E-02   4.32412E-04   1.06776E-04   7.16983E-05   1.53398E-12     2214.29  0
 1.06210E-02   4.32109E-04   1.02830E-04   7.41816E-05   1.45115E-12     2049.90  0
 1.06410E-02   4.26738E-04   9.83389E-05   7.59976E-05   1.35929E-12     1940.78  0
 1.06610E-02   4.25122E-04   9.36206E-05   7.66705E-05   1.26924E-12     1864.98  0
 1.06810E-02   4.23706E-04   8.87723E-05   7.67746E-05   1.18380E-12     1808.76  0
 1.07010E-02   4.21618E-04   8.39233E-05   7.67171E-05   1.10238E-12     1765.03  0
 1.07210E-02   4.15884E-04   7.89397E-05   7.65311E-05   1.02605E-12     1730.65  0
 1.07410E-02   4.13746E-04   7.42481E-05   7.62481E-05   9.53442E-13     1702.62  0
 1.07610E-02   4.10813E-04   6.98491E-05   7.59709E-05   8.84432E-13     1679.97  0
 1.07810E-02   4.05477E-04   6.59397E-05   7.59143E-05   8.18554E-13     1662.19  0
 1.08010E-02   4.03135E-04   6.25062E-05   7.59366E-05   7.55688E-13     1648.24  0
 1.08210E-02   3.98102E-04   5.81698E-05   7.60924E-05   6.95606E-13     1637.74  0
 1.08410E-02   3.94162E-04   5.42110E-05   7.62176E-05   6.38466E-13     1630.35  0
 1.08610E-02   3.91517E-04   5.09627E-05   7.63242E-05   5.84362E-13     1625.62  0
 1.08810E-02   3.84833E-04   4.80242E-05   7.64002E-05   5.33111E-13     1623.22  0
 1.09010E-02   3.82092E-04   4.45839E-05   7.64421E-05   4.84378E-13     1622.68  0
 1.09210E-02   3.75700E-04   4.25839E-05   7.64612E-05   4.37945E-13     1622.15  0
 1.09410E-02   3.72204E-04   3.92784E-05   7.64538E-05   3.94194E-13     1621.46  0
 1.09610E-02   3.65955E-04   3.75811E-05   7.64811E-05   3.52528E-13     1620.61  0
 1.09810E-02   3.60306E-04   3.45669E-05   7.64804E-05   3.13283E-13     1619.59  0
 1.10010E-02   3.45682E-04   3.28427E-05   7.39752E-05   2.58573E-13     1618.29  0
 1.10210E-02   3.34235E-04   3.27677E-05   7.69461E-05   2.19332E-13     1616.92  0
 1.10410E-02   3.20086E-04   3.26147E-05   7.65654E-05   1.84443E-13     1615.32  0
 1.10610E-02   3.10436E-04   3.14511E-05   7.55979E-05   1.53572E-13     1613.48  0
 1.10810E-02   2.94574E-04   2.90257E-05   7.39989E-05   2.24986E-13     1611.38  1
 1.11010E-02   4.12476E-05   1.06428E-04   4.22337E-05   3.59418E-13     1911.06  1
 1.11210E-02   7.82824E-05   1.08813E-04   5.52570E-05   4.90895E-13     2374.46  1
 1.11410E-02   1.12603E-04   1.09202E-04   5.81454E-05   6.27372E-13     2584.34  1
 1.11610E-02   1.46026E-04   1.09334E-04   6.15541E-05   7.52520E-13     2597.49  1
 1.11810E-02   1.77233E-04   1.09412E-04   6.35317E-05   8.86977E-13     2715.81  1
 1.12010E-02   2.07237E-04   1.08811E-04   6.57976E-05   1.00712E-12     2587.19  1
 1.12210E-02   2.41657E-04   1.09065E-04   7.33542E-05   9.60042E-13     2530.51  0
 1.12410E-02   2.42636E-04   1.06263E-04   7.55537E-05   8.99388E-13     2199.22  0
 1.12610E-02   2.43651E-04   1.02616E-04   7.66882E-05   8.36273E-13     2058.68  0
 1.12810E-02   2.43897E-04   9.79085E-05   7.72950E-05   7.77312E-13     1970.68  0
 1.13010E-02   2.43895E-04   9.30841E-05   7.75519E-05   7.23455E-13     1901.20  0
 1.13210E-02   2.43753E-04   8.83351E-05   7.75364E-05   6.73924E-13     1844.40  0
 1.13410E-02   2.43504E-04   8.35338E-05   7.74622E-05   6.28794E-13     1797.43  0
 1.13610E-02   2.43170E-04   7.88147E-05   7.73079E-05   5.86691E-13     1757.40  0
 1.13810E-02   2.42781E-04   7.41282E-05   7.70753E-05   5.46810E-13     1723.94  0
 1.14010E-02   2.42384E-04   6.94760E-05   7.67931E-05   5.08706E-13     1696.77  0
 1.14210E-02   2.42114E-04   6.51623E-05   7.65054E-05   4.71456E-13     1674.73  0
 1.14411E-02   2.41928E-04   6.10923E-05   7.62970E-05   4.35394E-13     1657.20  0
 1.14611E-02   2.41684E-04   5.75329E-05   7.63058E-05   4.00421E-13     1643.70  0
 1.14811E-02   2.39373E-04   5.32109E-05   7.64389E-05   3.66951E-13     1634.13  0
 1.15011E-02   2.33434E-04   4.93373E-05   7.66056E-05   3.35028E-13     1627.68  0
 1.15211E-02   2.30811E-04   4.64194E-05   7.67601E-05   3.04383E-13     1623.99  0
 1.15411E-02   2.23324E-04   4.33340E-05   7.68993E-05   2.75708E-13     1622.82  0
 1.15611E-02   2.17270E-04   4.02165E-05   7.70183E-05   2.48285E-13     1622.32  0
 1.15811E-02   2.12861E-04   3.81021E-05   7.71127E-05   2.22393E-13     1621.63  0
 1.16011E-02   2.07526E-04   3.54602E-05   7.71787E-05   1.97687E-13     1620.75  0
 1.16211E-02   2.03157E-04   3.36295E-05   7.72132E-05   1.74227E-13     1619.73  0
 1.16411E-02   1.99838E-04   3.28045E-05   7.72122E-05   1.51999E-13     1618.55  0
 1.16611E-02   1.93514E-04   3.25122E-05   7.71715E-05   1.30988E-13     1617.18  0
 1.16811E-02   1.87815E-04   2.96545E-05   7.70859E-05   1.11535E-13     1615.60  0
 1.17011E-02   1.75693E-04   2.84017E-05   7.69518E-05   9.32442E-14     1613.79  0
 1.17211E-02   1.67913E-04   2.79857E-05   7.67634E-05   7.64814E-14     1611.73  0
 1.17411E-02   1.57733E-04   2.75461E-05   7.65171E-05   6.14846E-14     1609.41  0
 1.17611E-02   1.46430E-04   2.41342E-05   7.62283E-05   4.78362E-14     1606.80  0
 1.17811E-02   1.36484E-04   2.14833E-05   7.58658E-05   3.55973E-14     1603.87  0
 1.18011E-02   1.27677E-04   1.88890E-05   7.54165E-05   2.51655E-14     1600.62  0
 1.18211E-02   1.16636E-04   1.67634E-05   7.48443E-05   1.63463E-14     1596.96  0
 1.18411E-02   9.88774E-05   1.42120E-05   7.41612E-05   9.37813E-15     1592.81  0
 1.18611E-02   8.43037E-05   1.28211E-05   6.91325E-05   4.53048E-15     1588.36  0
 1.18811E-02   7.30064E-05   9.92848E-06   5.28591E-05   1.38950E-15     1583.01  0
 1.19011E-02   5.80569E-05   8.02480E-06   3.58277E-05   5.49901E-17     1576.67  0
 1.19211E-02   2.10958E-05   3.26178E-06   1.46748E-05   0.00000E+00     1565.78  0
 1.19411E-02   0.00000E+00   0.00000E+00   0.00000E+00   0.00000E+00     1528.39  0
 1.19611E-02   0.00000E+00   0.00000E+00   0.00000E+00   0.00000E+00     1495.65  0
 1.19811E-02   0.00000E+00   0.00000E+00   0.00000E+00   0.00000E+00     1476.46  0
 1.20011E-02   0.00000E+00   0.00000E+00   0.00000E+00   0.00000E+00     1464.50  0
 1.20211E-02   0.00000E+00   0.00000E+00   0.00000E+00   0.00000E+00     1452.13  0
 1.20411E-02   0.00000E+00   0.00000E+00   0.00000E+00   0.00000E+00     1439.52  0
 1.20611E-02   0.00000E+00   0.00000E+00   0.00000E+00   0.00000E+00     1426.83  0
 1.20811E-02   0.00000E+00   0.00000E+00   0.00000E+00   0.00000E+00     1414.15  0
 1.21011E-02   0.00000E+00   0.00000E+00   0.00000E+00   0.00000E+00     1401.56  0
 1.21211E-02   0.00000E+00   0.00000E+00   0.00000E+00   0.00000E+00     1389.11  0
 1.21411E-02   0.00000E+00   0.00000E+00   0.00000E+00   0.00000E+00     1376.82  0
 1.21611E-02   0.00000E+00   0.00000E+00   0.00000E+00   0.00000E+00     1364.73  0
 1.21811E-02   0.00000E+00   0.00000E+00   0.00000E+00   0.00000E+00     1352.85  0
 1.22011E-02   0.00000E+00   0.00000E+00   0.00000E+00   0.00000E+00     1341.20  0
 1.22211E-02   0.00000E+00   0.00000E+00   0.00000E+00   0.00000E+00     1329.76  0
 1.22411E-02   0.00000E+00   0.00000E+00   0.00000E+00   0.00000E+00     1318.56  0
 1.22611E-02   0.00000E+00   0.00000E+00   0.00000E+00   0.00000E+00     1307.60  0
 1.22811E-02   0.00000E+00   0.00000E+00   0.00000E+00   0.00000E+00     1296.86  0
 1.23011E-02   0.00000E+00   0.00000E+00   0.00000E+00   0.00000E+00     1286.36  0
 1.23211E-02   0.00000E+00   0.00000E+00   0.00000E+00   0.00000E+00     1276.08  0
 1.23411E-02   0.00000E+00   0.00000E+00   0.00000E+00   0.00000E+00     1266.02  0
 1.23611E-02   0.00000E+00   0.00000E+00   0.00000E+00   0.00000E+00     1256.19  0
 1.23811E-02   0.00000E+00   0.00000E+00   0.00000E+00   0.00000E+00     1247.49  0
 1.24011E-02   0.00000E+00   0.00000E+00   0.00000E+00   0.00000E+00     1239.22  0
 1.24211E-02   0.00000E+00   0.00000E+00   0.00000E+00   0.00000E+00     1231.04  0
 1.24411E-02   0.00000E+00   0.00000E+00   0.00000E+00   0.00000E+00     1222.97  0
 1.24611E-02   0.00000E+00   0.00000E+00   0.00000E+00   0.00000E+00     1215.00  0
 1.24811E-02   0.00000E+00   0.00000E+00   0.00000E+00   0.00000E+00     1207.13  0
 1.25011E-02   0.00000E+00   0.00000E+00   0.00000E+00   0.00000E+00     1199.38  0
 1.25211E-02   0.00000E+00   0.00000E+00   0.00000E+00   0.00000E+00     1191.74  0
 1.25411E-02   0.00000E+00   0.00000E+00   0.00000E+00   0.00000E+00     1184.21  0
 1.25611E-02   0.00000E+00   0.00000E+00   0.00000E+00   0.00000E+00     1176.79  0
 1.25811E-02   0.00000E+00   0.00000E+00   0.00000E+00   0.00000E+00     1169.49  0
 1.26011E-02   0.00000E+00   0.00000E+00   0.00000E+00   0.00000E+00     1162.30  0
 1.26211E-02   0.00000E+00   0.00000E+00   0.00000E+00   0.00000E+00     1155.22  0
 1.26411E-02   0.00000E+00   0.00000E+00   0.00000E+00   0.00000E+00     1148.26  0
 1.26611E-02   0.00000E+00   0.00000E+00   0.00000E+00   0.00000E+00     1141.41  0
 1.26811E-02   0.00000E+00   0.00000E+00   0.00000E+00   0.00000E+00     1134.67  0
 1.27011E-02   0.00000E+00   0.00000E+00   0.00000E+00   0.00000E+00     1128.04  0
 1.27211E-02   0.00000E+00   0.00000E+00   0.00000E+00   0.00000E+00     1121.53  0
 1.27411E-02   0.00000E+00   0.00000E+00   0.00000E+00   0.00000E+00     1115.12  0
 1.27611E-02   0.00000E+00   0.00000E+00   0.00000E+00   0.00000E+00     1108.82  0
 1.27811E-02   0.00000E+00   0.00000E+00   0.00000E+00   0.00000E+00     1102.63  0
 1.28011E-02   0.00000E+00   0.00000E+00   0.00000E+00   0.00000E+00     1096.55  0
 1.28211E-02   0.00000E+00   0.00000E+00   0.00000E+00   0.00000E+00     1090.64  0
 1.28411E-02   0.00000E+00   0.00000E+00   0.00000E+00   0.00000E+00     1084.88  0
 1.28611E-02   0.00000E+00   0.00000E+00   0.00000E+00   0.00000E+00     1079.21  0
 1.28811E-02   0.00000E+00   0.00000E+00   0.00000E+00   0.00000E+00     1073.62  0
 1.29011E-02   0.00000E+00   0.00000E+00   0.00000E+00   0.00000E+00     1068.13  0
 1.29211E-02   0.00000E+00   0.00000E+00   0.00000E+00   0.00000E+00     1062.72  0
 1.29411E-02   0.00000E+00   0.00000E+00   0.00000E+00   0.00000E+00     1058.01  0
 1.29611E-02   0.00000E+00   0.00000E+00   0.00000E+00   0.00000E+00     1053.54  0
 1.29811E-02   0.00000E+00   0.00000E+00   0.00000E+00   0.00000E+00     1049.13  0
 1.30011E-02   0.00000E+00   0.00000E+00   0.00000E+00   0.00000E+00     1044.77  0
 1.30211E-02   0.00000E+00   0.00000E+00   0.00000E+00   0.00000E+00     1040.48  0
 1.30411E-02   0.00000E+00   0.00000E+00   0.00000E+00   0.00000E+00     1036.24  0
 1.30611E-02   0.00000E+00   0.00000E+00   0.00000E+00   0.00000E+00     1032.06  0
 1.30811E-02   0.00000E+00   0.00000E+00   0.00000E+00   0.00000E+00     1027.94  0
 1.31011E-02   0.00000E+00   0.00000E+00   0.00000E+00   0.00000E+00     1023.87  0
 1.31211E-02   0.00000E+00   0.00000E+00   0.00000E+00   0.00000E+00     1019.86  0
 1.31411E-02   0.00000E+00   0.00000E+00   0.00000E+00   0.00000E+00     1015.90  0
 1.31611E-02   0.00000E+00   0.00000E+00   0.00000E+00   0.00000E+00     1011.99  0
 1.31811E-02   0.00000E+00   0.00000E+00   0.00000E+00   0.00000E+00     1008.14  0
 1.32011E-02   0.00000E+00   0.00000E+00   0.00000E+00   0.00000E+00     1004.33  0
 1.32211E-02   0.00000E+00   0.00000E+00   0.00000E+00   0.00000E+00     1000.58  0
 1.32411E-02   0.00000E+00   0.00000E+00   0.00000E+00   0.00000E+00      996.87  0
 1.32611E-02   0.00000E+00   0.00000E+00   0.00000E+00   0.00000E+00      993.21  0
 1.32811E-02   0.00000E+00   0.00000E+00   0.00000E+00   0.00000E+00      989.60  0
 1.33011E-02   0.00000E+00   0.00000E+00   0.00000E+00   0.00000E+00      987.02  0
 1.33211E-02   0.00000E+00   0.00000E+00   0.00000E+00   0.00000E+00      984.68  0
 1.33411E-02   0.00000E+00   0.00000E+00   0.00000E+00   0.00000E+00      982.36  0
 1.33611E-02   0.00000E+00   0.00000E+00   0.00000E+00   0.00000E+00      980.06  0
 1.33811E-02   0.00000E+00   0.00000E+00   0.00000E+00   0.00000E+00      977.77  0
 1.34011E-02   0.00000E+00   0.00000E+00   0.00000E+00   0.00000E+00      975.49  0
 1.34211E-02   0.00000E+00   0.00000E+00   0.00000E+00   0.00000E+00      973.23  0
 1.34411E-02   0.00000E+00   0.00000E+00   0.00000E+00   0.00000E+00      970.99  0
 1.34611E-02   0.00000E+00   0.00000E+00   0.00000E+00   0.00000E+00      968.76  0
 1.34811E-02   0.00000E+00   0.00000E+00   0.00000E+00   0.00000E+00      966.55  0
 1.35011E-02   0.00000E+00   0.00000E+00   0.00000E+00   0.00000E+00      964.35  0
 1.35211E-02   0.00000E+00   0.00000E+00   0.00000E+00   0.00000E+00      962.16  0
 1.35411E-02   0.00000E+00   0.00000E+00   0.00000E+00   0.00000E+00      959.99  0
 1.35611E-02   0.00000E+00   0.00000E+00   0.00000E+00   0.00000E+00      957.83  0
 1.35811E-02   0.00000E+00   0.00000E+00   0.00000E+00   0.00000E+00      955.69  0
 1.36011E-02   0.00000E+00   0.00000E+00   0.00000E+00   0.00000E+00      953.56  0
 1.36211E-02   0.00000E+00   0.00000E+00   0.00000E+00   0.00000E+00      951.44  0
 1.36411E-02   0.00000E+00   0.00000E+00   0.00000E+00   0.00000E+00      949.34  0
 1.36611E-02   0.00000E+00   0.00000E+00   0.00000E+00   0.00000E+00      947.26  0
 1.36811E-02   0.00000E+00   0.00000E+00   0.00000E+00   0.00000E+00      945.19  0
 1.37011E-02   0.00000E+00   0.00000E+00   0.00000E+00   0.00000E+00      943.14  0
 1.37211E-02   0.00000E+00   0.00000E+00   0.00000E+00   0.00000E+00      941.11  0
 1.37411E-02   0.00000E+00   0.00000E+00   0.00000E+00   0.00000E+00      939.08  0
 1.37611E-02   0.00000E+00   0.00000E+00   0.00000E+00   0.00000E+00      937.07  0
 1.37811E-02   0.00000E+00   0.00000E+00   0.00000E+00   0.00000E+00      935.07  0
 1.38011E-02   0.00000E+00   0.00000E+00   0.00000E+00   0.00000E+00      933.09  0
 1.38211E-02   0.00000E+00   0.00000E+00   0.00000E+00   0.00000E+00      931.12  0
 1.38411E-02   0.00000E+00   0.00000E+00   0.00000E+00   0.00000E+00      929.16  0
 1.38611E-02   0.00000E+00   0.00000E+00   0.00000E+00   0.00000E+00      927.22  0
 1.38811E-02   0.00000E+00   0.00000E+00   0.00000E+00   0.00000E+00      925.28  0
 1.39011E-02   0.00000E+00   0.00000E+00   0.00000E+00   0.00000E+00      923.36  0
 1.39211E-02   0.00000E+00   0.00000E+00   0.00000E+00   0.00000E+00      921.45  0
 1.39411E-02   0.00000E+00   0.00000E+00   0.00000E+00   0.00000E+00      919.56  0
 1.39611E-02   0.00000E+00   0.00000E+00   0.00000E+00   0.00000E+00      917.67  0
 1.39811E-02   0.00000E+00   0.00000E+00   0.00000E+00   0.00000E+00      915.80  0
 1.40011E-02   0.00000E+00   0.00000E+00   0.00000E+00   0.00000E+00      913.94  0
 1.40211E-02   0.00000E+00   0.00000E+00   0.00000E+00   0.00000E+00      912.09  0
 1.40411E-02   0.00000E+00   0.00000E+00   0.00000E+00   0.00000E+00      910.26  0
 1.40611E-02   0.00000E+00   0.00000E+00   0.00000E+00   0.00000E+00      908.43  0
 1.40811E-02   0.00000E+00   0.00000E+00   0.00000E+00   0.00000E+00      906.62  0
 1.41011E-02   0.00000E+00   0.00000E+00   0.00000E+00   0.00000E+00      904.82  0
 1.41211E-02   0.00000E+00   0.00000E+00   0.00000E+00   0.00000E+00      903.03  0
 1.41411E-02   0.00000E+00   0.00000E+00   0.00000E+00   0.00000E+00      901.25  0
 1.41611E-02   0.00000E+00   0.00000E+00   0.00000E+00   0.00000E+00      899.48  0
 1.41811E-02   0.00000E+00   0.00000E+00   0.00000E+00   0.00000E+00      897.93  0
 1.42011E-02   0.00000E+00   0.00000E+00   0.00000E+00   0.00000E+00      896.47  0
 1.42211E-02   0.00000E+00   0.00000E+00   0.00000E+00   0.00000E+00      895.02  0
 1.42411E-02   0.00000E+00   0.00000E+00   0.00000E+00   0.00000E+00      893.57  0
 1.42611E-02   0.00000E+00   0.00000E+00   0.00000E+00   0.00000E+00      892.14  0
 1.42811E-02   0.00000E+00   0.00000E+00   0.00000E+00   0.00000E+00      890.73  0
 1.43011E-02   0.00000E+00   0.00000E+00   0.00000E+00   0.00000E+00      889.35  0
 1.43211E-02   0.00000E+00   0.00000E+00   0.00000E+00   0.00000E+00      887.97  0
 1.43411E-02   0.00000E+00   0.00000E+00   0.00000E+00   0.00000E+00      886.60  0
 1.43611E-02   0.00000E+00   0.00000E+00   0.00000E+00   0.00000E+00      885.24  0
 1.43811E-02   0.00000E+00   0.00000E+00   0.00000E+00   0.00000E+00      883.88  0
 1.44011E-02   0.00000E+00   0.00000E+00   0.00000E+00   0.00000E+00      882.55  0
 1.44211E-02   0.00000E+00   0.00000E+00   0.00000E+00   0.00000E+00      881.23  0
 1.44411E-02   0.00000E+00   0.00000E+00   0.00000E+00   0.00000E+00      879.92  0
 1.44611E-02   0.00000E+00   0.00000E+00   0.00000E+00   0.00000E+00      878.61  0
 1.44811E-02   0.00000E+00   0.00000E+00   0.00000E+00   0.00000E+00      877.31  0
 1.45011E-02   0.00000E+00   0.00000E+00   0.00000E+00   0.00000E+00      876.01  0
 1.45211E-02   0.00000E+00   0.00000E+00   0.00000E+00   0.00000E+00      874.72  0
 1.45411E-02   0.00000E+00   0.00000E+00   0.00000E+00   0.00000E+00      873.46  0
 1.45611E-02   0.00000E+00   0.00000E+00   0.00000E+00   0.00000E+00      872.21  0
 1.45811E-02   0.00000E+00   0.00000E+00   0.00000E+00   0.00000E+00      870.96  0
 1.46011E-02   0.00000E+00   0.00000E+00   0.00000E+00   0.00000E+00      869.72  0
 1.46211E-02   0.00000E+00   0.00000E+00   0.00000E+00   0.00000E+00      868.48  0
 1.46411E-02   0.00000E+00   0.00000E+00   0.00000E+00   0.00000E+00      867.25  0
 1.46611E-02   0.00000E+00   0.00000E+00   0.00000E+00   0.00000E+00      866.03  0
 1.46811E-02   0.00000E+00   0.00000E+00   0.00000E+00   0.00000E+00      864.81  0
 1.47011E-02   0.00000E+00   0.00000E+00   0.00000E+00   0.00000E+00      863.60  0
 1.47211E-02   0.00000E+00   0.00000E+00   0.00000E+00   0.00000E+00      862.42  0
 1.47411E-02   0.00000E+00   0.00000E+00   0.00000E+00   0.00000E+00      861.24  0
 1.47611E-02   0.00000E+00   0.00000E+00   0.00000E+00   0.00000E+00      860.07  0
 1.47811E-02   0.00000E+00   0.00000E+00   0.00000E+00   0.00000E+00      858.90  0
 1.48011E-02   0.00000E+00   0.00000E+00   0.00000E+00   0.00000E+00      857.74  0
 1.48211E-02   0.00000E+00   0.00000E+00   0.00000E+00   0.00000E+00      856.58  0
 1.48411E-02   0.00000E+00   0.00000E+00   0.00000E+00   0.00000E+00      855.43  0
 1.48611E-02   0.00000E+00   0.00000E+00   0.00000E+00   0.00000E+00      854.28  0
 1.48811E-02   0.00000E+00   0.00000E+00   0.00000E+00   0.00000E+00      853.14  0
 1.49011E-02   0.00000E+00   0.00000E+00   0.00000E+00   0.00000E+00      852.00  0
 1.49211E-02   0.00000E+00   0.00000E+00   0.00000E+00   0.00000E+00      850.87  0
 1.49411E-02   0.00000E+00   0.00000E+00   0.00000E+00   0.00000E+00      849.76  0
 1.49611E-02   0.00000E+00   0.00000E+00   0.00000E+00   0.00000E+00      848.66  0
 1.49811E-02   0.00000E+00   0.00000E+00   0.00000E+00   0.00000E+00      847.57  0
 1.50011E-02   0.00000E+00   0.00000E+00   0.00000E+00   0.00000E+00      846.48  0
 1.50211E-02   0.00000E+00   0.00000E+00   0.00000E+00   0.00000E+00      845.39  0
 1.50411E-02   0.00000E+00   0.00000E+00   0.00000E+00   0.00000E+00      844.31  0
 1.50611E-02   0.00000E+00   0.00000E+00   0.00000E+00   0.00000E+00      843.24  0
 1.50811E-02   0.00000E+00   0.00000E+00   0.00000E+00   0.00000E+00      842.18  0
 1.51011E-02   0.00000E+00   0.00000E+00   0.00000E+00   0.00000E+00      841.12  0
 1.51211E-02   0.00000E+00   0.00000E+00   0.00000E+00   0.00000E+00      840.06  0
 1.51411E-02   0.00000E+00   0.00000E+00   0.00000E+00   0.00000E+00      839.00  0
 1.51611E-02   0.00000E+00   0.00000E+00   0.00000E+00   0.00000E+00      837.95  0
 1.51811E-02   0.00000E+00   0.00000E+00   0.00000E+00   0.00000E+00      836.91  0
 1.52011E-02   0.00000E+00   0.00000E+00   0.00000E+00   0.00000E+00      835.86  0
 1.52211E-02   0.00000E+00   0.00000E+00   0.00000E+00   0.00000E+00      834.82  0
 1.52411E-02   0.00000E+00   0.00000E+00   0.00000E+00   0.00000E+00      833.80  0
 1.52611E-02   0.00000E+00   0.00000E+00   0.00000E+00   0.00000E+00      832.79  0
 1.52811E-02   0.00000E+00   0.00000E+00   0.00000E+00   0.00000E+00      831.79  0
 1.53011E-02   0.00000E+00   0.00000E+00   0.00000E+00   0.00000E+00      830.79  0
 1.53211E-02   0.00000E+00   0.00000E+00   0.00000E+00   0.00000E+00      829.79  0
 1.53411E-02   0.00000E+00   0.00000E+00   0.00000E+00   0.00000E+00      828.80  0
 1.53611E-02   0.00000E+00   0.00000E+00   0.00000E+00   0.00000E+00      827.81  0
 1.53811E-02   0.00000E+00   0.00000E+00   0.00000E+00   0.00000E+00      826.82  0
 1.54011E-02   0.00000E+00   0.00000E+00   0.00000E+00   0.00000E+00      825.84  0
 1.54211E-02   0.00000E+00   0.00000E+00   0.00000E+00   0.00000E+00      824.86  0
 1.54411E-02   0.00000E+00   0.00000E+00   0.00000E+00   0.00000E+00      823.88  0
 1.54611E-02   0.00000E+00   0.00000E+00   0.00000E+00   0.00000E+00      822.91  0
 1.54811E-02   0.00000E+00   0.00000E+00   0.00000E+00   0.00000E+00      821.94  0
 1.55011E-02   0.00000E+00   0.00000E+00   0.00000E+00   0.00000E+00      820.98  0
 1.55211E-02   0.00000E+00   0.00000E+00   0.00000E+00   0.00000E+00      820.02  0
 1.55411E-02   0.00000E+00   0.00000E+00   0.00000E+00   0.00000E+00      819.08  0
 1.55611E-02   0.00000E+00   0.00000E+00   0.00000E+00   0.00000E+00      818.15  0
 1.55811E-02   0.00000E+00   0.00000E+00   0.00000E+00   0.00000E+00      817.22  0
 1.56011E-02   0.00000E+00   0.00000E+00   0.00000E+00   0.00000E+00      816.29  0
 1.56211E-02   0.00000E+00   0.00000E+00   0.00000E+00   0.00000E+00      815.37  0
 1.56411E-02   0.00000E+00   0.00000E+00   0.00000E+00   0.00000E+00      814.45  0
 1.56611E-02   0.00000E+00   0.00000E+00   0.00000E+00   0.00000E+00      813.53  0
 1.56811E-02   0.00000E+00   0.00000E+00   0.00000E+00   0.00000E+00      812.62  0
 1.57011E-02   0.00000E+00   0.00000E+00   0.00000E+00   0.00000E+00      811.71  0
 1.57211E-02   0.00000E+00   0.00000E+00   0.00000E+00   0.00000E+00      810.80  0
 1.57411E-02   0.00000E+00   0.00000E+00   0.00000E+00   0.00000E+00      809.89  0
 1.57611E-02   0.00000E+00   0.00000E+00   0.00000E+00   0.00000E+00      808.99  0
 1.57811E-02   0.00000E+00   0.00000E+00   0.00000E+00   0.00000E+00      808.09  0
 1.58011E-02   0.00000E+00   0.00000E+00   0.00000E+00   0.00000E+00      807.20  0
 1.58211E-02   0.00000E+00   0.00000E+00   0.00000E+00   0.00000E+00      806.32  0
 1.58411E-02   0.00000E+00   0.00000E+00   0.00000E+00   0.00000E+00      805.45  0
 1.58611E-02   0.00000E+00   0.00000E+00   0.00000E+00   0.00000E+00      804.58  0
 1.58811E-02   0.00000E+00   0.00000E+00   0.00000E+00   0.00000E+00      803.72  0
 1.59011E-02   0.00000E+00   0.00000E+00   0.00000E+00   0.00000E+00      802.86  0
 1.59211E-02   0.00000E+00   0.00000E+00   0.00000E+00   0.00000E+00      802.00  0
 1.59411E-02   0.00000E+00   0.00000E+00   0.00000E+00   0.00000E+00      801.14  0
 1.59611E-02   0.00000E+00   0.00000E+00   0.00000E+00   0.00000E+00      800.29  0
 1.59811E-02   0.00000E+00   0.00000E+00   0.00000E+00   0.00000E+00      799.45  0
 1.60011E-02   0.00000E+00   0.00000E+00   0.00000E+00   0.00000E+00      798.61  0
 1.60211E-02   0.00000E+00   0.00000E+00   0.00000E+00   0.00000E+00      797.78  0
 1.60411E-02   0.00000E+00   0.00000E+00   0.00000E+00   0.00000E+00      796.94  0
 1.60611E-02   0.00000E+00   0.00000E+00   0.00000E+00   0.00000E+00      796.11  0
 1.60811E-02   0.00000E+00   0.00000E+00   0.00000E+00   0.00000E+00      795.28  0
 1.61011E-02   0.00000E+00   0.00000E+00   0.00000E+00   0.00000E+00      794.45  0
 1.61211E-02   0.00000E+00   0.00000E+00   0.00000E+00   0.00000E+00      793.63  0
 1.61411E-02   0.00000E+00   0.00000E+00   0.00000E+00   0.00000E+00      792.82  0
 1.61611E-02   0.00000E+00   0.00000E+00   0.00000E+00   0.00000E+00      792.02  0
 1.61811E-02   0.00000E+00   0.00000E+00   0.00000E+00   0.00000E+00      791.22  0
 1.62011E-02   0.00000E+00   0.00000E+00   0.00000E+00   0.00000E+00      790.42  0
 1.62211E-02   0.00000E+00   0.00000E+00   0.00000E+00   0.00000E+00      789.63  0
 1.62411E-02   0.00000E+00   0.00000E+00   0.00000E+00   0.00000E+00      788.83  0
 1.62611E-02   0.00000E+00   0.00000E+00   0.00000E+00   0.00000E+00      788.04  0
 1.62811E-02   0.00000E+00   0.00000E+00   0.00000E+00   0.00000E+00      787.26  0
 1.63011E-02   0.00000E+00   0.00000E+00   0.00000E+00   0.00000E+00      786.47  0
 1.63211E-02   0.00000E+00   0.00000E+00   0.00000E+00   0.00000E+00      785.69  0
 1.63411E-02   0.00000E+00   0.00000E+00   0.00000E+00   0.00000E+00      784.91  0
 1.63611E-02   0.00000E+00   0.00000E+00   0.00000E+00   0.00000E+00      784.13  0
 1.63811E-02   0.00000E+00   0.00000E+00   0.00000E+00   0.00000E+00      783.36  0
 1.64011E-02   0.00000E+00   0.00000E+00   0.00000E+00   0.00000E+00      782.58  0
 1.64211E-02   0.00000E+00   0.00000E+00   0.00000E+00   0.00000E+00      781.81  0
 1.64411E-02   0.00000E+00   0.00000E+00   0.00000E+00   0.00000E+00      781.04  0
 1.64611E-02   0.00000E+00   0.00000E+00   0.00000E+00   0.00000E+00      780.28  0
 1.64810E-02   0.00000E+00   0.00000E+00   0.00000E+00   0.00000E+00      779.51  0
 1.65010E-02   0.00000E+00   0.00000E+00   0.00000E+00   0.00000E+00      778.75  0
 1.65210E-02   0.00000E+00   0.00000E+00   0.00000E+00   0.00000E+00      778.00  0
 1.65410E-02   0.00000E+00   0.00000E+00   0.00000E+00   0.00000E+00      777.26  0
 1.65610E-02   0.00000E+00   0.00000E+00   0.00000E+00   0.00000E+00      776.52  0
 1.65810E-02   0.00000E+00   0.00000E+00   0.00000E+00   0.00000E+00      775.79  0
 1.66010E-02   0.00000E+00   0.00000E+00   0.00000E+00   0.00000E+00      775.05  0
 1.66210E-02   0.00000E+00   0.00000E+00   0.00000E+00   0.00000E+00      774.32  0
 1.66410E-02   0.00000E+00   0.00000E+00   0.00000E+00   0.00000E+00      773.59  0
 1.66610E-02   0.00000E+00   0.00000E+00   0.00000E+00   0.00000E+00      772.86  0
 1.66810E-02   0.00000E+00   0.00000E+00   0.00000E+00   0.00000E+00      772.14  0
 1.67010E-02   0.00000E+00   0.00000E+00   0.00000E+00   0.00000E+00      771.41  0
 1.67210E-02   0.00000E+00   0.00000E+00   0.00000E+00   0.00000E+00      770.69  0
