# Melt Pool Geometry History
# time(s)  length(m)  depth(m)  width(m)  volume(m3)  Tpeak(K)  laser_on
 2.10000E-05   0.00000E+00   0.00000E+00   0.00000E+00   8.51582E-14      293.00  1
 4.10000E-05   4.51268E-05   1.04049E-04   4.08709E-05   2.38993E-13     1951.83  1
 6.10000E-05   6.82513E-05   1.10360E-04   5.90781E-05   3.68305E-13     2954.42  1
 8.10000E-05   8.98389E-05   1.12771E-04   6.64442E-05   4.81294E-13     3501.26  1
 1.01000E-04   1.05332E-04   1.13980E-04   6.98763E-05   5.86443E-13     3779.58  1
 1.21000E-04   1.24672E-04   1.15114E-04   7.17022E-05   6.81714E-13     3950.07  1
 1.41000E-04   1.39315E-04   1.16027E-04   7.28594E-05   7.86337E-13     4119.21  1
 1.61000E-04   1.58647E-04   1.16362E-04   7.36288E-05   8.72429E-13     4191.30  1
 1.81000E-04   1.73050E-04   1.16577E-04   7.44285E-05   9.76456E-13     4239.95  1
 2.01000E-04   1.86438E-04   1.15228E-04   7.70697E-05   1.19347E-12     4093.52  1
 2.21000E-04   2.04990E-04   1.14917E-04   8.42456E-05   1.31219E-12     3972.22  1
 2.41000E-04   2.25039E-04   1.15260E-04   8.64619E-05   1.42228E-12     3864.57  1
 2.61000E-04   2.39404E-04   1.15588E-04   8.78656E-05   1.52473E-12     3812.38  1
 2.81000E-04   2.57659E-04   1.15707E-04   8.90883E-05   1.65304E-12     3827.52  1
 3.01000E-04   2.75321E-04   1.15800E-04   9.82493E-05   1.77847E-12     3791.15  1
 3.21000E-04   2.88744E-04   1.15775E-04   1.01021E-04   1.90146E-12     3811.46  1
 3.41000E-04   3.06647E-04   1.15839E-04   1.02538E-04   2.01981E-12     3818.75  1
 3.61000E-04   3.20162E-04   1.15793E-04   1.03667E-04   2.13186E-12     3802.31  1
 3.81000E-04   3.38001E-04   1.15817E-04   1.04613E-04   2.24312E-12     3822.02  1
 4.01000E-04   3.54448E-04   1.15782E-04   1.05664E-04   2.24439E-12     3783.29  0
 4.21000E-04   3.58370E-04   1.14511E-04   1.09278E-04   2.20655E-12     3220.86  0
 4.41000E-04   3.58681E-04   1.13324E-04   1.11201E-04   2.15922E-12     2904.63  0
 4.61000E-04   3.58840E-04   1.10668E-04   1.12250E-04   2.10264E-12     2685.18  0
 4.81000E-04   3.58912E-04   1.08464E-04   1.13022E-04   2.04367E-12     2521.77  0
 5.01000E-04   3.58954E-04   1.05544E-04   1.13607E-04   1.97965E-12     2387.15  0
 5.21000E-04   3.58943E-04   1.03147E-04   1.14066E-04   1.91557E-12     2276.58  0
 5.41000E-04   3.58858E-04   9.97433E-05   1.14399E-04   1.85170E-12     2186.28  0
 5.61000E-04   3.58697E-04   9.76658E-05   1.14614E-04   1.78678E-12     2108.62  0
 5.81000E-04   3.58471E-04   9.40512E-05   1.14706E-04   1.72374E-12     2041.50  0
 6.01000E-04   3.55261E-04   9.08391E-05   1.13579E-04   1.64581E-12     1981.85  0
 6.21000E-04   3.55778E-04   8.82654E-05   1.15453E-04   1.58674E-12     1928.69  0
 6.41000E-04   3.55609E-04   8.49919E-05   1.16325E-04   1.52103E-12     1881.48  0
 6.61000E-04   3.55164E-04   8.27580E-05   1.16735E-04   1.45311E-12     1841.43  0
 6.81000E-04   3.54652E-04   7.92937E-05   1.16744E-04   1.38396E-12     1806.14  0
 7.01000E-04   3.54139E-04   7.71260E-05   1.16576E-04   1.31427E-12     1775.56  0
 7.21000E-04   3.53677E-04   7.38808E-05   1.16304E-04   1.24383E-12     1749.37  0
 7.41000E-04   3.53354E-04   7.12582E-05   1.15959E-04   1.17342E-12     1726.44  0
 7.61000E-04   3.53107E-04   6.85519E-05   1.15569E-04   1.10246E-12     1706.51  0
 7.81000E-04   3.52823E-04   6.57892E-05   1.15179E-04   1.03204E-12     1689.35  0
 8.01000E-04   3.46710E-04   6.28929E-05   1.12759E-04   9.24933E-13     1673.98  0
 8.21000E-04   3.45787E-04   5.99977E-05   1.15677E-04   8.56349E-13     1661.44  0
 8.41000E-04   3.35766E-04   5.80061E-05   1.15394E-04   7.90140E-13     1650.64  0
 8.61000E-04   3.26762E-04   5.49235E-05   1.15174E-04   7.26062E-13     1641.48  0
 8.81000E-04   3.20606E-04   5.30212E-05   1.14995E-04   6.64277E-13     1634.15  0
 9.01000E-04   3.13677E-04   5.00821E-05   1.14840E-04   6.78224E-13     1628.60  1
 9.21000E-04   4.26845E-05   1.03246E-04   4.41314E-05   7.86839E-13     1839.01  1
 9.41000E-04   6.95458E-05   1.09739E-04   6.18019E-05   8.50107E-13     2818.31  1
 9.61000E-04   8.62237E-05   1.12263E-04   6.82665E-05   9.24551E-13     3344.21  1
 9.81000E-04   1.04082E-04   1.13346E-04   7.44089E-05   9.99525E-13     3627.25  1
 1.00100E-03   1.21966E-04   1.13928E-04   8.13518E-05   1.08319E-12     3680.87  1
 1.02100E-03   1.45505E-04   1.14647E-04   8.41559E-05   1.15900E-12     3742.90  1
 1.04100E-03   1.57999E-04   1.15195E-04   8.56862E-05   1.23711E-12     3810.11  1
 1.06100E-03   1.71936E-04   1.15709E-04   8.69041E-05   1.31580E-12     3817.33  1
 1.08100E-03   1.89799E-04   1.15868E-04   8.79790E-05   1.39914E-12     3851.31  1
 1.10100E-03   2.07966E-04   1.16074E-04   8.89678E-05   1.48695E-12     3838.33  1
 1.12100E-03   2.21934E-04   1.16152E-04   9.32619E-05   1.58484E-12     3844.88  1
 1.14100E-03   2.39519E-04   1.16339E-04   9.85186E-05   1.68515E-12     3864.70  1
 1.16100E-03   2.53467E-04   1.16425E-04   1.00696E-04   1.78945E-12     3856.78  1
 1.18100E-03   2.70987E-04   1.16594E-04   1.02040E-04   1.89824E-12     3882.17  1
 1.20100E-03   2.88775E-04   1.16704E-04   1.03182E-04   2.00664E-12     3871.44  1
 1.22100E-03   3.02215E-04   1.16855E-04   1.04165E-04   2.11414E-12     3875.11  1
 1.24100E-03   3.19534E-04   1.16942E-04   1.05025E-04   2.22392E-12     3884.78  1
 1.26100E-03   3.33101E-04   1.17071E-04   1.05798E-04   2.33964E-12     3874.88  1
 1.28100E-03   3.50387E-04   1.17177E-04   1.06582E-04   2.45399E-12     3898.19  1
 1.30100E-03   3.67867E-04   1.17215E-04   1.07300E-04   2.56606E-12     3884.23  1
 1.32100E-03   3.81257E-04   1.17343E-04   1.07971E-04   2.67707E-12     3887.62  1
 1.34100E-03   3.98515E-04   1.17309E-04   1.08638E-04   2.79094E-12     3891.74  1
 1.36100E-03   4.11962E-04   1.17393E-04   1.12202E-04   2.91088E-12     3876.46  1
 1.38100E-03   4.29152E-04   1.17378E-04   1.13934E-04   3.02328E-12     3894.24  1
 1.40100E-03   4.46582E-04   1.17356E-04   1.15031E-04   3.13633E-12     3875.83  1
 1.42100E-03   4.59858E-04   1.17354E-04   1.15866E-04   3.25112E-12     3869.92  1
 1.44100E-03   4.76812E-04   1.17235E-04   1.18214E-04   3.36492E-12     3870.19  1
 1.46100E-03   4.90323E-04   1.17216E-04   1.19948E-04   3.47482E-12     3844.04  1
 1.48100E-03   5.07480E-04   1.17086E-04   1.21047E-04   3.57753E-12     3857.65  1
 1.50100E-03   5.25006E-04   1.16988E-04   1.21947E-04   3.67569E-12     3838.54  1
 1.52100E-03   5.38361E-04   1.16899E-04   1.22731E-04   3.76589E-12     3831.87  1
 1.54100E-03   5.55383E-04   1.16711E-04   1.23496E-04   3.85539E-12     3843.68  1
 1.56100E-03   5.69099E-04   1.16663E-04   1.24180E-04   3.93803E-12     3813.01  1
 1.58100E-03   5.86456E-04   1.16520E-04   1.24851E-04   4.02449E-12     3826.10  1
 1.60100E-03   6.03450E-04   1.16352E-04   1.26872E-04   4.10866E-12     3801.32  1
 1.62100E-03   6.17997E-04   1.16205E-04   1.28695E-04   4.18526E-12     3775.80  1
 1.64100E-03   6.35188E-04   1.16141E-04   1.29758E-04   4.26124E-12     3807.10  1
 1.66100E-03   6.52904E-04   1.16111E-04   1.30511E-04   4.33161E-12     3804.63  1
 1.68100E-03   6.66390E-04   1.16063E-04   1.31078E-04   4.25657E-12     3796.06  0
 1.70100E-03   6.67246E-04   1.14864E-04   1.31579E-04   4.16891E-12     3195.26  0
 1.72100E-03   6.67447E-04   1.13517E-04   1.32077E-04   4.06961E-12     2863.51  0
 1.74100E-03   6.67411E-04   1.11555E-04   1.32542E-04   3.96368E-12     2639.19  0
 1.76100E-03   6.65725E-04   1.08802E-04   1.32971E-04   3.85290E-12     2478.89  0
 1.78100E-03   6.58481E-04   1.06465E-04   1.33366E-04   3.74085E-12     2356.07  0
 1.80100E-03   6.50885E-04   1.03467E-04   1.33417E-04   3.60998E-12     2256.51  0
 1.82100E-03   6.44370E-04   1.00513E-04   1.34485E-04   3.49409E-12     2168.13  0
 1.84100E-03   6.38262E-04   9.80737E-05   1.34799E-04   3.37956E-12     2092.96  0
 1.86100E-03   6.30775E-04   9.47396E-05   1.34892E-04   3.26614E-12     2027.46  0
 1.88100E-03   6.26591E-04   9.26735E-05   1.34858E-04   3.15305E-12     1970.07  0
 1.90100E-03   6.18563E-04   8.90439E-05   1.34743E-04   3.04090E-12     1920.50  0
 1.92100E-03   6.12712E-04   8.68327E-05   1.34564E-04   2.93035E-12     1878.46  0
 1.94100E-03   6.06947E-04   8.36992E-05   1.34302E-04   2.82023E-12     1841.80  0
 1.96100E-03   6.00009E-04   8.10376E-05   1.33972E-04   2.71070E-12     1810.27  0
 1.98100E-03   5.95331E-04   7.84522E-05   1.33573E-04   2.60189E-12     1783.01  0
 2.00100E-03   5.87634E-04   7.56956E-05   1.32237E-04   2.43926E-12     1759.31  0
 2.02100E-03   5.82313E-04   7.34338E-05   1.33555E-04   2.31850E-12     1738.01  0
 2.04100E-03   5.76542E-04   7.08465E-05   1.34191E-04   2.19796E-12     1718.80  0
 2.06100E-03   5.69569E-04   6.86204E-05   1.34631E-04   2.07885E-12     1701.37  0
 2.08100E-03   5.65280E-04   6.63165E-05   1.34904E-04   1.96115E-12     1685.68  0
 2.10100E-03   5.58093E-04   6.39810E-05   1.35116E-04   1.84571E-12     1672.03  0
 2.12100E-03   5.54245E-04   6.22889E-05   1.35273E-04   1.73247E-12     1660.28  0
 2.14100E-03   5.46781E-04   5.94868E-05   1.35389E-04   1.62207E-12     1650.27  0
 2.16100E-03   5.43199E-04   5.79681E-05   1.35472E-04   1.51468E-12     1642.00  0
 2.18100E-03   5.35491E-04   5.53848E-05   1.35524E-04   1.48447E-12     1635.27  1
 2.20100E-03   3.96899E-05   1.00463E-04   3.93086E-05   1.49171E-12     1793.50  1
 2.22100E-03   6.94020E-05   1.09365E-04   6.18852E-05   1.51052E-12     2747.73  1
 2.24100E-03   8.96388E-05   1.11888E-04   6.86109E-05   1.53650E-12     3302.67  1
 2.26100E-03   1.08823E-04   1.13164E-04   7.89292E-05   1.57631E-12     3534.90  1
 2.28100E-03   1.27349E-04   1.13974E-04   8.22617E-05   1.61259E-12     3657.76  1
 2.30100E-03   1.41051E-04   1.15022E-04   8.41076E-05   1.65360E-12     3726.23  1
 2.32100E-03   1.59147E-04   1.15333E-04   8.54975E-05   1.69754E-12     3791.31  1
 2.34100E-03   1.76893E-04   1.15682E-04   8.66216E-05   1.74162E-12     3776.89  1
 2.36100E-03   1.90928E-04   1.15812E-04   8.76358E-05   1.78893E-12     3817.90  1
 2.38100E-03   2.08799E-04   1.16011E-04   8.86286E-05   1.83768E-12     3825.14  1
 2.40100E-03   2.22634E-04   1.16083E-04   8.96084E-05   1.90437E-12     3820.77  1
 2.42100E-03   2.40542E-04   1.16271E-04   9.74745E-05   1.97592E-12     3830.15  1
 2.44100E-03   2.58897E-04   1.16390E-04   1.00241E-04   2.05333E-12     3814.22  1
 2.46100E-03   2.71855E-04   1.16550E-04   1.01697E-04   2.13300E-12     3835.47  1
 2.48100E-03   2.89289E-04   1.16691E-04   1.02827E-04   2.21531E-12     3835.72  1
 2.50100E-03   3.02605E-04   1.16839E-04   1.03762E-04   2.29475E-12     3846.58  1
 2.52100E-03   3.20220E-04   1.16958E-04   1.04607E-04   2.37899E-12     3852.52  1
 2.54100E-03   3.37940E-04   1.17083E-04   1.05435E-04   2.46608E-12     3834.31  1
 2.56100E-03   3.50964E-04   1.17246E-04   1.06181E-04   2.55483E-12     3855.26  1
 2.58100E-03   3.68322E-04   1.17293E-04   1.06867E-04   2.64429E-12     3854.59  1
 2.60100E-03   3.80987E-04   1.17411E-04   1.07553E-04   2.74124E-12     3825.53  1
 2.62100E-03   3.97381E-04   1.17471E-04   1.08212E-04   2.83612E-12     3854.42  1
 2.64100E-03   4.15911E-04   1.17515E-04   1.08893E-04   2.94177E-12     3876.23  1
 2.66100E-03   4.33925E-04   1.17655E-04   1.13033E-04   3.05090E-12     3852.99  1
 2.68100E-03   4.47330E-04   1.17732E-04   1.14770E-04   3.16389E-12     3865.72  1
 2.70100E-03   4.64900E-04   1.17771E-04   1.15817E-04   3.28291E-12     3862.29  1
 2.72100E-03   4.78283E-04   1.17824E-04   1.18324E-04   3.40615E-12     3863.35  1
 2.74100E-03   4.96028E-04   1.17867E-04   1.20060E-04   3.52233E-12     3861.18  1
 2.76100E-03   5.13060E-04   1.17891E-04   1.21208E-04   3.63718E-12     3835.77  1
 2.78100E-03   5.27017E-04   1.17955E-04   1.22165E-04   3.74760E-12     3855.07  1
 2.80100E-03   5.44679E-04   1.17962E-04   1.23027E-04   3.85116E-12     3850.63  1
 2.82100E-03   5.58135E-04   1.18024E-04   1.23872E-04   3.95730E-12     3841.29  1
 2.84100E-03   5.75993E-04   1.18051E-04   1.24683E-04   4.06398E-12     3845.24  1
 2.86100E-03   5.93634E-04   1.18077E-04   1.27764E-04   4.17268E-12     3820.35  1
 2.88100E-03   6.06974E-04   1.18096E-04   1.30062E-04   4.27334E-12     3846.73  1
 2.90100E-03   6.24602E-04   1.18090E-04   1.31320E-04   4.36884E-12     3850.27  1
 2.92100E-03   6.38000E-04   1.18114E-04   1.32323E-04   4.46770E-12     3843.89  1
 2.94100E-03   6.55720E-04   1.18098E-04   1.33206E-04   4.55636E-12     3846.56  1
 2.96100E-03   6.73300E-04   1.18102E-04   1.34001E-04   4.64756E-12     3821.71  1
 2.98100E-03   6.86493E-04   1.18079E-04   1.34733E-04   4.73190E-12     3848.43  1
 3.00100E-03   7.04053E-04   1.18046E-04   1.35409E-04   4.81082E-12     3855.54  1
 3.02100E-03   7.17214E-04   1.18023E-04   1.36049E-04   4.89306E-12     3847.81  1
 3.04100E-03   7.34907E-04   1.17956E-04   1.38419E-04   4.96976E-12     3848.99  1
 3.06100E-03   7.52135E-04   1.17924E-04   1.39298E-04   5.05096E-12     3825.02  1
 3.08100E-03   7.60231E-04   1.17850E-04   1.40370E-04   5.12375E-12     3844.52  1
 3.10100E-03   7.66031E-04   1.17766E-04   1.41147E-04   5.19601E-12     3838.68  1
 3.12100E-03   7.70111E-04   1.17690E-04   1.41660E-04   5.26224E-12     3834.69  1
 3.14100E-03   7.83966E-04   1.17612E-04   1.42121E-04   5.32513E-12     3832.70  1
 3.16100E-03   7.91317E-04   1.17536E-04   1.42467E-04   5.38795E-12     3808.60  1
 3.18100E-03   7.97802E-04   1.17370E-04   1.42817E-04   5.44213E-12     3837.73  1
 3.20100E-03   8.07656E-04   1.17194E-04   1.43055E-04   5.49545E-12     3809.62  1
 3.22100E-03   8.21922E-04   1.17032E-04   1.43275E-04   5.54592E-12     3785.56  1
 3.24100E-03   8.26726E-04   1.16850E-04   1.43433E-04   5.58955E-12     3809.12  1
 3.26100E-03   8.41208E-04   1.16776E-04   1.43533E-04   5.63075E-12     3819.78  1
 3.28100E-03   8.46349E-04   1.16752E-04   1.43590E-04   5.66607E-12     3800.61  1
 3.30100E-03   8.60919E-04   1.16590E-04   1.43619E-04   5.70272E-12     3811.34  1
 3.32100E-03   8.70787E-04   1.16459E-04   1.43602E-04   5.73247E-12     3761.40  1
 3.34100E-03   8.80998E-04   1.16352E-04   1.43556E-04   5.75928E-12     3784.14  1
 3.36100E-03   8.90609E-04   1.16230E-04   1.43479E-04   5.62825E-12     3799.45  0
 3.38100E-03   8.89423E-04   1.15150E-04   1.43390E-04   5.49189E-12     3201.90  0
 3.40100E-03   8.81096E-04   1.13617E-04   1.42430E-04   5.29823E-12     2857.38  0
 3.42100E-03   8.80976E-04   1.11879E-04   1.45658E-04   5.12684E-12     2620.74  0
 3.44100E-03   8.74158E-04   1.09053E-04   1.46811E-04   4.93763E-12     2439.76  0
 3.46100E-03   8.71528E-04   1.07055E-04   1.47091E-04   4.75096E-12     2305.23  0
 3.48100E-03   8.65106E-04   1.03847E-04   1.47218E-04   4.56325E-12     2195.48  0
 3.50099E-03   8.60591E-04   1.01194E-04   1.47511E-04   4.37534E-12     2106.48  0
 3.52099E-03   8.54955E-04   9.84810E-05   1.47701E-04   4.19411E-12     2035.11  0
 3.54099E-03   8.49131E-04   9.53533E-05   1.47728E-04   4.01237E-12     1975.04  0
 3.56099E-03   8.43968E-04   9.29618E-05   1.47641E-04   3.83499E-12     1923.44  0
 3.58099E-03   8.37220E-04   8.95918E-05   1.47479E-04   3.66062E-12     1879.99  0
 3.60099E-03   8.28251E-04   8.64714E-05   1.45105E-04   3.42272E-12     1840.91  0
 3.62099E-03   8.25107E-04   8.36105E-05   1.44602E-04   3.24735E-12     1808.02  0
 3.64099E-03   8.20239E-04   8.07397E-05   1.44618E-04   3.07349E-12     1778.30  0
 3.66099E-03   8.12506E-04   7.82308E-05   1.44605E-04   2.90320E-12     1752.58  0
 3.68099E-03   8.05982E-04   7.51804E-05   1.44666E-04   2.73627E-12     1729.64  0
 3.70099E-03   7.99827E-04   7.30434E-05   1.44612E-04   2.57316E-12     1709.92  0
 3.72099E-03   7.91225E-04   6.98809E-05   1.44633E-04   2.41398E-12     1692.62  0
 3.74099E-03   7.86119E-04   6.79496E-05   1.44639E-04   2.25933E-12     1677.67  0
 3.76099E-03   7.76088E-04   6.49081E-05   1.44720E-04   2.10896E-12     1664.94  0
 3.78099E-03   7.67008E-04   6.30247E-05   1.44772E-04   1.96411E-12     1654.10  0
 3.80099E-03   7.56277E-04   5.98723E-05   1.41278E-04   1.77659E-12     1644.71  0
 3.82099E-03   7.44650E-04   5.81974E-05   1.45823E-04   1.63666E-12     1637.31  0
 3.84099E-03   7.29791E-04   5.56587E-05   1.45631E-04   1.50424E-12     1631.53  0
 3.86099E-03   7.14156E-04   5.37378E-05   1.45526E-04   1.45074E-12     1627.23  1
 3.88099E-03   4.21682E-05   1.03545E-04   4.36029E-05   1.49927E-12     1856.61  1
 3.90099E-03   6.81641E-05   1.09845E-04   6.25046E-05   1.51201E-12     2794.55  1
 3.92099E-03   8.86631E-05   1.12329E-04   7.14452E-05   1.52580E-12     3268.66  1
 3.94099E-03   1.04512E-04   1.13352E-04   7.48876E-05   1.54317E-12     3588.34  1
 3.96099E-03   1.22353E-04   1.14461E-04   7.68089E-05   1.57160E-12     3718.01  1
 3.98099E-03   1.40473E-04   1.15222E-04   8.28170E-05   1.60160E-12     3826.41  1
 4.00099E-03   1.54799E-04   1.14946E-04   8.51618E-05   1.64639E-12     3774.99  1
 4.02099E-03   1.71623E-04   1.15274E-04   9.15049E-05   1.69250E-12     3793.91  1
 4.04099E-03   1.89435E-04   1.15685E-04   9.37333E-05   1.73538E-12     3834.86  1
 4.06099E-03   2.07213E-04   1.15978E-04   9.50561E-05   1.78463E-12     3850.46  1
 4.08099E-03   2.21361E-04   1.16140E-04   9.62186E-05   1.84337E-12     3835.99  1
 4.10099E-03   2.39142E-04   1.16309E-04   1.00401E-04   1.91295E-12     3850.87  1
 4.12099E-03   2.57302E-04   1.16451E-04   1.02479E-04   1.98675E-12     3833.74  1
 4.14099E-03   2.70782E-04   1.16598E-04   1.03671E-04   2.06360E-12     3852.83  1
 4.16100E-03   2.88166E-04   1.16746E-04   1.04644E-04   2.14580E-12     3870.27  1
 4.18100E-03   3.01918E-04   1.16894E-04   1.05594E-04   2.23205E-12     3856.24  1
 4.20100E-03   3.19394E-04   1.17045E-04   1.06435E-04   2.32248E-12     3874.23  1
 4.22100E-03   3.37152E-04   1.17146E-04   1.07213E-04   2.41323E-12     3854.90  1
 4.24100E-03   3.50626E-04   1.17345E-04   1.07941E-04   2.51470E-12     3867.64  1
 4.26100E-03   3.67759E-04   1.17399E-04   1.11007E-04   2.61568E-12     3883.91  1
 4.28100E-03   3.81388E-04   1.17553E-04   1.12646E-04   2.72631E-12     3876.33  1
 4.30100E-03   3.98750E-04   1.17609E-04   1.13736E-04   2.83507E-12     3889.48  1
 4.32100E-03   4.16319E-04   1.17674E-04   1.14689E-04   2.95630E-12     3863.76  1
 4.34100E-03   4.29707E-04   1.17756E-04   1.19558E-04   3.07951E-12     3877.06  1
 4.36100E-03   4.46758E-04   1.17784E-04   1.21523E-04   3.19936E-12     3887.66  1
 4.38100E-03   4.60324E-04   1.17856E-04   1.22697E-04   3.32803E-12     3875.74  1
 4.40100E-03   4.76274E-04   1.17925E-04   1.23685E-04   3.44019E-12     3850.08  1
 4.42100E-03   4.96441E-04   1.17942E-04   1.24582E-04   3.55435E-12     3857.84  1
 4.44100E-03   5.14238E-04   1.17969E-04   1.25429E-04   3.65953E-12     3882.75  1
 4.46100E-03   5.27834E-04   1.18063E-04   1.26258E-04   3.77571E-12     3862.86  1
 4.48100E-03   5.45270E-04   1.18205E-04   1.30516E-04   3.88618E-12     3885.58  1
 4.50100E-03   5.62745E-04   1.18233E-04   1.32795E-04   3.99015E-12     3880.99  1
 4.52100E-03   5.76528E-04   1.18302E-04   1.33827E-04   4.10208E-12     3876.59  1
 4.54100E-03   5.93752E-04   1.18320E-04   1.34586E-04   4.20649E-12     3885.66  1
 4.56100E-03   6.06294E-04   1.18361E-04   1.35215E-04   4.30916E-12     3859.55  1
 4.58100E-03   6.18629E-04   1.18385E-04   1.35738E-04   4.40987E-12     3887.03  1
 4.60100E-03   6.33578E-04   1.18399E-04   1.36229E-04   4.50379E-12     3888.95  1
 4.62100E-03   6.46307E-04   1.18452E-04   1.36721E-04   4.60182E-12     3885.89  1
 4.64100E-03   6.58797E-04   1.18467E-04   1.37150E-04   4.69280E-12     3897.61  1
 4.66100E-03   6.72350E-04   1.18507E-04   1.38429E-04   4.78721E-12     3870.59  1
 4.68100E-03   6.85225E-04   1.18515E-04   1.39915E-04   4.87810E-12     3897.18  1
 4.70100E-03   6.96661E-04   1.18523E-04   1.41617E-04   4.96437E-12     3901.54  1
 4.72100E-03   7.06644E-04   1.18562E-04   1.43097E-04   5.05211E-12     3892.87  1
 4.74100E-03   7.17147E-04   1.18561E-04   1.43904E-04   5.13313E-12     3901.49  1
 4.76100E-03   7.31984E-04   1.18590E-04   1.44618E-04   5.21276E-12     3874.52  1
 4.78100E-03   7.38878E-04   1.18579E-04   1.45173E-04   5.28827E-12     3895.93  1
 4.80100E-03   7.52744E-04   1.18586E-04   1.45700E-04   5.35872E-12     3897.48  1
 4.82100E-03   7.59677E-04   1.18597E-04   1.46062E-04   5.43247E-12     3897.19  1
 4.84100E-03   7.74510E-04   1.18585E-04   1.46351E-04   5.49630E-12     3905.53  1
 4.86100E-03   7.86118E-04   1.18590E-04   1.46582E-04   5.56041E-12     3874.49  1
 4.88100E-03   7.96653E-04   1.18556E-04   1.46750E-04   5.61812E-12     3896.78  1
 4.90100E-03   8.08305E-04   1.18543E-04   1.46905E-04   5.67194E-12     3900.99  1
 4.92100E-03   8.18387E-04   1.18535E-04   1.47106E-04   5.72646E-12     3899.63  1
 4.94100E-03   8.31393E-04   1.18499E-04   1.47225E-04   5.77341E-12     3907.43  1
 4.96100E-03   8.44220E-04   1.18487E-04   1.47276E-04   5.82165E-12     3873.78  1
 4.98100E-03   8.54612E-04   1.18428E-04   1.47292E-04   5.86397E-12     3895.26  1
 5.00100E-03   8.65100E-04   1.18368E-04   1.47334E-04   5.90670E-12     3868.89  1
 5.02100E-03   8.78119E-04   1.18308E-04   1.47368E-04   5.94144E-12     3894.14  1
 5.04100E-03   8.88006E-04   1.18214E-04   1.47329E-04   5.97672E-12     3878.96  1
 5.06100E-03   8.98947E-04   1.18224E-04   1.47306E-04   6.00665E-12     3907.71  1
 5.08100E-03   9.09164E-04   1.18179E-04   1.47414E-04   6.03387E-12     3903.27  1
 5.10100E-03   9.18874E-04   1.18157E-04   1.47457E-04   6.05999E-12     3892.74  1
 5.12100E-03   9.33347E-04   1.18046E-04   1.47537E-04   6.08130E-12     3909.92  1
 5.14100E-03   9.43197E-04   1.17977E-04   1.47640E-04   6.10266E-12     3874.57  1
 5.16100E-03   9.54060E-04   1.17872E-04   1.47599E-04   6.11519E-12     3885.13  1
 5.18100E-03   9.64013E-04   1.17768E-04   1.47520E-04   6.12879E-12     3889.09  1
 5.20100E-03   9.73915E-04   1.17681E-04   1.47479E-04   6.13885E-12     3879.42  1
 5.22100E-03   9.85113E-04   1.17599E-04   1.47368E-04   6.14386E-12     3891.84  1
 5.24100E-03   9.99089E-04   1.17528E-04   1.47517E-04   6.15147E-12     3860.50  1
 5.26100E-03   1.00747E-03   1.17385E-04   1.47547E-04   6.15126E-12     3868.14  1
 5.28100E-03   1.01785E-03   1.17246E-04   1.47485E-04   6.15109E-12     3865.04  1
 5.30100E-03   1.02886E-03   1.17142E-04   1.47325E-04   6.14636E-12     3854.36  1
 5.32100E-03   1.03772E-03   1.16941E-04   1.47077E-04   6.13947E-12     3855.92  1
 5.34100E-03   1.04807E-03   1.16863E-04   1.46783E-04   6.13359E-12     3830.41  1
 5.36100E-03   1.05751E-03   1.16730E-04   1.46430E-04   6.12298E-12     3850.80  1
 5.38100E-03   1.07097E-03   1.16569E-04   1.46054E-04   6.11204E-12     3848.77  1
 5.40100E-03   1.07685E-03   1.16515E-04   1.45649E-04   6.08124E-12     3827.87  1
 5.42100E-03   1.08652E-03   1.16378E-04   1.45423E-04   6.06057E-12     3854.34  1
 5.44100E-03   1.09516E-03   1.16285E-04   1.45207E-04   5.89560E-12     3888.89  0
 5.46101E-03   1.09186E-03   1.15176E-04   1.44939E-04   5.72505E-12     3281.13  0
 5.48101E-03   1.08369E-03   1.13680E-04   1.44995E-04   5.54896E-12     2929.86  0
 5.50101E-03   1.07976E-03   1.12258E-04   1.45066E-04   5.36892E-12     2699.82  0
 5.52101E-03   1.07016E-03   1.09108E-04   1.45108E-04   5.18477E-12     2518.79  0
 5.54101E-03   1.06187E-03   1.07249E-04   1.45154E-04   5.00093E-12     2379.55  0
 5.56101E-03   1.05544E-03   1.03924E-04   1.45231E-04   4.81505E-12     2266.87  0
 5.58101E-03   1.04429E-03   1.01615E-04   1.45247E-04   4.63500E-12     2173.05  0
 5.60101E-03   1.03033E-03   9.84843E-05   1.44054E-04   4.38346E-12     2093.23  0
 5.62101E-03   1.01944E-03   9.55387E-05   1.44957E-04   4.19073E-12     2022.92  0
 5.64101E-03   1.00343E-03   9.31399E-05   1.45850E-04   3.99321E-12     1960.48  0
 5.66101E-03   9.88511E-04   8.98166E-05   1.46227E-04   3.79851E-12     1907.36  0
 5.68101E-03   9.74349E-04   8.76708E-05   1.46252E-04   3.60763E-12     1862.09  0
 5.70101E-03   9.57057E-04   8.42292E-05   1.46114E-04   3.42084E-12     1823.04  0
 5.72101E-03   9.41755E-04   8.20306E-05   1.45945E-04   3.23844E-12     1790.33  0
 5.74101E-03   9.27672E-04   7.88557E-05   1.45754E-04   3.06020E-12     1762.11  0
 5.76101E-03   9.14155E-04   7.62321E-05   1.45518E-04   2.88609E-12     1738.11  0
 5.78101E-03   9.01023E-04   7.36404E-05   1.45254E-04   2.71604E-12     1717.44  0
 5.80101E-03   8.82941E-04   7.02583E-05   1.42893E-04   2.47725E-12     1699.17  0
 5.82101E-03   8.69363E-04   6.81778E-05   1.45329E-04   2.29949E-12     1683.85  0
 5.84101E-03   8.56174E-04   6.53105E-05   1.45731E-04   2.13045E-12     1670.36  0
 5.86101E-03   8.43206E-04   6.32966E-05   1.45996E-04   1.97014E-12     1658.75  0
 5.88101E-03   8.30151E-04   6.06584E-05   1.46076E-04   1.81712E-12     1648.93  0
 5.90101E-03   8.13577E-04   5.85602E-05   1.45929E-04   1.67042E-12     1640.73  0
 5.92101E-03   7.98818E-04   5.63973E-05   1.45565E-04   1.53061E-12     1634.04  0
 5.94101E-03   7.85110E-04   5.40040E-05   1.44979E-04   1.47888E-12     1628.97  1
 5.96101E-03   4.37105E-05   1.03261E-04   4.52744E-05   1.51283E-12     1813.19  1
 5.98101E-03   6.88006E-05   1.09896E-04   6.16383E-05   1.51734E-12     2796.10  1
 6.00101E-03   8.62485E-05   1.12449E-04   6.82920E-05   1.53566E-12     3348.30  1
 6.02101E-03   1.07436E-04   1.13653E-04   7.90888E-05   1.56129E-12     3571.98  1
 6.04101E-03   1.26742E-04   1.14949E-04   8.26231E-05   1.58923E-12     3699.66  1
 6.06101E-03   1.41087E-04   1.15833E-04   8.44812E-05   1.62901E-12     3749.70  1
 6.08101E-03   1.59166E-04   1.16300E-04   8.59032E-05   1.66974E-12     3832.62  1
 6.10101E-03   1.77018E-04   1.16691E-04   8.70865E-05   1.71208E-12     3812.37  1
 6.12101E-03   1.90861E-04   1.16937E-04   8.81744E-05   1.76018E-12     3850.46  1
 6.14101E-03   2.09061E-04   1.17125E-04   8.92975E-05   1.82269E-12     3860.07  1
 6.16101E-03   2.23098E-04   1.17319E-04   9.44589E-05   1.90650E-12     3850.00  1
 6.18101E-03   2.40820E-04   1.17459E-04   1.00122E-04   1.99172E-12     3874.42  1
 6.20101E-03   2.58512E-04   1.17535E-04   1.02324E-04   2.07596E-12     3842.94  1
 6.22101E-03   2.72020E-04   1.17632E-04   1.03781E-04   2.16803E-12     3869.06  1
 6.24101E-03   2.89812E-04   1.17664E-04   1.05019E-04   2.25945E-12     3877.15  1
 6.26101E-03   3.06338E-04   1.17752E-04   1.06145E-04   2.35847E-12     3870.77  1
 6.28101E-03   3.20733E-04   1.17796E-04   1.07195E-04   2.46541E-12     3893.74  1
 6.30101E-03   3.38327E-04   1.17848E-04   1.11845E-04   2.57401E-12     3864.88  1
 6.32101E-03   3.51551E-04   1.17932E-04   1.13924E-04   2.69781E-12     3884.09  1
 6.34101E-03   3.69284E-04   1.17997E-04   1.15127E-04   2.81690E-12     3883.82  1
 6.36101E-03   3.87180E-04   1.18055E-04   1.16156E-04   2.94265E-12     3873.88  1
 6.38101E-03   4.00026E-04   1.18128E-04   1.17115E-04   3.06674E-12     3885.64  1
 6.40101E-03   4.17628E-04   1.18160E-04   1.18012E-04   3.18694E-12     3874.58  1
 6.42101E-03   4.30658E-04   1.18237E-04   1.18896E-04   3.31301E-12     3889.70  1
 6.44101E-03   4.48357E-04   1.18279E-04   1.19787E-04   3.44731E-12     3886.93  1
 6.46101E-03   4.65864E-04   1.18342E-04   1.25121E-04   3.58448E-12     3861.58  1
 6.48101E-03   4.78849E-04   1.18386E-04   1.28746E-04   3.72095E-12     3869.52  1
 6.50101E-03   4.96234E-04   1.18421E-04   1.30457E-04   3.85007E-12     3860.74  1
 6.52101E-03   5.09417E-04   1.18478E-04   1.31708E-04   3.98183E-12     3866.20  1
 6.54101E-03   5.27058E-04   1.18496E-04   1.32766E-04   4.10631E-12     3861.49  1
 6.56101E-03   5.44452E-04   1.18554E-04   1.33723E-04   4.22932E-12     3841.39  1
 6.58101E-03   5.57872E-04   1.18569E-04   1.34630E-04   4.34936E-12     3859.34  1
 6.60101E-03   5.75532E-04   1.18595E-04   1.37965E-04   4.46454E-12     3856.88  1
 6.62101E-03   5.89217E-04   1.18639E-04   1.39516E-04   4.58404E-12     3862.84  1
 6.64101E-03   6.06683E-04   1.18656E-04   1.40948E-04   4.69463E-12     3878.48  1
 6.66101E-03   6.24381E-04   1.18689E-04   1.41838E-04   4.80146E-12     3850.13  1
 6.68101E-03   6.37686E-04   1.18703E-04   1.42504E-04   4.90793E-12     3876.47  1
 6.70101E-03   6.55570E-04   1.18746E-04   1.43070E-04   5.00738E-12     3873.32  1
 6.72101E-03   6.68720E-04   1.18765E-04   1.43569E-04   5.11171E-12     3874.22  1
 6.74101E-03   6.86506E-04   1.18795E-04   1.43964E-04   5.20716E-12     3881.16  1
 6.76101E-03   7.04163E-04   1.18797E-04   1.44277E-04   5.30041E-12     3855.54  1
 6.78102E-03   7.17363E-04   1.18811E-04   1.44559E-04   5.39180E-12     3881.47  1
 6.80102E-03   7.35193E-04   1.18829E-04   1.44761E-04   5.47519E-12     3878.68  1
 6.82102E-03   7.51998E-04   1.18828E-04   1.44932E-04   5.56267E-12     3875.73  1
 6.84102E-03   7.66003E-04   1.18859E-04   1.45054E-04   5.64387E-12     3885.93  1
 6.86102E-03   7.83373E-04   1.18850E-04   1.45152E-04   5.72080E-12     3859.28  1
 6.88102E-03   7.96503E-04   1.18862E-04   1.45205E-04   5.79673E-12     3884.78  1
 6.90102E-03   8.13846E-04   1.18868E-04   1.45321E-04   5.86307E-12     3883.29  1
 6.92102E-03   8.24467E-04   1.18861E-04   1.45392E-04   5.93740E-12     3881.01  1
 6.94102E-03   8.35572E-04   1.18880E-04   1.45489E-04   6.00233E-12     3894.53  1
 6.96102E-03   8.46990E-04   1.18859E-04   1.45548E-04   6.06704E-12     3864.88  1
 6.98102E-03   8.55263E-04   1.18864E-04   1.45579E-04   6.12756E-12     3885.61  1
 7.00102E-03   8.65576E-04   1.18857E-04   1.45608E-04   6.18343E-12     3883.96  1
 7.02102E-03   8.79904E-04   1.18839E-04   1.45631E-04   6.24399E-12     3881.05  1
 7.04102E-03   8.85774E-04   1.18844E-04   1.45651E-04   6.29597E-12     3890.75  1
 7.06102E-03   8.96317E-04   1.18810E-04   1.45679E-04   6.34709E-12     3865.09  1
 7.08102E-03   9.06029E-04   1.18800E-04   1.45710E-04   6.39508E-12     3896.11  1
 7.10102E-03   9.21585E-04   1.18782E-04   1.45748E-04   6.43731E-12     3891.82  1
 7.12102E-03   9.31828E-04   1.18750E-04   1.45780E-04   6.48417E-12     3886.92  1
 7.14102E-03   9.41957E-04   1.18743E-04   1.45816E-04   6.52226E-12     3894.60  1
 7.16102E-03   9.56738E-04   1.18702E-04   1.45853E-04   6.55970E-12     3867.68  1
 7.18102E-03   9.63097E-04   1.18665E-04   1.45895E-04   6.59300E-12     3892.75  1
 7.20102E-03   9.78347E-04   1.18621E-04   1.45939E-04   6.60762E-12     3890.10  1
 7.22102E-03   9.90862E-04   1.18583E-04   1.46009E-04   6.62286E-12     3879.58  1
 7.24102E-03   1.00712E-03   1.18536E-04   1.46085E-04   6.63291E-12     3926.76  1
 7.26102E-03   1.01822E-03   1.18485E-04   1.46166E-04   6.64857E-12     3953.28  1
 7.28102E-03   1.02686E-03   1.18397E-04   1.46245E-04   6.67942E-12     3983.09  1
 7.30102E-03   1.04131E-03   1.18315E-04   1.46303E-04   6.70239E-12     3971.36  1
 7.32102E-03   1.05065E-03   1.18236E-04   1.46378E-04   6.72543E-12     3926.54  1
 7.34102E-03   1.05998E-03   1.18130E-04   1.46462E-04   6.74079E-12     3921.93  1
 7.36102E-03   1.07371E-03   1.18091E-04   1.46545E-04   6.75721E-12     3885.45  1
 7.38102E-03   1.07971E-03   1.18016E-04   1.46618E-04   6.76517E-12     3892.47  1
 7.40102E-03   1.09276E-03   1.17941E-04   1.46678E-04   6.75852E-12     3876.88  1
 7.42102E-03   1.10622E-03   1.17887E-04   1.46731E-04   6.74361E-12     3858.97  1
 7.44102E-03   1.11934E-03   1.17790E-04   1.46756E-04   6.73224E-12     3903.99  1
 7.46102E-03   1.12339E-03   1.17714E-04   1.46731E-04   6.72090E-12     3897.26  1
 7.48102E-03   1.13724E-03   1.17592E-04   1.46667E-04   6.70143E-12     3925.52  1
 7.50102E-03   1.14217E-03   1.17505E-04   1.46571E-04   6.55079E-12     3935.03  0
 7.52102E-03   1.13903E-03   1.16651E-04   1.46454E-04   6.39310E-12     3341.63  0
 7.54102E-03   1.13258E-03   1.14941E-04   1.46361E-04   6.22602E-12     3008.30  0
 7.56102E-03   1.13081E-03   1.13809E-04   1.46243E-04   6.04951E-12     2784.33  0
 7.58102E-03   1.12762E-03   1.12387E-04   1.46103E-04   5.87002E-12     2603.93  0
 7.60102E-03   1.11922E-03   1.09355E-04   1.44751E-04   5.61576E-12     2456.71  0
 7.62102E-03   1.11731E-03   1.07763E-04   1.44732E-04   5.39162E-12     2332.00  0
 7.64102E-03   1.10846E-03   1.04669E-04   1.43577E-04   5.16498E-12     2225.92  0
 7.66102E-03   1.10215E-03   1.02938E-04   1.42990E-04   4.93910E-12     2135.11  0
 7.68102E-03   1.09457E-03   9.98420E-05   1.42866E-04   4.71830E-12     2060.24  0
 7.70102E-03   1.08456E-03   9.79712E-05   1.42733E-04   4.50224E-12     1996.23  0
 7.72102E-03   1.07467E-03   9.49453E-05   1.42422E-04   4.29118E-12     1942.72  0
 7.74102E-03   1.06385E-03   9.30486E-05   1.42237E-04   4.08611E-12     1897.25  0
 7.76102E-03   1.05299E-03   9.00106E-05   1.41943E-04   3.88636E-12     1857.60  0
 7.78102E-03   1.04058E-03   8.80755E-05   1.41523E-04   3.69075E-12     1823.75  0
 7.80102E-03   1.02086E-03   8.46283E-05   1.39262E-04   3.43232E-12     1794.14  0
 7.82102E-03   1.01335E-03   8.28563E-05   1.40248E-04   3.23300E-12     1769.25  0
 7.84102E-03   9.99202E-04   7.98579E-05   1.38428E-04   3.03766E-12     1746.39  0
 7.86102E-03   9.85300E-04   7.80653E-05   1.37692E-04   2.84862E-12     1725.94  0
 7.88102E-03   9.68623E-04   7.52059E-05   1.37091E-04   2.66560E-12     1707.76  0
 7.90102E-03   9.52281E-04   7.32759E-05   1.36538E-04   2.48853E-12     1691.57  0
 7.92102E-03   9.37633E-04   7.07544E-05   1.35986E-04   2.31772E-12     1677.49  0
 7.94102E-03   9.19207E-04   6.86711E-05   1.35447E-04   2.15336E-12     1665.43  0
 7.96102E-03   9.03259E-04   6.66259E-05   1.34876E-04   1.99611E-12     1655.01  0
 7.98102E-03   8.84799E-04   6.41445E-05   1.34093E-04   1.84545E-12     1646.20  0
 8.00102E-03   8.58916E-04   6.22803E-05   1.32350E-04   1.75460E-12     1638.63  1
 8.02102E-03   5.02144E-05   1.04190E-04   5.02322E-05   1.79158E-12     1826.51  1
 8.04102E-03   6.99350E-05   1.10429E-04   6.21390E-05   1.78622E-12     2783.37  1
 8.06102E-03   9.00157E-05   1.12887E-04   6.87579E-05   1.79810E-12     3332.64  1
 8.08102E-03   1.09140E-04   1.14416E-04   7.94509E-05   1.81971E-12     3582.65  1
 8.10102E-03   1.27455E-04   1.15848E-04   8.30040E-05   1.84223E-12     3729.52  1
 8.12102E-03   1.41815E-04   1.16640E-04   8.49005E-05   1.87391E-12     3792.95  1
 8.14102E-03   1.59787E-04   1.17122E-04   8.63434E-05   1.90361E-12     3862.26  1
 8.16103E-03   1.73908E-04   1.17422E-04   8.75971E-05   1.94277E-12     3861.83  1
 8.18103E-03   1.91701E-04   1.17667E-04   8.87492E-05   1.99889E-12     3906.33  1
 8.20103E-03   2.09594E-04   1.17739E-04   9.43987E-05   2.06770E-12     3913.05  1
 8.22103E-03   2.23583E-04   1.17862E-04   9.94795E-05   2.14225E-12     3917.08  1
 8.24103E-03   2.41278E-04   1.17957E-04   1.01956E-04   2.21549E-12     3930.22  1
 8.26103E-03   2.59468E-04   1.18006E-04   1.03521E-04   2.29419E-12     3908.95  1
 8.28103E-03   2.72635E-04   1.18093E-04   1.04825E-04   2.37635E-12     3931.74  1
 8.30103E-03   2.89982E-04   1.18127E-04   1.06055E-04   2.45705E-12     3936.96  1
 8.32103E-03   3.03669E-04   1.18208E-04   1.07193E-04   2.56207E-12     3937.08  1
 8.34103E-03   3.21153E-04   1.18258E-04   1.12246E-04   2.66740E-12     3942.38  1
 8.36103E-03   3.38902E-04   1.18307E-04   1.14365E-04   2.77408E-12     3920.56  1
 8.38103E-03   3.52198E-04   1.18353E-04   1.15643E-04   2.88161E-12     3932.48  1
 8.40103E-03   3.69357E-04   1.18372E-04   1.16721E-04   2.98701E-12     3917.20  1
 8.42103E-03   3.83351E-04   1.18435E-04   1.17740E-04   3.10049E-12     3928.27  1
 8.44103E-03   4.00719E-04   1.18457E-04   1.18741E-04   3.21525E-12     3931.07  1
 8.46103E-03   4.18322E-04   1.18517E-04   1.22922E-04   3.33699E-12     3907.77  1
 8.48103E-03   4.31501E-04   1.18553E-04   1.25289E-04   3.47142E-12     3916.53  1
 8.50103E-03   4.48529E-04   1.18582E-04   1.28562E-04   3.60564E-12     3909.71  1
 8.52103E-03   4.61989E-04   1.18628E-04   1.30736E-04   3.74501E-12     3913.10  1
 8.54103E-03   4.79265E-04   1.18646E-04   1.32212E-04   3.87995E-12     3920.58  1
 8.56103E-03   4.97035E-04   1.18682E-04   1.33456E-04   4.01342E-12     3894.04  1
 8.58103E-03   5.10036E-04   1.18691E-04   1.34560E-04   4.14681E-12     3904.45  1
 8.60103E-03   5.27149E-04   1.18731E-04   1.38263E-04   4.27791E-12     3898.58  1
 8.62103E-03   5.40569E-04   1.18753E-04   1.40902E-04   4.40879E-12     3900.26  1
 8.64103E-03   5.57918E-04   1.18783E-04   1.42341E-04   4.53242E-12     3908.92  1
 8.66103E-03   5.75496E-04   1.18792E-04   1.43279E-04   4.65170E-12     3881.22  1
 8.68103E-03   5.88777E-04   1.18813E-04   1.44031E-04   4.76877E-12     3902.22  1
 8.70103E-03   6.05949E-04   1.18841E-04   1.44659E-04   4.88068E-12     3899.40  1
 8.72103E-03   6.19604E-04   1.18845E-04   1.45187E-04   4.99367E-12     3900.74  1
 8.74103E-03   6.37173E-04   1.18880E-04   1.45630E-04   5.09920E-12     3913.54  1
 8.76103E-03   6.54911E-04   1.18875E-04   1.45972E-04   5.20297E-12     3887.82  1
 8.78103E-03   6.68404E-04   1.18894E-04   1.46252E-04   5.30314E-12     3910.86  1
 8.80103E-03   6.85616E-04   1.18909E-04   1.46444E-04   5.39795E-12     3906.01  1
 8.82103E-03   6.99309E-04   1.18909E-04   1.46562E-04   5.49500E-12     3907.06  1
 8.84103E-03   7.16835E-04   1.18935E-04   1.46630E-04   5.58425E-12     3918.40  1
 8.86103E-03   7.34426E-04   1.18921E-04   1.46654E-04   5.67100E-12     3889.49  1
 8.88103E-03   7.47955E-04   1.18935E-04   1.46653E-04   5.75587E-12     3916.79  1
 8.90103E-03   7.65242E-04   1.18935E-04   1.46669E-04   5.83398E-12     3915.53  1
 8.92103E-03   7.78688E-04   1.18927E-04   1.46632E-04   5.91495E-12     3914.85  1
 8.94103E-03   7.96166E-04   1.18939E-04   1.46567E-04   5.98696E-12     3928.37  1
 8.96103E-03   8.13566E-04   1.18912E-04   1.46464E-04   6.05874E-12     3899.07  1
 8.98103E-03   8.27059E-04   1.18915E-04   1.46363E-04   6.12469E-12     3925.06  1
 9.00103E-03   8.39746E-04   1.18900E-04   1.46265E-04   6.18713E-12     3915.19  1
 9.02103E-03   8.53159E-04   1.18883E-04   1.46179E-04   6.25110E-12     3919.44  1
 9.04103E-03   8.68692E-04   1.18872E-04   1.46117E-04   6.30678E-12     3926.22  1
 9.06103E-03   8.85514E-04   1.18828E-04   1.46076E-04   6.36481E-12     3901.04  1
 9.08103E-03   8.91190E-04   1.18823E-04   1.46058E-04   6.41489E-12     3925.83  1
 9.10103E-03   9.06484E-04   1.18786E-04   1.46052E-04   6.46206E-12     3920.18  1
 9.12103E-03   9.19386E-04   1.18744E-04   1.46055E-04   6.51147E-12     3920.42  1
 9.14103E-03   9.35130E-04   1.18709E-04   1.46060E-04   6.55255E-12     3925.36  1
 9.16103E-03   9.45649E-04   1.18644E-04   1.46072E-04   6.59427E-12     3899.12  1
 9.18103E-03   9.58377E-04   1.18580E-04   1.46089E-04   6.47539E-12     3922.45  0
 9.20103E-03   9.53444E-04   1.18122E-04   1.45985E-04   6.30530E-12     3285.05  0
 9.22103E-03   9.54203E-04   1.17321E-04   1.47287E-04   6.13184E-12     2927.87  0
 9.24103E-03   9.50318E-04   1.15032E-04   1.49708E-04   5.94038E-12     2688.25  0
 9.26103E-03   9.48446E-04   1.13830E-04   1.51026E-04   5.74535E-12     2508.07  0
 9.28103E-03   9.44616E-04   1.12354E-04   1.51725E-04   5.54707E-12     2372.65  0
 9.30103E-03   9.37243E-04   1.09473E-04   1.52085E-04   5.35017E-12     2264.68  0
 9.32103E-03   9.26949E-04   1.07931E-04   1.52204E-04   5.15147E-12     2175.21  0
 9.34103E-03   9.21780E-04   1.05146E-04   1.52124E-04   4.95375E-12     2100.58  0
 9.36103E-03   9.13805E-04   1.03304E-04   1.51909E-04   4.75878E-12     2038.26  0
 9.38103E-03   9.08581E-04   1.00745E-04   1.51833E-04   4.56647E-12     1984.17  0
 9.40103E-03   8.99542E-04   9.85527E-05   1.51254E-04   4.34279E-12     1936.79  0
 9.42103E-03   8.95824E-04   9.62701E-05   1.54591E-04   4.15737E-12     1895.06  0
 9.44103E-03   8.89954E-04   9.38882E-05   1.55177E-04   3.97136E-12     1859.22  0
 9.46104E-03   8.82898E-04   9.18449E-05   1.55239E-04   3.78706E-12     1826.80  0
 9.48104E-03   8.77291E-04   8.91640E-05   1.55042E-04   3.60609E-12     1798.06  0
 9.50104E-03   8.69969E-04   8.75858E-05   1.53863E-04   3.42810E-12     1772.39  0
 9.52104E-03   8.64142E-04   8.45405E-05   1.51486E-04   3.25324E-12     1749.44  0
 9.54104E-03   8.57287E-04   8.29134E-05   1.49639E-04   3.08167E-12     1729.66  0
 9.56104E-03   8.50583E-04   8.00529E-05   1.48856E-04   2.91359E-12     1712.02  0
 9.58104E-03   8.44619E-04   7.83418E-05   1.48274E-04   2.74917E-12     1696.44  0
 9.60104E-03   8.35539E-04   7.52027E-05   1.46262E-04   2.53084E-12     1682.66  0
 9.62104E-03   8.29577E-04   7.33979E-05   1.51579E-04   2.36357E-12     1670.82  0
 9.64104E-03   8.23315E-04   7.13191E-05   1.48449E-04   2.20268E-12     1660.47  0
 9.66104E-03   8.14438E-04   6.91571E-05   1.47270E-04   2.04783E-12     1651.57  0
 9.68104E-03   8.05654E-04   6.77544E-05   1.46575E-04   1.99128E-12     1644.01  1
 9.70104E-03   4.45990E-05   1.05323E-04   4.07757E-05   2.02156E-12     1876.74  1
 9.72104E-03   6.94297E-05   1.10724E-04   6.52779E-05   2.02141E-12     2779.88  1
 9.74104E-03   8.98821E-05   1.13081E-04   7.22877E-05   2.02193E-12     3327.10  1
 9.76104E-03   1.08730E-04   1.14625E-04   7.54202E-05   2.02040E-12     3615.28  1
 9.78104E-03   1.23475E-04   1.15899E-04   7.73646E-05   2.03710E-12     3747.17  1
 9.80104E-03   1.41456E-04   1.16264E-04   8.33368E-05   2.05965E-12     3740.59  1
 9.82104E-03   1.58509E-04   1.16690E-04   9.06650E-05   2.09038E-12     3781.52  1
 9.84104E-03   1.77281E-04   1.17246E-04   9.35040E-05   2.12240E-12     3832.23  1
 9.86104E-03   1.95806E-04   1.17562E-04   9.52220E-05   2.17093E-12     3832.93  1
 9.88104E-03   2.09109E-04   1.17769E-04   9.66502E-05   2.21947E-12     3866.06  1
 9.90104E-03   2.27177E-04   1.17835E-04   9.79132E-05   2.27762E-12     3875.60  1
 9.92104E-03   2.40770E-04   1.17928E-04   1.02997E-04   2.34523E-12     3883.36  1
 9.94104E-03   2.58847E-04   1.18018E-04   1.04980E-04   2.42020E-12     3883.20  1
 9.96104E-03   2.76739E-04   1.18068E-04   1.10816E-04   2.50602E-12     3864.90  1
 9.98104E-03   2.90204E-04   1.18133E-04   1.13162E-04   2.59528E-12     3880.91  1
 1.00010E-02   3.08259E-04   1.18155E-04   1.14696E-04   2.68570E-12     3874.74  1
 1.00210E-02   3.21311E-04   1.18234E-04   1.15997E-04   2.78216E-12     3888.99  1
 1.00410E-02   3.39107E-04   1.18272E-04   1.17208E-04   2.87783E-12     3896.11  1
 1.00610E-02   3.56702E-04   1.18323E-04   1.18389E-04   2.98244E-12     3869.75  1
 1.00810E-02   3.69906E-04   1.18361E-04   1.24635E-04   3.08952E-12     3877.97  1
 1.01010E-02   3.87741E-04   1.18384E-04   1.27101E-04   3.19431E-12     3865.18  1
 1.01210E-02   4.00755E-04   1.18442E-04   1.28421E-04   3.31021E-12     3878.47  1
 1.01410E-02   4.18465E-04   1.18462E-04   1.29532E-04   3.42815E-12     3891.03  1
 1.01610E-02   4.35950E-04   1.18509E-04   1.36123E-04   3.55546E-12     3868.55  1
 1.01810E-02   4.49210E-04   1.18527E-04   1.41500E-04   3.68403E-12     3878.47  1
 1.02010E-02   4.66974E-04   1.18549E-04   1.48294E-04   3.81092E-12     3863.36  1
 1.02210E-02   4.79894E-04   1.18599E-04   1.51752E-04   3.94411E-12     3865.76  1
 1.02410E-02   4.97641E-04   1.18615E-04   1.53987E-04   4.07220E-12     3872.61  1
 1.02610E-02   5.15064E-04   1.18651E-04   1.58928E-04   4.19986E-12     3848.71  1
 1.02810E-02   5.28157E-04   1.18655E-04   1.61417E-04   4.32566E-12     3859.58  1
 1.03010E-02   5.45420E-04   1.18688E-04   1.62977E-04   4.44566E-12     3851.14  1
 1.03210E-02   5.58975E-04   1.18704E-04   1.64151E-04   4.56970E-12     3854.33  1
 1.03410E-02   5.76700E-04   1.18722E-04   1.65018E-04   4.68238E-12     3853.37  1
 1.03610E-02   5.94492E-04   1.18721E-04   1.65652E-04   4.79128E-12     3827.33  1
 1.03810E-02   6.07807E-04   1.18721E-04   1.66374E-04   4.89642E-12     3847.82  1
 1.04010E-02   6.22481E-04   1.18686E-04   1.66524E-04   4.99670E-12     3828.96  1
 1.04210E-02   6.44684E-04   1.18683E-04   1.66737E-04   5.08992E-12     3841.95  1
 1.04410E-02   6.62145E-04   1.18613E-04   1.66870E-04   5.18331E-12     3834.00  1
 1.04610E-02   6.75268E-04   1.18631E-04   1.67030E-04   5.27048E-12     3864.10  1
 1.04810E-02   6.90004E-04   1.18662E-04   1.67322E-04   5.20267E-12     3856.56  0
 1.05010E-02   6.90234E-04   1.18512E-04   1.67472E-04   5.12437E-12     3263.94  0
 1.05210E-02   6.89580E-04   1.17875E-04   1.67322E-04   5.03446E-12     2927.26  0
 1.05410E-02   6.88573E-04   1.15769E-04   1.66878E-04   4.93697E-12     2702.91  0
 1.05610E-02   6.87064E-04   1.14294E-04   1.66247E-04   4.82757E-12     2543.00  0
 1.05810E-02   6.86884E-04   1.12947E-04   1.65957E-04   4.71397E-12     2416.65  0
 1.06010E-02   6.85339E-04   1.10368E-04   1.65694E-04   4.59585E-12     2314.04  0
 1.06210E-02   6.80672E-04   1.08604E-04   1.65435E-04   4.47233E-12     2225.55  0
 1.06410E-02   6.78415E-04   1.06467E-04   1.65115E-04   4.34515E-12     2148.03  0
 1.06610E-02   6.77919E-04   1.04062E-04   1.64695E-04   4.21524E-12     2080.12  0
 1.06810E-02   6.77207E-04   1.02548E-04   1.64219E-04   4.08423E-12     2022.34  0
 1.07010E-02   6.75585E-04   9.95005E-05   1.63696E-04   3.95295E-12     1971.83  0
 1.07210E-02   6.69466E-04   9.79055E-05   1.63130E-04   3.82038E-12     1927.11  0
 1.07410E-02   6.68331E-04   9.50302E-05   1.62545E-04   3.68814E-12     1887.57  0
 1.07610E-02   6.67261E-04   9.33281E-05   1.61864E-04   3.55647E-12     1854.63  0
 1.07810E-02   6.65912E-04   9.08257E-05   1.61124E-04   3.42405E-12     1825.06  0
 1.08010E-02   6.58361E-04   8.84612E-05   1.60265E-04   3.22868E-12     1797.68  0
 1.08210E-02   6.53848E-04   8.63185E-05   1.62406E-04   3.08233E-12     1773.67  0
 1.08410E-02   6.40700E-04   8.41270E-05   1.61498E-04   2.93730E-12     1752.09  0
 1.08610E-02   6.33254E-04   8.26695E-05   1.58576E-04   2.79352E-12     1732.61  0
 1.08810E-02   6.25325E-04   7.98450E-05   1.57491E-04   2.65173E-12     1714.95  0
 1.09010E-02   6.20320E-04   7.82982E-05   1.56971E-04   2.51248E-12     1699.38  0
 1.09210E-02   6.14765E-04   7.60219E-05   1.56442E-04   2.37563E-12     1685.54  0
 1.09410E-02   6.09099E-04   7.40609E-05   1.55920E-04   2.24183E-12     1673.32  0
 1.09610E-02   6.04620E-04   7.26552E-05   1.55403E-04   2.11154E-12     1662.62  0
 1.09810E-02   5.99520E-04   6.99290E-05   1.54683E-04   2.07502E-12     1653.44  1
 1.10010E-02   3.85632E-05   1.04123E-04   4.30784E-05   2.09331E-12     1830.77  1
 1.10210E-02   7.19944E-05   1.10479E-04   6.22064E-05   2.10219E-12     2773.76  1
 1.10410E-02   9.22526E-05   1.12939E-04   6.87452E-05   2.12170E-12     3307.80  1
 1.10610E-02   1.09719E-04   1.14349E-04   7.95274E-05   2.14877E-12     3622.73  1
 1.10810E-02   1.28360E-04   1.15852E-04   8.28692E-05   2.17596E-12     3743.52  1
 1.11010E-02   1.46683E-04   1.16504E-04   8.47877E-05   2.20347E-12     3794.43  1
 1.11210E-02   1.60696E-04   1.16959E-04   8.62259E-05   2.23329E-12     3830.41  1
 1.11410E-02   1.78506E-04   1.17338E-04   8.74513E-05   2.26416E-12     3875.71  1
 1.11610E-02   1.92686E-04   1.17534E-04   8.86046E-05   2.31234E-12     3875.76  1
 1.11810E-02   2.10532E-04   1.17654E-04   9.39993E-05   2.36913E-12     3910.81  1
 1.12010E-02   2.28285E-04   1.17709E-04   9.60609E-05   2.42947E-12     3907.00  1
 1.12210E-02   2.42322E-04   1.17794E-04   1.01103E-04   2.49346E-12     3915.18  1
 1.12410E-02   2.59931E-04   1.17834E-04   1.03128E-04   2.55648E-12     3921.90  1
 1.12610E-02   2.73630E-04   1.17863E-04   1.04549E-04   2.62989E-12     3907.19  1
 1.12810E-02   2.91031E-04   1.17937E-04   1.05780E-04   2.69813E-12     3926.05  1
 1.13010E-02   3.08428E-04   1.17939E-04   1.06884E-04   2.77388E-12     3921.60  1
 1.13210E-02   3.22028E-04   1.17999E-04   1.11703E-04   2.86218E-12     3927.05  1
 1.13410E-02   3.39430E-04   1.18022E-04   1.13727E-04   2.94592E-12     3931.64  1
 1.13610E-02   3.53089E-04   1.18042E-04   1.14970E-04   2.89515E-12     3910.42  0
 1.13810E-02   3.53779E-04   1.17799E-04   1.16083E-04   2.83461E-12     3343.06  0
 1.14010E-02   3.54633E-04   1.16323E-04   1.17111E-04   2.77456E-12     3023.98  0
 1.14210E-02   3.56909E-04   1.14624E-04   1.18079E-04   2.69980E-12     2809.44  0
 1.14411E-02   3.57987E-04   1.13508E-04   1.19031E-04   2.62934E-12     2639.87  0
 1.14611E-02   3.58690E-04   1.11478E-04   1.22656E-04   2.56669E-12     2496.95  0
 1.14811E-02   3.59062E-04   1.09190E-04   1.26847E-04   2.50162E-12     2377.16  0
 1.15011E-02   3.59269E-04   1.07744E-04   1.29184E-04   2.44024E-12     2279.47  0
 1.15211E-02   3.59366E-04   1.04850E-04   1.30601E-04   2.37732E-12     2196.89  0
 1.15411E-02   3.59348E-04   1.03211E-04   1.31679E-04   2.31462E-12     2127.53  0
 1.15611E-02   3.59254E-04   1.00547E-04   1.32576E-04   2.25303E-12     2067.18  0
 1.15811E-02   3.59123E-04   9.86677E-05   1.33354E-04   2.19158E-12     2013.16  0
 1.16011E-02   3.58973E-04   9.65776E-05   1.34072E-04   2.13330E-12     1964.78  0
 1.16211E-02   3.58744E-04   9.41171E-05   1.36661E-04   2.07685E-12     1921.54  0
 1.16411E-02   3.58450E-04   9.25743E-05   1.37902E-04   2.02081E-12     1883.09  0
 1.16611E-02   3.58084E-04   8.96601E-05   1.38735E-04   1.96272E-12     1848.57  0
 1.16811E-02   3.57660E-04   8.81073E-05   1.39357E-04   1.90226E-12     1818.35  0
 1.17011E-02   3.57194E-04   8.55477E-05   1.39645E-04   1.84040E-12     1791.41  0
 1.17211E-02   3.56696E-04   8.36385E-05   1.39793E-04   1.77669E-12     1767.51  0
 1.17411E-02   3.56177E-04   8.16712E-05   1.39822E-04   1.71208E-12     1746.20  0
 1.17611E-02   3.55656E-04   7.93781E-05   1.39752E-04   1.64644E-12     1727.20  0
 1.17811E-02   3.55169E-04   7.79771E-05   1.39606E-04   1.58030E-12     1710.48  0
 1.18011E-02   3.54761E-04   7.55210E-05   1.39403E-04   1.51357E-12     1695.75  0
 1.18211E-02   3.54508E-04   7.38057E-05   1.39163E-04   1.44676E-12     1682.67  0
 1.18411E-02   3.54278E-04   7.23081E-05   1.38939E-04   1.37982E-12     1671.23  0
 1.18611E-02   3.54043E-04   6.96657E-05   1.38850E-04   1.31309E-12     1661.20  0
 1.18811E-02   3.53770E-04   6.82764E-05   1.38809E-04   1.24719E-12     1652.54  0
 1.19011E-02   3.53452E-04   6.61130E-05   1.38744E-04   1.18214E-12     1645.14  0
 1.19211E-02   3.53062E-04   6.41777E-05   1.38661E-04   1.11839E-12     1638.93  0
 1.19411E-02   3.52345E-04   6.28313E-05   1.38565E-04   1.05642E-12     1633.77  0
 1.19611E-02   3.45197E-04   6.02903E-05   1.38457E-04   9.95633E-13     1629.66  0
 1.19811E-02   3.42861E-04   5.87327E-05   1.38341E-04   9.36881E-13     1626.51  0
 1.20011E-02   3.39043E-04   5.71617E-05   1.38213E-04   8.80142E-13     1624.30  0
 1.20211E-02   3.34106E-04   5.46781E-05   1.38075E-04   8.25041E-13     1623.12  0
 1.20411E-02   3.32956E-04   5.33073E-05   1.37927E-04   7.71887E-13     1622.86  0
 1.20611E-02   3.31817E-04   5.12470E-05   1.37769E-04   7.20380E-13     1622.61  0
 1.20811E-02   3.24028E-04   4.93428E-05   1.37600E-04   6.70762E-13     1622.27  0
 1.21011E-02   3.17961E-04   4.80607E-05   1.37428E-04   6.22881E-13     1621.86  0
 1.21211E-02   3.15215E-04   4.59088E-05   1.37247E-04   5.76544E-13     1621.36  0
 1.21411E-02   3.14001E-04   4.42319E-05   1.37055E-04   5.31963E-13     1620.79  0
 1.21611E-02   3.12486E-04   4.30020E-05   1.36852E-04   4.89430E-13     1620.13  0
 1.21811E-02   3.10584E-04   4.09338E-05   1.36638E-04   4.48538E-13     1619.38  0
 1.22011E-02   2.98208E-04   3.94121E-05   1.36411E-04   4.09382E-13     1618.56  0
 1.22211E-02   2.93451E-04   3.83253E-05   1.36175E-04   3.72018E-13     1617.66  0
 1.22411E-02   2.91919E-04   3.68766E-05   1.35926E-04   3.36299E-13     1616.67  0
 1.22611E-02   2.84314E-04   3.50089E-05   1.35656E-04   3.02329E-13     1615.57  0
 1.22811E-02   2.73289E-04   3.38907E-05   1.35365E-04   2.69982E-13     1614.42  0
 1.23011E-02   2.62652E-04   3.29381E-05   1.35052E-04   2.39544E-13     1613.18  0
 1.23211E-02   2.54232E-04   3.27778E-05   1.34703E-04   2.10798E-13     1611.86  0
 1.23411E-02   2.46885E-04   3.26154E-05   1.34318E-04   1.83945E-13     1610.44  0
 1.23611E-02   2.36739E-04   3.13812E-05   1.33884E-04   1.59098E-13     1608.90  0
 1.23811E-02   2.29407E-04   2.92948E-05   1.33317E-04   1.36262E-13     1607.26  0
 1.24011E-02   2.24875E-04   2.78922E-05   1.24654E-04   1.15285E-13     1605.50  0
 1.24211E-02   2.21774E-04   2.57511E-05   1.16344E-04   9.61642E-14     1603.61  0
 1.24411E-02   2.11449E-04   2.43041E-05   1.10084E-04   7.90839E-14     1601.60  0
 1.24611E-02   1.95045E-04   2.30729E-05   1.04283E-04   6.38324E-14     1599.46  0
 1.24811E-02   1.77703E-04   2.10957E-05   9.77337E-05   5.01783E-14     1597.16  0
 1.25011E-02   1.63241E-04   1.94412E-05   9.34865E-05   3.82333E-14     1594.81  0
 1.25211E-02   1.48768E-04   1.82549E-05   8.66578E-05   2.80637E-14     1592.37  0
 1.25411E-02   1.34053E-04   1.66981E-05   8.27382E-05   1.94665E-14     1589.75  0
 1.25611E-02   1.22815E-04   1.48132E-05   7.52797E-05   1.23530E-14     1586.85  0
 1.25811E-02   1.05443E-04   1.35868E-05   7.13714E-05   6.95635E-15     1583.67  0
 1.26011E-02   8.66068E-05   1.21424E-05   6.27681E-05   3.10567E-15     1580.28  0
 1.26211E-02   6.72193E-05   9.35112E-06   5.39985E-05   7.49169E-16     1576.26  0
 1.26411E-02   4.44018E-05   7.61857E-06   4.32465E-05   0.00000E+00     1571.27  0
 1.26611E-02   0.00000E+00   0.00000E+00   0.00000E+00   0.00000E+00     1561.71  0
 1.26811E-02   0.00000E+00   0.00000E+00   0.00000E+00   0.00000E+00     1531.42  0
 1.27011E-02   0.00000E+00   0.00000E+00   0.00000E+00   0.00000E+00     1511.62  0
 1.27211E-02   0.00000E+00   0.00000E+00   0.00000E+00   0.00000E+00     1495.11  0
 1.27411E-02   0.00000E+00   0.00000E+00   0.00000E+00   0.00000E+00     1480.36  0
 1.27611E-02   0.00000E+00   0.00000E+00   0.00000E+00   0.00000E+00     1466.84  0
 1.27811E-02   0.00000E+00   0.00000E+00   0.00000E+00   0.00000E+00     1454.43  0
 1.28011E-02   0.00000E+00   0.00000E+00   0.00000E+00   0.00000E+00     1442.76  0
 1.28211E-02   0.00000E+00   0.00000E+00   0.00000E+00   0.00000E+00     1431.63  0
 1.28411E-02   0.00000E+00   0.00000E+00   0.00000E+00   0.00000E+00     1420.99  0
 1.28611E-02   0.00000E+00   0.00000E+00   0.00000E+00   0.00000E+00     1410.78  0
 1.28811E-02   0.00000E+00   0.00000E+00   0.00000E+00   0.00000E+00     1400.99  0
 1.29011E-02   0.00000E+00   0.00000E+00   0.00000E+00   0.00000E+00     1391.58  0
 1.29211E-02   0.00000E+00   0.00000E+00   0.00000E+00   0.00000E+00     1382.49  0
 1.29411E-02   0.00000E+00   0.00000E+00   0.00000E+00   0.00000E+00     1373.68  0
 1.29611E-02   0.00000E+00   0.00000E+00   0.00000E+00   0.00000E+00     1365.15  0
 1.29811E-02   0.00000E+00   0.00000E+00   0.00000E+00   0.00000E+00     1356.86  0
 1.30011E-02   0.00000E+00   0.00000E+00   0.00000E+00   0.00000E+00     1348.80  0
 1.30211E-02   0.00000E+00   0.00000E+00   0.00000E+00   0.00000E+00     1340.96  0
 1.30411E-02   0.00000E+00   0.00000E+00   0.00000E+00   0.00000E+00     1333.32  0
 1.30611E-02   0.00000E+00   0.00000E+00   0.00000E+00   0.00000E+00     1325.88  0
 1.30811E-02   0.00000E+00   0.00000E+00   0.00000E+00   0.00000E+00     1318.61  0
 1.31011E-02   0.00000E+00   0.00000E+00   0.00000E+00   0.00000E+00     1311.57  0
 1.31211E-02   0.00000E+00   0.00000E+00   0.00000E+00   0.00000E+00     1304.67  0
 1.31411E-02   0.00000E+00   0.00000E+00   0.00000E+00   0.00000E+00     1297.93  0
 1.31611E-02   0.00000E+00   0.00000E+00   0.00000E+00   0.00000E+00     1291.32  0
 1.31811E-02   0.00000E+00   0.00000E+00   0.00000E+00   0.00000E+00     1284.85  0
 1.32011E-02   0.00000E+00   0.00000E+00   0.00000E+00   0.00000E+00     1278.52  0
 1.32211E-02   0.00000E+00   0.00000E+00   0.00000E+00   0.00000E+00     1272.31  0
 1.32411E-02   0.00000E+00   0.00000E+00   0.00000E+00   0.00000E+00     1266.22  0
 1.32611E-02   0.00000E+00   0.00000E+00   0.00000E+00   0.00000E+00     1260.24  0
 1.32811E-02   0.00000E+00   0.00000E+00   0.00000E+00   0.00000E+00     1254.38  0
 1.33011E-02   0.00000E+00   0.00000E+00   0.00000E+00   0.00000E+00     1248.62  0
 1.33211E-02   0.00000E+00   0.00000E+00   0.00000E+00   0.00000E+00     1243.17  0
 1.33411E-02   0.00000E+00   0.00000E+00   0.00000E+00   0.00000E+00     1238.47  0
 1.33611E-02   0.00000E+00   0.00000E+00   0.00000E+00   0.00000E+00     1233.83  0
 1.33811E-02   0.00000E+00   0.00000E+00   0.00000E+00   0.00000E+00     1229.27  0
 1.34011E-02   0.00000E+00   0.00000E+00   0.00000E+00   0.00000E+00     1224.76  0
 1.34211E-02   0.00000E+00   0.00000E+00   0.00000E+00   0.00000E+00     1220.32  0
 1.34411E-02   0.00000E+00   0.00000E+00   0.00000E+00   0.00000E+00     1215.94  0
 1.34611E-02   0.00000E+00   0.00000E+00   0.00000E+00   0.00000E+00     1211.61  0
 1.34811E-02   0.00000E+00   0.00000E+00   0.00000E+00   0.00000E+00     1207.35  0
 1.35011E-02   0.00000E+00   0.00000E+00   0.00000E+00   0.00000E+00     1203.14  0
 1.35211E-02   0.00000E+00   0.00000E+00   0.00000E+00   0.00000E+00     1198.99  0
 1.35411E-02   0.00000E+00   0.00000E+00   0.00000E+00   0.00000E+00     1194.90  0
 1.35611E-02   0.00000E+00   0.00000E+00   0.00000E+00   0.00000E+00     1190.85  0
 1.35811E-02   0.00000E+00   0.00000E+00   0.00000E+00   0.00000E+00     1186.86  0
 1.36011E-02   0.00000E+00   0.00000E+00   0.00000E+00   0.00000E+00     1182.91  0
 1.36211E-02   0.00000E+00   0.00000E+00   0.00000E+00   0.00000E+00     1179.01  0
 1.36411E-02   0.00000E+00   0.00000E+00   0.00000E+00   0.00000E+00     1175.15  0
 1.36611E-02   0.00000E+00   0.00000E+00   0.00000E+00   0.00000E+00     1171.35  0
 1.36811E-02   0.00000E+00   0.00000E+00   0.00000E+00   0.00000E+00     1167.58  0
 1.37011E-02   0.00000E+00   0.00000E+00   0.00000E+00   0.00000E+00     1163.86  0
 1.37211E-02   0.00000E+00   0.00000E+00   0.00000E+00   0.00000E+00     1160.18  0
 1.37411E-02   0.00000E+00   0.00000E+00   0.00000E+00   0.00000E+00     1156.54  0
 1.37611E-02   0.00000E+00   0.00000E+00   0.00000E+00   0.00000E+00     1152.93  0
 1.37811E-02   0.00000E+00   0.00000E+00   0.00000E+00   0.00000E+00     1149.37  0
 1.38011E-02   0.00000E+00   0.00000E+00   0.00000E+00   0.00000E+00     1145.85  0
 1.38211E-02   0.00000E+00   0.00000E+00   0.00000E+00   0.00000E+00     1142.37  0
 1.38411E-02   0.00000E+00   0.00000E+00   0.00000E+00   0.00000E+00     1138.92  0
 1.38611E-02   0.00000E+00   0.00000E+00   0.00000E+00   0.00000E+00     1135.51  0
 1.38811E-02   0.00000E+00   0.00000E+00   0.00000E+00   0.00000E+00     1132.13  0
 1.39011E-02   0.00000E+00   0.00000E+00   0.00000E+00   0.00000E+00     1128.79  0
 1.39211E-02   0.00000E+00   0.00000E+00   0.00000E+00   0.00000E+00     1125.48  0
 1.39411E-02   0.00000E+00   0.00000E+00   0.00000E+00   0.00000E+00     1122.21  0
 1.39611E-02   0.00000E+00   0.00000E+00   0.00000E+00   0.00000E+00     1118.97  0
 1.39811E-02   0.00000E+00   0.00000E+00   0.00000E+00   0.00000E+00     1115.77  0
 1.40011E-02   0.00000E+00   0.00000E+00   0.00000E+00   0.00000E+00     1112.60  0
 1.40211E-02   0.00000E+00   0.00000E+00   0.00000E+00   0.00000E+00     1109.47  0
 1.40411E-02   0.00000E+00   0.00000E+00   0.00000E+00   0.00000E+00     1106.37  0
 1.40611E-02   0.00000E+00   0.00000E+00   0.00000E+00   0.00000E+00     1103.29  0
 1.40811E-02   0.00000E+00   0.00000E+00   0.00000E+00   0.00000E+00     1100.25  0
 1.41011E-02   0.00000E+00   0.00000E+00   0.00000E+00   0.00000E+00     1097.24  0
 1.41211E-02   0.00000E+00   0.00000E+00   0.00000E+00   0.00000E+00     1094.77  0
 1.41411E-02   0.00000E+00   0.00000E+00   0.00000E+00   0.00000E+00     1092.47  0
 1.41611E-02   0.00000E+00   0.00000E+00   0.00000E+00   0.00000E+00     1090.18  0
 1.41811E-02   0.00000E+00   0.00000E+00   0.00000E+00   0.00000E+00     1087.95  0
 1.42011E-02   0.00000E+00   0.00000E+00   0.00000E+00   0.00000E+00     1085.75  0
 1.42211E-02   0.00000E+00   0.00000E+00   0.00000E+00   0.00000E+00     1083.56  0
 1.42411E-02   0.00000E+00   0.00000E+00   0.00000E+00   0.00000E+00     1081.38  0
 1.42611E-02   0.00000E+00   0.00000E+00   0.00000E+00   0.00000E+00     1079.24  0
 1.42811E-02   0.00000E+00   0.00000E+00   0.00000E+00   0.00000E+00     1077.14  0
 1.43011E-02   0.00000E+00   0.00000E+00   0.00000E+00   0.00000E+00     1075.05  0
 1.43211E-02   0.00000E+00   0.00000E+00   0.00000E+00   0.00000E+00     1072.97  0
 1.43411E-02   0.00000E+00   0.00000E+00   0.00000E+00   0.00000E+00     1070.90  0
 1.43611E-02   0.00000E+00   0.00000E+00   0.00000E+00   0.00000E+00     1068.86  0
 1.43811E-02   0.00000E+00   0.00000E+00   0.00000E+00   0.00000E+00     1066.86  0
 1.44011E-02   0.00000E+00   0.00000E+00   0.00000E+00   0.00000E+00     1064.88  0
 1.44211E-02   0.00000E+00   0.00000E+00   0.00000E+00   0.00000E+00     1062.90  0
 1.44411E-02   0.00000E+00   0.00000E+00   0.00000E+00   0.00000E+00     1060.94  0
 1.44611E-02   0.00000E+00   0.00000E+00   0.00000E+00   0.00000E+00     1058.98  0
 1.44811E-02   0.00000E+00   0.00000E+00   0.00000E+00   0.00000E+00     1057.06  0
 1.45011E-02   0.00000E+00   0.00000E+00   0.00000E+00   0.00000E+00     1055.17  0
 1.45211E-02   0.00000E+00   0.00000E+00   0.00000E+00   0.00000E+00     1053.31  0
 1.45411E-02   0.00000E+00   0.00000E+00   0.00000E+00   0.00000E+00     1051.46  0
 1.45611E-02   0.00000E+00   0.00000E+00   0.00000E+00   0.00000E+00     1049.61  0
 1.45811E-02   0.00000E+00   0.00000E+00   0.00000E+00   0.00000E+00     1047.77  0
 1.46011E-02   0.00000E+00   0.00000E+00   0.00000E+00   0.00000E+00     1045.95  0
 1.46211E-02   0.00000E+00   0.00000E+00   0.00000E+00   0.00000E+00     1044.17  0
 1.46411E-02   0.00000E+00   0.00000E+00   0.00000E+00   0.00000E+00     1042.39  0
 1.46611E-02   0.00000E+00   0.00000E+00   0.00000E+00   0.00000E+00     1040.63  0
 1.46811E-02   0.00000E+00   0.00000E+00   0.00000E+00   0.00000E+00     1038.87  0
 1.47011E-02   0.00000E+00   0.00000E+00   0.00000E+00   0.00000E+00     1037.12  0
 1.47211E-02   0.00000E+00   0.00000E+00   0.00000E+00   0.00000E+00     1035.38  0
 1.47411E-02   0.00000E+00   0.00000E+00   0.00000E+00   0.00000E+00     1033.66  0
 1.47611E-02   0.00000E+00   0.00000E+00   0.00000E+00   0.00000E+00     1031.98  0
 1.47811E-02   0.00000E+00   0.00000E+00   0.00000E+00   0.00000E+00     1030.30  0
 1.48011E-02   0.00000E+00   0.00000E+00   0.00000E+00   0.00000E+00     1028.63  0
 1.48211E-02   0.00000E+00   0.00000E+00   0.00000E+00   0.00000E+00     1026.96  0
 1.48411E-02   0.00000E+00   0.00000E+00   0.00000E+00   0.00000E+00     1025.30  0
 1.48611E-02   0.00000E+00   0.00000E+00   0.00000E+00   0.00000E+00     1023.65  0
 1.48811E-02   0.00000E+00   0.00000E+00   0.00000E+00   0.00000E+00     1022.02  0
 1.49011E-02   0.00000E+00   0.00000E+00   0.00000E+00   0.00000E+00     1020.42  0
 1.49211E-02   0.00000E+00   0.00000E+00   0.00000E+00   0.00000E+00     1018.83  0
 1.49411E-02   0.00000E+00   0.00000E+00   0.00000E+00   0.00000E+00     1017.24  0
 1.49611E-02   0.00000E+00   0.00000E+00   0.00000E+00   0.00000E+00     1015.66  0
 1.49811E-02   0.00000E+00   0.00000E+00   0.00000E+00   0.00000E+00     1014.09  0
 1.50011E-02   0.00000E+00   0.00000E+00   0.00000E+00   0.00000E+00     1012.53  0
 1.50211E-02   0.00000E+00   0.00000E+00   0.00000E+00   0.00000E+00     1010.97  0
 1.50411E-02   0.00000E+00   0.00000E+00   0.00000E+00   0.00000E+00     1009.43  0
 1.50611E-02   0.00000E+00   0.00000E+00   0.00000E+00   0.00000E+00     1007.91  0
 1.50811E-02   0.00000E+00   0.00000E+00   0.00000E+00   0.00000E+00     1006.41  0
 1.51011E-02   0.00000E+00   0.00000E+00   0.00000E+00   0.00000E+00     1004.91  0
 1.51211E-02   0.00000E+00   0.00000E+00   0.00000E+00   0.00000E+00     1003.42  0
 1.51411E-02   0.00000E+00   0.00000E+00   0.00000E+00   0.00000E+00     1001.93  0
 1.51611E-02   0.00000E+00   0.00000E+00   0.00000E+00   0.00000E+00     1000.45  0
 1.51811E-02   0.00000E+00   0.00000E+00   0.00000E+00   0.00000E+00      998.99  0
 1.52011E-02   0.00000E+00   0.00000E+00   0.00000E+00   0.00000E+00      997.54  0
 1.52211E-02   0.00000E+00   0.00000E+00   0.00000E+00   0.00000E+00      996.08  0
 1.52411E-02   0.00000E+00   0.00000E+00   0.00000E+00   0.00000E+00      994.67  0
 1.52611E-02   0.00000E+00   0.00000E+00   0.00000E+00   0.00000E+00      993.26  0
 1.52811E-02   0.00000E+00   0.00000E+00   0.00000E+00   0.00000E+00      991.85  0
 1.53011E-02   0.00000E+00   0.00000E+00   0.00000E+00   0.00000E+00      990.45  0
 1.53211E-02   0.00000E+00   0.00000E+00   0.00000E+00   0.00000E+00      989.06  0
 1.53411E-02   0.00000E+00   0.00000E+00   0.00000E+00   0.00000E+00      987.67  0
 1.53611E-02   0.00000E+00   0.00000E+00   0.00000E+00   0.00000E+00      986.29  0
 1.53811E-02   0.00000E+00   0.00000E+00   0.00000E+00   0.00000E+00      984.91  0
 1.54011E-02   0.00000E+00   0.00000E+00   0.00000E+00   0.00000E+00      983.54  0
 1.54211E-02   0.00000E+00   0.00000E+00   0.00000E+00   0.00000E+00      982.17  0
 1.54411E-02   0.00000E+00   0.00000E+00   0.00000E+00   0.00000E+00      980.81  0
 1.54611E-02   0.00000E+00   0.00000E+00   0.00000E+00   0.00000E+00      979.46  0
 1.54811E-02   0.00000E+00   0.00000E+00   0.00000E+00   0.00000E+00      978.12  0
 1.55011E-02   0.00000E+00   0.00000E+00   0.00000E+00   0.00000E+00      976.80  0
 1.55211E-02   0.00000E+00   0.00000E+00   0.00000E+00   0.00000E+00      975.49  0
 1.55411E-02   0.00000E+00   0.00000E+00   0.00000E+00   0.00000E+00      974.18  0
 1.55611E-02   0.00000E+00   0.00000E+00   0.00000E+00   0.00000E+00      972.88  0
 1.55811E-02   0.00000E+00   0.00000E+00   0.00000E+00   0.00000E+00      971.58  0
 1.56011E-02   0.00000E+00   0.00000E+00   0.00000E+00   0.00000E+00      970.29  0
 1.56211E-02   0.00000E+00   0.00000E+00   0.00000E+00   0.00000E+00      969.01  0
 1.56411E-02   0.00000E+00   0.00000E+00   0.00000E+00   0.00000E+00      967.72  0
 1.56611E-02   0.00000E+00   0.00000E+00   0.00000E+00   0.00000E+00      966.45  0
 1.56811E-02   0.00000E+00   0.00000E+00   0.00000E+00   0.00000E+00      965.17  0
 1.57011E-02   0.00000E+00   0.00000E+00   0.00000E+00   0.00000E+00      963.91  0
 1.57211E-02   0.00000E+00   0.00000E+00   0.00000E+00   0.00000E+00      962.64  0
 1.57411E-02   0.00000E+00   0.00000E+00   0.00000E+00   0.00000E+00      961.39  0
 1.57611E-02   0.00000E+00   0.00000E+00   0.00000E+00   0.00000E+00      960.13  0
 1.57811E-02   0.00000E+00   0.00000E+00   0.00000E+00   0.00000E+00      958.88  0
 1.58011E-02   0.00000E+00   0.00000E+00   0.00000E+00   0.00000E+00      957.64  0
 1.58211E-02   0.00000E+00   0.00000E+00   0.00000E+00   0.00000E+00      956.41  0
 1.58411E-02   0.00000E+00   0.00000E+00   0.00000E+00   0.00000E+00      955.20  0
 1.58611E-02   0.00000E+00   0.00000E+00   0.00000E+00   0.00000E+00      954.00  0
 1.58811E-02   0.00000E+00   0.00000E+00   0.00000E+00   0.00000E+00      952.80  0
 1.59011E-02   0.00000E+00   0.00000E+00   0.00000E+00   0.00000E+00      951.60  0
 1.59211E-02   0.00000E+00   0.00000E+00   0.00000E+00   0.00000E+00      950.41  0
 1.59411E-02   0.00000E+00   0.00000E+00   0.00000E+00   0.00000E+00      949.22  0
 1.59611E-02   0.00000E+00   0.00000E+00   0.00000E+00   0.00000E+00      948.04  0
 1.59811E-02   0.00000E+00   0.00000E+00   0.00000E+00   0.00000E+00      946.88  0
 1.60011E-02   0.00000E+00   0.00000E+00   0.00000E+00   0.00000E+00      945.71  0
 1.60211E-02   0.00000E+00   0.00000E+00   0.00000E+00   0.00000E+00      944.55  0
 1.60411E-02   0.00000E+00   0.00000E+00   0.00000E+00   0.00000E+00      943.40  0
 1.60611E-02   0.00000E+00   0.00000E+00   0.00000E+00   0.00000E+00      942.24  0
 1.60811E-02   0.00000E+00   0.00000E+00   0.00000E+00   0.00000E+00      941.10  0
 1.61011E-02   0.00000E+00   0.00000E+00   0.00000E+00   0.00000E+00      939.95  0
 1.61211E-02   0.00000E+00   0.00000E+00   0.00000E+00   0.00000E+00      938.81  0
 1.61411E-02   0.00000E+00   0.00000E+00   0.00000E+00   0.00000E+00      937.68  0
 1.61611E-02   0.00000E+00   0.00000E+00   0.00000E+00   0.00000E+00      936.57  0
 1.61811E-02   0.00000E+00   0.00000E+00   0.00000E+00   0.00000E+00      935.47  0
 1.62011E-02   0.00000E+00   0.00000E+00   0.00000E+00   0.00000E+00      934.36  0
 1.62211E-02   0.00000E+00   0.00000E+00   0.00000E+00   0.00000E+00      933.26  0
 1.62411E-02   0.00000E+00   0.00000E+00   0.00000E+00   0.00000E+00      932.17  0
 1.62611E-02   0.00000E+00   0.00000E+00   0.00000E+00   0.00000E+00      931.08  0
 1.62811E-02   0.00000E+00   0.00000E+00   0.00000E+00   0.00000E+00      929.99  0
 1.63011E-02   0.00000E+00   0.00000E+00   0.00000E+00   0.00000E+00      928.90  0
 1.63211E-02   0.00000E+00   0.00000E+00   0.00000E+00   0.00000E+00      927.82  0
 1.63411E-02   0.00000E+00   0.00000E+00   0.00000E+00   0.00000E+00      926.75  0
 1.63611E-02   0.00000E+00   0.00000E+00   0.00000E+00   0.00000E+00      925.67  0
 1.63811E-02   0.00000E+00   0.00000E+00   0.00000E+00   0.00000E+00      924.60  0
 1.64011E-02   0.00000E+00   0.00000E+00   0.00000E+00   0.00000E+00      923.54  0
 1.64211E-02   0.00000E+00   0.00000E+00   0.00000E+00   0.00000E+00      922.47  0
 1.64411E-02   0.00000E+00   0.00000E+00   0.00000E+00   0.00000E+00      921.42  0
 1.64611E-02   0.00000E+00   0.00000E+00   0.00000E+00   0.00000E+00      920.39  0
 1.64810E-02   0.00000E+00   0.00000E+00   0.00000E+00   0.00000E+00      919.36  0
 1.65010E-02   0.00000E+00   0.00000E+00   0.00000E+00   0.00000E+00      918.33  0
 1.65210E-02   0.00000E+00   0.00000E+00   0.00000E+00   0.00000E+00      917.31  0
 1.65410E-02   0.00000E+00   0.00000E+00   0.00000E+00   0.00000E+00      916.29  0
 1.65610E-02   0.00000E+00   0.00000E+00   0.00000E+00   0.00000E+00      915.27  0
 1.65810E-02   0.00000E+00   0.00000E+00   0.00000E+00   0.00000E+00      914.25  0
 1.66010E-02   0.00000E+00   0.00000E+00   0.00000E+00   0.00000E+00      913.24  0
 1.66210E-02   0.00000E+00   0.00000E+00   0.00000E+00   0.00000E+00      912.23  0
 1.66410E-02   0.00000E+00   0.00000E+00   0.00000E+00   0.00000E+00      911.23  0
 1.66610E-02   0.00000E+00   0.00000E+00   0.00000E+00   0.00000E+00      910.23  0
 1.66810E-02   0.00000E+00   0.00000E+00   0.00000E+00   0.00000E+00      909.23  0
 1.67010E-02   0.00000E+00   0.00000E+00   0.00000E+00   0.00000E+00      908.23  0
 1.67210E-02   0.00000E+00   0.00000E+00   0.00000E+00   0.00000E+00      907.24  0
 1.67410E-02   0.00000E+00   0.00000E+00   0.00000E+00   0.00000E+00      906.25  0
 1.67610E-02   0.00000E+00   0.00000E+00   0.00000E+00   0.00000E+00      905.27  0
 1.67810E-02   0.00000E+00   0.00000E+00   0.00000E+00   0.00000E+00      904.31  0
 1.68010E-02   0.00000E+00   0.00000E+00   0.00000E+00   0.00000E+00      903.35  0
 1.68210E-02   0.00000E+00   0.00000E+00   0.00000E+00   0.00000E+00      902.39  0
 1.68410E-02   0.00000E+00   0.00000E+00   0.00000E+00   0.00000E+00      901.44  0
 1.68610E-02   0.00000E+00   0.00000E+00   0.00000E+00   0.00000E+00      900.49  0
