# Thermal History - 10 Monitoring Points
# Columns: time(s)  T1..T10 (K)
# Point coordinates (nearest cell centres):
#  P 1:  x= 9.950E-04m  y= 4.950E-04m  z= 6.925E-04m   => i= 101  j=  51  k=  50
#  P 2:  x= 1.995E-03m  y= 4.950E-04m  z= 6.925E-04m   => i= 201  j=  51  k=  50
#  P 3:  x= 2.995E-03m  y= 4.950E-04m  z= 6.925E-04m   => i= 301  j=  51  k=  50
#  P 4:  x= 1.995E-03m  y= 4.950E-04m  z= 6.575E-04m   => i= 201  j=  51  k=  43
#  P 5:  x= 1.995E-03m  y= 4.950E-04m  z= 5.975E-04m   => i= 201  j=  51  k=  31
#  P 6:  x= 1.995E-03m  y= 5.950E-04m  z= 6.925E-04m   => i= 201  j=  61  k=  50
#  P 7:  x= 1.995E-03m  y= 6.450E-04m  z= 6.925E-04m   => i= 201  j=  66  k=  50
#  P 8:  x= 1.995E-03m  y= 7.950E-04m  z= 6.925E-04m   => i= 201  j=  81  k=  50
#  P 9:  x= 1.995E-03m  y= 1.495E-03m  z= 6.925E-04m   => i= 201  j= 151  k=  50
#  P10:  x= 1.995E-03m  y= 4.950E-04m  z= 1.747E-04m   => i= 201  j=  51  k=   4
#  time(s)    T 1(K)       T 2(K)       T 3(K)       T 4(K)       T 5(K)       T 6(K)       T 7(K)       T 8(K)       T 9(K)       T10(K)       
 2.10000E-05     293.000     293.000     293.000     293.000     293.000     293.000     293.000     293.000     293.000     293.000
 4.10000E-05     293.000     293.000     293.000     293.000     293.000     293.000     293.000     293.000     293.000     293.000
 6.10000E-05     293.000     293.000     293.000     293.000     293.000     293.000     293.000     293.000     293.000     293.000
 8.10000E-05     293.000     293.000     293.000     293.000     293.000     293.000     293.000     293.000     293.000     293.000
 1.01000E-04     293.000     293.000     293.000     293.000     293.000     293.000     293.000     293.000     293.000     293.000
 1.21000E-04     293.000     293.000     293.000     293.000     293.000     293.000     293.000     293.000     293.000     293.000
 1.41000E-04     293.000     293.000     293.000     293.000     293.000     293.000     293.000     293.000     293.000     293.000
 1.61000E-04     293.000     293.000     293.000     293.000     293.000     293.000     293.000     293.000     293.000     293.000
 1.81000E-04     293.000     293.000     293.000     293.000     293.000     293.000     293.000     293.000     293.000     293.000
 2.01000E-04     293.000     293.000     293.000     293.000     293.000     293.000     293.000     293.000     293.000     293.000
 2.21000E-04     293.000     293.000     293.000     293.000     293.000     293.000     293.000     293.000     293.000     293.000
 2.41000E-04     293.000     293.000     293.000     293.000     293.000     293.000     293.000     293.000     293.000     293.000
 2.61000E-04     293.000     293.000     293.000     293.000     293.000     293.000     293.000     293.000     293.000     293.000
 2.81000E-04     293.000     293.000     293.000     293.000     293.000     293.000     293.000     293.000     293.000     293.000
 3.01000E-04     293.000     293.000     293.000     293.000     293.000     293.000     293.000     293.000     293.000     293.000
 3.21000E-04     293.001     293.000     293.000     293.000     293.000     293.000     293.000     293.000     293.000     293.000
 3.41000E-04     293.239     293.000     293.000     293.000     293.000     293.000     293.000     293.000     293.000     293.000
 3.61000E-04     334.531     293.000     293.000     293.000     293.000     293.000     293.000     293.000     293.000     293.000
 3.81000E-04    1396.464     293.000     293.000     293.000     293.000     293.000     293.000     293.000     293.000     293.000
 4.01000E-04    2383.333     293.000     293.000     293.000     293.000     293.000     293.000     293.000     293.000     293.000
 4.21000E-04    2764.331     293.000     293.000     293.000     293.000     293.000     293.000     293.000     293.000     293.000
 4.41000E-04    2590.344     293.000     293.000     293.000     293.000     293.000     293.000     293.000     293.000     293.000
 4.61000E-04    2471.846     293.000     293.000     293.000     293.000     293.000     293.000     293.000     293.000     293.000
 4.81000E-04    2387.443     293.000     293.000     293.000     293.000     293.000     293.000     293.000     293.000     293.000
 5.01000E-04    2318.146     293.000     293.000     293.000     293.000     293.000     293.000     293.000     293.000     293.000
 5.21000E-04    2245.839     293.000     293.000     293.000     293.000     293.000     293.000     293.000     293.000     293.000
 5.41000E-04    2171.458     293.000     293.000     293.000     293.000     293.000     293.000     293.000     293.000     293.000
 5.61000E-04    2098.009     293.000     293.000     293.000     293.000     293.000     293.000     293.000     293.000     293.000
 5.81000E-04    2035.564     293.000     293.000     293.000     293.000     293.000     293.000     293.000     293.000     293.000
 6.01000E-04    1981.211     293.000     293.000     293.000     293.000     293.000     293.000     293.000     293.000     293.000
 6.21000E-04    1936.644     293.000     293.000     293.000     293.000     293.000     293.000     293.000     293.000     293.000
 6.41000E-04    1898.253     293.000     293.000     293.000     293.000     293.000     293.000     293.000     293.000     293.000
 6.61000E-04    1866.715     293.000     293.000     293.000     293.000     293.000     293.000     293.000     293.000     293.000
 6.81000E-04    1839.670     293.000     293.000     293.000     293.000     293.000     293.000     293.000     293.000     293.000
 7.01000E-04    1815.932     293.000     293.000     293.000     293.000     293.000     293.000     293.000     293.000     293.000
 7.21000E-04    1794.621     293.000     293.000     293.000     293.000     293.000     293.000     293.000     293.000     293.000
 7.41000E-04    1775.199     293.000     293.000     293.000     293.000     293.000     293.000     293.000     293.000     293.000
 7.61000E-04    1757.812     293.000     293.000     293.000     293.000     293.000     293.000     293.000     293.000     293.000
 7.81000E-04    1740.986     293.000     293.000     293.000     293.000     293.000     293.000     293.000     293.000     293.000
 8.01000E-04    1725.199     293.000     293.000     293.000     293.000     293.000     293.000     293.000     293.000     293.000
 8.21000E-04    1710.422     293.000     293.000     293.000     293.000     293.000     293.000     293.000     293.000     293.000
 8.41000E-04    1697.058     293.000     293.000     293.000     293.000     293.000     293.000     293.000     293.000     293.000
 8.61000E-04    1684.257     293.000     293.000     293.000     293.000     293.000     293.000     293.000     293.000     293.000
 8.81000E-04    1672.842     293.000     293.000     293.000     293.000     293.000     293.000     293.000     293.000     293.000
 9.01000E-04    1662.128     293.000     293.000     293.000     293.000     293.000     293.000     293.000     293.000     293.000
 9.21000E-04    1652.794     293.000     293.000     293.000     293.000     293.000     293.000     293.000     293.000     293.000
 9.41000E-04    1644.532     293.000     293.000     293.000     293.000     293.000     293.000     293.000     293.000     293.000
 9.61000E-04    1637.368     293.000     293.000     293.000     293.000     293.000     293.000     293.000     293.000     293.000
 9.81000E-04    1631.390     293.000     293.000     293.000     293.000     293.000     293.000     293.000     293.000     293.000
 1.00100E-03    1626.438     293.000     293.000     293.000     293.000     293.000     293.000     293.000     293.000     293.000
 1.02100E-03    1623.139     293.000     293.000     293.000     293.000     293.000     293.000     293.000     293.000     293.000
 1.04100E-03    1621.576     293.000     293.000     293.000     293.000     293.000     293.000     293.000     293.000     293.000
 1.06100E-03    1619.844     293.000     293.000     293.000     293.000     293.000     293.000     293.000     293.000     293.000
 1.08100E-03    1617.796     293.000     293.000     293.000     293.000     293.000     293.000     293.000     293.000     293.000
 1.10100E-03    1615.443     293.000     293.000     293.000     293.000     293.000     293.000     293.000     293.000     293.000
 1.12100E-03    1612.819     293.000     293.000     293.003     293.002     293.000     293.000     293.000     293.000     293.000
 1.14100E-03    1609.870     293.005     293.000     293.172     293.125     293.000     293.000     293.000     293.000     293.000
 1.16100E-03    1606.560     294.663     293.000     300.059     298.066     293.000     293.000     293.000     293.000     293.000
 1.18100E-03    1602.948     465.558     293.000     478.851     428.751     293.002     293.002     293.002     293.002     293.002
 1.20100E-03    1599.079    1724.091     293.000    1510.366    1242.945     293.010     293.007     293.007     293.007     293.009
 1.22100E-03    1594.619    2693.738     293.000    2432.518    1918.783     293.031     293.019     293.019     293.019     293.020
 1.24100E-03    1589.711    2658.191     293.000    2431.407    1815.704     293.059     293.025     293.025     293.025     293.025
 1.26100E-03    1584.561    2503.051     293.000    2245.835    1657.454     293.102     293.025     293.025     293.025     293.024
 1.28100E-03    1578.377    2404.875     293.000    2119.615    1578.324     293.177     293.024     293.024     293.024     293.023
 1.30100E-03    1571.017    2334.737     293.000    2031.304    1497.788     293.298     293.024     293.024     293.024     293.022
 1.32100E-03    1563.329    2275.000     293.000    1962.407    1428.276     293.483     293.025     293.025     293.025     293.022
 1.34100E-03    1547.174    2216.830     293.000    1907.696    1370.284     293.751     293.026     293.025     293.025     293.021
 1.36100E-03    1526.772    2151.396     293.000    1861.002    1322.171     294.126     293.029     293.026     293.026     293.020
 1.38100E-03    1505.198    2085.104     293.000    1819.259    1281.705     294.633     293.033     293.027     293.027     293.019
 1.40100E-03    1485.605    2025.346     293.000    1781.630    1247.182     295.299     293.040     293.028     293.028     293.019
 1.42100E-03    1467.656    1973.614     293.000    1748.399    1217.314     296.149     293.050     293.030     293.030     293.018
 1.44100E-03    1450.925    1930.000     293.000    1720.252    1191.175     297.209     293.066     293.031     293.031     293.018
 1.46100E-03    1435.126    1893.141     293.000    1697.148    1168.082     298.500     293.088     293.033     293.033     293.018
 1.48100E-03    1420.071    1861.824     293.000    1678.528    1147.517     300.041     293.120     293.035     293.035     293.017
 1.50100E-03    1405.234    1834.163     293.000    1663.356    1128.761     301.846     293.163     293.038     293.038     293.017
 1.52100E-03    1391.352    1810.789     293.000    1650.024    1112.080     303.926     293.220     293.040     293.040     293.017
 1.54100E-03    1377.939    1790.018     293.000    1638.907    1096.891     306.285     293.295     293.042     293.042     293.016
 1.56100E-03    1364.939    1771.216     293.000    1627.893    1082.984     308.927     293.390     293.045     293.045     293.016
 1.58100E-03    1352.314    1753.939     293.000    1618.791    1070.191     311.849     293.510     293.047     293.047     293.016
 1.60100E-03    1340.035    1737.833     293.000    1609.758    1058.376     315.046     293.659     293.049     293.049     293.016
 1.62100E-03    1328.079    1722.763     293.000    1599.144    1047.424     318.509     293.839     293.052     293.052     293.016
 1.64100E-03    1316.424    1708.671     293.000    1585.480    1037.241     322.227     294.054     293.054     293.054     293.016
 1.66100E-03    1302.152    1691.510     293.000    1571.373    1026.765     326.190     294.309     293.057     293.057     293.016
 1.68100E-03    1291.246    1679.772     293.000    1553.980    1017.936     330.378     294.606     293.059     293.059     293.015
 1.70100E-03    1280.624    1668.918     293.000    1533.089    1009.658     334.779     294.948     293.061     293.061     293.015
 1.72100E-03    1269.913    1658.687     293.000    1518.578    1001.747     339.376     295.339     293.064     293.064     293.015
 1.74100E-03    1259.699    1649.642     293.000    1503.411     994.410     344.151     295.780     293.066     293.066     293.015
 1.76100E-03    1247.193    1639.111     293.000    1487.560     986.750     349.091     296.276     293.068     293.068     293.015
 1.78100E-03    1237.536    1631.897     293.000    1475.244     980.207     354.173     296.826     293.071     293.071     293.015
 1.80100E-03    1228.096    1626.170     293.000    1462.951     974.000     359.384     297.432     293.073     293.073     293.015
 1.82100E-03    1218.805    1622.638     293.000    1450.610     968.097     364.706     298.097     293.075     293.075     293.015
 1.84100E-03    1209.665    1621.078     293.000    1439.864     962.475     370.125     298.820     293.078     293.077     293.015
 1.86100E-03    1200.682    1619.237     293.000    1429.834     957.111     375.626     299.602     293.080     293.079     293.015
 1.88100E-03    1191.857    1617.123     293.000    1419.532     951.986     381.195     300.444     293.082     293.082     293.015
 1.90100E-03    1183.189    1614.754     293.000    1409.857     947.082     386.818     301.345     293.085     293.084     293.015
 1.92100E-03    1172.600    1612.151     293.000    1400.062     941.889     392.485     302.305     293.087     293.086     293.015
 1.94100E-03    1164.373    1609.240     293.000    1391.504     937.391     398.180     303.323     293.090     293.088     293.015
 1.96100E-03    1156.100    1605.961     293.041    1382.790     933.001     403.894     304.399     293.092     293.090     293.015
 1.98100E-03    1148.168    1602.364     303.141    1374.563     928.847     409.617     305.530     293.095     293.092     293.015
 2.00100E-03    1138.532    1598.477     839.020    1365.821     924.428     415.342     306.717     293.097     293.094     293.015
 2.02100E-03    1130.751    1593.920    2036.401    1358.022     920.513     421.056     307.957     293.100     293.096     293.015
 2.04100E-03    1123.321    1588.938    2756.319    1350.435     916.793     426.753     309.248     293.103     293.098     293.015
 2.06100E-03    1114.284    1583.683    2624.459    1342.118     912.818     432.428     310.591     293.106     293.099     293.016
 2.08100E-03    1107.152    1577.005    2500.205    1334.900     909.338     438.070     311.980     293.109     293.101     293.016
 2.10100E-03    1100.143    1569.527    2415.802    1327.665     905.962     443.675     313.417     293.112     293.103     293.016
 2.12100E-03    1091.599    1559.971    2324.708    1319.395     902.336     449.242     314.898     293.116     293.105     293.016
 2.14100E-03    1084.854    1543.113    2257.917    1312.033     899.146     454.759     316.421     293.120     293.106     293.016
 2.16100E-03    1078.044    1519.694    2184.995    1304.128     895.984     460.225     317.985     293.124     293.108     293.016
 2.18100E-03    1069.973    1493.291    2096.263    1294.446     892.620     465.639     319.588     293.128     293.109     293.016
 2.20100E-03    1062.211    1470.150    2019.438    1284.182     889.325     470.993     321.227     293.133     293.111     293.016
 2.22100E-03    1055.846    1452.730    1966.326    1274.643     886.337     476.284     322.901     293.139     293.113     293.016
 2.24100E-03    1048.325    1432.806    1911.313    1263.680     883.115     481.511     324.607     293.145     293.114     293.016
 2.26100E-03    1042.188    1417.547    1875.720    1253.795     880.179     486.669     326.342     293.151     293.115     293.016
 2.28100E-03    1034.969    1399.768    1837.026    1242.761     876.988     491.758     328.107     293.158     293.117     293.017
 2.30100E-03    1029.195    1386.258    1811.685    1233.106     874.111     496.772     329.896     293.166     293.118     293.017
 2.32100E-03    1022.210    1369.839    1783.183    1222.257     870.916     501.713     331.712     293.174     293.120     293.017
 2.34100E-03    1016.626    1357.295    1764.326    1212.818     868.026     506.576     333.548     293.184     293.121     293.018
 2.36100E-03    1009.907    1342.067    1742.045    1202.305     864.817     511.363     335.407     293.194     293.122     293.018
 2.38100E-03    1003.325    1327.388    1721.945    1191.953     861.594     516.070     337.284     293.205     293.124     293.019
 2.40100E-03     997.915    1315.760    1707.533    1182.782     858.624     520.695     339.178     293.217     293.125     293.019
 2.42100E-03     991.563    1301.944    1690.637    1172.801     855.381     525.239     341.087     293.230     293.126     293.020
 2.44100E-03     985.534    1289.082    1676.104    1163.150     852.164     529.699     343.011     293.244     293.127     293.021
 2.46100E-03     979.625    1276.613    1663.138    1153.686     848.940     534.076     344.947     293.260     293.128     293.021
 2.48100E-03     973.854    1264.568    1651.947    1144.434     845.720     538.367     346.893     293.276     293.129     293.022
 2.50100E-03     968.184    1252.843    1642.329    1135.367     842.499     542.572     348.849     293.294     293.131     293.023
 2.52100E-03     962.642    1241.496    1634.231    1126.509     839.288     546.690     350.812     293.313     293.132     293.024
 2.54100E-03     957.191    1230.427    1627.646    1117.831     836.081     550.721     352.782     293.334     293.133     293.025
 2.56100E-03     951.827    1219.625    1623.206    1109.327     832.881     554.665     354.757     293.357     293.134     293.026
 2.58100E-03     946.583    1209.155    1621.889    1101.022     829.698     558.522     356.735     293.381     293.135     293.027
 2.60100E-03     941.420    1198.922    1620.483    1092.883     826.526     562.290     358.716     293.406     293.136     293.029
 2.62100E-03     936.335    1188.917    1618.786    1084.904     823.366     565.970     360.698     293.434     293.137     293.030
 2.64100E-03     931.364    1179.213    1616.784    1077.114     820.231     569.562     362.680     293.463     293.137     293.032
 2.66100E-03     926.466    1169.714    1614.451    1069.475     817.111     573.067     364.661     293.495     293.138     293.033
 2.68100E-03     921.639    1160.412    1611.803    1061.982     814.008     576.484     366.640     293.528     293.139     293.035
 2.70100E-03     916.882    1151.303    1608.852    1054.632     810.923     579.813     368.616     293.563     293.140     293.037
 2.72100E-03     912.195    1142.382    1605.484    1047.420     807.857     583.055     370.587     293.601     293.141     293.039
 2.74100E-03     907.575    1133.643    1601.747    1040.342     804.812     586.210     372.554     293.640     293.142     293.041
 2.76100E-03     903.060    1125.159    1597.720    1033.425     801.798     589.280     374.514     293.682     293.142     293.043
 2.78100E-03     898.608    1116.838    1593.097    1026.635     798.807     592.263     376.468     293.727     293.143     293.046
 2.80100E-03     894.216    1108.676    1587.963    1019.968     795.837     595.162     378.414     293.773     293.144     293.048
 2.82100E-03     889.884    1100.668    1582.575    1013.420     792.891     597.977     380.351     293.822     293.144     293.051
 2.84100E-03     885.612    1092.811    1575.936    1006.987     789.967     600.708     382.279     293.874     293.145     293.053
 2.86100E-03     881.399    1085.103    1568.578    1000.668     787.067     603.356     384.197     293.928     293.146     293.057
 2.88100E-03     877.243    1077.539    1559.375     994.458     784.191     605.923     386.104     293.985     293.146     293.060
 2.90100E-03     873.145    1070.114    1543.299     988.354     781.338     608.409     387.999     294.045     293.147     293.063
 2.92100E-03     869.102    1062.826    1519.637     982.354     778.511     610.815     389.883     294.107     293.147     293.066
 2.94100E-03     865.582    1056.572    1500.177     976.915     775.900     613.141     391.752     294.172     293.148     293.070
 2.96100E-03     861.924    1050.077    1481.009     971.394     773.237     615.390     393.609     294.239     293.148     293.074
 2.98100E-03     858.114    1043.311    1462.018     965.798     770.525     617.562     395.453     294.310     293.149     293.078
 3.00100E-03     854.398    1036.751    1444.442     960.342     767.855     619.660     397.282     294.384     293.149     293.082
 3.02100E-03     850.851    1030.530    1428.410     955.091     765.261     621.682     399.096     294.460     293.150     293.086
 3.04100E-03     847.495    1024.684    1413.821     950.082     762.761     623.631     400.894     294.539     293.150     293.091
 3.06100E-03     844.084    1018.753    1399.336     945.065     760.244     625.508     402.677     294.621     293.150     293.095
 3.08100E-03     840.781    1013.041    1385.694     940.209     757.788     627.313     404.443     294.707     293.151     293.100
 3.10100E-03     837.507    1007.399    1372.453     935.426     755.353     629.050     406.193     294.795     293.151     293.105
 3.12100E-03     834.262    1001.824    1359.577     930.714     752.939     630.717     407.926     294.886     293.151     293.111
 3.14100E-03     831.045     996.319    1347.042     926.070     750.547     632.318     409.642     294.981     293.151     293.116
 3.16100E-03     827.860     990.885    1334.830     921.492     748.176     633.853     411.340     295.078     293.152     293.122
 3.18100E-03     824.705     985.522    1322.922     916.979     745.827     635.324     413.020     295.178     293.152     293.128
 3.20100E-03     821.581     980.231    1311.305     912.528     743.498     636.732     414.683     295.282     293.152     293.135
 3.22100E-03     817.927     973.974    1297.416     907.669     740.979     638.078     416.328     295.389     293.152     293.141
 3.24100E-03     814.979     969.028    1286.831     903.418     738.735     639.362     417.953     295.498     293.153     293.148
 3.26100E-03     811.987     964.017    1276.184     899.136     736.470     640.588     419.560     295.611     293.153     293.155
 3.28100E-03     809.017     959.056    1265.780     894.913     734.225     641.756     421.148     295.727     293.153     293.162
 3.30100E-03     806.073     954.153    1255.677     890.748     732.000     642.867     422.717     295.846     293.153     293.170
 3.32100E-03     803.154     949.309    1245.857     886.640     729.796     643.922     424.267     295.968     293.153     293.178
 3.34100E-03     800.264     944.525    1236.175     882.589     727.611     644.923     425.797     296.093     293.153     293.186
 3.36100E-03     797.402     939.802    1226.781     878.591     725.446     645.871     427.309     296.221     293.153     293.195
 3.38100E-03     794.568     935.139    1217.792     874.646     723.299     646.766     428.800     296.352     293.153     293.203
 3.40100E-03     791.762     930.536    1209.273     870.752     721.173     647.612     430.273     296.486     293.153     293.212
 3.42100E-03     788.984     925.994    1201.291     866.908     719.065     648.408     431.725     296.623     293.153     293.221
 3.44100E-03     786.234     921.510    1193.904     863.113     716.976     649.155     433.158     296.763     293.153     293.231
 3.46100E-03     783.512     917.084    1187.143     859.367     714.906     649.855     434.571     296.907     293.153     293.241
 3.48100E-03     780.818     912.716    1181.023     855.667     712.853     650.509     435.965     297.053     293.153     293.251
 3.50099E-03     778.151     908.404    1175.541     852.013     710.820     651.119     437.339     297.202     293.153     293.262
 3.52099E-03     775.511     904.148    1170.686     848.405     708.804     651.684     438.693     297.354     293.153     293.272
 3.54099E-03     772.897     899.946    1166.451     844.841     706.807     652.207     440.027     297.509     293.153     293.284
 3.56099E-03     770.310     895.798    1162.840     841.322     704.827     652.688     441.342     297.667     293.153     293.295
 3.58099E-03     767.749     891.703    1159.854     837.844     702.864     653.129     442.637     297.828     293.153     293.307
 3.60099E-03     765.213     887.660    1157.487     834.409     700.919     653.530     443.912     297.991     293.153     293.319
 3.62099E-03     762.703     883.668    1155.692     831.016     698.991     653.892     445.168     298.157     293.153     293.331
 3.64099E-03     760.218     879.726    1154.387     827.663     697.080     654.217     446.404     298.327     293.152     293.344
 3.66099E-03     757.758     875.834    1153.482     824.351     695.185     654.505     447.621     298.499     293.152     293.357
 3.68099E-03     755.322     871.990    1152.889     821.077     693.307     654.758     448.819     298.673     293.152     293.371
 3.70099E-03     752.910     868.194    1152.529     817.842     691.446     654.975     449.997     298.850     293.152     293.385
 3.72099E-03     750.522     864.444    1152.339     814.645     689.600     655.159     451.156     299.030     293.152     293.399
 3.74099E-03     748.157     860.741    1152.263     811.486     687.771     655.310     452.296     299.213     293.152     293.413
 3.76099E-03     745.816     857.083    1152.257     808.364     685.957     655.429     453.416     299.398     293.151     293.428
 3.78099E-03     743.497     853.470    1152.285     805.277     684.159     655.517     454.518     299.586     293.151     293.443
 3.80099E-03     741.200     849.900    1152.315     802.226     682.377     655.574     455.601     299.776     293.151     293.459
 3.82099E-03     738.927     846.374    1152.322     799.211     680.609     655.602     456.666     299.969     293.151     293.475
 3.84099E-03     736.674     842.889    1152.288     796.229     678.857     655.600     457.711     300.164     293.150     293.491
 3.86099E-03     734.444     839.447    1152.202     793.281     677.120     655.571     458.738     300.361     293.150     293.508
 3.88099E-03     732.234     836.045    1152.057     790.367     675.397     655.515     459.747     300.561     293.150     293.525
 3.90099E-03     730.046     832.683    1151.852     787.486     673.689     655.433     460.738     300.763     293.149     293.542
 3.92099E-03     727.878     829.361    1151.586     784.636     671.995     655.324     461.710     300.967     293.149     293.560
 3.94099E-03     725.731     826.078    1151.259     781.819     670.316     655.190     462.665     301.174     293.149     293.578
 3.96099E-03     723.604     822.833    1150.870     779.033     668.651     655.032     463.602     301.383     293.149     293.597
 3.98099E-03     721.498     819.625    1150.421     776.277     667.000     654.851     464.521     301.594     293.148     293.616
 4.00099E-03     719.410     816.455    1149.912     773.552     665.362     654.646     465.422     301.807     293.148     293.635
 4.02099E-03     717.342     813.321    1149.346     770.856     663.739     654.419     466.306     302.022     293.148     293.655
 4.04099E-03     714.915     809.606    1148.532     767.922     661.987     654.171     467.174     302.240     293.147     293.675
 4.06099E-03     712.906     806.580    1147.851     765.282     660.394     653.984     468.027     302.459     293.147     293.695
 4.08099E-03     710.922     803.612    1147.118     762.691     658.835     673.782     469.512     302.681     293.147     293.717
 4.10099E-03     708.951     800.741    1146.329     760.223     657.387    1413.915     495.875     302.908     293.151     293.744
 4.12099E-03     706.994     798.007    1145.484     757.997     656.174    2363.851     624.434     303.143     293.160     293.775
 4.14099E-03     705.051     795.329    1144.583     756.098     655.302    2834.617     711.908     303.380     293.170     293.806
 4.16100E-03     703.124     792.643    1143.627     754.653     654.913    2644.896     753.586     303.609     293.171     293.829
 4.18100E-03     701.212     790.149    1142.616     753.985     655.345    2498.629     802.731     303.839     293.170     293.851
 4.20100E-03     699.316     787.947    1141.552     754.241     656.753    2391.296     941.707     304.070     293.169     293.873
 4.22100E-03     697.436     786.117    1140.436     755.456     659.173    2306.037    1064.214     304.304     293.169     293.896
 4.24100E-03     695.572     784.729    1139.270     757.588     662.555    2234.563    1161.433     304.540     293.169     293.919
 4.26100E-03     693.389     783.883    1137.718     761.106     667.389    2156.478    1235.706     304.778     293.170     293.943
 4.28100E-03     691.575     783.577    1136.459     764.761     672.355    2104.489    1293.567     305.018     293.171     293.968
 4.30100E-03     689.782     783.796    1135.156     768.944     677.846    2057.878    1338.675     305.259     293.172     293.992
 4.32100E-03     688.001     784.543    1133.801     773.523     683.703    2015.824    1374.029     305.502     293.173     294.018
 4.34100E-03     686.231     785.813    1132.396     778.376     689.784    1978.441    1401.918     305.747     293.175     294.043
 4.36100E-03     684.473     787.586    1130.942     783.402     695.963    1944.790    1423.975     305.994     293.177     294.069
 4.38100E-03     682.729     789.830    1129.441     788.519     702.135    1914.511    1441.349     306.242     293.179     294.096
 4.40100E-03     680.997     792.506    1127.894     793.662     708.217    1887.190    1454.879     306.492     293.181     294.123
 4.42100E-03     679.280     795.565    1126.300     798.779     714.144    1862.400    1465.212     306.744     293.183     294.150
 4.44100E-03     677.271     799.774    1124.228     804.388     720.391    1832.584    1472.104     306.997     293.185     294.178
 4.46100E-03     675.596     803.427    1122.556     809.336     725.853    1812.487    1476.977     307.253     293.187     294.206
 4.48100E-03     673.904     807.383    1120.797     814.247     731.132    1793.001    1480.024     307.510     293.189     294.234
 4.50100E-03     672.260     811.412    1119.038     818.941     736.058    1774.888    1481.568     307.771     293.191     294.263
 4.52100E-03     670.336     816.471    1116.759     823.961     741.115    1751.654    1481.161     308.034     293.194     294.293
 4.54100E-03     668.728     820.673    1114.919     828.340     745.465    1735.778    1479.906     308.300     293.196     294.322
 4.56100E-03     667.137     824.902    1113.042     832.558     749.545    1721.160    1477.992     308.570     293.198     294.353
 4.58100E-03     665.554     829.152    1111.115     836.609     753.365    1707.898    1475.603     308.844     293.200     294.383
 4.60100E-03     663.979     833.392    1109.140     840.490     756.935    1695.928    1472.912     309.122     293.202     294.414
 4.62100E-03     662.413     837.595    1107.121     844.202     760.266    1684.978    1470.047     309.406     293.205     294.445
 4.64100E-03     660.583     842.588    1104.530     848.096     763.635    1671.240    1466.718     309.696     293.207     294.477
 4.66100E-03     659.019     846.700    1102.390     851.519     766.544    1661.439    1463.444     309.993     293.209     294.509
 4.68100E-03     657.243     851.387    1099.749     855.037     769.432    1650.914    1460.126     310.297     293.211     294.542
 4.70100E-03     655.718     855.242    1097.555     858.125     771.922    1643.966    1457.154     310.609     293.213     294.575
 4.72100E-03     654.240     858.892    1095.388     861.011     774.198    1638.302    1454.639     310.929     293.215     294.608
 4.74100E-03     652.511     863.156    1092.620     864.007     776.484    1632.049    1452.660     311.260     293.217     294.641
 4.76100E-03     651.058     866.554    1090.393     866.590     778.422    1627.971    1451.119     311.601     293.219     294.675
 4.78100E-03     649.371     870.473    1087.587     869.264     780.365    1624.286    1449.893     311.954     293.221     294.710
 4.80100E-03     647.948     873.601    1085.314     871.569     782.011    1622.634    1448.883     312.318     293.223     294.745
 4.82100E-03     646.293     877.204    1082.451     873.949     783.656    1621.779    1448.017     312.695     293.225     294.780
 4.84100E-03     644.866     880.139    1080.074     876.029     785.068    1620.683    1447.238     313.086     293.227     294.815
 4.86100E-03     643.243     883.429    1077.165     878.137     786.454    1619.376    1446.492     313.492     293.229     294.851
 4.88100E-03     641.878     886.038    1074.815     879.952     787.625    1617.846    1445.733     313.912     293.231     294.887
 4.90100E-03     640.296     889.028    1071.871     881.813     788.788    1616.092    1444.925     314.348     293.233     294.924
 4.92100E-03     639.035     891.454    1069.425     883.436     789.782    1614.102    1444.044     314.800     293.234     294.961
 4.94100E-03     637.945     893.718    1067.025     884.937     790.681    1611.862    1443.055     315.269     293.236     294.998
 4.96100E-03     636.589     896.315    1064.006     886.467     791.568    1609.369    1441.909     315.756     293.238     295.036
 4.98100E-03     635.561     898.360    1061.575     887.778     792.313    1606.625    1440.602     316.259     293.239     295.074
 5.00100E-03     634.772     900.682    1058.548     889.107     793.043    1603.539    1439.125     316.782     293.241     295.112
