# Thermal History - 10 Monitoring Points
# Columns: time(s)  T1..T10 (K)
# Point coordinates (nearest cell centres):
#  P 1:  x= 9.950E-04m  y= 4.950E-04m  z= 6.925E-04m   => i= 101  j=  51  k=  50
#  P 2:  x= 1.995E-03m  y= 4.950E-04m  z= 6.925E-04m   => i= 201  j=  51  k=  50
#  P 3:  x= 2.995E-03m  y= 4.950E-04m  z= 6.925E-04m   => i= 301  j=  51  k=  50
#  P 4:  x= 1.995E-03m  y= 4.950E-04m  z= 6.575E-04m   => i= 201  j=  51  k=  43
#  P 5:  x= 1.995E-03m  y= 4.950E-04m  z= 5.975E-04m   => i= 201  j=  51  k=  31
#  P 6:  x= 1.995E-03m  y= 5.950E-04m  z= 6.925E-04m   => i= 201  j=  61  k=  50
#  P 7:  x= 1.995E-03m  y= 6.450E-04m  z= 6.925E-04m   => i= 201  j=  66  k=  50
#  P 8:  x= 1.995E-03m  y= 7.950E-04m  z= 6.925E-04m   => i= 201  j=  81  k=  50
#  P 9:  x= 1.995E-03m  y= 1.495E-03m  z= 6.925E-04m   => i= 201  j= 151  k=  50
#  P10:  x= 1.995E-03m  y= 4.950E-04m  z= 1.747E-04m   => i= 201  j=  51  k=   4
#  time(s)    T 1(K)       T 2(K)       T 3(K)       T 4(K)       T 5(K)       T 6(K)       T 7(K)       T 8(K)       T 9(K)       T10(K)       
 2.10000E-05     293.000     293.000     293.000     293.000     293.000     293.000     293.000     293.000     293.000     293.000
 4.10000E-05     293.000     293.000     293.000     293.000     293.000     293.000     293.000     293.000     293.000     293.000
 6.10000E-05     293.000     293.000     293.000     293.000     293.000     293.000     293.000     293.000     293.000     293.000
 8.10000E-05     293.000     293.000     293.000     293.000     293.000     293.000     293.000     293.000     293.000     293.000
 1.01000E-04     293.000     293.000     293.000     293.000     293.000     293.000     293.000     293.000     293.000     293.000
 1.21000E-04     293.000     293.000     293.000     293.000     293.000     293.000     293.000     293.000     293.000     293.000
 1.41000E-04     293.000     293.000     293.000     293.000     293.000     293.000     293.000     293.000     293.000     293.000
 1.61000E-04     293.000     293.000     293.000     293.000     293.000     293.000     293.000     293.000     293.000     293.000
 1.81000E-04     293.000     293.000     293.000     293.000     293.000     293.000     293.000     293.000     293.000     293.000
 2.01000E-04     293.000     293.000     293.000     293.000     293.000     293.000     293.000     293.000     293.000     293.000
 2.21000E-04     293.000     293.000     293.000     293.000     293.000     293.000     293.000     293.000     293.000     293.000
 2.41000E-04     293.000     293.000     293.000     293.000     293.000     293.000     293.000     293.000     293.000     293.000
 2.61000E-04     293.000     293.000     293.000     293.000     293.000     293.000     293.000     293.000     293.000     293.000
 2.81000E-04     293.000     293.000     293.000     293.000     293.000     293.000     293.000     293.000     293.000     293.000
 3.01000E-04     293.000     293.000     293.000     293.000     293.000     293.000     293.000     293.000     293.000     293.000
 3.21000E-04     293.001     293.000     293.000     293.000     293.000     293.000     293.000     293.000     293.000     293.000
 3.41000E-04     293.239     293.000     293.000     293.000     293.000     293.000     293.000     293.000     293.000     293.000
 3.61000E-04     334.532     293.000     293.000     293.000     293.000     293.000     293.000     293.000     293.000     293.000
 3.81000E-04    1401.214     293.000     293.000     293.000     293.000     293.000     293.000     293.000     293.000     293.000
 4.01000E-04    2432.649     293.000     293.000     293.000     293.000     293.000     293.000     293.000     293.000     293.000
 4.21000E-04    2854.436     293.000     293.000     293.000     293.000     293.000     293.000     293.000     293.000     293.000
 4.41000E-04    2670.703     293.000     293.000     293.000     293.000     293.000     293.000     293.000     293.000     293.000
 4.61000E-04    2523.468     293.000     293.000     293.000     293.000     293.000     293.000     293.000     293.000     293.000
 4.81000E-04    2436.200     293.000     293.000     293.000     293.000     293.000     293.000     293.000     293.000     293.000
 5.01000E-04    2328.672     293.000     293.000     293.000     293.000     293.000     293.000     293.000     293.000     293.000
 5.21000E-04    2219.653     293.000     293.000     293.000     293.000     293.000     293.000     293.000     293.000     293.000
 5.41000E-04    2123.219     293.000     293.000     293.000     293.000     293.000     293.000     293.000     293.000     293.000
 5.61000E-04    2043.600     293.000     293.000     293.000     293.000     293.000     293.000     293.000     293.000     293.000
 5.81000E-04    1978.732     293.000     293.000     293.000     293.000     293.000     293.000     293.000     293.000     293.000
 6.01000E-04    1935.487     293.000     293.000     293.000     293.000     293.000     293.000     293.000     293.000     293.000
 6.21000E-04    1889.961     293.000     293.000     293.000     293.000     293.000     293.000     293.000     293.000     293.000
 6.41000E-04    1852.248     293.000     293.000     293.000     293.000     293.000     293.000     293.000     293.000     293.000
 6.61000E-04    1820.278     293.000     293.000     293.000     293.000     293.000     293.000     293.000     293.000     293.000
 6.81000E-04    1792.500     293.000     293.000     293.000     293.000     293.000     293.000     293.000     293.000     293.000
 7.01000E-04    1767.937     293.000     293.000     293.000     293.000     293.000     293.000     293.000     293.000     293.000
 7.21000E-04    1750.727     293.000     293.000     293.000     293.000     293.000     293.000     293.000     293.000     293.000
 7.41000E-04    1729.988     293.000     293.000     293.000     293.000     293.000     293.000     293.000     293.000     293.000
 7.61000E-04    1711.264     293.000     293.000     293.000     293.000     293.000     293.000     293.000     293.000     293.000
 7.81000E-04    1694.201     293.000     293.000     293.000     293.000     293.000     293.000     293.000     293.000     293.000
 8.01000E-04    1678.645     293.000     293.000     293.000     293.000     293.000     293.000     293.000     293.000     293.000
 8.21000E-04    1664.926     293.000     293.000     293.000     293.000     293.000     293.000     293.000     293.000     293.000
 8.41000E-04    1654.838     293.000     293.000     293.000     293.000     293.000     293.000     293.000     293.000     293.000
 8.61000E-04    1643.961     293.000     293.000     293.000     293.000     293.000     293.000     293.000     293.000     293.000
 8.81000E-04    1635.398     293.000     293.000     293.000     293.000     293.000     293.000     293.000     293.000     293.000
 9.01000E-04    1629.071     293.000     293.000     293.000     293.000     293.000     293.000     293.000     293.000     293.000
 9.21000E-04    1624.905     293.000     293.000     293.000     293.000     293.000     293.000     293.000     293.000     293.000
 9.41000E-04    1622.815     293.000     293.000     293.000     293.000     293.000     293.000     293.000     293.000     293.000
 9.61000E-04    1621.886     293.000     293.000     293.000     293.000     293.000     293.000     293.000     293.000     293.000
 9.81000E-04    1620.694     293.000     293.000     293.000     293.000     293.000     293.000     293.000     293.000     293.000
 1.00100E-03    1619.217     293.000     293.000     293.000     293.000     293.000     293.000     293.000     293.000     293.000
 1.02100E-03    1617.449     293.000     293.000     293.000     293.000     293.000     293.000     293.000     293.000     293.000
 1.04100E-03    1615.370     293.000     293.000     293.000     293.000     293.000     293.000     293.000     293.000     293.000
 1.06100E-03    1612.993     293.000     293.000     293.000     293.000     293.000     293.000     293.000     293.000     293.000
 1.08100E-03    1610.331     293.000     293.000     293.000     293.000     293.000     293.000     293.000     293.000     293.000
 1.10100E-03    1607.278     293.000     293.000     293.000     293.000     293.000     293.000     293.000     293.000     293.000
 1.12100E-03    1603.851     293.000     293.000     293.016     293.012     293.000     293.000     293.000     293.000     293.000
 1.14100E-03    1600.125     293.005     293.000     293.389     293.295     293.000     293.000     293.000     293.000     293.000
 1.16100E-03    1595.928     294.671     293.000     303.193     300.441     293.000     293.000     293.000     293.000     293.000
 1.18100E-03    1591.102     465.944     293.000     503.364     446.598     292.999     292.999     293.000     293.000     293.000
 1.20100E-03    1585.933    1791.267     293.000    1545.782    1281.852     292.999     292.996     292.991     292.991     292.994
 1.22100E-03    1580.030    2809.382     293.000    2528.751    1983.359     293.009     292.995     292.991     292.991     292.994
 1.24100E-03    1572.417    2801.644     293.000    2541.269    1877.838     293.032     292.994     292.991     292.991     292.994
 1.26100E-03    1564.479    2618.358     293.000    2336.798    1700.553     293.078     292.992     292.991     292.991     292.994
 1.28100E-03    1548.637    2487.406     293.000    2188.951    1601.062     293.159     292.991     292.991     292.991     292.994
 1.30100E-03    1533.654    2388.768     293.000    2081.323    1544.446     293.289     292.985     292.991     292.991     292.994
 1.32100E-03    1502.733    2281.467     293.000    1992.748    1468.198     293.496     292.985     292.995     292.995     292.996
 1.34100E-03    1502.733    2181.738     293.000    1919.219    1409.151     293.798     292.983     292.995     292.995     292.996
 1.36100E-03    1502.733    2095.832     293.000    1857.022    1359.735     294.226     292.983     292.995     292.995     292.996
 1.38100E-03    1502.733    2022.335     293.000    1804.142    1317.289     294.808     292.987     292.995     292.995     292.996
 1.40100E-03    1502.733    1961.732     293.000    1760.874    1280.753     295.575     292.994     292.995     292.995     292.996
 1.42100E-03    1502.733    1911.518     293.000    1727.097    1248.912     296.554     293.007     292.995     292.995     292.996
 1.44100E-03    1413.417    1869.981     293.000    1701.377    1220.958     297.772     293.026     292.998     292.999     292.998
 1.46100E-03    1413.417    1835.351     293.000    1681.560    1196.139     299.250     293.055     292.998     292.999     292.998
 1.48100E-03    1413.417    1805.881     293.000    1665.401    1173.896     301.006     293.095     292.998     292.999     292.998
 1.50100E-03    1413.417    1780.218     293.000    1651.964    1153.817     303.052     293.151     292.998     292.999     292.998
 1.52100E-03    1413.417    1757.345     293.000    1639.866    1135.579     305.396     293.225     292.998     292.999     292.998
 1.54100E-03    1413.417    1736.638     293.000    1630.226    1118.918     308.040     293.322     292.998     292.999     292.998
 1.56100E-03    1341.948    1717.662     293.000    1620.935    1103.624     310.984     293.446     293.001     293.002     292.999
 1.58100E-03    1341.948    1700.572     293.000    1614.064    1089.538     314.221     293.599     293.001     293.002     292.999
 1.60100E-03    1341.948    1684.966     293.000    1604.652    1076.498     317.742     293.788     293.001     293.002     292.999
 1.62100E-03    1341.948    1671.004     293.000    1594.008    1064.391     321.535     294.015     293.001     293.002     292.999
 1.64100E-03    1341.948    1658.446     293.000    1579.110    1053.084     325.586     294.285     293.001     293.002     292.999
 1.66100E-03    1341.948    1647.968     293.000    1564.560    1042.534     329.878     294.602     293.001     293.002     292.999
 1.68100E-03    1280.238    1639.025     293.000    1540.109    1032.622     334.395     294.968     293.005     293.005     293.001
 1.70100E-03    1280.238    1631.961     293.000    1522.452    1023.305     339.119     295.387     293.005     293.005     293.001
 1.72100E-03    1280.238    1626.863     293.000    1505.812    1014.528     344.029     295.863     293.005     293.005     293.001
 1.74100E-03    1280.238    1623.685     293.000    1489.158    1006.243     349.109     296.396     293.005     293.005     293.001
 1.76100E-03    1280.238    1622.377     293.000    1475.322     998.409     354.339     296.989     293.005     293.005     293.001
 1.78100E-03    1280.238    1621.353     293.000    1461.432     990.991     359.702     297.645     293.005     293.005     293.001
 1.80100E-03    1225.565    1620.032     293.000    1448.733     983.952     365.179     298.362     293.010     293.009     293.003
 1.82100E-03    1225.565    1618.415     293.000    1437.458     977.275     370.755     299.144     293.010     293.009     293.003
 1.84100E-03    1225.565    1616.490     293.000    1426.259     970.918     376.413     299.989     293.010     293.009     293.003
 1.86100E-03    1225.565    1614.263     293.000    1415.534     964.860     382.138     300.898     293.010     293.009     293.003
 1.88100E-03    1225.565    1611.755     293.000    1405.714     959.090     387.916     301.871     293.010     293.009     293.003
 1.90100E-03    1225.565    1608.925     293.000    1396.277     953.571     393.734     302.906     293.010     293.009     293.003
 1.92100E-03    1176.513    1605.705     293.000    1386.896     948.292     399.579     304.003     293.021     293.012     293.005
 1.94100E-03    1176.513    1602.147     293.000    1377.925     943.234     405.440     305.162     293.021     293.012     293.005
 1.96100E-03    1176.513    1598.282     293.042    1369.388     938.381     411.307     306.379     293.021     293.012     293.005
 1.98100E-03    1176.513    1593.744     303.165    1360.958     933.717     417.170     307.654     293.021     293.012     293.005
 2.00100E-03    1176.513    1588.732     839.523    1352.663     929.228     423.019     308.984     293.021     293.012     293.005
 2.02100E-03    1176.513    1583.418    2044.710    1344.592     924.900     428.847     310.369     293.021     293.012     293.005
 2.04100E-03    1132.155    1576.532    2865.644    1336.614     920.721     434.647     311.805     293.041     293.016     293.009
 2.06100E-03    1132.155    1568.842    2721.986    1328.646     916.681     440.412     313.291     293.041     293.016     293.009
 2.08100E-03    1132.155    1558.170    2562.642    1320.768     912.821     446.135     314.824     293.041     293.016     293.009
 2.10100E-03    1132.155    1538.417    2450.490    1312.861     909.172     451.810     316.402     293.041     293.016     293.009
 2.12100E-03    1132.155    1538.417    2348.575    1312.861     909.172     451.810     316.402     293.041     293.016     293.009
 2.14100E-03    1132.155    1538.417    2243.854    1312.861     909.172     451.810     316.402     293.041     293.016     293.009
 2.16100E-03    1091.808    1472.497    2147.612    1286.365     899.241     468.294     321.444     293.077     293.018     293.012
 2.18100E-03    1091.808    1472.497    2065.157    1286.365     899.241     468.294     321.444     293.077     293.018     293.012
 2.20100E-03    1091.808    1472.497    1996.326    1286.365     899.241     468.294     321.444     293.077     293.018     293.012
 2.22100E-03    1091.808    1472.497    1939.612    1286.365     899.241     468.294     321.444     293.077     293.018     293.012
 2.24100E-03    1091.808    1472.497    1892.958    1286.365     899.241     468.294     321.444     293.077     293.018     293.012
 2.26100E-03    1091.808    1472.497    1854.518    1286.365     899.241     468.294     321.444     293.077     293.018     293.012
 2.28100E-03    1054.942    1392.696    1822.319    1236.451     882.173     498.733     332.493     293.136     293.017     293.014
 2.30100E-03    1054.942    1392.696    1795.207    1236.451     882.173     498.733     332.493     293.136     293.017     293.014
 2.32100E-03    1054.942    1392.696    1771.039    1236.451     882.173     498.733     332.493     293.136     293.017     293.014
 2.34100E-03    1054.942    1392.696    1749.663    1236.451     882.173     498.733     332.493     293.136     293.017     293.014
 2.36100E-03    1054.942    1392.696    1730.385    1236.451     882.173     498.733     332.493     293.136     293.017     293.014
 2.38100E-03    1054.942    1392.696    1712.344    1236.451     882.173     498.733     332.493     293.136     293.017     293.014
 2.40100E-03    1021.124    1325.180    1695.775    1188.030     865.279     526.197     344.079     293.233     293.016     293.018
 2.42100E-03    1021.124    1325.180    1680.570    1188.030     865.279     526.197     344.079     293.233     293.016     293.018
 2.44100E-03    1021.124    1325.180    1666.859    1188.030     865.279     526.197     344.079     293.233     293.016     293.018
 2.46100E-03    1021.124    1325.180    1654.690    1188.030     865.279     526.197     344.079     293.233     293.016     293.018
 2.48100E-03    1021.124    1325.180    1644.101    1188.030     865.279     526.197     344.079     293.233     293.016     293.018
 2.50100E-03    1021.124    1325.180    1635.195    1188.030     865.279     526.197     344.079     293.233     293.016     293.018
 2.52100E-03     989.998    1265.862    1628.251    1143.036     848.583     550.607     355.884     293.379     293.014     293.027
 2.54100E-03     989.998    1265.862    1623.826    1143.036     848.583     550.607     355.884     293.379     293.014     293.027
 2.56100E-03     989.998    1265.862    1622.302    1143.036     848.583     550.607     355.884     293.379     293.014     293.027
 2.58100E-03     989.998    1265.862    1621.226    1143.036     848.583     550.607     355.884     293.379     293.014     293.027
 2.60100E-03     989.998    1265.862    1619.874    1143.036     848.583     550.607     355.884     293.379     293.014     293.027
 2.62100E-03     989.998    1265.862    1618.245    1143.036     848.583     550.607     355.884     293.379     293.014     293.027
 2.64100E-03     961.263    1212.915    1616.328    1101.682     832.214     572.010     367.662     293.588     293.010     293.040
 2.66100E-03     961.263    1212.915    1614.098    1101.682     832.214     572.010     367.662     293.588     293.010     293.040
 2.68100E-03     961.263    1212.915    1611.563    1101.682     832.214     572.010     367.662     293.588     293.010     293.040
 2.70100E-03     961.263    1212.915    1608.733    1101.682     832.214     572.010     367.662     293.588     293.010     293.040
 2.72100E-03     961.263    1212.915    1605.511    1101.682     832.214     572.010     367.662     293.588     293.010     293.040
 2.74100E-03     961.263    1212.915    1601.919    1101.682     832.214     572.010     367.662     293.588     293.010     293.040
 2.76100E-03     934.661    1165.223    1598.030    1063.750     816.299     590.530     379.224     293.870     293.007     293.058
 2.78100E-03     934.661    1165.223    1593.587    1063.750     816.299     590.530     379.224     293.870     293.007     293.058
 2.80100E-03     934.661    1165.223    1588.579    1063.750     816.299     590.530     379.224     293.870     293.007     293.058
 2.82100E-03     934.661    1165.223    1583.271    1063.750     816.299     590.530     379.224     293.870     293.007     293.058
 2.84100E-03     934.661    1165.223    1576.803    1063.750     816.299     590.530     379.224     293.870     293.007     293.058
 2.86100E-03     934.661    1165.223    1569.316    1063.750     816.299     590.530     379.224     293.870     293.007     293.058
 2.88100E-03     909.973    1121.989    1560.282    1028.921     800.926     606.337     390.431     294.236     293.002     293.083
 2.90100E-03     909.973    1121.989    1542.900    1028.921     800.926     606.337     390.431     294.236     293.002     293.083
 2.92100E-03     909.973    1121.989    1517.234    1028.921     800.926     606.337     390.431     294.236     293.002     293.083
 2.94100E-03     909.973    1121.989    1492.869    1028.921     800.926     606.337     390.431     294.236     293.002     293.083
 2.96100E-03     909.973    1121.989    1470.848    1028.921     800.926     606.337     390.431     294.236     293.002     293.083
 2.98100E-03     909.973    1121.989    1451.166    1028.921     800.926     606.337     390.431     294.236     293.002     293.083
 3.00100E-03     887.006    1082.600    1432.300     996.875     786.149     619.630     401.176     294.693     292.997     293.115
 3.02100E-03     887.006    1082.600    1415.023     996.875     786.149     619.630     401.176     294.693     292.997     293.115
 3.04100E-03     887.006    1082.600    1398.337     996.875     786.149     619.630     401.176     294.693     292.997     293.115
 3.06100E-03     887.006    1082.600    1382.376     996.875     786.149     619.630     401.176     294.693     292.997     293.115
 3.08100E-03     887.006    1082.600    1366.794     996.875     786.149     619.630     401.176     294.693     292.997     293.115
 3.10100E-03     887.006    1082.600    1351.809     996.875     786.149     619.630     401.176     294.693     292.997     293.115
 3.12100E-03     865.595    1046.565    1337.363     967.322     771.988     630.619     411.385     295.248     292.991     293.155
 3.14100E-03     865.595    1046.565    1323.401     967.322     771.988     630.619     411.385     295.248     292.991     293.155
 3.16100E-03     865.595    1046.565    1309.882     967.322     771.988     630.619     411.385     295.248     292.991     293.155
 3.18100E-03     865.595    1046.565    1296.774     967.322     771.988     630.619     411.385     295.248     292.991     293.155
 3.20100E-03     865.595    1046.565    1284.255     967.322     771.988     630.619     411.385     295.248     292.991     293.155
 3.22100E-03     865.595    1046.565    1271.862     967.322     771.988     630.619     411.385     295.248     292.991     293.155
 3.24100E-03     845.592    1013.474    1259.810     939.996     758.445     639.520     421.008     295.903     292.985     293.204
 3.26100E-03     845.592    1013.474    1248.212     939.996     758.445     639.520     421.008     295.903     292.985     293.204
 3.28100E-03     845.592    1013.474    1237.265     939.996     758.445     639.520     421.008     295.903     292.985     293.204
 3.30100E-03     845.592    1013.474    1226.545     939.996     758.445     639.520     421.008     295.903     292.985     293.204
 3.32100E-03     845.592     998.585    1216.677     927.985     752.362     644.382     426.790     296.261     292.985     293.204
 3.34100E-03     845.592     992.589    1206.541     923.452     750.145     645.561     428.242     296.351     292.985     293.204
 3.36100E-03     826.868     986.204    1196.747     918.546     747.743     646.701     429.694     296.487     292.981     293.265
 3.38100E-03     826.868     979.773    1187.633     913.503     745.261     647.799     431.141     296.616     292.981     293.265
 3.40100E-03     826.868     973.421    1179.283     908.432     742.749     648.854     432.579     296.737     292.981     293.265
 3.42100E-03     826.868     967.166    1171.738     903.389     740.232     649.866     434.006     296.854     292.981     293.265
 3.44100E-03     826.868     961.068    1165.037     898.413     737.727     650.834     435.421     296.965     292.981     293.265
 3.46100E-03     826.868     955.165    1159.191     893.532     735.246     651.757     436.823     297.073     292.981     293.265
 3.48100E-03     809.309     949.315    1154.094     888.723     732.786     652.637     438.209     297.232     292.978     293.338
 3.50099E-03     809.309     943.747    1149.811     884.040     730.362     653.472     439.581     297.380     292.978     293.338
 3.52099E-03     809.309     938.246    1146.180     879.434     727.961     654.265     440.937     297.520     292.978     293.338
 3.54099E-03     809.309     932.885    1143.184     874.924     725.591     655.014     442.276     297.652     292.978     293.338
 3.56099E-03     809.309     927.580    1140.743     870.486     723.243     655.720     443.600     297.779     292.978     293.338
 3.58099E-03     809.309     922.431    1138.818     866.142     720.927     656.385     444.907     297.901     292.978     293.338
 3.60099E-03     792.814     917.267    1137.336     861.849     718.629     657.008     446.196     298.080     292.974     293.421
 3.62099E-03     792.814     912.284    1136.223     857.645     716.360     657.590     447.469     298.247     292.974     293.421
 3.64099E-03     792.814     907.322    1135.427     853.497     714.112     658.132     448.725     298.403     292.974     293.421
 3.66099E-03     792.814     902.481    1134.873     849.420     711.889     658.634     449.963     298.551     292.974     293.421
 3.68099E-03     792.814     897.718    1134.509     845.408     709.689     659.097     451.184     298.692     292.974     293.421
 3.70099E-03     792.814     893.057    1134.282     841.463     707.513     659.521     452.387     298.828     292.974     293.421
 3.72099E-03     784.608     888.786    1134.157     837.695     705.414     659.908     453.573     299.025     292.973     293.511
 3.74099E-03     784.608     884.247    1134.081     833.875     703.283     660.258     454.741     299.208     292.973     293.511
 3.76099E-03     784.608     879.864    1134.025     830.134     701.180     660.571     455.892     299.379     292.973     293.511
 3.78099E-03     784.608     875.520    1133.975     826.442     699.095     660.848     457.025     299.541     292.973     293.511
 3.80099E-03     784.608     871.256    1133.907     822.807     697.032     661.091     458.140     299.695     292.973     293.511
 3.82099E-03     784.608     867.043    1133.809     819.222     694.989     661.299     459.238     299.842     292.973     293.511
 3.84099E-03     776.314     863.144    1133.695     815.785     693.014     661.473     460.318     300.057     292.972     293.611
 3.86099E-03     776.314     859.058    1133.506     812.309     691.013     661.614     461.381     300.256     292.972     293.611
 3.88099E-03     776.314     855.018    1133.260     808.879     689.030     661.723     462.426     300.441     292.972     293.611
 3.90099E-03     776.314     851.011    1132.949     805.488     687.065     661.800     463.453     300.616     292.972     293.611
 3.92099E-03     776.314     847.093    1132.577     802.148     685.120     661.846     464.464     300.781     292.972     293.611
 3.94099E-03     776.314     843.247    1132.142     798.856     683.195     661.862     465.456     300.939     292.972     293.611
 3.96099E-03     768.026     839.681    1131.695     795.694     681.334     661.848     466.431     301.170     292.972     293.723
 3.98099E-03     765.709     835.951    1131.134     792.499     679.449     661.805     467.389     301.383     292.972     293.723
 4.00099E-03     761.995     832.225    1130.497     789.334     677.579     661.734     468.330     301.582     292.972     293.723
 4.02099E-03     758.712     828.637    1129.816     786.233     675.734     661.636     469.253     301.768     292.972     293.723
 4.04099E-03     755.590     825.060    1129.062     783.162     673.905     661.510     470.159     301.944     292.972     293.723
 4.06099E-03     752.600     821.569    1128.250     780.154     672.111     661.441     471.053     302.111     292.972     293.723
 4.08099E-03     749.829     818.306    1127.448     777.274     670.395     681.275     472.578     302.358     292.990     293.875
 4.10099E-03     746.972     815.163    1126.510     774.617     668.903    1424.584     498.968     302.586     292.990     293.875
 4.12099E-03     744.169     812.304    1125.509     772.438     667.880    2415.407     628.264     302.803     292.990     293.875
 4.14099E-03     741.418     809.450    1124.448     770.794     667.413    2952.428     716.951     303.004     292.990     293.875
 4.16100E-03     738.709     806.555    1123.324     769.882     667.720    2745.852     760.469     303.189     292.990     293.875
 4.18100E-03     736.051     803.959    1122.145     769.983     669.096    2563.219     901.453     303.363     292.990     293.875
 4.20100E-03     733.563     801.947    1121.009     771.120     671.566    2435.886    1029.589     303.621     292.987     294.009
 4.22100E-03     730.977     800.422    1119.714     773.456     675.303    2327.219    1135.546     303.857     292.987     294.009
 4.24100E-03     728.470     799.512    1118.396     776.708     680.015    2242.573    1219.622     304.076     292.987     294.009
 4.26100E-03     725.979     799.291    1117.010     780.809     685.611    2172.068    1285.273     304.281     292.987     294.009
 4.28100E-03     723.554     799.713    1115.597     785.488     691.794    2111.290    1336.485     304.473     292.987     294.009
 4.30100E-03     721.134     800.865    1114.112     790.686     698.468    2055.250    1376.216     304.656     292.987     294.009
 4.32100E-03     718.722     802.760    1112.554     796.250     705.436    2003.226    1406.673     304.930     293.000     294.172
 4.34100E-03     716.377     805.183    1110.986     801.941     712.438    1958.322    1429.875     305.180     293.000     294.172
 4.36100E-03     714.051     808.203    1110.986     807.742     719.417    1917.936    1447.148     305.411     293.000     294.172
 4.38100E-03     711.752     811.729    1107.910     813.554     726.251    1882.625    1459.653     305.628     293.000     294.172
 4.40100E-03     709.488     815.655    1106.854     819.304     732.855    1851.787    1468.349     305.831     293.000     294.172
 4.42100E-03     707.259     819.901    1106.854     824.945     739.171    1824.555    1474.006     306.024     293.000     294.172
 4.44100E-03     705.037     824.492    1103.351     830.481     745.196    1799.408    1477.144     306.312     293.017     294.347
 4.46100E-03     702.879     829.141    1103.351     835.804     750.843    1777.917    1478.446     306.577     293.017     294.347
 4.48100E-03     700.728     833.984    1103.351     840.970     756.165    1757.801    1478.231     306.823     293.017     294.347
 4.50100E-03     698.632     838.806    1103.351     845.903     761.112    1739.853    1476.908     307.053     293.017     294.347
 4.52100E-03     696.529     843.757    1103.351     850.670     765.750    1722.853    1474.706     307.271     293.017     294.347
 4.54100E-03     694.479     848.596    1103.351     855.193     770.033    1707.908    1471.959     307.480     293.017     294.347
 4.56100E-03     692.407     853.544    1094.347     859.553     774.038    1693.515    1468.766     307.794     293.036     294.534
 4.58100E-03     690.389     858.298    1094.347     863.670     777.719    1681.042    1465.393     308.085     293.036     294.534
 4.60100E-03     688.390     862.959    1094.347     867.580     781.118    1669.708    1461.959     308.358     293.036     294.534
 4.62100E-03     686.412     867.498    1094.347     871.282     784.249    1659.471    1458.587     308.617     293.036     294.534
 4.64100E-03     684.445     871.939    1094.347     874.792     787.134    1650.135    1455.365     308.866     293.036     294.534
 4.66100E-03     682.497     876.237    1094.347     878.106     789.783    1641.985    1452.446     309.107     293.036     294.534
 4.68100E-03     680.564     880.404    1084.021     881.234     792.213    1635.210    1450.090     309.471     293.057     294.733
 4.70100E-03     678.662     884.375    1084.021     884.171     794.433    1630.034    1448.352     309.812     293.057     294.733
 4.72100E-03     676.799     888.133    1084.021     886.918     796.454    1626.325    1447.067     310.137     293.057     294.733
 4.74100E-03     674.936     891.781    1084.021     889.506     798.301    1623.893    1446.119     310.449     293.057     294.733
 4.76100E-03     673.119     895.201    1084.021     891.915     799.973    1622.765    1445.409     310.752     293.057     294.733
 4.78100E-03     671.303     898.509    1084.021     894.178     801.497    1622.166    1444.859     311.049     293.057     294.733
 4.80100E-03     669.489     901.703    1072.655     896.302     802.881    1621.372    1444.408     311.494     293.078     294.945
 4.82100E-03     667.720     904.677    1072.655     898.273     804.125    1620.376    1444.006     311.915     293.078     294.945
 4.84100E-03     665.962     907.516    1072.655     900.112     805.247    1619.177    1443.609     312.319     293.078     294.945
 4.86100E-03     664.225     910.210    1072.655     901.825     806.255    1617.772    1443.173     312.710     293.078     294.945
 4.88100E-03     662.516     912.773    1072.655     903.418     807.157    1616.158    1442.668     313.091     293.078     294.945
 4.90100E-03     660.856     915.203    1072.655     904.897     807.961    1614.329    1442.072     313.465     293.078     294.945
 4.92100E-03     659.189     917.512    1060.509     906.269     808.675    1612.255    1441.355     314.021     293.099     295.170
 4.94100E-03     658.124     919.646    1060.509     907.528     809.300    1609.928    1440.469     314.548     293.099     295.170
 4.96100E-03     656.745     921.681    1060.509     908.692     809.849    1607.353    1439.407     315.054     293.099     295.170
 4.98100E-03     655.594     923.553    1060.509     909.751     810.320    1604.478    1438.167     315.542     293.099     295.170
 5.00100E-03     654.832     925.341    1060.509     910.724     810.727    1601.264    1436.638     316.017     293.099     295.170
 5.02100E-03     654.519     926.982    1060.509     911.602     811.067    1597.755    1434.817     316.483     293.099     295.170
 5.04100E-03     654.887     928.545    1047.813     912.402     811.352    1593.901    1432.721     317.169     293.120     295.407
 5.06100E-03     655.837     929.969    1047.813     913.115     811.577    1589.409    1429.895     317.817     293.120     295.407
 5.08100E-03     657.474     931.293    1047.813     913.750     811.752    1584.526    1426.288     318.436     293.120     295.407
 5.10100E-03     659.795     932.514    1047.813     914.309     811.878    1579.014    1421.721     319.031     293.120     295.407
 5.12100E-03     662.801     933.642    1047.813     914.796     811.959    1571.572    1416.312     319.606     293.120     295.407
 5.14100E-03     666.411     934.663    1047.813     915.211     811.998    1562.953    1410.233     320.167     293.120     295.407
 5.16100E-03     670.566     935.582    1034.760     915.557     811.997    1541.247    1403.607     320.988     293.140     295.657
 5.18100E-03     675.185     935.582    1034.760     915.557     811.997    1541.247    1403.607     320.988     293.140     295.657
 5.20100E-03     680.126     935.582    1034.760     915.557     811.997    1541.247    1403.607     320.988     293.140     295.657
 5.22100E-03     685.502     935.582    1034.760     915.557     811.997    1541.247    1403.607     320.988     293.140     295.657
 5.24100E-03     691.044     935.582    1034.760     915.557     811.997    1541.247    1403.607     320.988     293.140     295.657
 5.26100E-03     696.822     935.582    1034.760     915.557     811.997    1541.247    1403.607     320.988     293.140     295.657
 5.28100E-03     702.810     938.318    1021.507     915.965     811.291    1444.797    1362.159     326.177     293.153     295.916
 5.30100E-03     708.814     938.318    1021.507     915.965     811.291    1444.797    1362.159     326.177     293.153     295.916
 5.32100E-03     714.906     938.318    1021.507     915.965     811.291    1444.797    1362.159     326.177     293.153     295.916
 5.34100E-03     721.008     938.318    1021.507     915.965     811.291    1444.797    1362.159     326.177     293.153     295.916
 5.36100E-03     727.066     938.318    1021.507     915.965     811.291    1444.797    1362.159     326.177     293.153     295.916
 5.38100E-03     733.040     938.318    1021.507     915.965     811.291    1444.797    1362.159     326.177     293.153     295.916
 5.40100E-03     738.926     938.874    1008.183     914.674     809.801    1378.267    1321.080     331.805     293.163     296.188
 5.42100E-03     744.675     938.874    1008.183     914.674     809.801    1378.267    1321.080     331.805     293.163     296.188
 5.44100E-03     750.288     938.874    1008.183     914.674     809.801    1378.267    1321.080     331.805     293.163     296.188
 5.46101E-03     755.757     938.874    1008.183     914.674     809.801    1378.267    1321.080     331.805     293.163     296.188
 5.48101E-03     761.064     938.874    1008.183     914.674     809.801    1378.267    1321.080     331.805     293.163     296.188
 5.50101E-03     766.205     938.874    1008.183     914.674     809.801    1378.267    1321.080     331.805     293.163     296.188
 5.52101E-03     771.196     937.547     994.887     911.882     807.564    1323.056    1281.569     337.832     293.171     296.474
 5.54101E-03     775.984     937.547     994.887     911.882     807.564    1323.056    1281.569     337.832     293.171     296.474
 5.56101E-03     780.596     937.547     994.887     911.882     807.564    1323.056    1281.569     337.832     293.171     296.474
 5.58101E-03     785.029     937.547     994.887     911.882     807.564    1323.056    1281.569     337.832     293.171     296.474
 5.60101E-03     789.281     937.547     994.887     911.882     807.564    1323.056    1281.569     337.832     293.171     296.474
 5.62101E-03     793.359     937.547     994.887     911.882     807.564    1323.056    1281.569     337.832     293.171     296.474
 5.64101E-03     797.292     934.610     981.698     907.830     804.641    1274.810    1244.208     344.174     293.176     296.774
 5.66101E-03     800.521     934.610     981.698     907.830     804.641    1274.810    1244.208     344.174     293.176     296.774
 5.68101E-03     803.057     934.610     981.698     907.830     804.641    1274.810    1244.208     344.174     293.176     296.774
 5.70101E-03     805.123     934.610     981.698     907.830     804.641    1274.810    1244.208     344.174     293.176     296.774
 5.72101E-03     806.874     934.610     981.698     907.830     804.641    1274.810    1244.208     344.174     293.176     296.774
 5.74101E-03     808.353     934.610     981.698     907.830     804.641    1274.810    1244.208     344.174     293.176     296.774
 5.76101E-03     810.717     930.339     968.676     902.752     801.113    1231.780    1209.158     350.741     293.178     297.089
 5.78101E-03     812.866     930.339     968.676     902.752     801.113    1231.780    1209.158     350.741     293.178     297.089
 5.80101E-03     814.137     930.339     968.676     902.752     801.113    1231.780    1209.158     350.741     293.178     297.089
 5.82101E-03     815.005     930.339     968.676     902.752     801.113    1231.780    1209.158     350.741     293.178     297.089
 5.84101E-03     815.005     930.339     968.676     902.752     801.113    1231.780    1209.158     350.741     293.178     297.089
 5.86101E-03     815.005     930.339     968.676     902.752     801.113    1231.780    1209.158     350.741     293.178     297.089
 5.88101E-03     822.310     924.984     955.866     896.861     797.072    1192.980    1176.380     357.447     293.179     297.418
 5.90101E-03     822.310     924.984     955.866     896.861     797.072    1192.980    1176.380     357.447     293.179     297.418
 5.92101E-03     822.310     924.984     955.866     896.861     797.072    1192.980    1176.380     357.447     293.179     297.418
 5.94101E-03     822.310     924.984     955.866     896.861     797.072    1192.980    1176.380     357.447     293.179     297.418
 5.96101E-03     822.310     924.984     955.866     896.861     797.072    1192.980    1176.380     357.447     293.179     297.418
 5.98101E-03     822.310     924.984     955.866     896.861     797.072    1192.980    1176.380     357.447     293.179     297.418
 6.00101E-03     831.312     918.767     943.302     890.338     792.611    1157.740    1145.754     364.214     293.177     297.762
 6.02101E-03     831.312     918.767     943.302     890.338     792.611    1157.740    1145.754     364.214     293.177     297.762
 6.04101E-03     831.312     918.767     943.302     890.338     792.611    1157.740    1145.754     364.214     293.177     297.762
 6.06101E-03     831.312     918.767     943.302     890.338     792.611    1157.740    1145.754     364.214     293.177     297.762
 6.08101E-03     831.312     918.767     943.302     890.338     792.611    1157.740    1145.754     364.214     293.177     297.762
 6.10101E-03     831.312     918.767     943.302     890.338     792.611    1157.740    1145.754     364.214     293.177     297.762
 6.12101E-03     837.888     911.875     931.009     883.333     787.813    1125.557    1117.134     370.975     293.173     298.122
 6.14101E-03     837.888     911.875     931.009     883.333     787.813    1125.557    1117.134     370.975     293.173     298.122
 6.16101E-03     837.888     911.875     931.009     883.333     787.813    1125.557    1117.134     370.975     293.173     298.122
 6.18101E-03     837.888     911.875     931.009     883.333     787.813    1125.557    1117.134     370.975     293.173     298.122
 6.20101E-03     837.888     911.875     931.009     883.333     787.813    1125.557    1117.134     370.975     293.173     298.122
 6.22101E-03     837.888     911.875     931.009     883.333     787.813    1125.557    1117.134     370.975     293.173     298.122
 6.24101E-03     842.040     904.463     919.002     875.967     782.750    1095.989    1090.351     377.673     293.168     298.497
 6.26101E-03     842.040     904.463     919.002     875.967     782.750    1095.989    1090.351     377.673     293.168     298.497
 6.28101E-03     842.040     904.463     919.002     875.967     782.750    1095.989    1090.351     377.673     293.168     298.497
 6.30101E-03     842.040     904.463     919.002     875.967     782.750    1082.681    1077.723     380.917     293.168     298.497
 6.32101E-03     842.040     904.463     919.002     875.967     782.750    1077.299    1073.448     382.000     293.168     298.497
 6.34101E-03     842.040     904.463     919.002     875.967     782.750    1071.849    1069.128     383.084     293.168     298.497
 6.36101E-03     843.984     897.434     907.293     869.361     778.221    1066.302    1064.760     384.168     293.164     298.892
 6.38101E-03     843.984     897.434     907.293     869.361     778.221    1060.985    1060.382     385.251     293.164     298.892
 6.40101E-03     843.984     897.434     907.293     869.361     778.221    1055.719    1055.998     386.332     293.164     298.892
 6.42101E-03     843.984     897.434     907.293     869.361     778.221    1050.550    1051.620     387.411     293.164     298.892
 6.44101E-03     843.984     897.434     907.293     869.361     778.221    1045.418    1047.252     388.487     293.164     298.892
 6.46101E-03     843.984     897.434     907.293     869.361     778.221    1040.374    1042.900     389.560     293.164     298.892
 6.48101E-03     843.923     889.617     895.887     861.868     773.029    1035.349    1038.564     390.630     293.161     299.302
 6.50101E-03     843.923     889.617     895.887     861.868     773.029    1030.473    1034.257     391.696     293.161     299.302
 6.52101E-03     843.923     889.617     895.887     861.868     773.029    1025.687    1029.984     392.759     293.161     299.302
 6.54101E-03     843.923     889.617     895.887     861.868     773.029    1020.977    1025.745     393.817     293.161     299.302
 6.56101E-03     843.923     889.617     895.887     861.868     773.029    1016.399    1021.550     394.871     293.161     299.302
 6.58101E-03     843.923     889.617     895.887     861.868     773.029    1011.852    1017.393     395.920     293.161     299.302
 6.60101E-03     842.475     881.375     884.789     853.939     767.469    1007.303    1013.267     396.965     293.156     299.728
 6.62101E-03     842.475     881.375     884.789     853.939     767.469    1002.917    1009.187     398.005     293.156     299.728
 6.64101E-03     842.475     881.375     884.789     853.939     767.469     998.624    1005.154     399.040     293.156     299.728
 6.66101E-03     842.475     881.375     884.789     853.939     767.469     994.359    1001.163     400.070     293.156     299.728
 6.68101E-03     842.475     881.375     884.789     853.939     767.469     990.193     997.218     401.095     293.156     299.728
 6.70101E-03     842.475     881.375     884.789     853.939     767.469     986.049     993.313     402.114     293.156     299.728
 6.72101E-03     840.281     872.861     873.995     845.776     761.688     981.911     989.443     403.128     293.152     300.170
 6.74101E-03     840.281     872.861     873.995     845.776     761.688     977.902     985.618     404.137     293.152     300.170
 6.76101E-03     840.281     872.861     873.995     845.776     761.688     973.955     981.837     405.139     293.152     300.170
 6.78102E-03     840.281     872.861     873.995     845.776     761.688     970.083     978.100     406.136     293.152     300.170
 6.80102E-03     840.281     872.861     873.995     845.776     761.688     966.228     974.403     407.126     293.152     300.170
 6.82102E-03     840.281     872.861     873.995     845.776     761.688     962.517     970.756     408.111     293.152     300.170
 6.84102E-03     837.926     864.177     863.505     837.497     755.781     958.742     967.143     409.089     293.149     300.628
 6.86102E-03     837.926     864.177     863.505     837.497     755.781     955.137     963.579     410.061     293.149     300.628
 6.88102E-03     837.926     864.177     863.505     837.497     755.781     951.536     960.056     411.027     293.149     300.628
 6.90102E-03     837.926     864.177     863.505     837.497     755.781     948.014     956.576     411.986     293.149     300.628
 6.92102E-03     837.926     864.177     863.505     837.497     755.781     944.510     953.135     412.939     293.149     300.628
 6.94102E-03     837.926     864.177     863.505     837.497     755.781     941.096     949.738     413.884     293.149     300.628
 6.96102E-03     835.789     855.413     855.013     829.188     749.816     937.624     946.371     414.824     293.145     301.101
 6.98102E-03     835.789     855.413     855.013     829.188     749.816     934.267     943.044     415.756     293.145     301.101
 7.00102E-03     835.789     855.413     855.013     829.188     749.816     930.965     939.756     416.681     293.145     301.101
 7.02102E-03     835.789     855.413     855.013     829.188     749.816     927.703     936.507     417.599     293.145     301.101
 7.04102E-03     835.789     855.413     855.013     829.188     749.816     924.555     933.309     418.511     293.145     301.101
 7.06102E-03     835.789     855.413     855.013     829.188     749.816     921.530     930.663     419.416     293.145     301.101
 7.08102E-03     834.395     849.204     847.777     822.782     745.209     918.693     936.080     420.316     293.232     301.630
 7.10102E-03     834.395     849.204     847.777     822.782     745.209     916.354     953.789     421.223     293.232     301.630
 7.12102E-03     834.395     849.204     847.777     822.782     745.209     914.060     967.268     422.130     293.232     301.630
 7.14102E-03     834.395     849.204     847.777     822.782     745.209     911.690     982.719     423.035     293.232     301.630
 7.16102E-03     834.395     849.204     847.777     822.782     745.209     909.777    1000.770     423.958     293.232     301.630
 7.18102E-03     834.395     849.204     847.777     822.782     745.209     908.510    1020.206     424.916     293.232     301.630
 7.20102E-03     832.862     840.153     837.884     814.546     739.221     908.044    1043.321     425.928     293.247     302.125
 7.22102E-03     832.862     840.153     837.884     814.546     739.221     908.222    1112.752     427.010     293.247     302.125
 7.24102E-03     832.862     840.153     837.884     814.546     739.221     909.162    1183.274     428.188     293.247     302.125
 7.26102E-03     832.862     840.153     837.884     814.546     739.221     910.843    1241.775     429.485     293.247     302.125
 7.28102E-03     832.862     840.153     837.884     814.546     739.221     913.227    1287.817     430.926     293.247     302.125
 7.30102E-03     832.862     840.153     837.884     814.546     739.221     916.158    1323.545     432.533     293.247     302.125
 7.32102E-03     831.604     831.296     828.349     806.495     733.450     919.820    1350.843     434.329     293.264     302.635
 7.34102E-03     831.604     831.296     828.349     806.495     733.450     923.712    1371.557     436.328     293.264     302.635
 7.36102E-03     831.604     831.296     828.349     806.495     733.450     928.027    1386.864     438.547     293.264     302.635
 7.38102E-03     831.604     831.296     828.349     806.495     733.450     932.557    1397.919     440.995     293.264     302.635
 7.40102E-03     831.604     831.296     828.349     806.495     733.450     937.394    1405.564     443.679     293.264     302.635
 7.42102E-03     831.604     831.296     828.349     806.495     733.450     942.311    1410.575     446.602     293.264     302.635
 7.44102E-03     830.421     822.898     819.096     799.127     728.475     947.468    1413.392     449.762     293.281     303.161
 7.46102E-03     830.421     822.898     819.096     799.127     728.475     952.495    1414.584     453.156     293.281     303.161
 7.48102E-03     830.421     822.898     819.096     799.127     728.475     957.489    1414.479     456.777     293.281     303.161
 7.50102E-03     830.421     822.898     819.096     799.127     728.475     962.440    1413.337     460.617     293.281     303.161
 7.52102E-03     830.421     822.898     819.096     799.127     728.475     967.226    1411.427     464.663     293.281     303.161
 7.54102E-03     830.421     822.898     819.096     799.127     728.475     971.933    1408.925     468.904     293.281     303.161
 7.56102E-03     829.327     815.273     810.084     792.832     724.702     976.585    1405.974     473.327     293.296     303.702
 7.58102E-03     829.327     815.273     810.084     792.832     724.702     980.967    1402.807     477.917     293.296     303.702
 7.60102E-03     829.327     815.273     810.084     792.832     724.702     985.098    1399.556     482.659     293.296     303.702
 7.62102E-03     829.327     815.273     810.084     792.832     724.702     989.106    1396.317     487.538     293.296     303.702
 7.64102E-03     829.327     815.273     810.084     792.832     724.702     992.918    1393.187     492.541     293.296     303.702
 7.66102E-03     829.327     815.273     810.084     792.832     724.702     996.547    1390.306     497.651     293.296     303.702
 7.68102E-03     828.225     808.696     801.312     787.764     722.182    1000.092    1387.946     502.855     293.308     304.255
 7.70102E-03     828.225     808.696     801.312     787.764     722.182    1003.382    1386.092     508.139     293.308     304.255
 7.72102E-03     828.225     808.696     801.312     787.764     722.182    1006.492    1384.585     513.489     293.308     304.255
 7.74102E-03     828.225     808.696     801.312     787.764     722.182    1009.403    1383.315     518.893     293.308     304.255
 7.76102E-03     828.225     808.696     801.312     787.764     722.182    1012.174    1382.204     524.339     293.308     304.255
 7.78102E-03     828.225     808.696     801.312     787.764     722.182    1014.715    1381.185     529.816     293.308     304.255
 7.80102E-03     827.046     803.266     792.763     783.859     720.724    1017.178    1380.215     535.313     293.317     304.822
 7.82102E-03     827.046     803.266     792.763     783.859     720.724    1019.401    1379.251     540.821     293.317     304.822
 7.84102E-03     827.046     803.266     792.763     783.859     720.724    1021.505    1378.268     546.330     293.317     304.822
 7.86102E-03     827.046     803.266     792.763     783.859     720.724    1023.444    1377.245     551.831     293.317     304.822
 7.88102E-03     827.046     803.266     792.763     783.859     720.724    1025.255    1376.157     557.318     293.317     304.822
 7.90102E-03     827.046     803.266     792.763     783.859     720.724    1026.924    1374.985     562.783     293.317     304.822
 7.92102E-03     825.743     798.925     784.679     780.922     720.028    1028.503    1373.723     568.220     293.324     305.400
 7.94102E-03     825.743     798.925     784.679     780.922     720.028    1029.916    1372.363     573.623     293.324     305.400
 7.96102E-03     825.743     798.925     784.679     780.922     720.028    1031.215    1370.865     578.986     293.324     305.400
 7.98102E-03     825.743     798.925     784.679     780.922     720.028    1032.400    1369.220     584.305     293.324     305.400
 8.00102E-03     825.743     798.925     784.679     780.922     720.028    1033.457    1367.439     589.575     293.324     305.400
 8.02102E-03     825.743     798.925     784.679     780.922     720.028    1034.423    1365.465     594.793     293.324     305.400
 8.04102E-03     824.284     795.522     776.567     778.727     719.818    1035.286    1363.235     599.955     293.330     305.989
 8.06102E-03     824.284     795.522     776.567     778.727     719.818    1036.034    1360.813     605.059     293.330     305.989
 8.08102E-03     824.284     795.522     776.567     778.727     719.818    1036.673    1357.846     610.100     293.330     305.989
 8.10102E-03     824.284     795.522     776.567     778.727     719.818    1037.227    1354.281     615.078     293.330     305.989
 8.12102E-03     824.284     795.522     776.567     778.727     719.818    1037.686    1350.019     619.989     293.330     305.989
 8.14102E-03     824.284     795.522     776.567     778.727     719.818    1038.057    1345.191     624.833     293.330     305.989
 8.16103E-03     822.647     792.863     768.770     777.058     719.866    1038.346    1339.856     629.607     293.333     306.589
 8.18103E-03     822.647     792.863     768.770     777.058     719.866    1038.540    1334.136     634.311     293.333     306.589
 8.20103E-03     822.647     792.863     768.770     777.058     719.866    1038.661    1328.142     638.940     293.333     306.589
 8.22103E-03     822.647     792.863     768.770     777.058     719.866    1038.711    1322.703     643.159     293.333     306.589
 8.24103E-03     822.647     792.863     768.770     777.058     719.866    1038.711    1322.703     643.159     293.333     306.589
 8.26103E-03     822.647     792.863     768.770     777.058     719.866    1038.711    1322.703     643.159     293.333     306.589
 8.28103E-03     820.819     790.530     761.554     775.547     719.984    1038.300    1303.692     656.249     293.333     307.196
 8.30103E-03     820.819     790.530     761.554     775.547     719.984    1038.300    1303.692     656.249     293.333     307.196
 8.32103E-03     820.819     790.530     761.554     775.547     719.984    1038.300    1303.692     656.249     293.333     307.196
 8.34103E-03     820.819     790.530     761.554     775.547     719.984    1038.300    1303.692     656.249     293.333     307.196
 8.36103E-03     820.819     790.530     761.554     775.547     719.984    1038.300    1303.692     656.249     293.333     307.196
 8.38103E-03     820.819     790.530     761.554     775.547     719.984    1038.300    1303.692     656.249     293.333     307.196
 8.40103E-03     818.795     788.675     754.602     774.275     720.028    1036.235    1269.584     679.656     293.328     307.810
 8.42103E-03     818.795     788.675     754.602     774.275     720.028    1036.235    1269.584     679.656     293.328     307.810
 8.44103E-03     818.795     788.675     754.602     774.275     720.028    1036.235    1269.584     679.656     293.328     307.810
 8.46103E-03     818.795     788.675     754.602     774.275     720.028    1036.235    1269.584     679.656     293.328     307.810
 8.48103E-03     818.795     788.675     754.602     774.275     720.028    1036.235    1269.584     679.656     293.328     307.810
 8.50103E-03     818.795     788.675     754.602     774.275     720.028    1036.235    1269.584     679.656     293.328     307.810
 8.52103E-03     816.575     787.121     749.309     773.161     720.019    1032.557    1238.091     700.327     293.321     308.433
 8.54103E-03     816.575     787.121     749.309     773.161     720.019    1032.557    1238.091     700.327     293.321     308.433
 8.56103E-03     816.575     787.121     749.309     773.161     720.019    1032.557    1238.091     700.327     293.321     308.433
 8.58103E-03     816.575     787.121     749.309     773.161     720.019    1032.557    1238.091     700.327     293.321     308.433
 8.60103E-03     816.575     787.121     749.309     773.161     720.019    1032.557    1238.091     700.327     293.321     308.433
 8.62103E-03     816.575     787.121     749.309     773.161     720.019    1032.557    1238.091     700.327     293.321     308.433
 8.64103E-03     814.164     785.750     745.192     772.117     719.926    1027.507    1209.024     718.390     293.312     309.065
 8.66103E-03     814.164     785.750     745.192     772.117     719.926    1027.507    1209.024     718.390     293.312     309.065
 8.68103E-03     814.164     785.750     745.192     772.117     719.926    1027.507    1209.024     718.390     293.312     309.065
 8.70103E-03     814.164     785.750     745.192     772.117     719.926    1027.507    1209.024     718.390     293.312     309.065
 8.72103E-03     814.164     785.750     745.192     772.117     719.926    1027.507    1209.024     718.390     293.312     309.065
 8.74103E-03     814.164     785.750     745.192     772.117     719.926    1027.507    1209.024     718.390     293.312     309.065
 8.76103E-03     811.571     784.478     742.091     771.078     719.725    1021.337    1182.170     733.990     293.301     309.705
 8.78103E-03     811.571     784.478     742.091     771.078     719.725    1021.337    1182.170     733.990     293.301     309.705
 8.80103E-03     811.571     784.478     742.091     771.078     719.725    1021.337    1182.170     733.990     293.301     309.705
 8.82103E-03     811.571     784.478     742.091     771.078     719.725    1021.337    1182.170     733.990     293.301     309.705
 8.84103E-03     811.571     784.478     742.091     771.078     719.725    1021.337    1182.170     733.990     293.301     309.705
 8.86103E-03     811.571     784.478     742.091     771.078     719.725    1021.337    1182.170     733.990     293.301     309.705
 8.88103E-03     808.805     783.239     739.904     769.998     719.394    1014.282    1157.287     747.289     293.288     310.354
 8.90103E-03     808.805     783.239     739.904     769.998     719.394    1014.282    1157.287     747.289     293.288     310.354
 8.92103E-03     808.805     783.239     739.904     769.998     719.394    1014.282    1157.287     747.289     293.288     310.354
 8.94103E-03     808.805     783.239     739.904     769.998     719.394    1014.282    1157.287     747.289     293.288     310.354
 8.96103E-03     808.805     783.239     739.904     769.998     719.394    1014.282    1157.287     747.289     293.288     310.354
 8.98103E-03     808.805     783.239     739.904     769.998     719.394    1014.282    1157.287     747.289     293.288     310.354
 9.00103E-03     805.881     781.982     738.469     768.842     718.921    1006.545    1134.143     758.459     293.274     311.011
 9.02103E-03     805.881     781.982     738.469     768.842     718.921    1006.545    1134.143     758.459     293.274     311.011
 9.04103E-03     805.881     781.982     738.469     768.842     718.921    1006.545    1134.143     758.459     293.274     311.011
 9.06103E-03     805.881     781.982     738.469     768.842     718.921    1006.545    1134.143     758.459     293.274     311.011
 9.08103E-03     805.881     781.982     738.469     768.842     718.921    1006.545    1134.143     758.459     293.274     311.011
 9.10103E-03     805.881     781.982     738.469     768.842     718.921    1006.545    1134.143     758.459     293.274     311.011
 9.12103E-03     802.812     780.667     737.633     767.585     718.297     998.298    1112.533     767.678     293.258     311.676
 9.14103E-03     802.812     780.667     737.633     767.585     718.297     998.298    1112.533     767.678     293.258     311.676
 9.16103E-03     802.812     780.667     737.633     767.585     718.297     998.298    1112.533     767.678     293.258     311.676
 9.18103E-03     802.812     780.667     737.633     767.585     718.297     998.298    1112.533     767.678     293.258     311.676
 9.20103E-03     802.812     780.667     737.633     767.585     718.297     998.298    1100.930     772.803     293.258     311.676
 9.22103E-03     802.812     780.667     737.633     767.585     718.297     998.298    1097.811     774.050     293.258     311.676
 9.24103E-03     799.610     779.286     737.244     766.231     717.539     990.997    1094.479     775.260     293.245     312.353
 9.26103E-03     799.610     779.286     737.244     766.231     717.539     990.997    1090.987     776.431     293.245     312.353
 9.28103E-03     799.610     779.286     737.244     766.231     717.539     990.997    1087.378     777.562     293.245     312.353
 9.30103E-03     799.610     779.286     737.244     766.231     717.539     990.997    1083.695     778.651     293.245     312.353
 9.32103E-03     799.610     779.286     737.244     766.231     717.539     990.997    1079.982     779.699     293.245     312.353
 9.34103E-03     799.610     779.286     737.244     766.231     717.539     990.997    1076.261     780.705     293.245     312.353
 9.36103E-03     796.291     777.799     737.086     764.751     716.628     982.204    1072.538     781.669     293.232     313.037
 9.38103E-03     796.291     777.799     737.086     764.751     716.628     982.204    1068.823     782.591     293.232     313.037
 9.40103E-03     796.291     777.799     737.086     764.751     716.628     982.204    1065.136     783.472     293.232     313.037
 9.42103E-03     796.291     777.799     737.086     764.751     716.628     982.204    1061.491     784.312     293.232     313.037
 9.44103E-03     796.291     777.799     737.086     764.751     716.628     982.204    1057.892     785.112     293.232     313.037
 9.46104E-03     796.291     777.799     737.086     764.751     716.628     982.204    1054.360     785.870     293.232     313.037
 9.48104E-03     792.868     776.191     737.083     763.138     715.569     972.988    1050.866     786.589     293.218     313.729
 9.50104E-03     792.868     776.191     737.083     763.138     715.569     972.988    1047.427     787.269     293.218     313.729
 9.52104E-03     792.868     776.191     737.083     763.138     715.569     972.988    1044.029     787.910     293.218     313.729
 9.54104E-03     792.868     776.191     737.083     763.138     715.569     972.988    1040.677     788.512     293.218     313.729
 9.56104E-03     792.868     776.191     737.083     763.138     715.569     972.988    1037.375     789.076     293.218     313.729
 9.58104E-03     792.868     776.191     737.083     763.138     715.569     972.988    1034.132     789.604     293.218     313.729
 9.60104E-03     789.354     774.455     737.137     761.392     714.363     963.591    1030.925     790.094     293.206     314.430
 9.62104E-03     789.354     774.455     737.137     761.392     714.363     963.591    1027.755     790.548     293.206     314.430
 9.64104E-03     789.354     774.455     737.137     761.392     714.363     963.591    1024.618     790.967     293.206     314.430
 9.66104E-03     789.354     774.455     737.137     761.392     714.363     963.591    1021.521     791.351     293.206     314.430
 9.68104E-03     789.354     774.455     737.137     761.392     714.363     963.591    1018.474     791.700     293.206     314.430
 9.70104E-03     789.354     774.455     737.137     761.392     714.363     963.591    1015.477     792.016     293.206     314.430
 9.72104E-03     785.760     772.588     737.177     759.510     713.015     954.099    1012.512     792.298     293.193     315.137
 9.74104E-03     785.760     772.588     737.177     759.510     713.015     954.099    1009.585     792.548     293.193     315.137
 9.76104E-03     785.760     772.588     737.177     759.510     713.015     954.099    1006.693     792.767     293.193     315.137
 9.78104E-03     785.760     772.588     737.177     759.510     713.015     954.099    1003.831     792.953     293.193     315.137
 9.80104E-03     785.760     772.588     737.177     759.510     713.015     954.099    1001.013     793.110     293.193     315.137
 9.82104E-03     785.760     772.588     737.177     759.510     713.015     954.099     998.240     793.236     293.193     315.137
 9.84104E-03     782.103     770.588     737.157     757.494     711.528     944.601     995.490     793.333     293.182     315.853
 9.86104E-03     782.103     770.588     737.157     757.494     711.528     944.601     992.765     793.401     293.182     315.853
 9.88104E-03     782.103     770.588     737.157     757.494     711.528     944.601     990.064     793.440     293.182     315.853
 9.90104E-03     782.103     770.588     737.157     757.494     711.528     944.601     987.390     793.453     293.182     315.853
 9.92104E-03     782.103     770.588     737.157     757.494     711.528     944.601     984.753     793.438     293.182     315.853
 9.94104E-03     782.103     770.588     737.157     757.494     711.528     944.601     982.167     793.474     293.182     315.853
 9.96104E-03     778.404     768.523     737.054     755.410     709.973     935.181     979.599     812.706     293.171     316.574
 9.98104E-03     778.404     768.523     737.054     755.410     709.973     935.181     977.161    1537.210     293.171     316.574
 1.00010E-02     778.404     768.523     737.054     755.410     709.973     935.181     974.860    2537.537     293.171     316.574
