# Melt Pool Geometry History
# time(s)  length(m)  depth(m)  width(m)  volume(m3)  Tpeak(K)  laser_on
 2.10000E-05   0.00000E+00   0.00000E+00   0.00000E+00   7.66170E-14      293.00  1
 4.10000E-05   3.98462E-05   1.01531E-04   3.97304E-05   2.36796E-13     1838.72  1
 6.10000E-05   7.22412E-05   1.08101E-04   5.64498E-05   3.67380E-13     2527.52  1
 8.10000E-05   1.00892E-04   1.08843E-04   6.09805E-05   4.89309E-13     2779.39  1
 1.01000E-04   1.28725E-04   1.09144E-04   6.21234E-05   6.09393E-13     2868.63  1
 1.21000E-04   1.54903E-04   1.09186E-04   6.32615E-05   7.17785E-13     2887.60  1
 1.41000E-04   1.81468E-04   1.09236E-04   6.38253E-05   6.87996E-13     2870.17  0
 1.61000E-04   1.82197E-04   1.07342E-04   6.40490E-05   6.49409E-13     2520.04  0
 1.81000E-04   1.82358E-04   1.02812E-04   6.38513E-05   6.08524E-13     2383.32  0
 2.01000E-04   1.81481E-04   9.67646E-05   6.33473E-05   5.39623E-13     2249.97  0
 2.21000E-04   1.83088E-04   9.19274E-05   6.69467E-05   5.09425E-13     2067.84  0
 2.41000E-04   1.83603E-04   8.60359E-05   6.85409E-05   4.75721E-13     1940.33  0
 2.61000E-04   1.83571E-04   8.00065E-05   6.86633E-05   4.42941E-13     1852.31  0
 2.81000E-04   1.83349E-04   7.39553E-05   6.82908E-05   4.11341E-13     1791.15  0
 3.01000E-04   1.83067E-04   6.83411E-05   6.76791E-05   3.80730E-13     1745.27  0
 3.21000E-04   1.82817E-04   6.29283E-05   6.69346E-05   3.50479E-13     1710.01  0
 3.41000E-04   1.82730E-04   5.77182E-05   6.61459E-05   3.20340E-13     1682.65  0
 3.61000E-04   1.82655E-04   5.27519E-05   6.53726E-05   2.90515E-13     1661.80  0
 3.81000E-04   1.82558E-04   4.80299E-05   6.47304E-05   2.60926E-13     1645.85  0
 4.01000E-04   1.82442E-04   4.36508E-05   6.44746E-05   2.31980E-13     1634.20  0
 4.21000E-04   1.82305E-04   3.97759E-05   6.44105E-05   2.04455E-13     1626.57  0
 4.41000E-04   1.82134E-04   3.69514E-05   6.43365E-05   1.78131E-13     1622.97  0
 4.61000E-04   1.81924E-04   3.35693E-05   6.42511E-05   1.53148E-13     1622.16  0
 4.81000E-04   1.81648E-04   3.05498E-05   6.41493E-05   1.29352E-13     1621.01  0
 5.01000E-04   1.81287E-04   2.82770E-05   6.40266E-05   1.06959E-13     1619.50  0
 5.21000E-04   1.78185E-04   2.72127E-05   6.38762E-05   8.59166E-14     1617.58  0
 5.41000E-04   1.70829E-04   2.33840E-05   6.36885E-05   6.69673E-14     1615.21  0
 5.61000E-04   1.58333E-04   2.08466E-05   6.34496E-05   4.97467E-14     1612.30  0
 5.81000E-04   1.47739E-04   1.87305E-05   6.31536E-05   3.49211E-14     1608.80  0
 6.01000E-04   1.22999E-04   1.64330E-05   5.64666E-05   1.93666E-14     1604.05  0
 6.21000E-04   1.08294E-04   1.40149E-05   6.17649E-05   1.02697E-14     1599.05  0
 6.41000E-04   8.78062E-05   1.25088E-05   5.47299E-05   9.02333E-14     1593.26  1
 6.61000E-04   4.38316E-05   1.04139E-04   4.21061E-05   2.48424E-13     1864.27  1
 6.81000E-04   7.74227E-05   1.08964E-04   5.95563E-05   4.06567E-13     2573.74  1
 7.01000E-04   1.06701E-04   1.10026E-04   6.46160E-05   5.54739E-13     2851.21  1
 7.21000E-04   1.36052E-04   1.10636E-04   7.12545E-05   7.05326E-13     2929.22  1
 7.41000E-04   1.65701E-04   1.11043E-04   7.43988E-05   8.67638E-13     2989.61  1
 7.61000E-04   1.95214E-04   1.11145E-04   8.29332E-05   1.02325E-12     2978.90  1
 7.81000E-04   2.24068E-04   1.11240E-04   8.49390E-05   1.16636E-12     2976.63  1
 8.01000E-04   2.37987E-04   1.10517E-04   8.84574E-05   1.32449E-12     2900.22  1
 8.21000E-04   2.65855E-04   1.10438E-04   9.22959E-05   1.45088E-12     2902.18  1
 8.41000E-04   2.94408E-04   1.10361E-04   9.51915E-05   1.56590E-12     2887.31  1
 8.61000E-04   3.22720E-04   1.09858E-04   9.76858E-05   1.67960E-12     2873.10  1
 8.81000E-04   3.52105E-04   1.09585E-04   9.88227E-05   1.61416E-12     2815.31  0
 9.01000E-04   3.52023E-04   1.07676E-04   9.93021E-05   1.53800E-12     2436.30  0
 9.21000E-04   3.52089E-04   1.03296E-04   9.96822E-05   1.45874E-12     2237.57  0
 9.41000E-04   3.52132E-04   9.88462E-05   9.98677E-05   1.37841E-12     2102.75  0
 9.61000E-04   3.52156E-04   9.45272E-05   9.98817E-05   1.29873E-12     2007.54  0
 9.81000E-04   3.52146E-04   9.00492E-05   9.97715E-05   1.22373E-12     1934.06  0
 1.00100E-03   3.51120E-04   8.55333E-05   9.89577E-05   1.13835E-12     1876.24  0
 1.02100E-03   3.51692E-04   8.15621E-05   9.87780E-05   1.06659E-12     1826.31  0
 1.04100E-03   3.51555E-04   7.76434E-05   9.80536E-05   9.96277E-13     1785.77  0
 1.06100E-03   3.51356E-04   7.31652E-05   9.74209E-05   9.27452E-13     1751.17  0
 1.08100E-03   3.51117E-04   6.90187E-05   9.67365E-05   8.59631E-13     1723.03  0
 1.10100E-03   3.50831E-04   6.54602E-05   9.59995E-05   7.93609E-13     1699.26  0
 1.12100E-03   3.50464E-04   6.26039E-05   9.49774E-05   7.29534E-13     1679.57  0
 1.14100E-03   3.46143E-04   5.86794E-05   9.37380E-05   6.67622E-13     1663.25  0
 1.16100E-03   3.37978E-04   5.54682E-05   9.12859E-05   6.07951E-13     1650.07  0
 1.18100E-03   3.28193E-04   5.28902E-05   8.79922E-05   5.50693E-13     1639.69  0
 1.20100E-03   3.19342E-04   4.93932E-05   8.69056E-05   4.95905E-13     1631.77  0
 1.22100E-03   3.12827E-04   4.71714E-05   8.61373E-05   4.44191E-13     1626.30  0
 1.24100E-03   3.06353E-04   4.38966E-05   8.59590E-05   3.95419E-13     1623.31  0
 1.26100E-03   2.99131E-04   4.14965E-05   8.58682E-05   3.49215E-13     1622.61  0
 1.28100E-03   2.94237E-04   3.88184E-05   8.57670E-05   3.06218E-13     1621.94  0
 1.30100E-03   2.86197E-04   3.66084E-05   8.56483E-05   2.65992E-13     1621.07  0
 1.32100E-03   2.81352E-04   3.40234E-05   8.55083E-05   2.28747E-13     1619.97  0
 1.34100E-03   2.72508E-04   3.24833E-05   8.53474E-05   1.94278E-13     1618.63  0
 1.36100E-03   2.57413E-04   2.94983E-05   8.51582E-05   1.62472E-13     1617.04  0
 1.38100E-03   2.43749E-04   2.80290E-05   8.49343E-05   2.09321E-13     1615.18  1
 1.40100E-03   3.92093E-05   1.01614E-04   3.92140E-05   3.37776E-13     1797.63  1
 1.42100E-03   7.63824E-05   1.08486E-04   5.76466E-05   4.51957E-13     2500.19  1
 1.44100E-03   1.05716E-04   1.09575E-04   6.32888E-05   5.77494E-13     2737.62  1
 1.46100E-03   1.31756E-04   1.10193E-04   6.53183E-05   7.17498E-13     2840.88  1
 1.48100E-03   1.61310E-04   1.10829E-04   7.67955E-05   8.69549E-13     2836.94  1
 1.50100E-03   3.02265E-04   1.11297E-04   1.49551E-04   1.02586E-12     2870.20  1
 1.52100E-03   2.88852E-04   1.11697E-04   1.40824E-04   1.18667E-12     2900.68  1
 1.54100E-03   2.73760E-04   1.11844E-04   1.33652E-04   1.35098E-12     2874.05  1
 1.56100E-03   2.71463E-04   1.12167E-04   1.29043E-04   1.51001E-12     2908.64  1
 1.58100E-03   2.94771E-04   1.12313E-04   1.22055E-04   1.66704E-12     2967.89  1
 1.60100E-03   3.20582E-04   1.12180E-04   1.20156E-04   1.81988E-12     2909.70  1
 1.62100E-03   3.51297E-04   1.12110E-04   1.18468E-04   1.96435E-12     2924.73  1
 1.64100E-03   3.80075E-04   1.12165E-04   1.17548E-04   2.09327E-12     2946.30  1
 1.66100E-03   4.02930E-04   1.11871E-04   1.17294E-04   2.21431E-12     2962.18  1
 1.68100E-03   4.31032E-04   1.11504E-04   1.17177E-04   2.33693E-12     2911.88  1
 1.70100E-03   4.57887E-04   1.11197E-04   1.18974E-04   2.44119E-12     2892.18  1
 1.72100E-03   4.81525E-04   1.10560E-04   1.19800E-04   2.53818E-12     2867.13  1
 1.74100E-03   5.10557E-04   1.10187E-04   1.20071E-04   2.61528E-12     2832.24  1
 1.76100E-03   5.36411E-04   1.09730E-04   1.20117E-04   2.52260E-12     2843.18  0
 1.78100E-03   5.36769E-04   1.07801E-04   1.19982E-04   2.41643E-12     2465.91  0
 1.80100E-03   5.30429E-04   1.03354E-04   1.19082E-04   2.28989E-12     2279.62  0
 1.82100E-03   5.27172E-04   9.90000E-05   1.19764E-04   2.17731E-12     2143.59  0
 1.84100E-03   5.25042E-04   9.48606E-05   1.19456E-04   2.06159E-12     2031.91  0
 1.86100E-03   5.19152E-04   9.05939E-05   1.18880E-04   1.94483E-12     1948.58  0
 1.88100E-03   5.15320E-04   8.68707E-05   1.18242E-04   1.83098E-12     1883.38  0
 1.90100E-03   5.10241E-04   8.29312E-05   1.17544E-04   1.72197E-12     1832.72  0
 1.92100E-03   5.05043E-04   7.87764E-05   1.16564E-04   1.61657E-12     1790.46  0
 1.94100E-03   5.00180E-04   7.51826E-05   1.15538E-04   1.51439E-12     1755.40  0
 1.96100E-03   4.94310E-04   7.25840E-05   1.13956E-04   1.41600E-12     1726.69  0
 1.98100E-03   4.89625E-04   6.86939E-05   1.10184E-04   1.32028E-12     1703.11  0
 2.00100E-03   4.80834E-04   6.46090E-05   1.06944E-04   1.17102E-12     1682.98  0
 2.02100E-03   4.79485E-04   6.23809E-05   1.10668E-04   1.07336E-12     1665.58  0
 2.04100E-03   4.75029E-04   5.87222E-05   1.06891E-04   9.80438E-13     1651.07  0
 2.06100E-03   4.66548E-04   5.59831E-05   1.05575E-04   8.92032E-13     1639.53  0
 2.08100E-03   4.61424E-04   5.34405E-05   1.04645E-04   8.09052E-13     1631.18  0
 2.10100E-03   4.50973E-04   5.06926E-05   1.03659E-04   7.31093E-13     1625.77  0
 2.12100E-03   4.40370E-04   4.83843E-05   1.02403E-04   6.58386E-13     1623.14  0
 2.14100E-03   4.32462E-04   4.57044E-05   9.93764E-05   5.90056E-13     1622.55  0
 2.16100E-03   4.18832E-04   4.34981E-05   9.66443E-05   5.25939E-13     1621.88  0
 2.18100E-03   4.11439E-04   4.11245E-05   9.53646E-05   4.66203E-13     1621.01  0
 2.20100E-03   3.94014E-04   3.86694E-05   8.99566E-05   3.89527E-13     1619.71  0
 2.22100E-03   3.84781E-04   3.68046E-05   9.47422E-05   3.35632E-13     1618.44  0
 2.24100E-03   3.72463E-04   3.43126E-05   9.30899E-05   2.86645E-13     1617.00  0
 2.26100E-03   3.56761E-04   3.28695E-05   9.16983E-05   3.26779E-13     1615.40  1
 2.28100E-03   4.24520E-05   1.04111E-04   4.37614E-05   4.51428E-13     1857.44  1
 2.30100E-03   7.70933E-05   1.08922E-04   5.87886E-05   5.63191E-13     2581.17  1
 2.32100E-03   1.07297E-04   1.10054E-04   6.38624E-05   6.83088E-13     2834.57  1
 2.34100E-03   1.37131E-04   1.10639E-04   7.28345E-05   8.17081E-13     2891.89  1
 2.36100E-03   1.66651E-04   1.11249E-04   8.06072E-05   9.57527E-13     2900.98  1
 2.38100E-03   4.25966E-04   1.11719E-04   1.54582E-04   1.10443E-12     2932.34  1
 2.40100E-03   4.13771E-04   1.11821E-04   1.50646E-04   1.28231E-12     2934.76  1
 2.42100E-03   3.99947E-04   1.12036E-04   1.53476E-04   1.45472E-12     2914.89  1
 2.44100E-03   3.86293E-04   1.12429E-04   1.48688E-04   1.62001E-12     2897.27  1
 2.46100E-03   3.70643E-04   1.12588E-04   1.46479E-04   1.78820E-12     2943.08  1
 2.48100E-03   3.53140E-04   1.12656E-04   1.40494E-04   1.95693E-12     2901.10  1
 2.50100E-03   3.42656E-04   1.12714E-04   1.36160E-04   2.11795E-12     2917.39  1
 2.52100E-03   3.67819E-04   1.12728E-04   1.31167E-04   2.27463E-12     2969.86  1
 2.54100E-03   3.96441E-04   1.12740E-04   1.31223E-04   2.42745E-12     2932.51  1
 2.56100E-03   4.25077E-04   1.12709E-04   1.31266E-04   2.56696E-12     2955.08  1
 2.58100E-03   4.53978E-04   1.12643E-04   1.31251E-04   2.69622E-12     2990.79  1
 2.60100E-03   4.78190E-04   1.12528E-04   1.31251E-04   2.81266E-12     2981.29  1
 2.62100E-03   5.12182E-04   1.12331E-04   1.31457E-04   2.92107E-12     2976.08  1
 2.64100E-03   5.41497E-04   1.12290E-04   1.31630E-04   3.01584E-12     2999.90  1
 2.66100E-03   5.56463E-04   1.11990E-04   1.31718E-04   3.10621E-12     2981.12  1
 2.68100E-03   5.83602E-04   1.11621E-04   1.31644E-04   3.17814E-12     2966.93  1
 2.70100E-03   6.06389E-04   1.11329E-04   1.31580E-04   3.23721E-12     2924.64  1
 2.72100E-03   6.32319E-04   1.10779E-04   1.31502E-04   3.28818E-12     2919.97  1
 2.74100E-03   6.55371E-04   1.10423E-04   1.31338E-04   3.31938E-12     2861.24  1
 2.76100E-03   6.81401E-04   1.10022E-04   1.31022E-04   3.18076E-12     2875.07  0
 2.78100E-03   6.74084E-04   1.07957E-04   1.30646E-04   3.02989E-12     2457.20  0
 2.80100E-03   6.65299E-04   1.03647E-04   1.29993E-04   2.84691E-12     2243.76  0
 2.82100E-03   6.61806E-04   9.95250E-05   1.30614E-04   2.69521E-12     2107.61  0
 2.84100E-03   6.54777E-04   9.55850E-05   1.29779E-04   2.54665E-12     2013.58  0
 2.86100E-03   6.51842E-04   9.18603E-05   1.28412E-04   2.40273E-12     1943.25  0
 2.88100E-03   6.44750E-04   8.78064E-05   1.25730E-04   2.26357E-12     1885.99  0
 2.90100E-03   6.41112E-04   8.33982E-05   1.23120E-04   2.12936E-12     1838.76  0
 2.92100E-03   6.32167E-04   7.92867E-05   1.21781E-04   1.99906E-12     1799.01  0
 2.94100E-03   6.26877E-04   7.57154E-05   1.20546E-04   1.87245E-12     1764.90  0
 2.96100E-03   6.18761E-04   7.27319E-05   1.19336E-04   1.75007E-12     1735.93  0
 2.98100E-03   6.14814E-04   6.87584E-05   1.17941E-04   1.63113E-12     1711.20  0
 3.00100E-03   6.06711E-04   6.48341E-05   1.15029E-04   1.47022E-12     1689.61  0
 3.02100E-03   6.00033E-04   6.26022E-05   1.14858E-04   1.35162E-12     1669.93  0
 3.04100E-03   5.93887E-04   5.89529E-05   1.13747E-04   1.23789E-12     1653.59  0
 3.06100E-03   5.86074E-04   5.64334E-05   1.12502E-04   1.12884E-12     1640.77  0
 3.08100E-03   5.81004E-04   5.35941E-05   1.09654E-04   1.02562E-12     1631.74  0
 3.10100E-03   5.72913E-04   5.09493E-05   1.07240E-04   9.27858E-13     1625.86  0
 3.12100E-03   5.64570E-04   4.84900E-05   1.06054E-04   8.35669E-13     1623.04  0
 3.14100E-03   5.56495E-04   4.59278E-05   1.05108E-04   7.48958E-13     1622.40  0
 3.16100E-03   5.43860E-04   4.36014E-05   1.04073E-04   6.67588E-13     1621.56  0
 3.18100E-03   5.32313E-04   4.15260E-05   1.02782E-04   5.91570E-13     1620.54  0
 3.20100E-03   5.16812E-04   3.90333E-05   9.67860E-05   5.00224E-13     1619.21  0
 3.22100E-03   5.04316E-04   3.76339E-05   1.01334E-04   4.32492E-13     1617.84  0
 3.24100E-03   4.92116E-04   3.48788E-05   9.80857E-05   3.69353E-13     1616.32  0
 3.26100E-03   4.76752E-04   3.34062E-05   9.55034E-05   3.98462E-13     1614.65  1
 3.28100E-03   4.41281E-05   1.03980E-04   4.44292E-05   5.07715E-13     1847.51  1
 3.30100E-03   7.63822E-05   1.08945E-04   5.89903E-05   6.09629E-13     2573.23  1
 3.32100E-03   1.00198E-04   1.10157E-04   6.39033E-05   7.24604E-13     2830.80  1
 3.34100E-03   1.28307E-04   1.10808E-04   7.38223E-05   8.52587E-13     2835.46  1
 3.36100E-03   1.57607E-04   1.11399E-04   8.35098E-05   9.88834E-13     2871.59  1
 3.38100E-03   5.27555E-04   1.11934E-04   1.60299E-04   1.13369E-12     2925.84  1
 3.40100E-03   5.09920E-04   1.11929E-04   1.57672E-04   1.30889E-12     2873.96  1
 3.42100E-03   4.95702E-04   1.12166E-04   1.57802E-04   1.47930E-12     2877.05  1
 3.44100E-03   4.78651E-04   1.12617E-04   1.56460E-04   1.64521E-12     2913.60  1
 3.46100E-03   4.60615E-04   1.12743E-04   1.54710E-04   1.80962E-12     2959.06  1
 3.48100E-03   4.38628E-04   1.12825E-04   1.48417E-04   1.97950E-12     2915.75  1
 3.50099E-03   4.12534E-04   1.12906E-04   1.45694E-04   2.14514E-12     2936.66  1
 3.52099E-03   3.68727E-04   1.12942E-04   1.26544E-04   2.30269E-12     2973.03  1
 3.54099E-03   3.93195E-04   1.12995E-04   1.26536E-04   2.46415E-12     2957.51  1
 3.56099E-03   4.22273E-04   1.13023E-04   1.26165E-04   2.61511E-12     2976.67  1
 3.58099E-03   4.48781E-04   1.13018E-04   1.26033E-04   2.75620E-12     2989.56  1
 3.60099E-03   4.70826E-04   1.13002E-04   1.26040E-04   2.88932E-12     2956.16  1
 3.62099E-03   5.01960E-04   1.12955E-04   1.26308E-04   3.02216E-12     2956.37  1
 3.64099E-03   5.30808E-04   1.13047E-04   1.26827E-04   3.14402E-12     2982.24  1
 3.66099E-03   5.57470E-04   1.12970E-04   1.26851E-04   3.25799E-12     2985.45  1
 3.68099E-03   5.81361E-04   1.12917E-04   1.27081E-04   3.36627E-12     2958.69  1
 3.70099E-03   6.04556E-04   1.12820E-04   1.26785E-04   3.46425E-12     2974.47  1
 3.72099E-03   6.28211E-04   1.12701E-04   1.26342E-04   3.55163E-12     2971.64  1
 3.74099E-03   6.46479E-04   1.12566E-04   1.25963E-04   3.63064E-12     2941.80  1
 3.76099E-03   6.71890E-04   1.12328E-04   1.25774E-04   3.69876E-12     2955.77  1
 3.78099E-03   6.92325E-04   1.12036E-04   1.25563E-04   3.75324E-12     2938.42  1
 3.80099E-03   7.12872E-04   1.11631E-04   1.25402E-04   3.80034E-12     2895.49  1
 3.82099E-03   7.35951E-04   1.11284E-04   1.25221E-04   3.83032E-12     2881.36  1
 3.84099E-03   7.57526E-04   1.11011E-04   1.24998E-04   3.84877E-12     2886.11  1
 3.86099E-03   7.81305E-04   1.10443E-04   1.24711E-04   3.86221E-12     2845.30  1
 3.88099E-03   8.04952E-04   1.10159E-04   1.24348E-04   3.69757E-12     2825.82  0
 3.90099E-03   8.00399E-04   1.08022E-04   1.23980E-04   3.52177E-12     2429.25  0
 3.92099E-03   7.93045E-04   1.03969E-04   1.23575E-04   3.34199E-12     2232.27  0
 3.94099E-03   7.89611E-04   1.00124E-04   1.23087E-04   3.16292E-12     2104.40  0
 3.96099E-03   7.82388E-04   9.64336E-05   1.22528E-04   2.98703E-12     2011.83  0
 3.98099E-03   7.78544E-04   9.27314E-05   1.21894E-04   2.81654E-12     1939.44  0
 4.00099E-03   7.69203E-04   8.81221E-05   1.20552E-04   2.62910E-12     1881.31  0
 4.02099E-03   7.62715E-04   8.37414E-05   1.20963E-04   2.46442E-12     1827.83  0
 4.04099E-03   7.58029E-04   7.96451E-05   1.19367E-04   2.30345E-12     1781.32  0
 4.06099E-03   7.49024E-04   7.59685E-05   1.18375E-04   2.14683E-12     1742.96  0
 4.08099E-03   7.44847E-04   7.26616E-05   1.17389E-04   1.99506E-12     1712.27  0
 4.10099E-03   7.35922E-04   6.84824E-05   1.16407E-04   1.84800E-12     1687.33  0
 4.12099E-03   7.29597E-04   6.48898E-05   1.15254E-04   1.70675E-12     1667.55  0
 4.14099E-03   7.23382E-04   6.23420E-05   1.14148E-04   1.57151E-12     1652.05  0
 4.16100E-03   7.15220E-04   5.87180E-05   1.12831E-04   1.44262E-12     1640.12  0
 4.18100E-03   7.10617E-04   5.58739E-05   1.09617E-04   1.31919E-12     1631.57  0
 4.20100E-03   6.97848E-04   5.28092E-05   1.05539E-04   1.15774E-12     1625.69  0
 4.22100E-03   6.92021E-04   4.97007E-05   1.11080E-04   1.04308E-12     1622.98  0
 4.24100E-03   6.83854E-04   4.79045E-05   1.07259E-04   9.36149E-13     1622.30  0
 4.26100E-03   6.69359E-04   4.49365E-05   1.05754E-04   8.35752E-13     1621.43  0
 4.28100E-03   6.56174E-04   4.31708E-05   1.04737E-04   7.42090E-13     1620.39  0
 4.30100E-03   6.43974E-04   4.05904E-05   1.03698E-04   6.53750E-13     1619.19  0
 4.32100E-03   6.30471E-04   3.87161E-05   1.02651E-04   5.72407E-13     1617.87  0
 4.34100E-03   6.14314E-04   3.69114E-05   1.01059E-04   4.96553E-13     1616.45  0
 4.36100E-03   6.00186E-04   3.44487E-05   9.68486E-05   4.25418E-13     1614.91  0
 4.38100E-03   5.83052E-04   3.30504E-05   9.52178E-05   4.45942E-13     1613.21  1
 4.40100E-03   3.88569E-05   1.02771E-04   3.92048E-05   5.33953E-13     1811.42  1
 4.42100E-03   7.51225E-05   1.08636E-04   5.79136E-05   6.20095E-13     2507.06  1
 4.44100E-03   1.04505E-04   1.09790E-04   6.32092E-05   7.15579E-13     2760.47  1
 4.46100E-03   1.34181E-04   1.10451E-04   6.68056E-05   8.34945E-13     2855.14  1
 4.48100E-03   1.64240E-04   1.11115E-04   7.64733E-05   9.66059E-13     2854.28  1
 4.50100E-03   1.93575E-04   1.11624E-04   8.38898E-05   1.10184E-12     2916.65  1
 4.52100E-03   2.23091E-04   1.12119E-04   8.84196E-05   1.24540E-12     2961.03  1
 4.54100E-03   2.52702E-04   1.12307E-04   9.55650E-05   1.39936E-12     2971.82  1
 4.56100E-03   2.82753E-04   1.12609E-04   9.91728E-05   1.55633E-12     3012.59  1
 4.58100E-03   3.11913E-04   1.12762E-04   1.04670E-04   1.71505E-12     3037.79  1
 4.60100E-03   3.22783E-04   1.12809E-04   1.07396E-04   1.87355E-12     3026.58  1
 4.62100E-03   3.55390E-04   1.12887E-04   1.09732E-04   2.05394E-12     3027.41  1
 4.64100E-03   3.84377E-04   1.13078E-04   1.13609E-04   2.22760E-12     3018.89  1
 4.66100E-03   4.13430E-04   1.13087E-04   1.18041E-04   2.39172E-12     3041.97  1
 4.68100E-03   4.42963E-04   1.13144E-04   1.20184E-04   2.55739E-12     3040.84  1
 4.70100E-03   4.72004E-04   1.13175E-04   1.21905E-04   2.71686E-12     3070.67  1
 4.72100E-03   5.01901E-04   1.13172E-04   1.22944E-04   2.86683E-12     3072.78  1
 4.74100E-03   5.16159E-04   1.13229E-04   1.23805E-04   3.01420E-12     3072.19  1
 4.76100E-03   5.44558E-04   1.13286E-04   1.24328E-04   3.15332E-12     3093.11  1
 4.78100E-03   5.73242E-04   1.13212E-04   1.24931E-04   3.28459E-12     3061.84  1
 4.80100E-03   5.95729E-04   1.13203E-04   1.25561E-04   3.40973E-12     3050.68  1
 4.82100E-03   6.24096E-04   1.13158E-04   1.25789E-04   3.52848E-12     3059.32  1
 4.84100E-03   6.47098E-04   1.13214E-04   1.26159E-04   3.63867E-12     3088.98  1
 4.86100E-03   6.72567E-04   1.13172E-04   1.26301E-04   3.74071E-12     3089.20  1
 4.88100E-03   6.79844E-04   1.13118E-04   1.26450E-04   3.83960E-12     3079.27  1
 4.90100E-03   7.04212E-04   1.13055E-04   1.26573E-04   3.92799E-12     3096.21  1
 4.92100E-03   7.25516E-04   1.12937E-04   1.26820E-04   4.01070E-12     3059.27  1
 4.94100E-03   7.50754E-04   1.12866E-04   1.26712E-04   4.08531E-12     3041.16  1
 4.96100E-03   7.73369E-04   1.12732E-04   1.26144E-04   4.14795E-12     3057.20  1
 4.98100E-03   7.99347E-04   1.12601E-04   1.25321E-04   4.20142E-12     3043.37  1
 5.00100E-03   8.05111E-04   1.12342E-04   1.25075E-04   4.24675E-12     3033.21  1
 5.02100E-03   8.30575E-04   1.11994E-04   1.24910E-04   4.28130E-12     3001.56  1
 5.04100E-03   8.55889E-04   1.11874E-04   1.24732E-04   4.30374E-12     2998.72  1
 5.06100E-03   8.78784E-04   1.11430E-04   1.24523E-04   4.31492E-12     2994.52  1
 5.08100E-03   9.01816E-04   1.11078E-04   1.24273E-04   4.31233E-12     2957.54  1
 5.10100E-03   9.25971E-04   1.10809E-04   1.23993E-04   4.30315E-12     2927.29  1
 5.12100E-03   9.33115E-04   1.10211E-04   1.23679E-04   4.12088E-12     2903.56  0
 5.14100E-03   9.28352E-04   1.08091E-04   1.23325E-04   3.92762E-12     2481.01  0
 5.16100E-03   9.22807E-04   1.04312E-04   1.22927E-04   3.72927E-12     2266.28  0
 5.18100E-03   9.15426E-04   1.00773E-04   1.22527E-04   3.53056E-12     2126.19  0
 5.20100E-03   9.08730E-04   9.73854E-05   1.21598E-04   3.28809E-12     2026.46  0
 5.22100E-03   9.01936E-04   9.30267E-05   1.23904E-04   3.09856E-12     1939.14  0
 5.24100E-03   8.94935E-04   8.87253E-05   1.23358E-04   2.90857E-12     1866.07  0
 5.26100E-03   8.86411E-04   8.45744E-05   1.20549E-04   2.72045E-12     1806.64  0
 5.28100E-03   8.80898E-04   8.08130E-05   1.19072E-04   2.53682E-12     1760.28  0
 5.30100E-03   8.71731E-04   7.75424E-05   1.18055E-04   2.35849E-12     1724.72  0
 5.32100E-03   8.67274E-04   7.32063E-05   1.17064E-04   2.18572E-12     1696.39  0
 5.34100E-03   8.57785E-04   6.92366E-05   1.16107E-04   2.01947E-12     1674.43  0
 5.36100E-03   8.50327E-04   6.58492E-05   1.15164E-04   1.86010E-12     1657.10  0
 5.38100E-03   8.44018E-04   6.28328E-05   1.14217E-04   1.70811E-12     1643.78  0
 5.40100E-03   8.32668E-04   5.81617E-05   1.09595E-04   1.51134E-12     1633.49  0
 5.42100E-03   8.26952E-04   5.50444E-05   1.13193E-04   1.36948E-12     1626.84  0
 5.44100E-03   8.16462E-04   5.29368E-05   1.12324E-04   1.23707E-12     1623.42  0
 5.46101E-03   8.06003E-04   4.97364E-05   1.10934E-04   1.11258E-12     1622.57  0
 5.48101E-03   7.96116E-04   4.78516E-05   1.07355E-04   9.95661E-13     1621.82  0
 5.50101E-03   7.86064E-04   4.48063E-05   1.05973E-04   8.85839E-13     1620.92  0
 5.52101E-03   7.74456E-04   4.30233E-05   1.04954E-04   7.83231E-13     1619.84  0
 5.54101E-03   7.53810E-04   4.02690E-05   1.03910E-04   6.87253E-13     1618.60  0
 5.56101E-03   7.31687E-04   3.84678E-05   1.02844E-04   5.98681E-13     1617.20  0
 5.58101E-03   7.11152E-04   3.62479E-05   1.01409E-04   5.15997E-13     1615.65  0
 5.60101E-03   6.90484E-04   3.37008E-05   9.35048E-05   4.23445E-13     1613.53  0
 5.62101E-03   6.69940E-04   3.20631E-05   1.00347E-04   4.26220E-13     1611.79  1
 5.64101E-03   4.42321E-05   1.03621E-04   4.19799E-05   5.24367E-13     1850.43  1
 5.66101E-03   7.28830E-05   1.08646E-04   5.83971E-05   6.13884E-13     2551.79  1
 5.68101E-03   1.03073E-04   1.09749E-04   6.32150E-05   7.09355E-13     2753.94  1
 5.70101E-03   1.33268E-04   1.10372E-04   6.48979E-05   8.08394E-13     2836.87  1
 5.72101E-03   1.59595E-04   1.10886E-04   6.86020E-05   9.32543E-13     2917.22  1
 5.74101E-03   1.84750E-04   1.11367E-04   8.10353E-05   1.07345E-12     2946.09  1
 5.76101E-03   2.14014E-04   1.11780E-04   8.86666E-05   1.21981E-12     2963.91  1
 5.78101E-03   2.41112E-04   1.12265E-04   9.38135E-05   1.37340E-12     3005.28  1
 5.80101E-03   2.64745E-04   1.12262E-04   9.95828E-05   1.55649E-12     2951.86  1
 5.82101E-03   2.92743E-04   1.12560E-04   1.04649E-04   1.72871E-12     2955.25  1
 5.84101E-03   3.20566E-04   1.12841E-04   1.09064E-04   1.89520E-12     2976.84  1
 5.86101E-03   3.44057E-04   1.12950E-04   1.11736E-04   2.06262E-12     2995.55  1
 5.88101E-03   3.72219E-04   1.13060E-04   1.13721E-04   2.23120E-12     2982.56  1
 5.90101E-03   4.01527E-04   1.13131E-04   1.15248E-04   2.38983E-12     2989.04  1
 5.92101E-03   4.27235E-04   1.13184E-04   1.16566E-04   2.54641E-12     2991.80  1
 5.94101E-03   4.52291E-04   1.13250E-04   1.19467E-04   2.70302E-12     2978.13  1
 5.96101E-03   4.81509E-04   1.13302E-04   1.20833E-04   2.85125E-12     3008.63  1
 5.98101E-03   5.07383E-04   1.13335E-04   1.21899E-04   2.99363E-12     3004.99  1
 6.00101E-03   5.29035E-04   1.13367E-04   1.22584E-04   3.12458E-12     2972.64  1
 6.02101E-03   5.57004E-04   1.13332E-04   1.23306E-04   3.25785E-12     2980.73  1
 6.04101E-03   5.83396E-04   1.13430E-04   1.23905E-04   3.38522E-12     3021.46  1
 6.06101E-03   6.08758E-04   1.13501E-04   1.24265E-04   3.50254E-12     3022.01  1
 6.08101E-03   6.26090E-04   1.13497E-04   1.24568E-04   3.61940E-12     3005.30  1
 6.10101E-03   6.51442E-04   1.13533E-04   1.24716E-04   3.72947E-12     3017.23  1
 6.12101E-03   6.72324E-04   1.13428E-04   1.24818E-04   3.83024E-12     3019.04  1
 6.14101E-03   6.92823E-04   1.13435E-04   1.24903E-04   3.92927E-12     3006.09  1
 6.16101E-03   7.14406E-04   1.13459E-04   1.25037E-04   4.02175E-12     3017.77  1
 6.18101E-03   7.39075E-04   1.13332E-04   1.25074E-04   4.10484E-12     3014.87  1
 6.20101E-03   7.56932E-04   1.13257E-04   1.25153E-04   4.18316E-12     3002.44  1
 6.22101E-03   7.81959E-04   1.13195E-04   1.25162E-04   4.25608E-12     2991.39  1
 6.24101E-03   8.03619E-04   1.13172E-04   1.25165E-04   4.32052E-12     3012.28  1
 6.26101E-03   8.28325E-04   1.13088E-04   1.25151E-04   4.37998E-12     3008.18  1
 6.28101E-03   8.45147E-04   1.12989E-04   1.25073E-04   4.43121E-12     2995.93  1
 6.30101E-03   8.71095E-04   1.12870E-04   1.24948E-04   4.47387E-12     2996.32  1
 6.32101E-03   8.91558E-04   1.12746E-04   1.24793E-04   4.51043E-12     2991.13  1
 6.34101E-03   9.12292E-04   1.12613E-04   1.24647E-04   4.53674E-12     2961.87  1
 6.36101E-03   9.34454E-04   1.12418E-04   1.24471E-04   4.55632E-12     2969.79  1
 6.38101E-03   9.57242E-04   1.12174E-04   1.24243E-04   4.56259E-12     2959.13  1
 6.40101E-03   9.73909E-04   1.11748E-04   1.24004E-04   4.56397E-12     2928.36  1
 6.42101E-03   9.95603E-04   1.11447E-04   1.23668E-04   4.55116E-12     2902.55  1
 6.44101E-03   1.01716E-03   1.11367E-04   1.23265E-04   4.53360E-12     2955.24  1
 6.46101E-03   1.03753E-03   1.10993E-04   1.22804E-04   4.50171E-12     2937.55  1
 6.48101E-03   1.05481E-03   1.10504E-04   1.22367E-04   4.46814E-12     2869.77  1
 6.50101E-03   1.07746E-03   1.10277E-04   1.21788E-04   4.25895E-12     2831.07  0
 6.52101E-03   1.06833E-03   1.08093E-04   1.21144E-04   4.03965E-12     2445.47  0
 6.54101E-03   1.06319E-03   1.04133E-04   1.20453E-04   3.82025E-12     2247.66  0
 6.56101E-03   1.05247E-03   1.00398E-04   1.19556E-04   3.60043E-12     2118.52  0
 6.58101E-03   1.04252E-03   9.68839E-05   1.18568E-04   3.38828E-12     2021.70  0
 6.60101E-03   1.03338E-03   9.25037E-05   1.16619E-04   3.10319E-12     1945.30  0
 6.62101E-03   1.02307E-03   8.79870E-05   1.18135E-04   2.89051E-12     1876.79  0
 6.64101E-03   1.01277E-03   8.34287E-05   1.16251E-04   2.68099E-12     1815.32  0
 6.66101E-03   1.00270E-03   7.90432E-05   1.15450E-04   2.47752E-12     1763.95  0
 6.68101E-03   9.95294E-04   7.48700E-05   1.14799E-04   2.28052E-12     1722.61  0
 6.70101E-03   9.85076E-04   7.11882E-05   1.14021E-04   2.09203E-12     1690.51  0
 6.72101E-03   9.74381E-04   6.76993E-05   1.13218E-04   1.91203E-12     1666.44  0
 6.74101E-03   9.63746E-04   6.34618E-05   1.12052E-04   1.74135E-12     1648.69  0
 6.76101E-03   9.52875E-04   5.96637E-05   1.09452E-04   1.57965E-12     1636.26  0
 6.78102E-03   9.41692E-04   5.67267E-05   1.07203E-04   1.42742E-12     1628.36  0
 6.80102E-03   9.25323E-04   5.31841E-05   1.01877E-04   1.23362E-12     1623.86  0
 6.82102E-03   9.15659E-04   4.98346E-05   1.09145E-04   1.09412E-12     1622.57  0
 6.84102E-03   9.01587E-04   4.76478E-05   1.05835E-04   9.64755E-13     1621.67  0
 6.86102E-03   8.82707E-04   4.42038E-05   1.04457E-04   8.45361E-13     1620.46  0
 6.88102E-03   8.64772E-04   4.22343E-05   1.03290E-04   7.34631E-13     1619.07  0
 6.90102E-03   8.42182E-04   3.91724E-05   1.02156E-04   6.32794E-13     1617.45  0
 6.92102E-03   8.23337E-04   3.75146E-05   1.00639E-04   5.39278E-13     1615.61  0
 6.94102E-03   7.99838E-04   3.44368E-05   9.66748E-05   4.53232E-13     1613.57  0
 6.96102E-03   7.77949E-04   3.28341E-05   9.18413E-05   3.74939E-13     1611.53  0
 6.98102E-03   7.50368E-04   3.00349E-05   8.77750E-05   3.04334E-13     1609.56  0
 7.00102E-03   7.18480E-04   2.79304E-05   8.35598E-05   3.16468E-13     1607.06  1
 7.02102E-03   4.26128E-05   1.03546E-04   5.02983E-05   4.24002E-13     1853.95  1
 7.04102E-03   7.60995E-05   1.08604E-04   5.73943E-05   5.22812E-13     2478.18  1
 7.06102E-03   1.06629E-04   1.09670E-04   6.27633E-05   6.31416E-13     2759.73  1
 7.08102E-03   1.36393E-04   1.10499E-04   6.72883E-05   7.56058E-13     2879.32  1
 7.10102E-03   1.65930E-04   1.11077E-04   7.58907E-05   8.94576E-13     2910.55  1
 7.12102E-03   1.95634E-04   1.11581E-04   8.25839E-05   1.04465E-12     2924.19  1
 7.14102E-03   2.25340E-04   1.12097E-04   8.71160E-05   1.20186E-12     2976.26  1
 7.16102E-03   2.54542E-04   1.12481E-04   9.28469E-05   1.36798E-12     3014.07  1
 7.18102E-03   2.68148E-04   1.12644E-04   9.66917E-05   1.53827E-12     3027.20  1
 7.20102E-03   2.95493E-04   1.12729E-04   9.90683E-05   1.70202E-12     3019.45  1
 7.22102E-03   3.25491E-04   1.12866E-04   1.03829E-04   1.87168E-12     3017.31  1
 7.24102E-03   3.54539E-04   1.13075E-04   1.06478E-04   2.04797E-12     3051.68  1
 7.26102E-03   3.83783E-04   1.13104E-04   1.10732E-04   2.21563E-12     3059.44  1
 7.28102E-03   4.13067E-04   1.13186E-04   1.12939E-04   2.38433E-12     3060.25  1
 7.30102E-03   4.42594E-04   1.13250E-04   1.14686E-04   2.54582E-12     3097.45  1
 7.32102E-03   4.72351E-04   1.13299E-04   1.15389E-04   2.70291E-12     3108.31  1
 7.34102E-03   5.01339E-04   1.13381E-04   1.18003E-04   2.85841E-12     3107.41  1
 7.36102E-03   5.13387E-04   1.13496E-04   1.19461E-04   3.00434E-12     3119.75  1
 7.38102E-03   5.43178E-04   1.13496E-04   1.20625E-04   3.14463E-12     3096.74  1
 7.40102E-03   5.64989E-04   1.13505E-04   1.21565E-04   3.27931E-12     3060.49  1
 7.42102E-03   5.93464E-04   1.13517E-04   1.22566E-04   3.41022E-12     3059.78  1
 7.44102E-03   6.17668E-04   1.13566E-04   1.23109E-04   3.53365E-12     3082.03  1
 7.46102E-03   6.43191E-04   1.13653E-04   1.23479E-04   3.64781E-12     3071.61  1
 7.48102E-03   6.55876E-04   1.13656E-04   1.23727E-04   3.76606E-12     3061.55  1
 7.50102E-03   6.77564E-04   1.13695E-04   1.23901E-04   3.87078E-12     3083.61  1
 7.52102E-03   7.03658E-04   1.13585E-04   1.23954E-04   3.97076E-12     3077.37  1
 7.54102E-03   7.25845E-04   1.13599E-04   1.24057E-04   4.06779E-12     3075.43  1
 7.56102E-03   7.52101E-04   1.13646E-04   1.24099E-04   4.15921E-12     3102.81  1
 7.58102E-03   7.75263E-04   1.13536E-04   1.24173E-04   4.24106E-12     3103.68  1
 7.60102E-03   7.96313E-04   1.13491E-04   1.24210E-04   4.32119E-12     3088.32  1
 7.62102E-03   8.23002E-04   1.13469E-04   1.24256E-04   4.39638E-12     3094.71  1
 7.64102E-03   8.34340E-04   1.13423E-04   1.24298E-04   4.46165E-12     3105.40  1
 7.66102E-03   8.56240E-04   1.13435E-04   1.24339E-04   4.52523E-12     3076.92  1
 7.68102E-03   8.82321E-04   1.13376E-04   1.24324E-04   4.58451E-12     3032.81  1
 7.70102E-03   9.03439E-04   1.13331E-04   1.24289E-04   4.63309E-12     3053.41  1
 7.72102E-03   9.29306E-04   1.13170E-04   1.24233E-04   4.67846E-12     3044.09  1
 7.74102E-03   9.37770E-04   1.13118E-04   1.24162E-04   4.71877E-12     3045.57  1
 7.76102E-03   9.59681E-04   1.13030E-04   1.24066E-04   4.74894E-12     3044.63  1
 7.78102E-03   9.83697E-04   1.12902E-04   1.23965E-04   4.77376E-12     3028.15  1
 7.80102E-03   1.00343E-03   1.12783E-04   1.23767E-04   4.78684E-12     3020.95  1
 7.82102E-03   1.02119E-03   1.12628E-04   1.23496E-04   4.79227E-12     3013.61  1
 7.84102E-03   1.03935E-03   1.12609E-04   1.23159E-04   4.79165E-12     3021.10  1
 7.86102E-03   1.06092E-03   1.12389E-04   1.22831E-04   4.78223E-12     3007.88  1
 7.88102E-03   1.07860E-03   1.12106E-04   1.22552E-04   4.77226E-12     2976.26  1
 7.90102E-03   1.10293E-03   1.11875E-04   1.22135E-04   4.75286E-12     2948.04  1
 7.92102E-03   1.12308E-03   1.11598E-04   1.21681E-04   4.72604E-12     2956.25  1
 7.94102E-03   1.14008E-03   1.11224E-04   1.21200E-04   4.68804E-12     2919.10  1
 7.96102E-03   1.16032E-03   1.11028E-04   1.20472E-04   4.64385E-12     2922.45  1
 7.98102E-03   1.18448E-03   1.10561E-04   1.19654E-04   4.59059E-12     2897.56  1
 8.00102E-03   1.19327E-03   1.10263E-04   1.17730E-04   4.35037E-12     2832.34  0
 8.02102E-03   1.18977E-03   1.08118E-04   1.16834E-04   4.11792E-12     2434.08  0
 8.04102E-03   1.17996E-03   1.04274E-04   1.15638E-04   3.88193E-12     2218.08  0
 8.06102E-03   1.17066E-03   1.00509E-04   1.13069E-04   3.64448E-12     2079.49  0
 8.08102E-03   1.16154E-03   9.72681E-05   1.11403E-04   3.41268E-12     1979.92  0
 8.10102E-03   1.15095E-03   9.28991E-05   1.10517E-04   3.18723E-12     1907.03  0
 8.12102E-03   1.13950E-03   8.84405E-05   1.09721E-04   2.96965E-12     1848.40  0
 8.14102E-03   1.12725E-03   8.40192E-05   1.08830E-04   2.76009E-12     1801.47  0
 8.16103E-03   1.11480E-03   7.98279E-05   1.07896E-04   2.55878E-12     1762.77  0
 8.18103E-03   1.10230E-03   7.58728E-05   1.06726E-04   2.36521E-12     1731.65  0
 8.20103E-03   1.08985E-03   7.24964E-05   1.05493E-04   2.18048E-12     1705.05  0
 8.22103E-03   1.07729E-03   6.80627E-05   1.03797E-04   2.00317E-12     1682.57  0
 8.24103E-03   1.06366E-03   6.38493E-05   1.00040E-04   1.83354E-12     1664.08  0
 8.26103E-03   1.04949E-03   6.00591E-05   9.80389E-05   1.67158E-12     1649.26  0
 8.28103E-03   1.03499E-03   5.71703E-05   9.68927E-05   1.51786E-12     1637.88  0
 8.30103E-03   1.02057E-03   5.33693E-05   9.59639E-05   1.37215E-12     1630.03  0
 8.32103E-03   1.00647E-03   4.98384E-05   9.49432E-05   1.23449E-12     1625.11  0
 8.34103E-03   9.89853E-04   4.75746E-05   9.39106E-05   1.10569E-12     1622.95  0
 8.36103E-03   9.72565E-04   4.39145E-05   9.22489E-05   9.84753E-13     1622.37  0
 8.38103E-03   9.55560E-04   4.14783E-05   8.83216E-05   8.70630E-13     1621.53  0
 8.40103E-03   9.30389E-04   3.83123E-05   8.47249E-05   7.17241E-13     1620.41  0
 8.42103E-03   9.11712E-04   3.57310E-05   9.15591E-05   6.09867E-13     1619.01  0
 8.44103E-03   8.88541E-04   3.36008E-05   9.01523E-05   5.13321E-13     1617.27  0
 8.46103E-03   8.53141E-04   3.15006E-05   8.56688E-05   4.25483E-13     1615.19  0
 8.48103E-03   8.19311E-04   2.91473E-05   8.40208E-05   3.46654E-13     1612.76  0
 8.50103E-03   7.83092E-04   2.77072E-05   8.26021E-05   3.85392E-13     1610.10  1
 8.52103E-03   4.30607E-05   1.06969E-04   4.89427E-05   5.08676E-13     1942.54  1
 8.54103E-03   7.57105E-04   1.10191E-04   1.47197E-04   6.45659E-13     2624.46  1
 8.56103E-03   7.26655E-04   1.11485E-04   1.47666E-04   7.86524E-13     2819.37  1
 8.58103E-03   6.93017E-04   1.12170E-04   1.47489E-04   9.36073E-13     2923.75  1
 8.60103E-03   6.53150E-04   1.12179E-04   1.44687E-04   1.10484E-12     2907.81  1
 8.62103E-03   6.07510E-04   1.12487E-04   1.45308E-04   1.27758E-12     2893.21  1
 8.64103E-03   5.57447E-04   1.12810E-04   1.41681E-04   1.45362E-12     2931.68  1
 8.66103E-03   4.99761E-04   1.12947E-04   1.37238E-04   1.63038E-12     2975.29  1
 8.68103E-03   2.66404E-04   1.13051E-04   1.26640E-04   1.81531E-12     2940.72  1
 8.70103E-03   2.92862E-04   1.13140E-04   1.26558E-04   1.99269E-12     2962.23  1
 8.72103E-03   3.19106E-04   1.13189E-04   1.26235E-04   2.16398E-12     2998.63  1
 8.74103E-03   3.43438E-04   1.13279E-04   1.25775E-04   2.33689E-12     2968.60  1
 8.76103E-03   3.72320E-04   1.13385E-04   1.25519E-04   2.50533E-12     3003.14  1
 8.78103E-03   3.99165E-04   1.13410E-04   1.25562E-04   2.66205E-12     3006.49  1
 8.80103E-03   4.23423E-04   1.13490E-04   1.25630E-04   2.82001E-12     2985.70  1
 8.82103E-03   4.52342E-04   1.13604E-04   1.25708E-04   2.97214E-12     3019.96  1
 8.84103E-03   4.79498E-04   1.13576E-04   1.25808E-04   3.11318E-12     3020.93  1
 8.86103E-03   5.03504E-04   1.13643E-04   1.25846E-04   3.25613E-12     3004.10  1
 8.88103E-03   5.32233E-04   1.13731E-04   1.25876E-04   3.38877E-12     3021.98  1
 8.90103E-03   5.59616E-04   1.13667E-04   1.25805E-04   3.51495E-12     3025.69  1
 8.92103E-03   5.83469E-04   1.13719E-04   1.25693E-04   3.63958E-12     3008.00  1
 8.94103E-03   6.12007E-04   1.13783E-04   1.25619E-04   3.75847E-12     3029.87  1
 8.96103E-03   6.39454E-04   1.13698E-04   1.25565E-04   3.86743E-12     3029.28  1
 8.98103E-03   6.63177E-04   1.13737E-04   1.25520E-04   3.97471E-12     3019.77  1
 9.00103E-03   6.89300E-04   1.13719E-04   1.25473E-04   4.07219E-12     2994.77  1
 9.02103E-03   7.12925E-04   1.13626E-04   1.25455E-04   4.16674E-12     2998.22  1
 9.04103E-03   7.33382E-04   1.13703E-04   1.25466E-04   4.25820E-12     3036.17  1
 9.06103E-03   7.58028E-04   1.13709E-04   1.25439E-04   4.34058E-12     3025.20  1
 9.08103E-03   7.77865E-04   1.13687E-04   1.25373E-04   4.42100E-12     3007.66  1
 9.10103E-03   7.98410E-04   1.13701E-04   1.25267E-04   4.49490E-12     3013.29  1
 9.12103E-03   8.22527E-04   1.13570E-04   1.25212E-04   4.56253E-12     3033.52  1
 9.14103E-03   8.44211E-04   1.13570E-04   1.25091E-04   4.62421E-12     3014.58  1
 9.16103E-03   8.63450E-04   1.13583E-04   1.24939E-04   4.68115E-12     3017.08  1
 9.18103E-03   8.89564E-04   1.13440E-04   1.24826E-04   4.73423E-12     3030.16  1
 9.20103E-03   9.06061E-04   1.13371E-04   1.24659E-04   4.77657E-12     3002.98  1
 9.22103E-03   9.32831E-04   1.13306E-04   1.24512E-04   4.81994E-12     3006.17  1
 9.24103E-03   9.53189E-04   1.13264E-04   1.24361E-04   4.85390E-12     3017.51  1
 9.26103E-03   9.75011E-04   1.13226E-04   1.24119E-04   4.88344E-12     3018.56  1
 9.28103E-03   9.94330E-04   1.13141E-04   1.23779E-04   4.90589E-12     3008.93  1
 9.30103E-03   1.01700E-03   1.13064E-04   1.23448E-04   4.92159E-12     2982.87  1
 9.32103E-03   1.03915E-03   1.12924E-04   1.23076E-04   4.93388E-12     3004.65  1
 9.34103E-03   1.05664E-03   1.12855E-04   1.22786E-04   4.93749E-12     2994.75  1
 9.36103E-03   1.08255E-03   1.12734E-04   1.22369E-04   4.93396E-12     2975.95  1
 9.38103E-03   1.10245E-03   1.12601E-04   1.21875E-04   4.92454E-12     2976.17  1
 9.40103E-03   1.12050E-03   1.12370E-04   1.21341E-04   4.90780E-12     2939.79  1
 9.42103E-03   1.14447E-03   1.12114E-04   1.20611E-04   4.88187E-12     2940.82  1
 9.44103E-03   1.16305E-03   1.12018E-04   1.19890E-04   4.85101E-12     2952.00  1
 9.46104E-03   1.18706E-03   1.11784E-04   1.18767E-04   4.81339E-12     2972.75  1
 9.48104E-03   1.20680E-03   1.11467E-04   1.17232E-04   4.76339E-12     2980.99  1
 9.50104E-03   1.22507E-03   1.11117E-04   1.14341E-04   4.54414E-12     2933.53  0
 9.52104E-03   1.22211E-03   1.08784E-04   1.13252E-04   4.31421E-12     2553.26  0
 9.54104E-03   1.21608E-03   1.06379E-04   1.12454E-04   4.07982E-12     2343.45  0
 9.56104E-03   1.20818E-03   1.03116E-04   1.11688E-04   3.84835E-12     2189.04  0
 9.58104E-03   1.20244E-03   9.91703E-05   1.10922E-04   3.61840E-12     2071.51  0
 9.60104E-03   1.19093E-03   9.47662E-05   1.09913E-04   3.31928E-12     1976.27  0
 9.62104E-03   1.18365E-03   9.15171E-05   1.12390E-04   3.08441E-12     1894.84  0
 9.64104E-03   1.17317E-03   8.79228E-05   1.11524E-04   2.85549E-12     1826.47  0
 9.66104E-03   1.16301E-03   8.37191E-05   1.08809E-04   2.63313E-12     1771.74  0
 9.68104E-03   1.15236E-03   7.99403E-05   1.06989E-04   2.41806E-12     1728.14  0
 9.70104E-03   1.14007E-03   7.68031E-05   1.06102E-04   2.21172E-12     1695.02  0
 9.72104E-03   1.12589E-03   7.30794E-05   1.05353E-04   2.01554E-12     1669.85  0
 9.74104E-03   1.11143E-03   6.90619E-05   1.04672E-04   1.83006E-12     1651.72  0
 9.76104E-03   1.09691E-03   6.56603E-05   1.03844E-04   1.65500E-12     1638.84  0
 9.78104E-03   1.08153E-03   6.27798E-05   1.03004E-04   1.49105E-12     1630.27  0
 9.80104E-03   1.05551E-03   5.86775E-05   9.72112E-05   1.28716E-12     1624.77  0
 9.82104E-03   1.04441E-03   5.55905E-05   1.02146E-04   1.13948E-12     1622.84  0
 9.84104E-03   1.01707E-03   5.29083E-05   1.01050E-04   1.00402E-12     1622.18  0
 9.86104E-03   9.91053E-04   4.93378E-05   9.78772E-05   8.78758E-13     1621.31  0
 9.88104E-03   9.59836E-04   4.69121E-05   9.59762E-05   7.63565E-13     1620.22  0
 9.90104E-03   9.28004E-04   4.36779E-05   9.47802E-05   6.57480E-13     1618.94  0
 9.92104E-03   8.97625E-04   4.08923E-05   9.37533E-05   5.60742E-13     1617.49  0
 9.94104E-03   8.64492E-04   3.83805E-05   9.26215E-05   4.72752E-13     1615.87  0
 9.96104E-03   8.28396E-04   3.55449E-05   9.12324E-05   3.93341E-13     1614.06  0
 9.98104E-03   7.94090E-04   3.33459E-05   8.79290E-05   3.21838E-13     1612.10  0
 1.00010E-02   7.47670E-04   3.03704E-05   7.88682E-05   4.08105E-13     1609.78  1
 1.00210E-02   7.12341E-04   1.08045E-04   1.45073E-04   5.61919E-13     2026.93  1
 1.00410E-02   6.69729E-04   1.11268E-04   1.47675E-04   7.15005E-13     2674.07  1
 1.00610E-02   6.22227E-04   1.12624E-04   1.48502E-04   8.84674E-13     2913.39  1
 1.00810E-02   5.73003E-04   1.12968E-04   1.46680E-04   1.05649E-12     2961.20  1
 1.01010E-02   5.30945E-04   1.13167E-04   1.42566E-04   1.23151E-12     3003.14  1
 1.01210E-02   4.88174E-04   1.13262E-04   1.41159E-04   1.41387E-12     3042.87  1
 1.01410E-02   4.40143E-04   1.13385E-04   1.39694E-04   1.59638E-12     3017.88  1
 1.01610E-02   3.84880E-04   1.13476E-04   1.36623E-04   1.78122E-12     3032.15  1
 1.01810E-02   3.08058E-04   1.13530E-04   1.36994E-04   1.98298E-12     3058.71  1
 1.02010E-02   3.00772E-04   1.13605E-04   1.40121E-04   2.17035E-12     3017.29  1
 1.02210E-02   3.29242E-04   1.13566E-04   1.41420E-04   2.36363E-12     3021.90  1
 1.02410E-02   3.57737E-04   1.13684E-04   1.42060E-04   2.55129E-12     3047.42  1
 1.02610E-02   3.86769E-04   1.13815E-04   1.42389E-04   2.72599E-12     3054.67  1
 1.02810E-02   4.16168E-04   1.13748E-04   1.42613E-04   2.89351E-12     3090.73  1
 1.03010E-02   4.45410E-04   1.13820E-04   1.42754E-04   3.05517E-12     3105.54  1
 1.03210E-02   4.74973E-04   1.13842E-04   1.42869E-04   3.21009E-12     3133.19  1
 1.03410E-02   5.04038E-04   1.13811E-04   1.42780E-04   3.35628E-12     3127.11  1
 1.03610E-02   5.17636E-04   1.13885E-04   1.42721E-04   3.50105E-12     3129.08  1
 1.03810E-02   5.46044E-04   1.13892E-04   1.42676E-04   3.63819E-12     3132.61  1
 1.04010E-02   5.73895E-04   1.13821E-04   1.42632E-04   3.76671E-12     3087.52  1
 1.04210E-02   6.03746E-04   1.13819E-04   1.42550E-04   3.89392E-12     3079.86  1
 1.04410E-02   6.32915E-04   1.13840E-04   1.42484E-04   4.01286E-12     3112.29  1
 1.04610E-02   6.62410E-04   1.13847E-04   1.42371E-04   4.12066E-12     3115.82  1
 1.04810E-02   6.91034E-04   1.13839E-04   1.42158E-04   4.23138E-12     3106.88  1
 1.05010E-02   7.04061E-04   1.13877E-04   1.41820E-04   4.33034E-12     3117.21  1
 1.05210E-02   7.31931E-04   1.13769E-04   1.41425E-04   4.42425E-12     3100.02  1
 1.05410E-02   7.55347E-04   1.13766E-04   1.41107E-04   4.51564E-12     3065.94  1
 1.05610E-02   7.79453E-04   1.13792E-04   1.40860E-04   4.59814E-12     3084.24  1
 1.05810E-02   8.03787E-04   1.13674E-04   1.40326E-04   4.67305E-12     3078.22  1
 1.06010E-02   8.14830E-04   1.13621E-04   1.39760E-04   4.74362E-12     3071.63  1
 1.06210E-02   8.35874E-04   1.13602E-04   1.39100E-04   4.81549E-12     3058.81  1
 1.06410E-02   8.60487E-04   1.13538E-04   1.37922E-04   4.87460E-12     3043.55  1
 1.06610E-02   8.86887E-04   1.13541E-04   1.35268E-04   4.92696E-12     3053.17  1
 1.06810E-02   9.09004E-04   1.13491E-04   1.33912E-04   4.97566E-12     3068.20  1
 1.07010E-02   9.35704E-04   1.13469E-04   1.33197E-04   5.01476E-12     3084.35  1
 1.07210E-02   9.62472E-04   1.13312E-04   1.32640E-04   5.04835E-12     3091.06  1
 1.07410E-02   9.85428E-04   1.13275E-04   1.32056E-04   5.07473E-12     3073.12  1
 1.07610E-02   9.95906E-04   1.13231E-04   1.31485E-04   5.09212E-12     3090.41  1
 1.07810E-02   1.01994E-03   1.13057E-04   1.30783E-04   5.10711E-12     3068.43  1
 1.08010E-02   1.04175E-03   1.12967E-04   1.30102E-04   5.11112E-12     3023.34  1
 1.08210E-02   1.06094E-03   1.12831E-04   1.29459E-04   5.10919E-12     3018.85  1
 1.08410E-02   1.08443E-03   1.12760E-04   1.28296E-04   5.10217E-12     3040.25  1
 1.08610E-02   1.10275E-03   1.12636E-04   1.25443E-04   5.08764E-12     3022.87  1
 1.08810E-02   1.12790E-03   1.12396E-04   1.24022E-04   4.89330E-12     2971.87  0
 1.09010E-02   1.12651E-03   1.10539E-04   1.23267E-04   4.68398E-12     2568.09  0
 1.09210E-02   1.12070E-03   1.08617E-04   1.22593E-04   4.46494E-12     2334.97  0
 1.09410E-02   1.11596E-03   1.06065E-04   1.21912E-04   4.24413E-12     2176.69  0
 1.09610E-02   1.11318E-03   1.03280E-04   1.21193E-04   4.02292E-12     2062.90  0
 1.09810E-02   1.10499E-03   9.99109E-05   1.20269E-04   3.80424E-12     1978.95  0
 1.10010E-02   1.10095E-03   9.70807E-05   1.17650E-04   3.55386E-12     1914.15  0
 1.10210E-02   1.09337E-03   9.35482E-05   1.16530E-04   3.34159E-12     1855.67  0
 1.10410E-02   1.08811E-03   9.02007E-05   1.15816E-04   3.13231E-12     1806.28  0
 1.10610E-02   1.07950E-03   8.76427E-05   1.14507E-04   2.92772E-12     1766.75  0
 1.10810E-02   1.07454E-03   8.38116E-05   1.11196E-04   2.72830E-12     1734.70  0
 1.11010E-02   1.06523E-03   8.06070E-05   1.09371E-04   2.53529E-12     1709.05  0
 1.11210E-02   1.06040E-03   7.78890E-05   1.08223E-04   2.34965E-12     1687.94  0
 1.11410E-02   1.05011E-03   7.41928E-05   1.07162E-04   2.17094E-12     1670.81  0
 1.11610E-02   1.04028E-03   7.14224E-05   1.06183E-04   2.00006E-12     1656.78  0
 1.11810E-02   1.03202E-03   6.83786E-05   1.05073E-04   1.83681E-12     1645.65  0
 1.12010E-02   1.02026E-03   6.42156E-05   1.01856E-04   1.63570E-12     1636.42  0
 1.12210E-02   1.01017E-03   6.21648E-05   1.04085E-04   1.48579E-12     1629.92  0
 1.12410E-02   9.98701E-04   5.88272E-05   1.03087E-04   1.34485E-12     1625.57  0
 1.12610E-02   9.85525E-04   5.63419E-05   1.01861E-04   1.21267E-12     1623.28  0
 1.12810E-02   9.70863E-04   5.35791E-05   9.86260E-05   1.08778E-12     1622.71  0
 1.13010E-02   9.55442E-04   5.09322E-05   9.67241E-05   9.70651E-13     1622.19  0
 1.13210E-02   9.29403E-04   4.84728E-05   9.56784E-05   8.61295E-13     1621.49  0
 1.13410E-02   9.02106E-04   4.58847E-05   9.48741E-05   7.59334E-13     1620.63  0
 1.13610E-02   8.72777E-04   4.35470E-05   9.39373E-05   6.64697E-13     1619.62  0
 1.13810E-02   8.43561E-04   4.12114E-05   9.29749E-05   7.31683E-13     1618.47  1
 1.14010E-02   8.02828E-04   1.08416E-04   1.52299E-04   8.53822E-13     2038.42  1
 1.14210E-02   7.72156E-04   1.11603E-04   1.58497E-04   9.93005E-13     2617.50  1
 1.14411E-02   7.37028E-04   1.12812E-04   1.59910E-04   1.14655E-12     2872.39  1
 1.14611E-02   6.98630E-04   1.13276E-04   1.59646E-04   1.29860E-12     2991.59  1
 1.14811E-02   6.62817E-04   1.13424E-04   1.58863E-04   1.46303E-12     3013.29  1
 1.15011E-02   6.20383E-04   1.13631E-04   1.55895E-04   1.63274E-12     3027.98  1
 1.15211E-02   5.80677E-04   1.13683E-04   1.55898E-04   1.79961E-12     3039.05  1
 1.15411E-02   5.36304E-04   1.13748E-04   1.56541E-04   1.98538E-12     3054.98  1
 1.15611E-02   4.96020E-04   1.13852E-04   1.60085E-04   2.17214E-12     3040.50  1
 1.15811E-02   4.51090E-04   1.13821E-04   1.61322E-04   2.35664E-12     3039.75  1
 1.16011E-02   4.05044E-04   1.13816E-04   1.61925E-04   2.54733E-12     3052.85  1
 1.16211E-02   3.65702E-04   1.13843E-04   1.62270E-04   2.73059E-12     3027.25  1
 1.16411E-02   3.87418E-04   1.13869E-04   1.62453E-04   2.91293E-12     3052.70  1
 1.16611E-02   4.13279E-04   1.13943E-04   1.62611E-04   3.07891E-12     3063.16  1
 1.16811E-02   4.36688E-04   1.13945E-04   1.62624E-04   3.24658E-12     3058.43  1
 1.17011E-02   4.64656E-04   1.13986E-04   1.62599E-04   3.40637E-12     3064.99  1
 1.17211E-02   4.91961E-04   1.13908E-04   1.62573E-04   3.55408E-12     3052.89  1
 1.17411E-02   5.15129E-04   1.13932E-04   1.62456E-04   3.70363E-12     3057.16  1
 1.17611E-02   5.43345E-04   1.13981E-04   1.62328E-04   3.84394E-12     3062.52  1
 1.17811E-02   5.72449E-04   1.13896E-04   1.62107E-04   3.97404E-12     3054.83  1
 1.18011E-02   5.96187E-04   1.13856E-04   1.61795E-04   4.09675E-12     3039.35  1
 1.18211E-02   6.31103E-04   1.13859E-04   1.61447E-04   4.22273E-12     3041.30  1
 1.18411E-02   6.53295E-04   1.13841E-04   1.61069E-04   4.33586E-12     3061.85  1
 1.18611E-02   6.76644E-04   1.13888E-04   1.60690E-04   4.43983E-12     3035.76  1
 1.18811E-02   7.00001E-04   1.13863E-04   1.60052E-04   4.54262E-12     3052.08  1
 1.19011E-02   7.23398E-04   1.13873E-04   1.59411E-04   4.63751E-12     3052.34  1
 1.19211E-02   7.52321E-04   1.13748E-04   1.58794E-04   4.72547E-12     3056.26  1
 1.19411E-02   7.77486E-04   1.13745E-04   1.57592E-04   4.80925E-12     3034.72  1
 1.19611E-02   8.01983E-04   1.13758E-04   1.55034E-04   4.88382E-12     3039.23  1
 1.19811E-02   8.30582E-04   1.13615E-04   1.53229E-04   4.95311E-12     3045.60  1
 1.20011E-02   8.49364E-04   1.13535E-04   1.52281E-04   5.01265E-12     3022.90  1
 1.20211E-02   8.77505E-04   1.13497E-04   1.51564E-04   5.07244E-12     3020.74  1
 1.20411E-02   8.92793E-04   1.13396E-04   1.50873E-04   5.11640E-12     3029.52  1
 1.20611E-02   9.16436E-04   1.13347E-04   1.50021E-04   5.15635E-12     3013.17  1
 1.20811E-02   9.34213E-04   1.13251E-04   1.49137E-04   5.18812E-12     3021.26  1
 1.21011E-02   9.58681E-04   1.13084E-04   1.47801E-04   5.21260E-12     3007.10  1
 1.21211E-02   9.83631E-04   1.12889E-04   1.44456E-04   5.04675E-12     2993.86  0
 1.21411E-02   9.79747E-04   1.11985E-04   1.42891E-04   4.86196E-12     2541.65  0
 1.21611E-02   9.74983E-04   1.09452E-04   1.41949E-04   4.66604E-12     2309.53  0
 1.21811E-02   9.72966E-04   1.07902E-04   1.41159E-04   4.46410E-12     2167.76  0
 1.22011E-02   9.68031E-04   1.04214E-04   1.38964E-04   4.21430E-12     2062.11  0
 1.22211E-02   9.67488E-04   1.02191E-04   1.39160E-04   4.00964E-12     1978.19  0
 1.22411E-02   9.60728E-04   9.86748E-05   1.37708E-04   3.80059E-12     1907.78  0
 1.22611E-02   9.58002E-04   9.57369E-05   1.36709E-04   3.59181E-12     1852.43  0
 1.22811E-02   9.55959E-04   9.30635E-05   1.35688E-04   3.38641E-12     1806.87  0
 1.23011E-02   9.49129E-04   8.95101E-05   1.34223E-04   3.18520E-12     1769.93  0
 1.23211E-02   9.45579E-04   8.73174E-05   1.30656E-04   2.98959E-12     1740.04  0
 1.23411E-02   9.43186E-04   8.36585E-05   1.28581E-04   2.79959E-12     1715.45  0
 1.23611E-02   9.35651E-04   8.08589E-05   1.27233E-04   2.61590E-12     1694.68  0
 1.23811E-02   9.32160E-04   7.82500E-05   1.25938E-04   2.43900E-12     1677.53  0
 1.24011E-02   9.22477E-04   7.48430E-05   1.22661E-04   2.21413E-12     1662.84  0
 1.24211E-02   9.18592E-04   7.27825E-05   1.24503E-04   2.04822E-12     1650.71  0
 1.24411E-02   9.10160E-04   6.94470E-05   1.23285E-04   1.88976E-12     1640.85  0
 1.24611E-02   9.02454E-04   6.75137E-05   1.22005E-04   1.73889E-12     1633.26  0
 1.24811E-02   8.90445E-04   6.40892E-05   1.18792E-04   1.59541E-12     1627.86  0
 1.25011E-02   8.83178E-04   6.19230E-05   1.16563E-04   1.45888E-12     1624.44  0
 1.25211E-02   8.71189E-04   5.89374E-05   1.15338E-04   1.32959E-12     1622.96  0
 1.25411E-02   8.59205E-04   5.66446E-05   1.14207E-04   1.20719E-12     1622.56  0
 1.25611E-02   8.51535E-04   5.38786E-05   1.13101E-04   1.09188E-12     1622.01  0
 1.25811E-02   8.36076E-04   5.16770E-05   1.11588E-04   9.83013E-13     1621.31  0
 1.26011E-02   8.20489E-04   4.82073E-05   1.03893E-04   8.56308E-13     1620.50  0
 1.26211E-02   8.07343E-04   4.58987E-05   1.10453E-04   9.21300E-13     1619.57  1
 1.26411E-02   7.92946E-04   1.08193E-04   1.67063E-04   1.05129E-12     2033.86  1
 1.26611E-02   7.75183E-04   1.11512E-04   1.70577E-04   1.18067E-12     2649.62  1
 1.26811E-02   7.59756E-04   1.12810E-04   1.71260E-04   1.31567E-12     2944.57  1
 1.27011E-02   7.41431E-04   1.13161E-04   1.70812E-04   1.46172E-12     3010.71  1
 1.27211E-02   7.19092E-04   1.13319E-04   1.69844E-04   1.62529E-12     3029.39  1
 1.27411E-02   6.98535E-04   1.13453E-04   1.69949E-04   1.79703E-12     3061.37  1
 1.27611E-02   6.71977E-04   1.13526E-04   1.69888E-04   1.97045E-12     3074.98  1
 1.27811E-02   6.46069E-04   1.13666E-04   1.70989E-04   2.14890E-12     3064.33  1
 1.28011E-02   6.09669E-04   1.13592E-04   1.71658E-04   2.33259E-12     3009.60  1
 1.28211E-02   5.79329E-04   1.13635E-04   1.74262E-04   2.51047E-12     3036.99  1
 1.28411E-02   5.43375E-04   1.13836E-04   1.73423E-04   2.68634E-12     3042.78  1
 1.28611E-02   5.03883E-04   1.13898E-04   1.73449E-04   2.85576E-12     3038.78  1
 1.28811E-02   4.62538E-04   1.13934E-04   1.73631E-04   3.03013E-12     3041.33  1
 1.29011E-02   4.17657E-04   1.13994E-04   1.73773E-04   3.19979E-12     3028.00  1
 1.29211E-02   4.44304E-04   1.13918E-04   1.73859E-04   3.35797E-12     3024.67  1
 1.29411E-02   4.72301E-04   1.13940E-04   1.73844E-04   3.51572E-12     3032.12  1
 1.29611E-02   4.93992E-04   1.13996E-04   1.73800E-04   3.66757E-12     3042.10  1
 1.29811E-02   5.24330E-04   1.13912E-04   1.73691E-04   3.80785E-12     3030.46  1
 1.30011E-02   5.48588E-04   1.13872E-04   1.73474E-04   3.94281E-12     3035.14  1
 1.30211E-02   5.82063E-04   1.13878E-04   1.73229E-04   4.07475E-12     3025.76  1
 1.30411E-02   6.11172E-04   1.13868E-04   1.72848E-04   4.19813E-12     3047.70  1
 1.30611E-02   6.37450E-04   1.13919E-04   1.72433E-04   4.31282E-12     3040.42  1
 1.30811E-02   6.50274E-04   1.13898E-04   1.72029E-04   4.42842E-12     3055.50  1
 1.31011E-02   6.77232E-04   1.13905E-04   1.71595E-04   4.53274E-12     3064.35  1
 1.31211E-02   7.03893E-04   1.13767E-04   1.70910E-04   4.63001E-12     3054.30  1
 1.31411E-02   7.28086E-04   1.13753E-04   1.70203E-04   4.72466E-12     3052.47  1
 1.31611E-02   7.54825E-04   1.13752E-04   1.69024E-04   4.80778E-12     3072.87  1
 1.31811E-02   7.82290E-04   1.13577E-04   1.67672E-04   4.88263E-12     3074.98  1
 1.32011E-02   8.04546E-04   1.13491E-04   1.64595E-04   4.95076E-12     3055.64  1
 1.32211E-02   8.17653E-04   1.13392E-04   1.63423E-04   5.00943E-12     3067.87  1
 1.32411E-02   8.40917E-04   1.13180E-04   1.62569E-04   4.87682E-12     3062.27  0
 1.32611E-02   8.38237E-04   1.12654E-04   1.61800E-04   4.72455E-12     2589.06  0
 1.32811E-02   8.36874E-04   1.10034E-04   1.60907E-04   4.56009E-12     2339.17  0
 1.33011E-02   8.35082E-04   1.08496E-04   1.60039E-04   4.38821E-12     2194.85  0
 1.33211E-02   8.28865E-04   1.05815E-04   1.58739E-04   4.21297E-12     2093.85  0
 1.33411E-02   8.26448E-04   1.03448E-04   1.56060E-04   4.03561E-12     2015.61  0
 1.33611E-02   8.24587E-04   1.00419E-04   1.53717E-04   3.85904E-12     1953.39  0
 1.33811E-02   8.19922E-04   9.81353E-05   1.52504E-04   3.68412E-12     1903.57  0
 1.34011E-02   8.14951E-04   9.43878E-05   1.51426E-04   3.45743E-12     1859.68  0
 1.34211E-02   8.14541E-04   9.24481E-05   1.52471E-04   3.28205E-12     1813.30  0
 1.34411E-02   8.07323E-04   8.89961E-05   1.51410E-04   3.10451E-12     1774.24  0
 1.34611E-02   8.05029E-04   8.65950E-05   1.47729E-04   2.92887E-12     1740.18  0
 1.34811E-02   8.02856E-04   8.36988E-05   1.46272E-04   2.75625E-12     1712.17  0
 1.35011E-02   7.96088E-04   8.10193E-05   1.45231E-04   2.58760E-12     1689.37  0
 1.35211E-02   7.93524E-04   7.84564E-05   1.44195E-04   2.42403E-12     1671.29  0
 1.35411E-02   7.91173E-04   7.56021E-05   1.43167E-04   2.26605E-12     1657.14  0
 1.35611E-02   7.84083E-04   7.33146E-05   1.41659E-04   2.11393E-12     1645.97  0
 1.35811E-02   7.81335E-04   7.04151E-05   1.37824E-04   1.96765E-12     1637.47  0
 1.36011E-02   7.75313E-04   6.75584E-05   1.33009E-04   1.78919E-12     1631.08  0
 1.36211E-02   7.73207E-04   6.45841E-05   1.38811E-04   1.65275E-12     1626.70  0
 1.36411E-02   7.65867E-04   6.28604E-05   1.35772E-04   1.52295E-12     1623.97  0
 1.36611E-02   7.62806E-04   5.98831E-05   1.34497E-04   1.39929E-12     1622.93  0
 1.36811E-02   7.55463E-04   5.80912E-05   1.33362E-04   1.28232E-12     1622.59  0
 1.37011E-02   7.51660E-04   5.52992E-05   1.32064E-04   1.17139E-12     1622.10  0
 1.37211E-02   7.36412E-04   5.33572E-05   1.29406E-04   1.06630E-12     1621.50  0
 1.37411E-02   7.24599E-04   5.08922E-05   1.26411E-04   1.12837E-12     1620.77  1
 1.37611E-02   7.10497E-04   1.08354E-04   1.84208E-04   1.25381E-12     2057.27  1
 1.37811E-02   6.97474E-04   1.11530E-04   1.89940E-04   1.37779E-12     2650.38  1
 1.38011E-02   6.80363E-04   1.12652E-04   1.89890E-04   1.51097E-12     2854.85  1
 1.38211E-02   6.72473E-04   1.13122E-04   1.89918E-04   1.65714E-12     2964.64  1
 1.38411E-02   6.59239E-04   1.13477E-04   1.89001E-04   1.80631E-12     3030.84  1
 1.38611E-02   6.44815E-04   1.13646E-04   1.85823E-04   1.95265E-12     3044.81  1
 1.38811E-02   6.32934E-04   1.13733E-04   1.84040E-04   2.11123E-12     3051.08  1
 1.39011E-02   6.18029E-04   1.13835E-04   1.83090E-04   2.27684E-12     3056.04  1
 1.39211E-02   6.05535E-04   1.13795E-04   1.85073E-04   2.44499E-12     3065.24  1
 1.39411E-02   5.93458E-04   1.13836E-04   1.84617E-04   2.61931E-12     3067.52  1
 1.39611E-02   5.78206E-04   1.13902E-04   1.82577E-04   2.79217E-12     3055.15  1
 1.39811E-02   5.63362E-04   1.13838E-04   1.83069E-04   2.95955E-12     3045.27  1
 1.40011E-02   5.45007E-04   1.13822E-04   1.83446E-04   3.12463E-12     3054.59  1
 1.40211E-02   5.26408E-04   1.13836E-04   1.83676E-04   3.28971E-12     3032.36  1
 1.40411E-02   5.05763E-04   1.13847E-04   1.83792E-04   3.45194E-12     3050.88  1
 1.40611E-02   4.80382E-04   1.13914E-04   1.83839E-04   3.60515E-12     3035.67  1
 1.40811E-02   4.89181E-04   1.13903E-04   1.83801E-04   3.75864E-12     3049.94  1
 1.41011E-02   5.14578E-04   1.13921E-04   1.83695E-04   3.90925E-12     3048.18  1
 1.41211E-02   5.42319E-04   1.13815E-04   1.83531E-04   4.04328E-12     3060.54  1
 1.41411E-02   5.65984E-04   1.13821E-04   1.83356E-04   4.17868E-12     3057.95  1
 1.41611E-02   5.94083E-04   1.13836E-04   1.83101E-04   4.30417E-12     3060.61  1
 1.41811E-02   6.21617E-04   1.13693E-04   1.82795E-04   4.41640E-12     3045.48  1
 1.42011E-02   6.43698E-04   1.13630E-04   1.82445E-04   4.52193E-12     3036.96  1
 1.42211E-02   6.74274E-04   1.13475E-04   1.81988E-04   4.61943E-12     3045.87  1
 1.42411E-02   6.96862E-04   1.13356E-04   1.81488E-04   4.52560E-12     3042.86  0
 1.42611E-02   6.98709E-04   1.12961E-04   1.80991E-04   4.41106E-12     2625.71  0
 1.42811E-02   6.96896E-04   1.10574E-04   1.80463E-04   4.27972E-12     2393.44  0
 1.43011E-02   6.91397E-04   1.08860E-04   1.79689E-04   4.13673E-12     2230.10  0
 1.43211E-02   6.89043E-04   1.06778E-04   1.78925E-04   3.98964E-12     2115.34  0
 1.43411E-02   6.86198E-04   1.03843E-04   1.77652E-04   3.84048E-12     2029.84  0
 1.43611E-02   6.80633E-04   1.01464E-04   1.75101E-04   3.68936E-12     1962.24  0
 1.43811E-02   6.78344E-04   9.86703E-05   1.72829E-04   3.53877E-12     1908.38  0
 1.44011E-02   6.73107E-04   9.53288E-05   1.71433E-04   3.32641E-12     1863.28  0
 1.44211E-02   6.73054E-04   9.31921E-05   1.73241E-04   3.17066E-12     1820.60  0
 1.44411E-02   6.71289E-04   9.01167E-05   1.72599E-04   3.01337E-12     1781.60  0
 1.44611E-02   6.65790E-04   8.80018E-05   1.71379E-04   2.85726E-12     1747.71  0
 1.44811E-02   6.63628E-04   8.48791E-05   1.67603E-04   2.70333E-12     1720.59  0
 1.45011E-02   6.61659E-04   8.28927E-05   1.66205E-04   2.55224E-12     1698.36  0
 1.45211E-02   6.55940E-04   7.97071E-05   1.65218E-04   2.40519E-12     1679.81  0
 1.45411E-02   6.53424E-04   7.78408E-05   1.64194E-04   2.26200E-12     1664.71  0
 1.45611E-02   6.51189E-04   7.46716E-05   1.63120E-04   2.12369E-12     1652.67  0
 1.45811E-02   6.45095E-04   7.28371E-05   1.61501E-04   1.99053E-12     1643.07  0
 1.46011E-02   6.36324E-04   6.94824E-05   1.54469E-04   1.82790E-12     1635.03  0
 1.46211E-02   6.32756E-04   6.79081E-05   1.60948E-04   1.70288E-12     1629.52  0
 1.46411E-02   6.24135E-04   6.50733E-05   1.57112E-04   1.58406E-12     1625.66  0
 1.46611E-02   6.15523E-04   6.32711E-05   1.55449E-04   1.47065E-12     1623.51  0
 1.46811E-02   6.08674E-04   6.07150E-05   1.54243E-04   1.36278E-12     1622.85  0
 1.47011E-02   5.99927E-04   5.87202E-05   1.53121E-04   1.25988E-12     1622.51  0
 1.47211E-02   5.93698E-04   5.66582E-05   1.51746E-04   1.16185E-12     1622.07  0
 1.47411E-02   5.86098E-04   5.42029E-05   1.48614E-04   1.23026E-12     1621.54  1
 1.47611E-02   5.76439E-04   1.08209E-04   2.07240E-04   1.35820E-12     2038.34  1
 1.47811E-02   5.71483E-04   1.11405E-04   2.10787E-04   1.48770E-12     2675.93  1
 1.48011E-02   5.58121E-04   1.12660E-04   2.10949E-04   1.62638E-12     2870.67  1
 1.48211E-02   5.53510E-04   1.13077E-04   2.10901E-04   1.77649E-12     2943.28  1
 1.48411E-02   5.44349E-04   1.13340E-04   2.09997E-04   1.92752E-12     3007.48  1
 1.48611E-02   5.35467E-04   1.13450E-04   2.08310E-04   2.07438E-12     3038.47  1
 1.48811E-02   5.26297E-04   1.13547E-04   2.05427E-04   2.24101E-12     3025.02  1
 1.49011E-02   5.20990E-04   1.13662E-04   2.07399E-04   2.40999E-12     3039.13  1
 1.49211E-02   5.09628E-04   1.13598E-04   2.07367E-04   2.57535E-12     3046.12  1
 1.49411E-02   5.00661E-04   1.13641E-04   2.06784E-04   2.74921E-12     3049.24  1
 1.49611E-02   4.94376E-04   1.13707E-04   2.05665E-04   2.91807E-12     3046.75  1
 1.49811E-02   4.85531E-04   1.13617E-04   2.02517E-04   3.07952E-12     3047.10  1
 1.50011E-02   4.75045E-04   1.13244E-04   2.00998E-04   3.23090E-12     3044.14  1
 1.50211E-02   4.70537E-04   1.13300E-04   2.05603E-04   3.39810E-12     2996.79  1
 1.50411E-02   4.60167E-04   1.13391E-04   2.06973E-04   3.55002E-12     3009.44  1
 1.50611E-02   4.66378E-04   1.13437E-04   2.07984E-04   3.69320E-12     3011.82  1
 1.50811E-02   4.94374E-04   1.13385E-04   2.08320E-04   3.83053E-12     3025.43  1
 1.51011E-02   5.22822E-04   1.13356E-04   2.08332E-04   3.95530E-12     3013.90  1
 1.51211E-02   5.51482E-04   1.13154E-04   2.08132E-04   3.87872E-12     3042.79  0
 1.51411E-02   5.51665E-04   1.12677E-04   2.07647E-04   3.78076E-12     2589.32  0
 1.51611E-02   5.51383E-04   1.10068E-04   2.06962E-04   3.66770E-12     2358.70  0
 1.51811E-02   5.50320E-04   1.08584E-04   2.06311E-04   3.54742E-12     2218.02  0
 1.52011E-02   5.48525E-04   1.06271E-04   2.04975E-04   3.41558E-12     2118.97  0
 1.52211E-02   5.45752E-04   1.03725E-04   2.04344E-04   3.28466E-12     2039.62  0
 1.52411E-02   5.42117E-04   1.01230E-04   2.02963E-04   3.15319E-12     1973.00  0
 1.52611E-02   5.37322E-04   9.86452E-05   2.00390E-04   3.02318E-12     1918.80  0
 1.52811E-02   5.34917E-04   9.59047E-05   1.99052E-04   2.89395E-12     1872.88  0
 1.53011E-02   5.30153E-04   9.34286E-05   1.97925E-04   2.76620E-12     1832.96  0
 1.53211E-02   5.26325E-04   9.05352E-05   1.96861E-04   2.64006E-12     1798.43  0
 1.53411E-02   5.24356E-04   8.82287E-05   1.95668E-04   2.51617E-12     1769.04  0
 1.53611E-02   5.21086E-04   8.51487E-05   1.94224E-04   2.39476E-12     1743.65  0
 1.53811E-02   5.16681E-04   8.30602E-05   1.91801E-04   2.27587E-12     1721.53  0
 1.54011E-02   5.14844E-04   7.99440E-05   1.88427E-04   2.15927E-12     1702.33  0
 1.54211E-02   5.12996E-04   7.80844E-05   1.86857E-04   2.04569E-12     1685.83  0
 1.54411E-02   5.07655E-04   7.53712E-05   1.85474E-04   1.93447E-12     1671.88  0
 1.54611E-02   5.05227E-04   7.34246E-05   1.84251E-04   1.82660E-12     1660.12  0
 1.54811E-02   5.03385E-04   7.09991E-05   1.82830E-04   1.72196E-12     1650.22  0
 1.55011E-02   4.98606E-04   6.88028E-05   1.79514E-04   1.62056E-12     1642.01  0
 1.55211E-02   4.95382E-04   6.68775E-05   1.77202E-04   1.52209E-12     1635.41  0
 1.55411E-02   4.93478E-04   6.42790E-05   1.75814E-04   1.42736E-12     1630.24  0
 1.55611E-02   4.89066E-04   6.27242E-05   1.74584E-04   1.33604E-12     1626.46  0
 1.55811E-02   4.85146E-04   5.98548E-05   1.73183E-04   1.24828E-12     1624.01  0
 1.56011E-02   4.78338E-04   5.75844E-05   1.68412E-04   1.14197E-12     1622.95  0
 1.56211E-02   4.81635E-04   5.51034E-05   1.71343E-04   1.21759E-12     1622.69  1
 1.56411E-02   4.76148E-04   1.08268E-04   2.28121E-04   1.35547E-12     2029.75  1
 1.56611E-02   4.65814E-04   1.11443E-04   2.30263E-04   1.49045E-12     2673.81  1
 1.56811E-02   4.56529E-04   1.12630E-04   2.30839E-04   1.63636E-12     2883.37  1
 1.57011E-02   4.45465E-04   1.13004E-04   2.30462E-04   1.78732E-12     2990.96  1
 1.57211E-02   4.35255E-04   1.13110E-04   2.29461E-04   1.93844E-12     3048.20  1
 1.57411E-02   4.26862E-04   1.13190E-04   2.25973E-04   2.09718E-12     3043.02  1
 1.57611E-02   4.16133E-04   1.13251E-04   2.24571E-04   2.26980E-12     3056.35  1
 1.57811E-02   4.10248E-04   1.13232E-04   2.26901E-04   2.44169E-12     3076.55  1
 1.58011E-02   3.96605E-04   1.13135E-04   2.25949E-04   2.62860E-12     3053.55  1
 1.58211E-02   3.90667E-04   1.13205E-04   2.27727E-04   2.80253E-12     3023.53  1
 1.58411E-02   3.83617E-04   1.13447E-04   2.26996E-04   2.96255E-12     3045.79  1
 1.58611E-02   3.87653E-04   1.13498E-04   2.26503E-04   2.92786E-12     3041.98  0
 1.58811E-02   3.83107E-04   1.12961E-04   2.25597E-04   2.86786E-12     2609.80  0
 1.59011E-02   3.81344E-04   1.10600E-04   2.24203E-04   2.79401E-12     2393.39  0
 1.59211E-02   3.79831E-04   1.08762E-04   2.22436E-04   2.71248E-12     2251.66  0
 1.59411E-02   3.75556E-04   1.06461E-04   2.21744E-04   2.62359E-12     2147.49  0
 1.59611E-02   3.73131E-04   1.03661E-04   2.21120E-04   2.53041E-12     2062.75  0
 1.59811E-02   3.71775E-04   1.00944E-04   2.20489E-04   2.43606E-12     1993.45  0
 1.60011E-02   3.68209E-04   9.83098E-05   2.19789E-04   2.33356E-12     1934.53  0
 1.60211E-02   3.65755E-04   9.55345E-05   2.19121E-04   2.23631E-12     1884.29  0
 1.60411E-02   3.63214E-04   9.33595E-05   2.18132E-04   2.13906E-12     1841.02  0
 1.60611E-02   3.59556E-04   9.05744E-05   2.17103E-04   2.04328E-12     1804.95  0
 1.60811E-02   3.57788E-04   8.83563E-05   2.15629E-04   1.94837E-12     1773.97  0
 1.61011E-02   3.57161E-04   8.55119E-05   2.13352E-04   1.85482E-12     1747.14  0
 1.61211E-02   3.56672E-04   8.33710E-05   2.10574E-04   1.76278E-12     1724.35  0
 1.61411E-02   3.56154E-04   8.05861E-05   2.09056E-04   1.67226E-12     1704.89  0
 1.61611E-02   3.55524E-04   7.83921E-05   2.07765E-04   1.58347E-12     1688.04  0
 1.61811E-02   3.54783E-04   7.56149E-05   2.06407E-04   1.49635E-12     1673.51  0
 1.62011E-02   3.47482E-04   7.32694E-05   2.03153E-04   1.36792E-12     1661.00  0
 1.62211E-02   3.50284E-04   7.05539E-05   2.08639E-04   1.27631E-12     1650.49  0
 1.62411E-02   3.43725E-04   6.84274E-05   2.05433E-04   1.19042E-12     1641.76  0
 1.62611E-02   3.41229E-04   6.58148E-05   2.04056E-04   1.10896E-12     1634.85  0
 1.62811E-02   3.35108E-04   6.35633E-05   2.02888E-04   1.03136E-12     1629.52  0
 1.63011E-02   3.29049E-04   6.13924E-05   2.01466E-04   9.57737E-13     1625.77  0
 1.63211E-02   3.25292E-04   5.90974E-05   1.97947E-04   8.87962E-13     1623.54  0
 1.63411E-02   3.19056E-04   5.76439E-05   1.95452E-04   8.21470E-13     1622.86  0
 1.63611E-02   3.10817E-04   5.48080E-05   1.93944E-04   9.09861E-13     1622.52  1
 1.63811E-02   3.05281E-04   1.07997E-04   2.52616E-04   1.06691E-12     2011.61  1
 1.64011E-02   2.98771E-04   1.11050E-04   2.56641E-04   1.20951E-12     2636.97  1
 1.64211E-02   2.91994E-04   1.12421E-04   2.54270E-04   1.36413E-12     2877.84  1
 1.64411E-02   2.85410E-04   1.12779E-04   2.53047E-04   1.52616E-12     2980.48  1
 1.64611E-02   2.80726E-04   1.12870E-04   2.52100E-04   1.70193E-12     3052.98  1
 1.64810E-02   2.72992E-04   1.12881E-04   2.54488E-04   1.87440E-12     3022.69  1
 1.65010E-02   2.66344E-04   1.12835E-04   2.51848E-04   1.85700E-12     3022.25  0
 1.65210E-02   2.62668E-04   1.11791E-04   2.49868E-04   1.81777E-12     2608.52  0
 1.65410E-02   2.55306E-04   1.09466E-04   2.48622E-04   1.76458E-12     2379.20  0
 1.65610E-02   2.48333E-04   1.08059E-04   2.47237E-04   1.70445E-12     2222.46  0
 1.65810E-02   2.44013E-04   1.05031E-04   2.43595E-04   1.63760E-12     2111.13  0
 1.66010E-02   2.38592E-04   1.02867E-04   2.40286E-04   1.54553E-12     2022.91  0
 1.66210E-02   2.37458E-04   9.96939E-05   2.42475E-04   1.46951E-12     1946.58  0
 1.66410E-02   2.36052E-04   9.76969E-05   2.41138E-04   1.39175E-12     1878.58  0
 1.66610E-02   2.34293E-04   9.42490E-05   2.36732E-04   1.31320E-12     1822.86  0
 1.66810E-02   2.34704E-04   9.20733E-05   2.34760E-04   1.23466E-12     1776.79  0
 1.67010E-02   2.34696E-04   8.87726E-05   2.33317E-04   1.15733E-12     1738.37  0
 1.67210E-02   2.34380E-04   8.59219E-05   2.31704E-04   1.08098E-12     1707.23  0
 1.67410E-02   2.33633E-04   8.32145E-05   2.27574E-04   1.00678E-12     1682.22  0
 1.67610E-02   2.32567E-04   7.97741E-05   2.25433E-04   9.35145E-13     1662.68  0
 1.67810E-02   2.31441E-04   7.76389E-05   2.23957E-04   8.66436E-13     1647.95  0
 1.68010E-02   2.30100E-04   7.40141E-05   2.22091E-04   7.88545E-13     1636.88  0
 1.68210E-02   2.28251E-04   7.16111E-05   2.18775E-04   7.21334E-13     1629.27  0
 1.68410E-02   2.26136E-04   6.85417E-05   2.16098E-04   6.59648E-13     1624.68  0
 1.68610E-02   2.22409E-04   6.53686E-05   2.14247E-04   6.02383E-13     1622.92  0
 1.68810E-02   2.17214E-04   6.29229E-05   2.11638E-04   5.48885E-13     1622.42  0
 1.69010E-02   2.14970E-04   5.92722E-05   2.04851E-04   4.98737E-13     1621.74  0
 1.69210E-02   2.11857E-04   5.66576E-05   2.00012E-04   4.51732E-13     1620.91  0
 1.69410E-02   2.06624E-04   5.35317E-05   1.97287E-04   4.07377E-13     1619.94  0
 1.69610E-02   2.04241E-04   5.03731E-05   1.94544E-04   3.66050E-13     1618.88  0
 1.69810E-02   2.01337E-04   4.80204E-05   1.88472E-04   3.27270E-13     1617.78  0
 1.70010E-02   1.95642E-04   4.46017E-05   1.82945E-04   2.88727E-13     1616.50  0
 1.70210E-02   1.93251E-04   4.28671E-05   1.79885E-04   2.55213E-13     1615.28  0
 1.70410E-02   1.90785E-04   3.99664E-05   1.74972E-04   2.24179E-13     1613.99  0
 1.70610E-02   1.79082E-04   3.83211E-05   1.69186E-04   1.95421E-13     1612.63  0
 1.70810E-02   1.70117E-04   3.60101E-05   1.62377E-04   1.68999E-13     1611.36  0
 1.71010E-02   1.62872E-04   3.40415E-05   1.55923E-04   1.44735E-13     1610.02  0
 1.71210E-02   1.51626E-04   3.28139E-05   1.48724E-04   1.22598E-13     1608.58  0
 1.71410E-02   1.45120E-04   3.05145E-05   1.43638E-04   1.02487E-13     1607.14  0
 1.71610E-02   1.39158E-04   2.90679E-05   1.36812E-04   8.45036E-14     1605.56  0
 1.71810E-02   1.28730E-04   2.79274E-05   1.27042E-04   6.82711E-14     1603.98  0
 1.72010E-02   1.23136E-04   2.57511E-05   1.22653E-04   5.40628E-14     1602.28  0
 1.72210E-02   1.14678E-04   2.42399E-05   1.12648E-04   4.16161E-14     1600.39  0
 1.72410E-02   1.05797E-04   2.31335E-05   1.04877E-04   3.09139E-14     1598.37  0
 1.72610E-02   9.78412E-05   2.11737E-05   9.65961E-05   2.19607E-14     1596.10  0
 1.72810E-02   8.81015E-05   1.93816E-05   8.74012E-05   1.45786E-14     1593.51  0
 1.73010E-02   7.88121E-05   1.80850E-05   7.72069E-05   8.83258E-15     1590.89  0
 1.73210E-02   6.81520E-05   1.55653E-05   6.88581E-05   4.55161E-15     1587.89  0
 1.73410E-02   5.65645E-05   1.35951E-05   5.53712E-05   1.74037E-15     1584.29  0
 1.73610E-02   4.38368E-05   1.05785E-05   4.14782E-05   2.52641E-16     1579.44  0
 1.73810E-02   2.47733E-05   7.07130E-06   2.38705E-05   0.00000E+00     1571.68  0
 1.74010E-02   0.00000E+00   0.00000E+00   0.00000E+00   0.00000E+00     1544.65  0
 1.74210E-02   0.00000E+00   0.00000E+00   0.00000E+00   0.00000E+00     1510.06  0
 1.74410E-02   0.00000E+00   0.00000E+00   0.00000E+00   0.00000E+00     1487.01  0
 1.74610E-02   0.00000E+00   0.00000E+00   0.00000E+00   0.00000E+00     1468.64  0
 1.74810E-02   0.00000E+00   0.00000E+00   0.00000E+00   0.00000E+00     1453.63  0
 1.75010E-02   0.00000E+00   0.00000E+00   0.00000E+00   0.00000E+00     1440.44  0
 1.75210E-02   0.00000E+00   0.00000E+00   0.00000E+00   0.00000E+00     1428.21  0
 1.75410E-02   0.00000E+00   0.00000E+00   0.00000E+00   0.00000E+00     1416.89  0
 1.75610E-02   0.00000E+00   0.00000E+00   0.00000E+00   0.00000E+00     1406.71  0
 1.75810E-02   0.00000E+00   0.00000E+00   0.00000E+00   0.00000E+00     1396.98  0
 1.76010E-02   0.00000E+00   0.00000E+00   0.00000E+00   0.00000E+00     1387.63  0
 1.76210E-02   0.00000E+00   0.00000E+00   0.00000E+00   0.00000E+00     1378.85  0
 1.76410E-02   0.00000E+00   0.00000E+00   0.00000E+00   0.00000E+00     1370.63  0
 1.76610E-02   0.00000E+00   0.00000E+00   0.00000E+00   0.00000E+00     1362.64  0
 1.76810E-02   0.00000E+00   0.00000E+00   0.00000E+00   0.00000E+00     1354.88  0
 1.77010E-02   0.00000E+00   0.00000E+00   0.00000E+00   0.00000E+00     1347.42  0
 1.77210E-02   0.00000E+00   0.00000E+00   0.00000E+00   0.00000E+00     1340.42  0
 1.77410E-02   0.00000E+00   0.00000E+00   0.00000E+00   0.00000E+00     1333.57  0
 1.77610E-02   0.00000E+00   0.00000E+00   0.00000E+00   0.00000E+00     1326.93  0
 1.77810E-02   0.00000E+00   0.00000E+00   0.00000E+00   0.00000E+00     1320.42  0
 1.78010E-02   0.00000E+00   0.00000E+00   0.00000E+00   0.00000E+00     1314.28  0
 1.78210E-02   0.00000E+00   0.00000E+00   0.00000E+00   0.00000E+00     1308.30  0
 1.78410E-02   0.00000E+00   0.00000E+00   0.00000E+00   0.00000E+00     1302.43  0
 1.78610E-02   0.00000E+00   0.00000E+00   0.00000E+00   0.00000E+00     1296.66  0
 1.78810E-02   0.00000E+00   0.00000E+00   0.00000E+00   0.00000E+00     1291.04  0
 1.79010E-02   0.00000E+00   0.00000E+00   0.00000E+00   0.00000E+00     1285.71  0
 1.79210E-02   0.00000E+00   0.00000E+00   0.00000E+00   0.00000E+00     1280.45  0
 1.79410E-02   0.00000E+00   0.00000E+00   0.00000E+00   0.00000E+00     1275.28  0
 1.79610E-02   0.00000E+00   0.00000E+00   0.00000E+00   0.00000E+00     1270.18  0
 1.79810E-02   0.00000E+00   0.00000E+00   0.00000E+00   0.00000E+00     1265.24  0
 1.80010E-02   0.00000E+00   0.00000E+00   0.00000E+00   0.00000E+00     1260.49  0
 1.80210E-02   0.00000E+00   0.00000E+00   0.00000E+00   0.00000E+00     1255.80  0
 1.80410E-02   0.00000E+00   0.00000E+00   0.00000E+00   0.00000E+00     1251.18  0
 1.80610E-02   0.00000E+00   0.00000E+00   0.00000E+00   0.00000E+00     1246.61  0
 1.80810E-02   0.00000E+00   0.00000E+00   0.00000E+00   0.00000E+00     1242.18  0
 1.81010E-02   0.00000E+00   0.00000E+00   0.00000E+00   0.00000E+00     1237.90  0
 1.81210E-02   0.00000E+00   0.00000E+00   0.00000E+00   0.00000E+00     1233.71  0
 1.81410E-02   0.00000E+00   0.00000E+00   0.00000E+00   0.00000E+00     1229.55  0
 1.81610E-02   0.00000E+00   0.00000E+00   0.00000E+00   0.00000E+00     1225.45  0
 1.81810E-02   0.00000E+00   0.00000E+00   0.00000E+00   0.00000E+00     1221.41  0
 1.82010E-02   0.00000E+00   0.00000E+00   0.00000E+00   0.00000E+00     1217.54  0
 1.82210E-02   0.00000E+00   0.00000E+00   0.00000E+00   0.00000E+00     1213.71  0
 1.82410E-02   0.00000E+00   0.00000E+00   0.00000E+00   0.00000E+00     1209.93  0
 1.82610E-02   0.00000E+00   0.00000E+00   0.00000E+00   0.00000E+00     1206.18  0
 1.82810E-02   0.00000E+00   0.00000E+00   0.00000E+00   0.00000E+00     1202.47  0
 1.83010E-02   0.00000E+00   0.00000E+00   0.00000E+00   0.00000E+00     1198.88  0
 1.83210E-02   0.00000E+00   0.00000E+00   0.00000E+00   0.00000E+00     1195.37  0
 1.83410E-02   0.00000E+00   0.00000E+00   0.00000E+00   0.00000E+00     1191.89  0
 1.83610E-02   0.00000E+00   0.00000E+00   0.00000E+00   0.00000E+00     1188.45  0
 1.83810E-02   0.00000E+00   0.00000E+00   0.00000E+00   0.00000E+00     1185.04  0
 1.84010E-02   0.00000E+00   0.00000E+00   0.00000E+00   0.00000E+00     1181.66  0
 1.84210E-02   0.00000E+00   0.00000E+00   0.00000E+00   0.00000E+00     1178.41  0
 1.84410E-02   0.00000E+00   0.00000E+00   0.00000E+00   0.00000E+00     1175.20  0
 1.84610E-02   0.00000E+00   0.00000E+00   0.00000E+00   0.00000E+00     1172.03  0
 1.84810E-02   0.00000E+00   0.00000E+00   0.00000E+00   0.00000E+00     1168.88  0
 1.85010E-02   0.00000E+00   0.00000E+00   0.00000E+00   0.00000E+00     1165.76  0
 1.85210E-02   0.00000E+00   0.00000E+00   0.00000E+00   0.00000E+00     1162.66  0
 1.85410E-02   0.00000E+00   0.00000E+00   0.00000E+00   0.00000E+00     1159.69  0
 1.85610E-02   0.00000E+00   0.00000E+00   0.00000E+00   0.00000E+00     1156.77  0
 1.85810E-02   0.00000E+00   0.00000E+00   0.00000E+00   0.00000E+00     1153.86  0
 1.86010E-02   0.00000E+00   0.00000E+00   0.00000E+00   0.00000E+00     1150.98  0
 1.86210E-02   0.00000E+00   0.00000E+00   0.00000E+00   0.00000E+00     1148.12  0
 1.86410E-02   0.00000E+00   0.00000E+00   0.00000E+00   0.00000E+00     1145.29  0
 1.86610E-02   0.00000E+00   0.00000E+00   0.00000E+00   0.00000E+00     1142.49  0
 1.86810E-02   0.00000E+00   0.00000E+00   0.00000E+00   0.00000E+00     1139.78  0
 1.87010E-02   0.00000E+00   0.00000E+00   0.00000E+00   0.00000E+00     1137.10  0
 1.87210E-02   0.00000E+00   0.00000E+00   0.00000E+00   0.00000E+00     1134.43  0
 1.87410E-02   0.00000E+00   0.00000E+00   0.00000E+00   0.00000E+00     1131.78  0
 1.87610E-02   0.00000E+00   0.00000E+00   0.00000E+00   0.00000E+00     1129.15  0
 1.87810E-02   0.00000E+00   0.00000E+00   0.00000E+00   0.00000E+00     1126.54  0
 1.88010E-02   0.00000E+00   0.00000E+00   0.00000E+00   0.00000E+00     1123.98  0
 1.88210E-02   0.00000E+00   0.00000E+00   0.00000E+00   0.00000E+00     1121.48  0
 1.88410E-02   0.00000E+00   0.00000E+00   0.00000E+00   0.00000E+00     1119.00  0
 1.88610E-02   0.00000E+00   0.00000E+00   0.00000E+00   0.00000E+00     1116.54  0
 1.88810E-02   0.00000E+00   0.00000E+00   0.00000E+00   0.00000E+00     1114.10  0
 1.89010E-02   0.00000E+00   0.00000E+00   0.00000E+00   0.00000E+00     1111.67  0
 1.89210E-02   0.00000E+00   0.00000E+00   0.00000E+00   0.00000E+00     1109.26  0
 1.89410E-02   0.00000E+00   0.00000E+00   0.00000E+00   0.00000E+00     1106.87  0
 1.89610E-02   0.00000E+00   0.00000E+00   0.00000E+00   0.00000E+00     1104.56  0
 1.89810E-02   0.00000E+00   0.00000E+00   0.00000E+00   0.00000E+00     1102.26  0
 1.90010E-02   0.00000E+00   0.00000E+00   0.00000E+00   0.00000E+00     1099.98  0
 1.90210E-02   0.00000E+00   0.00000E+00   0.00000E+00   0.00000E+00     1097.71  0
 1.90409E-02   0.00000E+00   0.00000E+00   0.00000E+00   0.00000E+00     1095.46  0
 1.90609E-02   0.00000E+00   0.00000E+00   0.00000E+00   0.00000E+00     1093.22  0
 1.90809E-02   0.00000E+00   0.00000E+00   0.00000E+00   0.00000E+00     1091.01  0
 1.91009E-02   0.00000E+00   0.00000E+00   0.00000E+00   0.00000E+00     1088.85  0
 1.91209E-02   0.00000E+00   0.00000E+00   0.00000E+00   0.00000E+00     1086.73  0
 1.91409E-02   0.00000E+00   0.00000E+00   0.00000E+00   0.00000E+00     1084.62  0
 1.91609E-02   0.00000E+00   0.00000E+00   0.00000E+00   0.00000E+00     1082.52  0
 1.91809E-02   0.00000E+00   0.00000E+00   0.00000E+00   0.00000E+00     1080.44  0
 1.92009E-02   0.00000E+00   0.00000E+00   0.00000E+00   0.00000E+00     1078.36  0
 1.92209E-02   0.00000E+00   0.00000E+00   0.00000E+00   0.00000E+00     1076.30  0
 1.92409E-02   0.00000E+00   0.00000E+00   0.00000E+00   0.00000E+00     1074.25  0
 1.92609E-02   0.00000E+00   0.00000E+00   0.00000E+00   0.00000E+00     1072.22  0
 1.92809E-02   0.00000E+00   0.00000E+00   0.00000E+00   0.00000E+00     1070.25  0
 1.93009E-02   0.00000E+00   0.00000E+00   0.00000E+00   0.00000E+00     1068.29  0
 1.93209E-02   0.00000E+00   0.00000E+00   0.00000E+00   0.00000E+00     1066.34  0
 1.93409E-02   0.00000E+00   0.00000E+00   0.00000E+00   0.00000E+00     1064.40  0
 1.93609E-02   0.00000E+00   0.00000E+00   0.00000E+00   0.00000E+00     1062.48  0
 1.93809E-02   0.00000E+00   0.00000E+00   0.00000E+00   0.00000E+00     1060.56  0
 1.94009E-02   0.00000E+00   0.00000E+00   0.00000E+00   0.00000E+00     1058.65  0
 1.94209E-02   0.00000E+00   0.00000E+00   0.00000E+00   0.00000E+00     1056.76  0
 1.94409E-02   0.00000E+00   0.00000E+00   0.00000E+00   0.00000E+00     1054.87  0
 1.94609E-02   0.00000E+00   0.00000E+00   0.00000E+00   0.00000E+00     1053.05  0
 1.94809E-02   0.00000E+00   0.00000E+00   0.00000E+00   0.00000E+00     1051.23  0
 1.95009E-02   0.00000E+00   0.00000E+00   0.00000E+00   0.00000E+00     1049.43  0
 1.95209E-02   0.00000E+00   0.00000E+00   0.00000E+00   0.00000E+00     1047.63  0
 1.95409E-02   0.00000E+00   0.00000E+00   0.00000E+00   0.00000E+00     1045.84  0
 1.95609E-02   0.00000E+00   0.00000E+00   0.00000E+00   0.00000E+00     1044.07  0
 1.95809E-02   0.00000E+00   0.00000E+00   0.00000E+00   0.00000E+00     1042.30  0
 1.96009E-02   0.00000E+00   0.00000E+00   0.00000E+00   0.00000E+00     1040.54  0
 1.96209E-02   0.00000E+00   0.00000E+00   0.00000E+00   0.00000E+00     1038.79  0
 1.96409E-02   0.00000E+00   0.00000E+00   0.00000E+00   0.00000E+00     1037.05  0
 1.96609E-02   0.00000E+00   0.00000E+00   0.00000E+00   0.00000E+00     1035.36  0
 1.96809E-02   0.00000E+00   0.00000E+00   0.00000E+00   0.00000E+00     1033.69  0
 1.97009E-02   0.00000E+00   0.00000E+00   0.00000E+00   0.00000E+00     1032.03  0
 1.97209E-02   0.00000E+00   0.00000E+00   0.00000E+00   0.00000E+00     1030.39  0
 1.97409E-02   0.00000E+00   0.00000E+00   0.00000E+00   0.00000E+00     1028.75  0
 1.97609E-02   0.00000E+00   0.00000E+00   0.00000E+00   0.00000E+00     1027.11  0
 1.97809E-02   0.00000E+00   0.00000E+00   0.00000E+00   0.00000E+00     1025.49  0
 1.98009E-02   0.00000E+00   0.00000E+00   0.00000E+00   0.00000E+00     1023.87  0
 1.98209E-02   0.00000E+00   0.00000E+00   0.00000E+00   0.00000E+00     1022.26  0
 1.98409E-02   0.00000E+00   0.00000E+00   0.00000E+00   0.00000E+00     1020.65  0
 1.98609E-02   0.00000E+00   0.00000E+00   0.00000E+00   0.00000E+00     1019.06  0
 1.98809E-02   0.00000E+00   0.00000E+00   0.00000E+00   0.00000E+00     1017.51  0
 1.99009E-02   0.00000E+00   0.00000E+00   0.00000E+00   0.00000E+00     1015.97  0
 1.99209E-02   0.00000E+00   0.00000E+00   0.00000E+00   0.00000E+00     1014.44  0
 1.99409E-02   0.00000E+00   0.00000E+00   0.00000E+00   0.00000E+00     1012.91  0
 1.99609E-02   0.00000E+00   0.00000E+00   0.00000E+00   0.00000E+00     1011.39  0
 1.99809E-02   0.00000E+00   0.00000E+00   0.00000E+00   0.00000E+00     1009.88  0
 2.00009E-02   0.00000E+00   0.00000E+00   0.00000E+00   0.00000E+00     1008.38  0
 2.00209E-02   0.00000E+00   0.00000E+00   0.00000E+00   0.00000E+00     1006.88  0
 2.00409E-02   0.00000E+00   0.00000E+00   0.00000E+00   0.00000E+00     1005.39  0
 2.00609E-02   0.00000E+00   0.00000E+00   0.00000E+00   0.00000E+00     1003.90  0
 2.00809E-02   0.00000E+00   0.00000E+00   0.00000E+00   0.00000E+00     1002.42  0
 2.01009E-02   0.00000E+00   0.00000E+00   0.00000E+00   0.00000E+00     1000.95  0
 2.01209E-02   0.00000E+00   0.00000E+00   0.00000E+00   0.00000E+00      999.51  0
 2.01409E-02   0.00000E+00   0.00000E+00   0.00000E+00   0.00000E+00      998.09  0
 2.01609E-02   0.00000E+00   0.00000E+00   0.00000E+00   0.00000E+00      996.68  0
 2.01809E-02   0.00000E+00   0.00000E+00   0.00000E+00   0.00000E+00      995.27  0
 2.02009E-02   0.00000E+00   0.00000E+00   0.00000E+00   0.00000E+00      993.87  0
 2.02209E-02   0.00000E+00   0.00000E+00   0.00000E+00   0.00000E+00      992.47  0
 2.02409E-02   0.00000E+00   0.00000E+00   0.00000E+00   0.00000E+00      991.08  0
 2.02609E-02   0.00000E+00   0.00000E+00   0.00000E+00   0.00000E+00      989.69  0
 2.02809E-02   0.00000E+00   0.00000E+00   0.00000E+00   0.00000E+00      988.31  0
 2.03009E-02   0.00000E+00   0.00000E+00   0.00000E+00   0.00000E+00      986.94  0
 2.03209E-02   0.00000E+00   0.00000E+00   0.00000E+00   0.00000E+00      985.57  0
 2.03409E-02   0.00000E+00   0.00000E+00   0.00000E+00   0.00000E+00      984.21  0
 2.03609E-02   0.00000E+00   0.00000E+00   0.00000E+00   0.00000E+00      982.85  0
 2.03809E-02   0.00000E+00   0.00000E+00   0.00000E+00   0.00000E+00      981.51  0
 2.04009E-02   0.00000E+00   0.00000E+00   0.00000E+00   0.00000E+00      980.20  0
 2.04209E-02   0.00000E+00   0.00000E+00   0.00000E+00   0.00000E+00      978.90  0
 2.04409E-02   0.00000E+00   0.00000E+00   0.00000E+00   0.00000E+00      977.60  0
 2.04609E-02   0.00000E+00   0.00000E+00   0.00000E+00   0.00000E+00      976.32  0
 2.04809E-02   0.00000E+00   0.00000E+00   0.00000E+00   0.00000E+00      975.04  0
 2.05009E-02   0.00000E+00   0.00000E+00   0.00000E+00   0.00000E+00      973.76  0
 2.05209E-02   0.00000E+00   0.00000E+00   0.00000E+00   0.00000E+00      972.49  0
 2.05409E-02   0.00000E+00   0.00000E+00   0.00000E+00   0.00000E+00      971.23  0
 2.05609E-02   0.00000E+00   0.00000E+00   0.00000E+00   0.00000E+00      969.97  0
 2.05809E-02   0.00000E+00   0.00000E+00   0.00000E+00   0.00000E+00      968.71  0
 2.06009E-02   0.00000E+00   0.00000E+00   0.00000E+00   0.00000E+00      967.46  0
 2.06209E-02   0.00000E+00   0.00000E+00   0.00000E+00   0.00000E+00      966.21  0
 2.06409E-02   0.00000E+00   0.00000E+00   0.00000E+00   0.00000E+00      964.97  0
 2.06609E-02   0.00000E+00   0.00000E+00   0.00000E+00   0.00000E+00      963.73  0
 2.06809E-02   0.00000E+00   0.00000E+00   0.00000E+00   0.00000E+00      962.51  0
 2.07009E-02   0.00000E+00   0.00000E+00   0.00000E+00   0.00000E+00      961.31  0
 2.07209E-02   0.00000E+00   0.00000E+00   0.00000E+00   0.00000E+00      960.12  0
 2.07409E-02   0.00000E+00   0.00000E+00   0.00000E+00   0.00000E+00      958.93  0
 2.07609E-02   0.00000E+00   0.00000E+00   0.00000E+00   0.00000E+00      957.75  0
 2.07809E-02   0.00000E+00   0.00000E+00   0.00000E+00   0.00000E+00      956.57  0
 2.08009E-02   0.00000E+00   0.00000E+00   0.00000E+00   0.00000E+00      955.39  0
 2.08209E-02   0.00000E+00   0.00000E+00   0.00000E+00   0.00000E+00      954.22  0
 2.08409E-02   0.00000E+00   0.00000E+00   0.00000E+00   0.00000E+00      953.05  0
 2.08609E-02   0.00000E+00   0.00000E+00   0.00000E+00   0.00000E+00      951.89  0
 2.08809E-02   0.00000E+00   0.00000E+00   0.00000E+00   0.00000E+00      950.73  0
 2.09009E-02   0.00000E+00   0.00000E+00   0.00000E+00   0.00000E+00      949.58  0
 2.09209E-02   0.00000E+00   0.00000E+00   0.00000E+00   0.00000E+00      948.43  0
 2.09409E-02   0.00000E+00   0.00000E+00   0.00000E+00   0.00000E+00      947.29  0
 2.09609E-02   0.00000E+00   0.00000E+00   0.00000E+00   0.00000E+00      946.14  0
 2.09809E-02   0.00000E+00   0.00000E+00   0.00000E+00   0.00000E+00      945.01  0
 2.10009E-02   0.00000E+00   0.00000E+00   0.00000E+00   0.00000E+00      943.87  0
 2.10209E-02   0.00000E+00   0.00000E+00   0.00000E+00   0.00000E+00      942.76  0
 2.10409E-02   0.00000E+00   0.00000E+00   0.00000E+00   0.00000E+00      941.66  0
 2.10609E-02   0.00000E+00   0.00000E+00   0.00000E+00   0.00000E+00      940.57  0
 2.10809E-02   0.00000E+00   0.00000E+00   0.00000E+00   0.00000E+00      939.48  0
 2.11009E-02   0.00000E+00   0.00000E+00   0.00000E+00   0.00000E+00      938.39  0
 2.11209E-02   0.00000E+00   0.00000E+00   0.00000E+00   0.00000E+00      937.31  0
 2.11409E-02   0.00000E+00   0.00000E+00   0.00000E+00   0.00000E+00      936.23  0
 2.11609E-02   0.00000E+00   0.00000E+00   0.00000E+00   0.00000E+00      935.15  0
 2.11809E-02   0.00000E+00   0.00000E+00   0.00000E+00   0.00000E+00      934.08  0
 2.12009E-02   0.00000E+00   0.00000E+00   0.00000E+00   0.00000E+00      933.01  0
 2.12209E-02   0.00000E+00   0.00000E+00   0.00000E+00   0.00000E+00      931.95  0
 2.12409E-02   0.00000E+00   0.00000E+00   0.00000E+00   0.00000E+00      930.89  0
 2.12609E-02   0.00000E+00   0.00000E+00   0.00000E+00   0.00000E+00      929.83  0
 2.12809E-02   0.00000E+00   0.00000E+00   0.00000E+00   0.00000E+00      928.78  0
 2.13009E-02   0.00000E+00   0.00000E+00   0.00000E+00   0.00000E+00      927.73  0
 2.13209E-02   0.00000E+00   0.00000E+00   0.00000E+00   0.00000E+00      926.69  0
 2.13409E-02   0.00000E+00   0.00000E+00   0.00000E+00   0.00000E+00      925.64  0
 2.13609E-02   0.00000E+00   0.00000E+00   0.00000E+00   0.00000E+00      924.62  0
 2.13809E-02   0.00000E+00   0.00000E+00   0.00000E+00   0.00000E+00      923.60  0
 2.14009E-02   0.00000E+00   0.00000E+00   0.00000E+00   0.00000E+00      922.59  0
 2.14209E-02   0.00000E+00   0.00000E+00   0.00000E+00   0.00000E+00      921.59  0
 2.14409E-02   0.00000E+00   0.00000E+00   0.00000E+00   0.00000E+00      920.60  0
 2.14609E-02   0.00000E+00   0.00000E+00   0.00000E+00   0.00000E+00      919.61  0
 2.14809E-02   0.00000E+00   0.00000E+00   0.00000E+00   0.00000E+00      918.62  0
 2.15009E-02   0.00000E+00   0.00000E+00   0.00000E+00   0.00000E+00      917.64  0
 2.15209E-02   0.00000E+00   0.00000E+00   0.00000E+00   0.00000E+00      916.66  0
 2.15409E-02   0.00000E+00   0.00000E+00   0.00000E+00   0.00000E+00      915.68  0
 2.15609E-02   0.00000E+00   0.00000E+00   0.00000E+00   0.00000E+00      914.70  0
 2.15809E-02   0.00000E+00   0.00000E+00   0.00000E+00   0.00000E+00      913.73  0
 2.16008E-02   0.00000E+00   0.00000E+00   0.00000E+00   0.00000E+00      912.76  0
 2.16208E-02   0.00000E+00   0.00000E+00   0.00000E+00   0.00000E+00      911.80  0
 2.16408E-02   0.00000E+00   0.00000E+00   0.00000E+00   0.00000E+00      910.83  0
 2.16608E-02   0.00000E+00   0.00000E+00   0.00000E+00   0.00000E+00      909.88  0
 2.16808E-02   0.00000E+00   0.00000E+00   0.00000E+00   0.00000E+00      908.92  0
 2.17008E-02   0.00000E+00   0.00000E+00   0.00000E+00   0.00000E+00      907.97  0
 2.17208E-02   0.00000E+00   0.00000E+00   0.00000E+00   0.00000E+00      907.02  0
 2.17408E-02   0.00000E+00   0.00000E+00   0.00000E+00   0.00000E+00      906.07  0
 2.17608E-02   0.00000E+00   0.00000E+00   0.00000E+00   0.00000E+00      905.12  0
 2.17808E-02   0.00000E+00   0.00000E+00   0.00000E+00   0.00000E+00      904.18  0
 2.18008E-02   0.00000E+00   0.00000E+00   0.00000E+00   0.00000E+00      903.24  0
 2.18208E-02   0.00000E+00   0.00000E+00   0.00000E+00   0.00000E+00      902.31  0
 2.18408E-02   0.00000E+00   0.00000E+00   0.00000E+00   0.00000E+00      901.40  0
 2.18608E-02   0.00000E+00   0.00000E+00   0.00000E+00   0.00000E+00      900.49  0
 2.18808E-02   0.00000E+00   0.00000E+00   0.00000E+00   0.00000E+00      899.58  0
 2.19008E-02   0.00000E+00   0.00000E+00   0.00000E+00   0.00000E+00      898.68  0
 2.19208E-02   0.00000E+00   0.00000E+00   0.00000E+00   0.00000E+00      897.78  0
 2.19408E-02   0.00000E+00   0.00000E+00   0.00000E+00   0.00000E+00      896.88  0
 2.19608E-02   0.00000E+00   0.00000E+00   0.00000E+00   0.00000E+00      895.99  0
 2.19808E-02   0.00000E+00   0.00000E+00   0.00000E+00   0.00000E+00      895.09  0
 2.20008E-02   0.00000E+00   0.00000E+00   0.00000E+00   0.00000E+00      894.20  0
