# Melt Pool Geometry History
# time(s)  length(m)  depth(m)  width(m)  volume(m3)  Tpeak(K)  laser_on
 2.10000E-05   0.00000E+00   0.00000E+00   0.00000E+00   9.38417E-14      293.00  1
 4.10000E-05   4.48353E-05   1.04071E-04   4.32626E-05   2.42194E-13     1940.20  1
 6.10000E-05   7.32576E-05   1.09662E-04   5.68670E-05   3.87467E-13     2813.72  1
 8.10000E-05   9.73704E-05   1.11385E-04   6.26240E-05   5.12961E-13     3125.94  1
 1.01000E-04   1.20093E-04   1.12334E-04   6.50137E-05   6.34519E-13     3252.59  1
 1.21000E-04   1.41853E-04   1.12558E-04   6.63980E-05   7.50091E-13     3333.38  1
 1.41000E-04   1.63961E-04   1.12592E-04   6.70781E-05   8.61146E-13     3388.91  1
 1.61000E-04   1.83150E-04   1.12629E-04   6.75856E-05   9.67629E-13     3413.20  1
 1.81000E-04   2.04538E-04   1.12656E-04   6.79299E-05   1.07245E-12     3464.68  1
 2.01000E-04   2.23192E-04   1.11440E-04   6.82491E-05   1.19728E-12     3322.83  1
 2.21000E-04   2.44745E-04   1.11345E-04   7.87041E-05   1.18193E-12     3236.85  0
 2.41000E-04   2.48229E-04   1.08697E-04   8.16397E-05   1.14472E-12     2756.59  0
 2.61000E-04   2.49050E-04   1.06058E-04   8.28665E-05   1.09766E-12     2489.51  0
 2.81000E-04   2.49055E-04   1.02907E-04   8.36086E-05   1.04743E-12     2320.42  0
 3.01000E-04   2.48195E-04   9.86786E-05   8.41005E-05   9.96008E-13     2196.27  0
 3.21000E-04   2.47719E-04   9.47047E-05   8.44192E-05   9.46331E-13     2104.53  0
 3.41000E-04   2.47232E-04   9.09237E-05   8.45786E-05   8.99069E-13     2029.19  0
 3.61000E-04   2.46725E-04   8.76281E-05   8.45806E-05   8.54105E-13     1966.73  0
 3.81000E-04   2.46184E-04   8.31751E-05   8.44205E-05   8.11098E-13     1914.21  0
 4.01000E-04   2.43176E-04   7.88761E-05   8.33717E-05   7.50951E-13     1867.04  0
 4.21000E-04   2.51078E-04   7.49992E-05   8.44464E-05   7.13094E-13     1821.89  0
 4.41000E-04   2.51236E-04   7.17167E-05   8.48948E-05   6.71424E-13     1779.20  0
 4.61000E-04   2.51296E-04   6.80664E-05   8.49932E-05   6.28039E-13     1742.10  0
 4.81000E-04   2.51304E-04   6.40668E-05   8.48143E-05   5.84121E-13     1712.07  0
 5.01000E-04   2.51276E-04   6.06059E-05   8.45339E-05   5.39825E-13     1687.89  0
 5.21000E-04   2.51219E-04   5.77180E-05   8.42743E-05   4.95981E-13     1668.41  0
 5.41000E-04   2.49481E-04   5.37626E-05   8.40280E-05   4.52637E-13     1653.13  0
 5.61000E-04   2.47693E-04   5.05169E-05   8.38633E-05   4.10416E-13     1641.14  0
 5.81000E-04   2.46058E-04   4.78967E-05   8.38625E-05   3.69697E-13     1632.36  0
 6.01000E-04   2.44295E-04   4.42583E-05   8.38482E-05   3.30642E-13     1626.38  0
 6.21000E-04   2.41922E-04   4.18179E-05   8.38249E-05   2.93725E-13     1623.25  0
 6.41000E-04   2.36346E-04   3.86803E-05   8.37905E-05   2.58858E-13     1622.52  0
 6.61000E-04   2.26385E-04   3.59953E-05   8.37424E-05   2.25949E-13     1621.77  0
 6.81000E-04   2.21479E-04   3.35301E-05   8.36787E-05   1.94988E-13     1620.78  0
 7.01000E-04   2.20437E-04   3.09661E-05   8.35956E-05   1.65771E-13     1619.54  0
 7.21000E-04   2.08115E-04   2.87069E-05   8.34913E-05   2.20165E-13     1618.01  1
 7.41000E-04   4.26887E-05   1.03840E-04   4.41405E-05   3.47182E-13     1869.30  1
 7.61000E-04   7.09088E-05   1.09146E-04   6.40352E-05   4.61939E-13     2683.71  1
 7.81000E-04   9.45200E-05   1.10980E-04   6.96597E-05   5.74808E-13     3048.14  1
 8.01000E-04   1.17515E-04   1.11098E-04   7.26633E-05   6.97288E-13     3086.53  1
 8.21000E-04   1.38159E-04   1.11619E-04   7.87763E-05   8.15667E-13     3165.20  1
 8.41000E-04   1.59283E-04   1.12069E-04   8.09940E-05   9.35543E-13     3205.16  1
 8.61000E-04   1.79693E-04   1.12344E-04   8.22913E-05   1.05772E-12     3232.01  1
 8.81000E-04   2.00988E-04   1.12565E-04   8.32671E-05   1.17973E-12     3226.05  1
 9.01000E-04   2.22231E-04   1.12723E-04   8.40484E-05   1.30544E-12     3253.28  1
 9.21000E-04   2.43524E-04   1.12864E-04   8.47057E-05   1.42963E-12     3283.19  1
 9.41000E-04   2.65035E-04   1.12972E-04   8.53309E-05   1.55332E-12     3322.66  1
 9.61000E-04   2.89240E-04   1.13037E-04   8.61031E-05   1.67475E-12     3341.54  1
 9.81000E-04   3.09001E-04   1.13067E-04   8.69614E-05   1.79064E-12     3339.56  1
 1.00100E-03   3.28590E-04   1.13071E-04   8.77571E-05   1.90538E-12     3330.41  1
 1.02100E-03   3.53307E-04   1.12964E-04   9.23884E-05   2.02295E-12     3300.36  1
 1.04100E-03   3.74647E-04   1.12963E-04   9.42174E-05   2.13603E-12     3292.45  1
 1.06100E-03   3.95538E-04   1.12862E-04   9.54234E-05   2.24705E-12     3288.84  1
 1.08100E-03   4.16686E-04   1.12719E-04   9.63358E-05   2.35119E-12     3264.07  1
 1.10100E-03   4.37900E-04   1.12561E-04   9.71242E-05   2.45056E-12     3267.96  1
 1.12100E-03   4.59246E-04   1.12399E-04   9.78716E-05   2.54447E-12     3280.38  1
 1.14100E-03   4.80737E-04   1.12234E-04   9.86197E-05   2.63281E-12     3290.47  1
 1.16100E-03   5.05052E-04   1.12085E-04   9.93397E-05   2.71902E-12     3311.84  1
 1.18100E-03   5.24990E-04   1.11961E-04   1.01879E-04   2.65277E-12     3304.00  0
 1.20100E-03   5.25452E-04   1.09490E-04   1.04093E-04   2.58509E-12     2824.80  0
 1.22100E-03   5.26588E-04   1.07759E-04   1.06594E-04   2.50864E-12     2538.85  0
 1.24100E-03   5.26447E-04   1.03718E-04   1.08584E-04   2.42242E-12     2357.32  0
 1.26100E-03   5.26262E-04   1.00118E-04   1.09377E-04   2.33342E-12     2232.51  0
 1.28100E-03   5.26008E-04   9.72929E-05   1.09767E-04   2.24500E-12     2139.80  0
 1.30100E-03   5.25684E-04   9.31955E-05   1.09944E-04   2.15879E-12     2067.68  0
 1.32100E-03   5.25210E-04   8.90962E-05   1.09932E-04   2.06986E-12     2004.87  0
 1.34100E-03   5.24578E-04   8.56483E-05   1.09796E-04   1.98264E-12     1951.07  0
 1.36100E-03   5.19469E-04   8.26918E-05   1.09554E-04   1.89789E-12     1902.59  0
 1.38100E-03   5.11741E-04   7.87095E-05   1.09207E-04   1.81424E-12     1859.09  0
 1.40100E-03   5.00561E-04   7.51676E-05   1.07533E-04   1.66578E-12     1818.31  0
 1.42100E-03   4.97958E-04   7.27298E-05   1.12726E-04   1.57032E-12     1780.87  0
 1.44100E-03   4.91469E-04   6.90217E-05   1.13161E-04   1.47575E-12     1746.34  0
 1.46100E-03   4.83582E-04   6.63783E-05   1.13445E-04   1.38230E-12     1717.25  0
 1.48100E-03   4.77250E-04   6.34328E-05   1.13627E-04   1.29145E-12     1693.07  0
 1.50100E-03   4.71730E-04   6.04336E-05   1.13738E-04   1.20227E-12     1673.74  0
 1.52100E-03   4.64124E-04   5.81196E-05   1.13801E-04   1.11579E-12     1658.41  0
 1.54100E-03   4.59722E-04   5.51796E-05   1.13830E-04   1.03193E-12     1646.49  0
 1.56100E-03   4.52385E-04   5.32726E-05   1.13830E-04   9.51755E-13     1637.38  0
 1.58100E-03   4.45747E-04   5.07056E-05   1.13806E-04   8.74468E-13     1630.56  0
 1.60100E-03   4.35873E-04   4.82516E-05   1.10788E-04   7.55994E-13     1625.70  0
 1.62100E-03   4.24574E-04   4.57384E-05   1.14241E-04   6.72383E-13     1623.23  0
 1.64100E-03   4.13705E-04   4.36337E-05   1.14714E-04   5.98372E-13     1622.66  0
 1.66100E-03   4.03167E-04   4.17879E-05   1.14999E-04   5.30819E-13     1622.11  0
 1.68100E-03   3.89933E-04   3.93534E-05   1.14985E-04   5.53722E-13     1621.40  1
 1.70100E-03   4.33609E-05   1.03910E-04   4.13236E-05   6.45423E-13     1871.26  1
 1.72100E-03   7.15941E-05   1.09277E-04   6.47267E-05   7.33215E-13     2723.99  1
 1.74100E-03   9.54492E-05   1.11095E-04   6.97648E-05   8.19931E-13     3058.63  1
 1.76100E-03   1.18493E-04   1.12025E-04   7.23063E-05   9.05342E-13     3184.48  1
 1.78100E-03   1.40080E-04   1.12418E-04   7.39845E-05   9.90607E-13     3234.31  1
 1.80100E-03   1.60826E-04   1.12093E-04   7.60740E-05   1.10606E-12     3179.13  1
 1.82100E-03   1.84054E-04   1.12412E-04   8.08046E-05   1.20811E-12     3210.76  1
 1.84100E-03   2.05882E-04   1.12812E-04   8.30067E-05   1.30955E-12     3233.57  1
 1.86100E-03   2.26853E-04   1.13001E-04   8.44490E-05   1.41750E-12     3252.96  1
 1.88100E-03   2.48022E-04   1.13144E-04   8.56259E-05   1.52751E-12     3243.08  1
 1.90100E-03   2.69322E-04   1.13264E-04   8.67246E-05   1.63523E-12     3275.08  1
 1.92100E-03   2.90614E-04   1.13412E-04   8.77620E-05   1.75839E-12     3312.12  1
 1.94100E-03   3.12254E-04   1.13580E-04   9.51604E-05   1.88757E-12     3342.22  1
 1.96100E-03   3.35459E-04   1.13680E-04   9.71582E-05   2.01664E-12     3344.15  1
 1.98100E-03   3.56395E-04   1.13755E-04   9.82846E-05   2.15236E-12     3312.34  1
 2.00100E-03   3.75277E-04   1.13752E-04   1.05813E-04   2.28482E-12     3318.89  1
 2.02100E-03   4.00056E-04   1.13754E-04   1.08991E-04   2.41631E-12     3299.67  1
 2.04100E-03   4.21265E-04   1.13853E-04   1.13804E-04   2.54604E-12     3291.57  1
 2.06100E-03   4.43076E-04   1.14009E-04   1.17092E-04   2.67577E-12     3301.53  1
 2.08100E-03   4.64293E-04   1.13983E-04   1.19051E-04   2.80007E-12     3314.70  1
 2.10100E-03   4.84707E-04   1.13912E-04   1.20807E-04   2.92034E-12     3346.74  1
 2.12100E-03   5.05766E-04   1.13842E-04   1.23733E-04   3.03476E-12     3379.65  1
 2.14100E-03   5.27108E-04   1.13803E-04   1.25520E-04   3.14815E-12     3393.75  1
 2.16100E-03   5.49953E-04   1.13724E-04   1.26518E-04   3.25353E-12     3375.83  1
 2.18100E-03   5.69561E-04   1.13615E-04   1.27454E-04   3.35344E-12     3338.65  1
 2.20100E-03   5.88428E-04   1.13408E-04   1.27969E-04   3.44678E-12     3329.12  1
 2.22100E-03   6.07751E-04   1.13191E-04   1.28209E-04   3.53183E-12     3293.47  1
 2.24100E-03   6.24858E-04   1.13047E-04   1.28323E-04   3.61047E-12     3276.39  1
 2.26100E-03   6.39138E-04   1.12951E-04   1.28443E-04   3.68086E-12     3273.38  1
 2.28100E-03   6.56994E-04   1.12746E-04   1.28469E-04   3.74526E-12     3261.53  1
 2.30100E-03   6.71917E-04   1.12583E-04   1.28394E-04   3.80136E-12     3274.45  1
 2.32100E-03   6.89594E-04   1.12422E-04   1.28220E-04   3.85209E-12     3294.84  1
 2.34100E-03   7.05772E-04   1.12267E-04   1.28043E-04   3.73572E-12     3316.27  0
 2.36100E-03   7.02219E-04   1.10092E-04   1.27913E-04   3.61386E-12     2835.01  0
 2.38100E-03   7.01694E-04   1.08105E-04   1.27712E-04   3.48692E-12     2555.43  0
 2.40100E-03   6.96411E-04   1.04287E-04   1.26888E-04   3.35888E-12     2369.99  0
 2.42100E-03   6.94079E-04   1.01420E-04   1.28382E-04   3.22641E-12     2226.37  0
 2.44100E-03   6.87477E-04   9.80829E-05   1.29553E-04   3.08489E-12     2113.80  0
 2.46100E-03   6.84350E-04   9.40643E-05   1.29789E-04   2.93978E-12     2025.37  0
 2.48100E-03   6.78040E-04   9.07347E-05   1.29642E-04   2.79433E-12     1952.28  0
 2.50100E-03   6.74245E-04   8.77526E-05   1.29340E-04   2.65283E-12     1895.88  0
 2.52100E-03   6.68745E-04   8.37208E-05   1.28914E-04   2.51333E-12     1849.13  0
 2.54100E-03   6.63990E-04   8.01961E-05   1.28375E-04   2.37652E-12     1810.76  0
 2.56100E-03   6.59688E-04   7.76497E-05   1.27662E-04   2.24279E-12     1778.20  0
 2.58100E-03   6.54225E-04   7.37025E-05   1.26895E-04   2.11171E-12     1750.65  0
 2.60100E-03   6.47821E-04   7.04880E-05   1.24248E-04   1.90842E-12     1726.34  0
 2.62100E-03   6.47469E-04   6.80522E-05   1.30474E-04   1.77220E-12     1704.96  0
 2.64100E-03   6.44684E-04   6.46652E-05   1.26884E-04   1.64272E-12     1686.50  0
 2.66100E-03   6.37290E-04   6.26963E-05   1.25483E-04   1.51968E-12     1670.44  0
 2.68100E-03   6.31467E-04   5.93202E-05   1.24663E-04   1.40142E-12     1656.98  0
 2.70100E-03   6.21341E-04   5.75808E-05   1.23948E-04   1.28841E-12     1645.82  0
 2.72100E-03   6.15555E-04   5.43291E-05   1.23093E-04   1.18007E-12     1637.07  0
 2.74100E-03   6.04297E-04   5.27850E-05   1.21942E-04   1.07786E-12     1630.44  0
 2.76100E-03   5.89861E-04   4.99032E-05   1.19400E-04   9.80394E-13     1625.87  0
 2.78100E-03   5.79868E-04   4.82131E-05   1.16536E-04   8.88309E-13     1623.35  0
 2.80100E-03   5.65937E-04   4.51732E-05   1.12956E-04   7.66996E-13     1622.67  0
 2.82100E-03   5.51557E-04   4.34072E-05   1.14076E-04   6.77554E-13     1622.16  0
 2.84100E-03   5.37326E-04   4.12546E-05   1.13020E-04   6.84293E-13     1621.50  1
 2.86100E-03   4.43803E-05   1.03885E-04   4.38182E-05   7.53553E-13     1871.82  1
 2.88100E-03   7.21111E-05   1.09271E-04   6.23011E-05   8.28101E-13     2744.35  1
 2.90100E-03   9.88935E-05   1.11074E-04   6.92473E-05   8.96999E-13     3061.50  1
 2.92100E-03   1.18543E-04   1.12011E-04   7.21763E-05   9.69457E-13     3191.65  1
 2.94100E-03   1.39709E-04   1.12406E-04   7.38589E-05   1.04301E-12     3272.15  1
 2.96100E-03   1.61049E-04   1.12676E-04   7.50174E-05   1.12526E-12     3272.92  1
 2.98100E-03   1.82291E-04   1.12892E-04   7.60320E-05   1.21385E-12     3295.22  1
 3.00100E-03   2.02511E-04   1.12499E-04   7.84576E-05   1.34554E-12     3231.60  1
 3.02100E-03   2.27056E-04   1.12875E-04   8.26209E-05   1.44854E-12     3244.91  1
 3.04100E-03   2.48840E-04   1.13168E-04   8.47680E-05   1.54970E-12     3252.83  1
 3.06100E-03   2.70665E-04   1.13336E-04   8.62368E-05   1.66151E-12     3282.23  1
 3.08100E-03   2.95387E-04   1.13552E-04   9.40672E-05   1.77989E-12     3322.01  1
 3.10100E-03   3.15289E-04   1.13680E-04   9.59229E-05   1.90173E-12     3324.22  1
 3.12100E-03   3.35839E-04   1.13795E-04   9.71513E-05   2.03043E-12     3332.86  1
 3.14100E-03   3.56667E-04   1.13901E-04   9.81592E-05   2.16607E-12     3315.25  1
 3.16100E-03   3.77866E-04   1.14015E-04   1.05380E-04   2.30011E-12     3297.90  1
 3.18100E-03   3.99147E-04   1.14081E-04   1.08225E-04   2.43560E-12     3324.15  1
 3.20100E-03   4.18928E-04   1.14232E-04   1.10543E-04   2.56885E-12     3340.25  1
 3.22100E-03   4.44308E-04   1.14264E-04   1.13989E-04   2.69694E-12     3354.24  1
 3.24100E-03   4.65535E-04   1.14371E-04   1.16970E-04   2.82513E-12     3330.61  1
 3.26100E-03   4.86571E-04   1.14475E-04   1.18891E-04   2.94914E-12     3333.50  1
 3.28100E-03   5.07749E-04   1.14486E-04   1.20653E-04   3.07079E-12     3332.07  1
 3.30100E-03   5.28894E-04   1.14523E-04   1.23705E-04   3.18646E-12     3352.67  1
 3.32100E-03   5.50234E-04   1.14637E-04   1.25416E-04   3.30173E-12     3387.94  1
 3.34100E-03   5.74583E-04   1.14664E-04   1.26453E-04   3.41015E-12     3402.19  1
 3.36100E-03   5.94469E-04   1.14642E-04   1.27556E-04   3.51987E-12     3390.17  1
 3.38100E-03   6.14673E-04   1.14620E-04   1.29223E-04   3.62331E-12     3400.52  1
 3.40100E-03   6.32461E-04   1.14506E-04   1.30476E-04   3.72555E-12     3366.02  1
 3.42100E-03   6.45806E-04   1.14366E-04   1.31304E-04   3.81897E-12     3361.64  1
 3.44100E-03   6.61017E-04   1.14451E-04   1.31638E-04   3.90650E-12     3361.42  1
 3.46100E-03   6.77510E-04   1.14453E-04   1.31864E-04   3.98920E-12     3362.69  1
 3.48100E-03   6.92668E-04   1.14316E-04   1.32070E-04   4.06845E-12     3363.04  1
 3.50099E-03   7.09883E-04   1.14131E-04   1.32100E-04   4.13887E-12     3382.94  1
 3.52099E-03   7.25661E-04   1.13952E-04   1.31979E-04   4.20298E-12     3417.72  1
 3.54099E-03   7.45975E-04   1.13790E-04   1.31863E-04   4.26282E-12     3425.13  1
 3.56099E-03   7.61038E-04   1.13640E-04   1.31761E-04   4.31464E-12     3400.43  1
 3.58099E-03   7.76709E-04   1.13478E-04   1.31678E-04   4.36233E-12     3396.85  1
 3.60099E-03   7.91483E-04   1.13258E-04   1.31575E-04   4.40316E-12     3357.36  1
 3.62099E-03   8.08995E-04   1.13001E-04   1.31410E-04   4.43652E-12     3321.89  1
 3.64099E-03   8.25113E-04   1.12848E-04   1.31215E-04   4.46501E-12     3359.22  1
 3.66099E-03   8.40948E-04   1.12725E-04   1.30957E-04   4.48603E-12     3361.65  1
 3.68099E-03   8.62279E-04   1.12592E-04   1.30713E-04   4.50113E-12     3355.51  1
 3.70099E-03   8.75058E-04   1.12440E-04   1.30469E-04   4.51562E-12     3327.80  1
 3.72099E-03   8.92568E-04   1.12263E-04   1.30260E-04   4.36826E-12     3319.93  0
 3.74099E-03   8.88336E-04   1.10099E-04   1.29982E-04   4.20926E-12     2849.39  0
 3.76099E-03   8.84062E-04   1.08138E-04   1.29658E-04   4.03999E-12     2570.97  0
 3.78099E-03   8.81859E-04   1.04496E-04   1.29249E-04   3.86862E-12     2388.35  0
 3.80099E-03   8.73706E-04   1.01894E-04   1.28404E-04   3.67453E-12     2259.94  0
 3.82099E-03   8.70399E-04   9.81974E-05   1.29245E-04   3.50249E-12     2152.14  0
 3.84099E-03   8.63880E-04   9.43874E-05   1.28116E-04   3.32821E-12     2061.98  0
 3.86099E-03   8.57976E-04   9.12282E-05   1.27501E-04   3.15563E-12     1989.75  0
 3.88099E-03   8.51040E-04   8.80081E-05   1.26833E-04   2.98627E-12     1929.68  0
 3.90099E-03   8.44429E-04   8.41109E-05   1.26192E-04   2.82105E-12     1879.16  0
 3.92099E-03   8.34897E-04   8.09470E-05   1.25274E-04   2.65983E-12     1836.77  0
 3.94099E-03   8.29876E-04   7.80128E-05   1.24313E-04   2.50281E-12     1800.42  0
 3.96099E-03   8.19476E-04   7.43034E-05   1.22962E-04   2.35024E-12     1769.37  0
 3.98099E-03   8.09658E-04   7.17546E-05   1.20168E-04   2.20093E-12     1743.39  0
 4.00099E-03   7.99491E-04   6.76826E-05   1.15930E-04   1.97757E-12     1719.76  0
 4.02099E-03   7.92316E-04   6.46805E-05   1.21296E-04   1.82190E-12     1697.90  0
 4.04099E-03   7.81793E-04   6.27020E-05   1.22108E-04   1.67515E-12     1678.29  0
 4.06099E-03   7.71493E-04   5.93390E-05   1.21373E-04   1.53493E-12     1662.22  0
 4.08099E-03   7.61267E-04   5.76095E-05   1.19675E-04   1.40192E-12     1649.08  0
 4.10099E-03   7.51165E-04   5.43401E-05   1.16226E-04   1.27518E-12     1638.75  0
 4.12099E-03   7.41016E-04   5.26701E-05   1.14936E-04   1.15504E-12     1631.08  0
 4.14099E-03   7.30537E-04   4.95185E-05   1.13984E-04   1.04136E-12     1625.98  0
 4.16100E-03   7.19344E-04   4.78225E-05   1.12984E-04   9.34362E-13     1623.29  0
 4.18100E-03   7.07254E-04   4.48219E-05   1.12506E-04   8.33416E-13     1622.68  0
 4.20100E-03   6.93870E-04   4.26936E-05   1.08288E-04   7.15430E-13     1622.00  0
 4.22100E-03   6.82671E-04   3.97721E-05   1.11328E-04   7.00691E-13     1621.21  1
 4.24100E-03   4.22595E-05   1.03479E-04   4.30955E-05   7.78540E-13     1875.77  1
 4.26100E-03   7.07843E-05   1.09171E-04   6.05940E-05   8.30797E-13     2710.36  1
 4.28100E-03   9.39407E-05   1.10951E-04   6.58336E-05   8.90792E-13     3051.85  1
 4.30100E-03   1.15958E-04   1.11709E-04   7.14791E-05   9.60315E-13     3198.04  1
 4.32100E-03   1.37736E-04   1.12177E-04   7.34990E-05   1.03289E-12     3265.24  1
 4.34100E-03   1.58447E-04   1.12479E-04   7.48393E-05   1.11249E-12     3316.26  1
 4.36100E-03   1.82008E-04   1.12649E-04   7.59010E-05   1.19328E-12     3307.91  1
 4.38100E-03   2.03037E-04   1.12814E-04   7.69743E-05   1.28837E-12     3306.80  1
 4.40100E-03   2.23446E-04   1.12818E-04   8.21188E-05   1.42521E-12     3282.46  1
 4.42100E-03   2.44333E-04   1.13049E-04   8.91396E-05   1.53833E-12     3246.19  1
 4.44100E-03   2.65007E-04   1.13259E-04   9.15538E-05   1.64568E-12     3273.19  1
 4.46100E-03   2.86042E-04   1.13465E-04   9.32121E-05   1.75799E-12     3312.02  1
 4.48100E-03   3.06584E-04   1.13668E-04   9.46670E-05   1.87974E-12     3336.92  1
 4.50100E-03   3.29772E-04   1.13800E-04   9.59085E-05   2.00805E-12     3325.21  1
 4.52100E-03   3.50115E-04   1.13920E-04   9.69056E-05   2.14302E-12     3296.50  1
 4.54100E-03   3.70666E-04   1.14071E-04   9.77524E-05   2.27591E-12     3292.94  1
 4.56100E-03   3.91384E-04   1.14172E-04   9.86037E-05   2.40856E-12     3302.80  1
 4.58100E-03   4.12071E-04   1.14290E-04   1.04016E-04   2.54259E-12     3333.05  1
 4.60100E-03   4.32990E-04   1.14449E-04   1.07217E-04   2.67946E-12     3358.77  1
 4.62100E-03   4.56020E-04   1.14478E-04   1.09151E-04   2.81249E-12     3364.63  1
 4.64100E-03   4.77179E-04   1.14552E-04   1.13642E-04   2.94417E-12     3321.86  1
 4.66100E-03   4.98233E-04   1.14682E-04   1.15853E-04   3.07517E-12     3320.23  1
 4.68100E-03   5.19312E-04   1.14714E-04   1.17685E-04   3.19951E-12     3336.76  1
 4.70100E-03   5.40337E-04   1.14823E-04   1.18958E-04   3.31977E-12     3367.30  1
 4.72100E-03   5.61612E-04   1.14944E-04   1.19832E-04   3.44011E-12     3398.38  1
 4.74100E-03   5.82340E-04   1.14951E-04   1.21938E-04   3.55895E-12     3407.11  1
 4.76100E-03   6.06182E-04   1.14958E-04   1.25812E-04   3.67142E-12     3394.02  1
 4.78100E-03   6.26781E-04   1.14970E-04   1.27995E-04   3.77773E-12     3380.09  1
 4.80100E-03   6.45421E-04   1.14920E-04   1.29276E-04   3.88232E-12     3371.80  1
 4.82100E-03   6.66440E-04   1.14840E-04   1.30345E-04   3.97843E-12     3374.98  1
 4.84100E-03   6.81449E-04   1.14969E-04   1.30908E-04   4.07143E-12     3371.31  1
 4.86100E-03   6.98035E-04   1.15048E-04   1.31200E-04   4.15913E-12     3376.89  1
 4.88100E-03   7.12265E-04   1.15008E-04   1.31269E-04   4.24101E-12     3392.79  1
 4.90100E-03   7.29868E-04   1.15044E-04   1.31497E-04   4.31879E-12     3427.43  1
 4.92100E-03   7.44759E-04   1.15061E-04   1.31598E-04   4.39442E-12     3434.21  1
 4.94100E-03   7.64789E-04   1.15005E-04   1.31522E-04   4.46268E-12     3423.53  1
 4.96100E-03   7.79101E-04   1.14945E-04   1.31411E-04   4.52756E-12     3390.18  1
 4.98100E-03   7.96579E-04   1.14878E-04   1.31387E-04   4.58540E-12     3402.20  1
 5.00100E-03   8.10294E-04   1.14747E-04   1.31374E-04   4.64600E-12     3361.89  1
 5.02100E-03   8.28355E-04   1.14573E-04   1.31319E-04   4.69298E-12     3380.89  1
 5.04100E-03   8.47425E-04   1.14541E-04   1.31223E-04   4.73969E-12     3418.94  1
 5.06100E-03   8.63106E-04   1.14599E-04   1.31132E-04   4.77953E-12     3402.24  1
 5.08100E-03   8.79457E-04   1.14435E-04   1.31081E-04   4.81771E-12     3376.52  1
 5.10100E-03   8.97581E-04   1.14232E-04   1.31062E-04   4.84898E-12     3395.22  1
 5.12100E-03   9.11711E-04   1.14025E-04   1.31016E-04   4.87369E-12     3375.24  1
 5.14100E-03   9.29568E-04   1.13842E-04   1.30887E-04   4.89491E-12     3355.89  1
 5.16100E-03   9.45821E-04   1.13669E-04   1.30769E-04   4.91144E-12     3378.49  1
 5.18100E-03   9.61443E-04   1.13472E-04   1.30751E-04   4.92331E-12     3402.43  1
 5.20100E-03   9.77773E-04   1.13244E-04   1.30650E-04   4.93555E-12     3390.69  1
 5.22100E-03   9.95888E-04   1.13024E-04   1.30491E-04   4.93694E-12     3361.94  1
 5.24100E-03   1.00900E-03   1.12895E-04   1.30271E-04   4.93299E-12     3295.84  1
 5.26100E-03   1.02703E-03   1.12786E-04   1.29935E-04   4.92495E-12     3300.71  1
 5.28100E-03   1.03942E-03   1.12627E-04   1.29586E-04   4.91333E-12     3316.13  1
 5.30100E-03   1.05731E-03   1.12519E-04   1.29282E-04   4.89843E-12     3333.64  1
 5.32100E-03   1.07727E-03   1.12377E-04   1.28971E-04   4.72044E-12     3335.02  0
 5.34100E-03   1.06924E-03   1.10264E-04   1.28579E-04   4.53873E-12     2852.10  0
 5.36100E-03   1.06115E-03   1.08195E-04   1.28119E-04   4.35101E-12     2568.06  0
 5.38100E-03   1.05681E-03   1.04737E-04   1.27617E-04   4.16177E-12     2386.08  0
 5.40100E-03   1.04445E-03   1.02219E-04   1.26641E-04   3.96870E-12     2255.14  0
 5.42100E-03   1.03927E-03   9.83482E-05   1.25916E-04   3.78381E-12     2156.02  0
 5.44100E-03   1.02832E-03   9.45950E-05   1.24823E-04   3.60103E-12     2077.53  0
 5.46101E-03   1.01760E-03   9.17899E-05   1.23095E-04   3.42432E-12     2011.95  0
 5.48101E-03   1.00710E-03   8.81858E-05   1.20329E-04   3.25095E-12     1956.57  0
 5.50101E-03   9.96706E-04   8.44578E-05   1.19211E-04   3.08296E-12     1909.13  0
 5.52101E-03   9.86587E-04   8.16414E-05   1.18380E-04   2.91952E-12     1868.05  0
 5.54101E-03   9.76603E-04   7.83359E-05   1.17626E-04   2.76161E-12     1831.70  0
 5.56101E-03   9.64813E-04   7.49144E-05   1.16818E-04   2.60719E-12     1800.17  0
 5.58101E-03   9.52634E-04   7.26805E-05   1.15998E-04   2.45764E-12     1772.03  0
 5.60101E-03   9.35364E-04   6.84984E-05   1.12847E-04   2.18921E-12     1746.38  0
 5.62101E-03   9.30077E-04   6.57052E-05   1.18993E-04   2.00979E-12     1721.93  0
 5.64101E-03   9.15813E-04   6.32642E-05   1.15664E-04   1.84294E-12     1699.27  0
 5.66101E-03   8.98267E-04   6.02716E-05   1.14569E-04   1.68527E-12     1679.82  0
 5.68101E-03   8.82080E-04   5.81449E-05   1.13793E-04   1.53599E-12     1663.49  0
 5.70101E-03   8.66579E-04   5.53177E-05   1.12915E-04   1.39445E-12     1650.09  0
 5.72101E-03   8.46702E-04   5.32867E-05   1.12278E-04   1.26092E-12     1639.50  0
 5.74101E-03   8.28718E-04   5.06665E-05   1.12305E-04   1.13502E-12     1631.58  0
 5.76101E-03   8.04219E-04   4.85299E-05   1.12302E-04   1.01629E-12     1626.20  0
 5.78101E-03   7.82628E-04   4.62651E-05   1.12275E-04   9.05574E-13     1623.33  0
 5.80101E-03   7.55053E-04   4.35938E-05   1.06178E-04   7.73654E-13     1622.56  0
 5.82101E-03   7.31426E-04   4.15691E-05   1.12603E-04   7.53055E-13     1621.90  1
 5.84101E-03   4.25975E-05   1.03575E-04   4.30793E-05   8.19749E-13     1856.76  1
 5.86101E-03   7.53828E-05   1.09299E-04   6.08342E-05   8.76997E-13     2697.38  1
 5.88101E-03   9.63351E-05   1.11011E-04   6.93473E-05   9.35555E-13     3067.57  1
 5.90101E-03   1.18095E-04   1.11902E-04   7.21597E-05   9.95492E-13     3169.62  1
 5.92101E-03   1.39887E-04   1.12294E-04   7.36746E-05   1.06174E-12     3216.97  1
 5.94101E-03   1.61252E-04   1.12552E-04   7.49497E-05   1.13534E-12     3270.56  1
 5.96101E-03   1.82791E-04   1.12736E-04   7.59812E-05   1.21376E-12     3305.98  1
 5.98101E-03   2.04265E-04   1.12901E-04   7.68725E-05   1.29475E-12     3334.71  1
 6.00101E-03   2.27177E-04   1.12711E-04   7.85973E-05   1.42865E-12     3279.39  1
 6.02101E-03   2.49256E-04   1.12942E-04   8.28048E-05   1.52829E-12     3283.29  1
 6.04101E-03   2.71789E-04   1.13229E-04   8.47412E-05   1.62781E-12     3294.91  1
 6.06101E-03   2.92550E-04   1.13456E-04   8.60853E-05   1.73599E-12     3300.40  1
 6.08101E-03   3.13164E-04   1.13646E-04   8.72547E-05   1.85443E-12     3306.49  1
 6.10101E-03   3.33986E-04   1.13789E-04   9.41134E-05   1.97916E-12     3282.63  1
 6.12101E-03   3.54774E-04   1.13910E-04   9.60013E-05   2.11384E-12     3308.59  1
 6.14101E-03   3.75807E-04   1.14127E-04   9.83869E-05   2.25363E-12     3332.15  1
 6.16101E-03   4.01030E-04   1.14331E-04   1.05176E-04   2.38929E-12     3368.12  1
 6.18101E-03   4.21123E-04   1.14452E-04   1.08895E-04   2.52566E-12     3371.29  1
 6.20101E-03   4.38678E-04   1.14440E-04   1.14034E-04   2.66859E-12     3354.99  1
 6.22101E-03   4.65898E-04   1.14416E-04   1.17559E-04   2.79776E-12     3361.80  1
 6.24101E-03   4.83463E-04   1.14692E-04   1.19556E-04   2.92951E-12     3391.94  1
 6.26101E-03   5.05080E-04   1.14945E-04   1.20867E-04   3.05923E-12     3421.36  1
 6.28101E-03   5.26118E-04   1.14970E-04   1.24204E-04   3.18491E-12     3390.37  1
 6.30101E-03   5.46022E-04   1.14991E-04   1.26034E-04   3.30970E-12     3393.49  1
 6.32101E-03   5.66502E-04   1.15018E-04   1.27686E-04   3.42804E-12     3394.22  1
 6.34101E-03   5.87293E-04   1.15040E-04   1.28755E-04   3.54160E-12     3368.54  1
 6.36101E-03   6.08012E-04   1.15079E-04   1.29474E-04   3.64887E-12     3375.15  1
 6.38101E-03   6.28859E-04   1.15206E-04   1.30277E-04   3.75340E-12     3402.16  1
 6.40101E-03   6.46043E-04   1.15196E-04   1.30564E-04   3.85584E-12     3425.55  1
 6.42101E-03   6.61445E-04   1.15134E-04   1.30868E-04   3.95103E-12     3405.00  1
 6.44101E-03   6.77307E-04   1.15175E-04   1.32690E-04   4.05028E-12     3404.96  1
 6.46101E-03   6.92611E-04   1.15255E-04   1.35050E-04   4.14352E-12     3397.22  1
 6.48101E-03   7.09409E-04   1.15257E-04   1.36721E-04   4.23283E-12     3392.82  1
 6.50101E-03   7.25008E-04   1.15321E-04   1.37683E-04   4.31666E-12     3410.69  1
 6.52101E-03   7.45778E-04   1.15316E-04   1.38321E-04   4.39570E-12     3438.20  1
 6.54101E-03   7.60515E-04   1.15295E-04   1.38618E-04   4.47028E-12     3424.08  1
 6.56101E-03   7.76614E-04   1.15286E-04   1.38763E-04   4.54218E-12     3436.74  1
 6.58101E-03   7.92526E-04   1.15274E-04   1.38781E-04   4.60869E-12     3433.28  1
 6.60101E-03   8.09171E-04   1.15204E-04   1.38710E-04   4.67559E-12     3399.63  1
 6.62101E-03   8.26720E-04   1.15104E-04   1.38628E-04   4.73286E-12     3394.01  1
 6.64101E-03   8.41208E-04   1.15193E-04   1.38567E-04   4.78652E-12     3391.98  1
 6.66101E-03   8.59630E-04   1.15248E-04   1.38533E-04   4.83557E-12     3392.71  1
 6.68101E-03   8.73589E-04   1.15191E-04   1.38494E-04   4.87997E-12     3393.89  1
 6.70101E-03   8.91687E-04   1.15223E-04   1.38454E-04   4.92154E-12     3430.41  1
 6.72101E-03   9.10578E-04   1.15185E-04   1.38400E-04   4.95787E-12     3445.95  1
 6.74101E-03   9.26425E-04   1.15122E-04   1.38347E-04   4.99268E-12     3432.09  1
 6.76101E-03   9.42475E-04   1.15060E-04   1.38194E-04   5.02703E-12     3444.57  1
 6.78102E-03   9.57895E-04   1.14990E-04   1.37917E-04   5.05273E-12     3441.69  1
 6.80102E-03   9.72975E-04   1.14855E-04   1.37301E-04   5.08369E-12     3398.31  1
 6.82102E-03   9.94602E-04   1.14669E-04   1.36699E-04   5.10132E-12     3406.25  1
 6.84102E-03   1.01075E-03   1.14644E-04   1.36065E-04   5.11568E-12     3439.84  1
 6.86102E-03   1.02312E-03   1.14715E-04   1.34862E-04   5.12722E-12     3453.51  1
 6.88102E-03   1.04029E-03   1.14563E-04   1.32465E-04   5.13611E-12     3423.84  1
 6.90102E-03   1.05539E-03   1.14374E-04   1.31078E-04   5.14311E-12     3414.65  1
 6.92102E-03   1.06867E-03   1.14178E-04   1.30452E-04   5.14453E-12     3401.88  1
 6.94102E-03   1.08576E-03   1.13970E-04   1.30078E-04   5.14163E-12     3372.61  1
 6.96102E-03   1.09686E-03   1.13806E-04   1.29764E-04   5.13869E-12     3373.33  1
 6.98102E-03   1.10957E-03   1.13632E-04   1.29530E-04   5.13058E-12     3385.73  1
 7.00102E-03   1.12194E-03   1.13445E-04   1.29135E-04   5.11920E-12     3411.95  1
 7.02102E-03   1.13708E-03   1.13294E-04   1.28695E-04   5.10655E-12     3413.04  1
 7.04102E-03   1.15040E-03   1.13131E-04   1.28252E-04   5.09143E-12     3385.56  1
 7.06102E-03   1.15944E-03   1.12969E-04   1.27545E-04   5.07277E-12     3371.71  1
 7.08102E-03   1.16904E-03   1.12812E-04   1.26882E-04   5.05122E-12     3333.58  1
 7.10102E-03   1.17940E-03   1.12688E-04   1.26198E-04   5.02708E-12     3303.35  1
 7.12102E-03   1.19051E-03   1.12562E-04   1.25048E-04   5.00056E-12     3299.39  1
 7.14102E-03   1.20198E-03   1.12448E-04   1.22204E-04   4.81235E-12     3309.49  0
 7.16102E-03   1.19216E-03   1.10385E-04   1.20976E-04   4.61677E-12     2849.44  0
 7.18102E-03   1.18038E-03   1.08304E-04   1.20277E-04   4.42016E-12     2567.22  0
 7.20102E-03   1.16660E-03   1.04883E-04   1.19289E-04   4.16028E-12     2391.87  0
 7.22102E-03   1.15408E-03   1.02564E-04   1.22354E-04   3.95318E-12     2248.55  0
 7.24102E-03   1.13938E-03   9.85910E-05   1.22155E-04   3.73989E-12     2133.59  0
 7.26102E-03   1.12455E-03   9.49714E-05   1.18920E-04   3.52977E-12     2045.35  0
 7.28102E-03   1.10983E-03   9.24325E-05   1.18001E-04   3.32665E-12     1974.27  0
 7.30102E-03   1.09536E-03   8.84092E-05   1.17278E-04   3.12822E-12     1916.44  0
 7.32102E-03   1.08090E-03   8.47958E-05   1.16578E-04   2.93585E-12     1867.80  0
 7.34102E-03   1.06303E-03   8.21095E-05   1.15848E-04   2.74945E-12     1827.91  0
 7.36102E-03   1.04713E-03   7.83968E-05   1.15113E-04   2.56967E-12     1793.67  0
 7.38102E-03   1.03222E-03   7.50103E-05   1.14182E-04   2.39648E-12     1765.03  0
 7.40102E-03   1.01081E-03   7.15653E-05   1.09690E-04   2.14254E-12     1739.90  0
 7.42102E-03   9.93287E-04   6.85766E-05   1.12568E-04   1.96251E-12     1716.67  0
 7.44102E-03   9.75671E-04   6.55573E-05   1.13189E-04   1.79341E-12     1695.64  0
 7.46102E-03   9.55217E-04   6.31352E-05   1.12854E-04   1.63403E-12     1677.06  0
 7.48102E-03   9.35618E-04   5.99952E-05   1.12203E-04   1.48431E-12     1661.33  0
 7.50102E-03   9.15669E-04   5.79034E-05   1.12319E-04   1.34295E-12     1648.46  0
 7.52102E-03   8.92930E-04   5.47711E-05   1.12375E-04   1.20975E-12     1638.31  0
 7.54102E-03   8.67982E-04   5.28656E-05   1.12394E-04   1.08429E-12     1630.81  0
 7.56102E-03   8.41757E-04   4.97655E-05   1.12424E-04   9.66710E-13     1625.78  0
 7.58102E-03   8.16076E-04   4.79224E-05   1.12427E-04   8.56856E-13     1623.21  0
 7.60102E-03   7.85654E-04   4.44257E-05   1.07738E-04   7.30125E-13     1622.60  0
 7.62102E-03   7.61891E-04   4.27946E-05   1.11658E-04   6.32877E-13     1621.99  0
 7.64102E-03   7.34658E-04   3.98534E-05   1.10955E-04   6.52322E-13     1621.22  1
 7.66102E-03   4.45098E-05   1.06156E-04   4.88847E-05   7.39565E-13     1887.51  1
 7.68102E-03   7.26071E-05   1.10598E-04   6.18979E-05   8.07701E-13     2723.37  1
 7.70102E-03   9.52324E-05   1.12381E-04   6.73969E-05   8.98067E-13     3081.48  1
 7.72102E-03   1.17030E-04   1.13189E-04   7.42044E-05   9.89226E-13     3212.37  1
 7.74102E-03   1.38566E-04   1.13527E-04   7.69636E-05   1.08313E-12     3293.49  1
 7.76102E-03   1.60085E-04   1.13898E-04   7.89779E-05   1.19606E-12     3350.74  1
 7.78102E-03   1.83663E-04   1.14180E-04   1.03940E-04   1.33451E-12     3356.31  1
 7.80102E-03   4.49773E-04   1.14232E-04   2.11740E-04   1.49953E-12     3328.67  1
 7.82102E-03   4.12398E-04   1.14266E-04   2.10695E-04   1.66738E-12     3313.62  1
 7.84102E-03   3.72640E-04   1.14413E-04   2.05042E-04   1.82876E-12     3289.20  1
 7.86102E-03   3.30553E-04   1.14548E-04   2.00154E-04   1.98630E-12     3316.20  1
 7.88102E-03   2.99557E-04   1.14770E-04   1.95948E-04   2.14128E-12     3350.73  1
 7.90102E-03   3.12545E-04   1.14901E-04   1.89199E-04   2.29833E-12     3380.93  1
 7.92102E-03   3.31485E-04   1.14953E-04   1.85480E-04   2.45230E-12     3377.12  1
 7.94102E-03   3.51752E-04   1.15016E-04   1.77170E-04   2.60694E-12     3355.37  1
 7.96102E-03   3.71863E-04   1.15070E-04   1.75400E-04   2.75677E-12     3370.40  1
 7.98102E-03   3.92220E-04   1.15108E-04   1.70977E-04   2.90253E-12     3352.21  1
 8.00102E-03   4.12765E-04   1.15139E-04   1.69355E-04   3.04097E-12     3364.43  1
 8.02102E-03   4.35938E-04   1.15115E-04   1.68477E-04   3.17322E-12     3382.92  1
 8.04102E-03   4.57241E-04   1.15209E-04   1.67729E-04   3.30195E-12     3351.07  1
 8.06102E-03   4.78365E-04   1.15320E-04   1.66336E-04   3.42630E-12     3367.77  1
 8.08102E-03   4.99323E-04   1.15348E-04   1.63499E-04   3.54529E-12     3393.41  1
 8.10102E-03   5.20552E-04   1.15401E-04   1.61698E-04   3.66045E-12     3430.49  1
 8.12102E-03   5.42087E-04   1.15415E-04   1.60974E-04   3.77416E-12     3439.13  1
 8.14102E-03   5.65609E-04   1.15407E-04   1.60517E-04   3.88059E-12     3427.65  1
 8.16103E-03   5.86488E-04   1.15412E-04   1.59967E-04   3.98361E-12     3398.72  1
 8.18103E-03   6.07171E-04   1.15420E-04   1.59255E-04   4.08221E-12     3412.46  1
 8.20103E-03   6.26130E-04   1.15378E-04   1.58582E-04   4.17681E-12     3382.25  1
 8.22103E-03   6.48736E-04   1.15303E-04   1.58005E-04   4.26393E-12     3389.05  1
 8.24103E-03   6.68697E-04   1.15398E-04   1.56736E-04   4.34922E-12     3382.86  1
 8.26103E-03   6.88015E-04   1.15473E-04   1.54454E-04   4.42962E-12     3386.73  1
 8.28103E-03   7.07860E-04   1.15467E-04   1.52402E-04   4.50662E-12     3412.47  1
 8.30103E-03   7.24339E-04   1.15482E-04   1.51464E-04   4.57818E-12     3438.75  1
 8.32103E-03   7.43356E-04   1.15470E-04   1.50734E-04   4.64862E-12     3442.29  1
 8.34103E-03   7.64941E-04   1.15443E-04   1.50109E-04   4.71327E-12     3432.88  1
 8.36103E-03   7.79233E-04   1.15423E-04   1.49543E-04   4.77452E-12     3417.60  1
 8.38103E-03   7.96980E-04   1.15406E-04   1.48797E-04   4.82890E-12     3427.85  1
 8.40103E-03   8.12240E-04   1.15333E-04   1.48037E-04   4.88683E-12     3397.87  1
 8.42103E-03   8.30596E-04   1.15229E-04   1.46793E-04   4.93473E-12     3404.37  1
 8.44103E-03   8.46457E-04   1.15304E-04   1.44539E-04   4.97753E-12     3391.12  1
 8.46103E-03   8.62631E-04   1.15354E-04   1.42399E-04   5.01734E-12     3393.50  1
 8.48103E-03   8.81199E-04   1.15294E-04   1.41506E-04   5.05227E-12     3418.36  1
 8.50103E-03   8.96413E-04   1.15306E-04   1.40770E-04   5.08412E-12     3444.34  1
 8.52103E-03   9.14074E-04   1.15271E-04   1.40102E-04   5.11259E-12     3449.97  1
 8.54103E-03   9.35573E-04   1.15205E-04   1.39467E-04   5.13970E-12     3436.55  1
 8.56103E-03   9.49627E-04   1.15134E-04   1.38650E-04   5.16328E-12     3412.16  1
 8.58103E-03   9.67769E-04   1.15063E-04   1.37879E-04   5.18012E-12     3403.31  1
 8.60103E-03   9.82520E-04   1.14949E-04   1.36637E-04   5.19812E-12     3379.36  1
 8.62103E-03   1.00082E-03   1.14796E-04   1.33934E-04   5.20723E-12     3397.89  1
 8.64103E-03   1.01878E-03   1.14754E-04   1.32004E-04   5.21423E-12     3427.00  1
 8.66103E-03   1.03427E-03   1.14810E-04   1.31281E-04   5.21814E-12     3417.25  1
 8.68103E-03   1.05206E-03   1.14671E-04   1.30936E-04   5.21949E-12     3377.71  1
 8.70103E-03   1.07000E-03   1.14508E-04   1.30708E-04   5.21725E-12     3392.53  1
 8.72103E-03   1.08231E-03   1.14339E-04   1.30339E-04   5.21060E-12     3378.87  1
 8.74103E-03   1.10036E-03   1.14168E-04   1.29931E-04   5.20233E-12     3365.23  1
 8.76103E-03   1.11366E-03   1.13959E-04   1.29530E-04   5.03387E-12     3380.33  0
 8.78103E-03   1.11015E-03   1.13410E-04   1.29222E-04   4.85101E-12     2902.42  0
 8.80103E-03   1.10359E-03   1.11525E-04   1.27416E-04   4.64775E-12     2627.60  0
 8.82103E-03   1.09812E-03   1.09014E-04   1.28117E-04   4.44426E-12     2439.90  0
 8.84103E-03   1.09266E-03   1.06952E-04   1.27791E-04   4.23596E-12     2297.85  0
 8.86103E-03   1.08452E-03   1.03824E-04   1.27582E-04   4.02901E-12     2189.23  0
 8.88103E-03   1.07947E-03   1.01238E-04   1.27045E-04   3.82612E-12     2101.84  0
 8.90103E-03   1.06989E-03   9.84402E-05   1.26419E-04   3.62743E-12     2033.56  0
 8.92103E-03   1.06313E-03   9.52874E-05   1.25233E-04   3.43283E-12     1975.49  0
 8.94103E-03   1.05458E-03   9.29829E-05   1.22519E-04   3.24374E-12     1926.93  0
 8.96103E-03   1.04398E-03   8.95625E-05   1.20587E-04   3.06021E-12     1884.82  0
 8.98103E-03   1.03354E-03   8.75389E-05   1.19612E-04   2.88157E-12     1847.47  0
 9.00103E-03   1.02197E-03   8.36689E-05   1.18010E-04   2.61586E-12     1813.44  0
 9.02103E-03   1.01201E-03   8.10508E-05   1.23181E-04   2.42348E-12     1781.34  0
 9.04103E-03   9.99841E-04   7.84807E-05   1.23131E-04   2.24072E-12     1752.13  0
 9.06103E-03   9.86043E-04   7.55919E-05   1.22629E-04   2.06620E-12     1725.39  0
 9.08103E-03   9.71337E-04   7.33231E-05   1.21557E-04   1.89959E-12     1702.15  0
 9.10103E-03   9.56515E-04   7.04440E-05   1.18458E-04   1.74069E-12     1682.31  0
 9.12103E-03   9.35867E-04   6.82535E-05   1.16696E-04   1.58916E-12     1665.77  0
 9.14103E-03   9.14417E-04   6.53357E-05   1.15839E-04   1.44555E-12     1652.34  0
 9.16103E-03   8.89500E-04   6.32640E-05   1.15125E-04   1.31018E-12     1641.80  0
 9.18103E-03   8.63569E-04   6.04518E-05   1.14477E-04   1.18315E-12     1633.74  0
 9.20103E-03   8.31041E-04   5.78875E-05   1.11009E-04   1.02938E-12     1627.64  0
 9.22103E-03   8.06675E-04   5.51009E-05   1.13434E-04   9.12425E-13     1624.14  0
 9.24103E-03   7.73150E-04   5.31595E-05   1.09675E-04   8.05440E-13     1622.87  0
 9.26103E-03   7.44569E-04   5.03159E-05   1.08449E-04   8.24019E-13     1622.42  1
 9.28103E-03   4.99483E-05   1.06817E-04   5.05188E-05   9.06127E-13     1892.80  1
 9.30103E-03   7.56700E-05   1.10915E-04   6.33278E-05   9.80917E-13     2742.31  1
 9.32103E-03   9.77081E-05   1.12751E-04   7.48662E-05   1.06116E-12     3092.44  1
 9.34103E-03   1.20079E-04   1.13433E-04   7.79015E-05   1.14789E-12     3221.55  1
 9.36103E-03   1.41760E-04   1.13822E-04   7.95737E-05   1.26818E-12     3288.81  1
 9.38103E-03   5.50232E-04   1.14328E-04   2.01329E-04   1.40716E-12     3338.62  1
 9.40103E-03   5.14805E-04   1.14309E-04   1.99833E-04   1.56172E-12     3347.91  1
 9.42103E-03   4.83478E-04   1.14248E-04   2.04078E-04   1.71376E-12     3366.98  1
 9.44103E-03   4.53267E-04   1.14585E-04   2.05106E-04   1.86749E-12     3361.17  1
 9.46104E-03   4.20633E-04   1.14911E-04   2.04552E-04   2.01759E-12     3393.38  1
 9.48104E-03   3.92130E-04   1.14946E-04   2.01045E-04   2.16433E-12     3372.16  1
 9.50104E-03   3.59005E-04   1.14982E-04   1.99670E-04   2.31417E-12     3367.51  1
 9.52104E-03   3.63182E-04   1.15036E-04   1.98727E-04   2.46270E-12     3381.31  1
 9.54104E-03   3.77647E-04   1.15071E-04   1.97863E-04   2.61363E-12     3370.79  1
 9.56104E-03   3.90599E-04   1.15121E-04   1.96600E-04   2.75665E-12     3379.22  1
 9.58104E-03   4.03892E-04   1.15259E-04   1.93283E-04   2.90071E-12     3396.87  1
 9.60104E-03   4.19242E-04   1.15224E-04   1.90787E-04   3.05338E-12     3384.44  1
 9.62104E-03   4.30838E-04   1.15158E-04   1.90351E-04   3.18899E-12     3373.94  1
 9.64104E-03   4.46356E-04   1.15267E-04   1.89007E-04   3.32072E-12     3362.82  1
 9.66104E-03   4.67507E-04   1.15399E-04   1.88066E-04   3.44742E-12     3353.75  1
 9.68104E-03   4.88702E-04   1.15466E-04   1.86860E-04   3.56936E-12     3367.41  1
 9.70104E-03   5.09911E-04   1.15506E-04   1.84674E-04   3.68770E-12     3391.36  1
 9.72104E-03   5.34915E-04   1.15509E-04   1.82146E-04   3.80314E-12     3426.08  1
 9.74104E-03   5.54440E-04   1.15506E-04   1.81034E-04   3.91125E-12     3419.15  1
 9.76104E-03   5.75153E-04   1.15515E-04   1.80016E-04   4.01614E-12     3419.37  1
 9.78104E-03   5.96063E-04   1.15525E-04   1.79089E-04   4.11594E-12     3404.60  1
 9.80104E-03   6.14453E-04   1.15484E-04   1.78286E-04   4.21062E-12     3390.71  1
 9.82104E-03   6.35008E-04   1.15413E-04   1.76888E-04   4.29954E-12     3388.19  1
 9.84104E-03   6.51483E-04   1.15496E-04   1.73822E-04   4.38516E-12     3389.19  1
 9.86104E-03   6.70321E-04   1.15567E-04   1.71775E-04   4.46568E-12     3391.92  1
 9.88104E-03   6.89022E-04   1.15554E-04   1.70645E-04   4.54053E-12     3400.69  1
 9.90104E-03   7.05013E-04   1.15559E-04   1.69535E-04   4.61176E-12     3440.20  1
 9.92104E-03   7.26734E-04   1.15528E-04   1.68507E-04   4.67841E-12     3445.22  1
 9.94104E-03   7.44522E-04   1.15497E-04   1.67118E-04   4.74111E-12     3438.06  1
 9.96104E-03   7.59606E-04   1.15476E-04   1.64307E-04   4.79941E-12     3451.06  1
 9.98104E-03   7.77908E-04   1.15449E-04   1.61809E-04   4.85077E-12     3447.47  1
 1.00010E-02   7.95885E-04   1.15383E-04   1.60629E-04   4.90233E-12     3404.79  1
 1.00210E-02   8.16237E-04   1.15272E-04   1.59547E-04   4.94632E-12     3412.59  1
 1.00410E-02   8.33122E-04   1.15330E-04   1.58515E-04   4.98723E-12     3453.05  1
 1.00610E-02   8.51854E-04   1.15337E-04   1.57199E-04   5.02396E-12     3459.47  1
 1.00810E-02   8.66425E-04   1.15258E-04   1.54605E-04   5.05703E-12     3442.04  1
 1.01010E-02   8.84565E-04   1.15161E-04   1.51966E-04   5.08606E-12     3440.70  1
 1.01210E-02   9.03362E-04   1.15049E-04   1.50752E-04   5.11044E-12     3422.87  1
 1.01410E-02   9.18867E-04   1.14908E-04   1.49787E-04   4.96799E-12     3399.38  0
 1.01610E-02   9.16188E-04   1.14022E-04   1.48753E-04   4.80920E-12     2927.93  0
 1.01810E-02   9.14587E-04   1.13103E-04   1.47479E-04   4.64173E-12     2656.13  0
 1.02010E-02   9.09019E-04   1.09921E-04   1.44299E-04   4.43131E-12     2469.85  0
 1.02210E-02   9.06428E-04   1.08154E-04   1.44967E-04   4.25485E-12     2323.82  0
 1.02410E-02   9.01098E-04   1.05131E-04   1.44990E-04   4.06581E-12     2201.85  0
 1.02610E-02   8.98851E-04   1.03079E-04   1.44469E-04   3.87375E-12     2103.34  0
 1.02810E-02   8.93513E-04   9.99625E-05   1.43329E-04   3.68240E-12     2021.90  0
 1.03010E-02   8.88389E-04   9.79119E-05   1.39568E-04   3.49323E-12     1954.62  0
 1.03210E-02   8.85774E-04   9.46794E-05   1.38008E-04   3.30647E-12     1899.37  0
 1.03410E-02   8.78550E-04   9.27762E-05   1.36873E-04   3.12395E-12     1853.97  0
 1.03610E-02   8.74377E-04   8.93807E-05   1.35689E-04   2.94595E-12     1815.37  0
 1.03810E-02   8.70198E-04   8.75375E-05   1.34314E-04   2.77249E-12     1782.24  0
 1.04010E-02   8.61729E-04   8.35694E-05   1.29620E-04   2.53635E-12     1752.47  0
 1.04210E-02   8.58086E-04   8.09552E-05   1.32289E-04   2.35751E-12     1726.79  0
 1.04410E-02   8.49141E-04   7.83953E-05   1.32954E-04   2.18731E-12     1704.16  0
 1.04610E-02   8.45066E-04   7.55260E-05   1.32513E-04   2.02438E-12     1684.78  0
 1.04810E-02   8.35970E-04   7.32738E-05   1.31992E-04   1.86980E-12     1668.46  0
 1.05010E-02   8.29541E-04   7.03709E-05   1.30910E-04   1.72189E-12     1654.98  0
 1.05210E-02   8.22754E-04   6.81996E-05   1.27835E-04   1.58056E-12     1644.39  0
 1.05410E-02   8.13586E-04   6.52265E-05   1.26412E-04   1.44537E-12     1636.18  0
 1.05610E-02   8.05178E-04   6.31451E-05   1.25643E-04   1.31702E-12     1630.01  0
 1.05810E-02   7.97580E-04   6.02374E-05   1.24969E-04   1.19551E-12     1625.75  0
 1.06010E-02   7.84100E-04   5.78489E-05   1.21983E-04   1.05449E-12     1623.34  0
 1.06210E-02   7.73963E-04   5.48196E-05   1.22872E-04   9.41587E-13     1622.77  0
 1.06410E-02   7.62737E-04   5.29924E-05   1.20838E-04   9.46480E-13     1622.34  1
 1.06610E-02   4.76912E-05   1.07348E-04   4.13790E-05   1.03436E-12     1922.87  1
 1.06810E-02   7.25149E-05   1.11108E-04   6.79308E-05   1.09938E-12     2766.85  1
 1.07010E-02   9.78526E-05   1.12916E-04   7.46320E-05   1.17011E-12     3079.21  1
 1.07210E-02   1.20353E-04   1.13621E-04   7.68600E-05   1.25835E-12     3210.34  1
 1.07410E-02   1.41952E-04   1.14192E-04   9.72968E-05   1.36786E-12     3307.79  1
 1.07610E-02   6.42424E-04   1.14656E-04   2.10144E-04   1.49559E-12     3351.19  1
 1.07810E-02   6.03861E-04   1.14804E-04   2.09338E-04   1.63235E-12     3384.46  1
 1.08010E-02   5.55147E-04   1.14498E-04   2.06379E-04   1.80162E-12     3331.89  1
 1.08210E-02   5.19514E-04   1.14527E-04   2.08512E-04   1.94616E-12     3299.57  1
 1.08410E-02   4.86323E-04   1.14778E-04   2.08820E-04   2.08964E-12     3292.46  1
 1.08610E-02   4.51781E-04   1.14919E-04   2.08571E-04   2.23172E-12     3304.40  1
 1.08810E-02   4.17539E-04   1.15021E-04   2.07687E-04   2.37137E-12     3322.94  1
 1.09010E-02   3.84839E-04   1.15177E-04   2.04384E-04   2.51284E-12     3360.77  1
 1.09210E-02   3.83791E-04   1.15229E-04   2.03011E-04   2.65180E-12     3398.74  1
 1.09410E-02   4.00643E-04   1.15255E-04   2.02214E-04   2.79123E-12     3402.11  1
 1.09610E-02   4.16136E-04   1.15289E-04   2.01349E-04   2.92788E-12     3385.48  1
 1.09810E-02   4.29810E-04   1.15319E-04   2.00220E-04   3.06534E-12     3359.24  1
 1.10010E-02   4.43720E-04   1.15130E-04   1.97034E-04   3.21693E-12     3342.71  1
 1.10210E-02   4.57412E-04   1.15050E-04   1.97080E-04   3.35855E-12     3326.37  1
 1.10410E-02   4.70893E-04   1.15235E-04   1.97198E-04   3.48724E-12     3314.94  1
 1.10610E-02   4.87397E-04   1.15362E-04   1.96871E-04   3.60705E-12     3323.02  1
 1.10810E-02   5.08393E-04   1.15390E-04   1.95891E-04   3.71856E-12     3354.88  1
 1.11010E-02   5.29608E-04   1.15438E-04   1.92959E-04   3.82623E-12     3392.09  1
 1.11210E-02   5.51128E-04   1.15442E-04   1.91360E-04   3.93055E-12     3411.92  1
 1.11410E-02   5.74633E-04   1.15427E-04   1.90489E-04   4.02780E-12     3400.77  1
 1.11610E-02   5.95423E-04   1.15416E-04   1.89621E-04   4.12272E-12     3379.35  1
 1.11810E-02   6.16026E-04   1.15403E-04   1.88786E-04   4.21160E-12     3388.44  1
 1.12010E-02   6.36794E-04   1.15368E-04   1.87335E-04   4.29649E-12     3367.09  1
 1.12210E-02   6.57603E-04   1.15306E-04   1.84518E-04   4.37520E-12     3379.71  1
 1.12410E-02   6.74311E-04   1.15327E-04   1.82125E-04   4.44948E-12     3420.38  1
 1.12610E-02   6.93228E-04   1.15308E-04   1.80833E-04   4.51770E-12     3438.02  1
 1.12810E-02   7.12546E-04   1.15219E-04   1.79575E-04   4.58489E-12     3437.86  1
 1.13010E-02   7.35572E-04   1.15109E-04   1.78453E-04   4.48456E-12     3417.86  0
 1.13210E-02   7.36294E-04   1.14168E-04   1.76938E-04   4.36477E-12     2933.58  0
 1.13410E-02   7.30330E-04   1.13280E-04   1.73144E-04   4.23623E-12     2649.95  0
 1.13610E-02   7.26599E-04   1.10842E-04   1.71309E-04   4.09501E-12     2463.77  0
 1.13810E-02   7.20650E-04   1.08736E-04   1.70054E-04   3.95197E-12     2324.26  0
 1.14010E-02   7.16629E-04   1.05517E-04   1.67867E-04   3.77557E-12     2211.34  0
 1.14210E-02   7.13441E-04   1.03262E-04   1.67946E-04   3.62999E-12     2110.74  0
 1.14411E-02   7.07805E-04   1.00287E-04   1.66377E-04   3.47594E-12     2023.18  0
 1.14611E-02   7.05243E-04   9.81263E-05   1.65275E-04   3.31843E-12     1950.93  0
 1.14811E-02   6.99351E-04   9.50422E-05   1.63842E-04   3.16088E-12     1890.28  0
 1.15011E-02   6.95872E-04   9.30435E-05   1.60370E-04   3.00453E-12     1840.76  0
 1.15211E-02   6.92945E-04   8.99467E-05   1.57945E-04   2.85013E-12     1801.29  0
 1.15411E-02   6.86414E-04   8.79492E-05   1.56453E-04   2.69778E-12     1767.92  0
 1.15611E-02   6.83792E-04   8.47128E-05   1.55087E-04   2.54807E-12     1739.76  0
 1.15811E-02   6.77889E-04   8.28234E-05   1.53522E-04   2.40130E-12     1716.40  0
 1.16011E-02   6.70627E-04   7.89583E-05   1.48032E-04   2.18433E-12     1695.55  0
 1.16211E-02   6.73669E-04   7.69481E-05   1.51437E-04   2.02871E-12     1679.00  0
 1.16411E-02   6.70852E-04   7.39858E-05   1.51906E-04   1.88261E-12     1664.85  0
 1.16611E-02   6.64141E-04   7.20042E-05   1.50733E-04   1.74424E-12     1653.16  0
 1.16811E-02   6.61354E-04   6.90499E-05   1.47296E-04   1.61269E-12     1643.62  0
 1.17011E-02   6.54523E-04   6.72805E-05   1.45123E-04   1.48757E-12     1636.00  0
 1.17211E-02   6.51133E-04   6.42376E-05   1.43916E-04   1.36856E-12     1630.20  0
 1.17411E-02   6.41270E-04   6.25906E-05   1.42770E-04   1.25588E-12     1626.13  0
 1.17611E-02   6.33996E-04   5.95106E-05   1.41404E-04   1.14930E-12     1623.70  0
 1.17811E-02   6.23755E-04   5.78678E-05   1.38425E-04   1.04842E-12     1622.89  0
 1.18011E-02   6.10702E-04   5.43143E-05   1.31565E-04   1.04257E-12     1622.51  1
 1.18211E-02   5.05445E-05   1.06428E-04   4.76163E-05   1.12943E-12     1880.45  1
 1.18411E-02   7.38093E-05   1.10868E-04   6.29034E-05   1.19454E-12     2698.96  1
 1.18611E-02   9.74247E-05   1.12666E-04   7.40950E-05   1.27327E-12     3041.31  1
 1.18811E-02   1.19885E-04   1.13381E-04   7.71033E-05   1.35036E-12     3171.56  1
 1.19011E-02   1.41996E-04   1.13745E-04   7.88234E-05   1.43439E-12     3263.68  1
 1.19211E-02   1.63673E-04   1.14230E-04   9.17354E-05   1.55028E-12     3326.04  1
 1.19411E-02   5.32642E-04   1.14482E-04   2.24613E-04   1.68696E-12     3373.66  1
 1.19611E-02   5.16135E-04   1.14581E-04   2.21328E-04   1.82774E-12     3377.59  1
 1.19811E-02   5.03205E-04   1.14635E-04   2.20349E-04   1.97356E-12     3389.71  1
 1.20011E-02   4.83641E-04   1.14558E-04   2.19791E-04   2.11102E-12     3362.08  1
 1.20211E-02   4.71106E-04   1.14493E-04   2.19561E-04   2.24783E-12     3337.64  1
 1.20411E-02   4.53544E-04   1.14716E-04   2.18531E-04   2.38451E-12     3338.38  1
 1.20611E-02   4.34429E-04   1.14872E-04   2.15172E-04   2.51818E-12     3351.81  1
 1.20811E-02   4.16500E-04   1.14896E-04   2.13563E-04   2.65070E-12     3357.83  1
 1.21011E-02   3.93963E-04   1.14999E-04   2.12605E-04   2.78077E-12     3388.10  1
 1.21211E-02   4.09784E-04   1.15081E-04   2.11574E-04   2.91646E-12     3426.55  1
 1.21411E-02   4.26850E-04   1.15061E-04   2.10342E-04   3.04636E-12     3433.36  1
 1.21611E-02   4.43143E-04   1.15044E-04   2.07227E-04   3.17474E-12     3413.31  1
 1.21811E-02   4.56836E-04   1.15027E-04   2.04313E-04   3.30054E-12     3416.35  1
 1.22011E-02   4.69340E-04   1.14639E-04   2.01695E-04   3.46406E-12     3379.66  1
 1.22211E-02   4.89668E-04   1.14550E-04   2.03611E-04   3.58029E-12     3362.48  1
 1.22411E-02   5.10969E-04   1.14747E-04   2.00380E-04   3.52719E-12     3367.27  0
 1.22611E-02   5.12233E-04   1.13992E-04   1.99414E-04   3.45184E-12     2867.51  0
 1.22811E-02   5.12260E-04   1.13021E-04   1.98741E-04   3.36322E-12     2585.41  0
 1.23011E-02   5.11714E-04   1.10103E-04   1.97625E-04   3.26916E-12     2398.62  0
 1.23211E-02   5.10467E-04   1.08255E-04   1.94875E-04   3.16871E-12     2267.87  0
 1.23411E-02   5.08950E-04   1.05304E-04   1.92838E-04   3.06402E-12     2163.76  0
 1.23611E-02   5.07123E-04   1.03187E-04   1.91620E-04   2.95613E-12     2080.20  0
 1.23811E-02   5.02349E-04   1.00246E-04   1.90525E-04   2.84611E-12     2011.08  0
 1.24011E-02   4.99595E-04   9.81312E-05   1.89422E-04   2.73731E-12     1953.23  0
 1.24211E-02   4.96906E-04   9.51769E-05   1.87827E-04   2.62820E-12     1905.99  0
 1.24411E-02   4.90979E-04   9.31403E-05   1.84038E-04   2.51968E-12     1866.17  0
 1.24611E-02   4.88220E-04   9.00929E-05   1.82014E-04   2.41167E-12     1830.77  0
 1.24811E-02   4.85475E-04   8.81283E-05   1.80428E-04   2.30452E-12     1799.80  0
 1.25011E-02   4.79318E-04   8.51887E-05   1.78904E-04   2.19852E-12     1772.34  0
 1.25211E-02   4.76720E-04   8.31923E-05   1.77086E-04   2.09378E-12     1748.04  0
 1.25411E-02   4.74072E-04   8.03435E-05   1.73638E-04   1.99014E-12     1726.51  0
 1.25611E-02   4.67941E-04   7.83754E-05   1.70540E-04   1.88774E-12     1707.95  0
 1.25811E-02   4.65466E-04   7.57636E-05   1.68634E-04   1.78666E-12     1691.82  0
 1.26011E-02   4.61449E-04   7.34428E-05   1.66298E-04   1.67008E-12     1677.51  0
 1.26211E-02   4.60439E-04   7.10351E-05   1.64704E-04   1.56824E-12     1664.90  0
 1.26411E-02   4.59417E-04   6.88006E-05   1.63115E-04   1.47014E-12     1653.99  0
 1.26611E-02   4.55651E-04   6.69119E-05   1.59221E-04   1.37534E-12     1644.91  0
 1.26811E-02   4.51383E-04   6.42264E-05   1.57333E-04   1.28346E-12     1637.56  0
 1.27011E-02   4.48604E-04   6.26930E-05   1.55963E-04   1.19520E-12     1631.93  0
 1.27211E-02   4.42750E-04   5.97957E-05   1.54730E-04   1.11045E-12     1627.71  0
 1.27411E-02   4.37813E-04   5.81898E-05   1.53200E-04   1.13782E-12     1624.81  1
 1.27611E-02   4.69872E-05   1.05921E-04   5.03483E-05   1.22990E-12     1875.80  1
 1.27811E-02   7.22900E-05   1.10528E-04   6.15387E-05   1.30353E-12     2744.02  1
 1.28011E-02   9.66026E-05   1.12299E-04   6.71396E-05   1.38216E-12     3013.29  1
 1.28211E-02   1.22427E-04   1.13030E-04   7.37883E-05   1.46256E-12     3160.22  1
 1.28411E-02   1.45311E-04   1.13447E-04   7.62097E-05   1.55058E-12     3247.05  1
 1.28611E-02   1.67634E-04   1.13796E-04   8.13334E-05   1.64358E-12     3293.23  1
 1.28811E-02   1.89126E-04   1.13997E-04   8.36775E-05   1.73814E-12     3291.72  1
 1.29011E-02   2.10380E-04   1.14066E-04   8.51576E-05   1.83656E-12     3324.31  1
 1.29211E-02   2.31750E-04   1.14187E-04   9.08176E-05   1.94135E-12     3360.54  1
 1.29411E-02   2.53325E-04   1.14249E-04   9.32975E-05   2.05202E-12     3380.24  1
 1.29611E-02   2.76728E-04   1.14245E-04   9.47510E-05   2.00930E-12     3380.91  0
 1.29811E-02   2.78573E-04   1.13626E-04   9.60846E-05   1.94881E-12     2914.63  0
 1.30011E-02   2.77502E-04   1.12532E-04   9.72613E-05   1.88337E-12     2642.76  0
 1.30211E-02   2.83972E-04   1.09384E-04   1.04404E-04   1.81633E-12     2453.05  0
 1.30411E-02   2.84949E-04   1.07803E-04   1.07148E-04   1.74783E-12     2316.08  0
 1.30611E-02   2.85376E-04   1.04615E-04   1.08533E-04   1.68848E-12     2210.50  0
 1.30811E-02   3.18522E-04   1.02729E-04   2.40972E-04   1.63215E-12     2127.72  0
 1.31011E-02   3.14914E-04   9.93418E-05   2.38830E-04   1.57737E-12     2054.50  0
 1.31211E-02   3.07350E-04   9.75035E-05   2.33747E-04   1.51890E-12     1991.92  0
 1.31411E-02   3.02747E-04   9.39774E-05   2.31798E-04   1.45729E-12     1938.07  0
 1.31611E-02   2.96224E-04   9.15924E-05   2.29925E-04   1.39400E-12     1892.48  0
 1.31811E-02   2.89719E-04   8.87135E-05   2.25913E-04   1.33080E-12     1854.15  0
 1.32011E-02   2.84384E-04   8.57646E-05   2.19873E-04   1.25427E-12     1820.48  0
 1.32211E-02   2.83503E-04   8.35098E-05   2.17535E-04   1.18982E-12     1788.20  0
 1.32411E-02   2.82938E-04   8.09162E-05   2.14899E-04   1.12492E-12     1758.18  0
 1.32611E-02   2.82514E-04   7.86876E-05   2.12312E-04   1.06087E-12     1730.75  0
 1.32811E-02   2.82228E-04   7.63136E-05   2.05961E-04   9.97652E-13     1707.23  0
 1.33011E-02   2.80357E-04   7.38613E-05   2.03267E-04   9.35465E-13     1687.59  0
 1.33211E-02   2.76985E-04   7.17316E-05   1.96172E-04   8.74670E-13     1671.34  0
 1.33411E-02   2.75400E-04   6.90248E-05   1.92594E-04   8.15789E-13     1658.03  0
 1.33611E-02   2.73704E-04   6.71624E-05   1.84361E-04   7.58859E-13     1647.28  0
 1.33811E-02   2.72998E-04   6.41847E-05   1.76487E-04   7.03794E-13     1638.72  0
 1.34011E-02   2.72472E-04   6.25180E-05   1.65677E-04   6.26861E-13     1631.71  0
 1.34211E-02   2.71895E-04   5.94936E-05   1.65578E-04   5.70931E-13     1626.94  0
 1.34411E-02   2.69974E-04   5.79057E-05   1.61461E-04   5.18648E-13     1624.04  0
 1.34611E-02   2.65600E-04   5.50254E-05   1.55779E-04   4.69562E-13     1622.94  0
 1.34811E-02   2.62654E-04   5.32594E-05   1.52979E-04   4.23438E-13     1622.62  0
 1.35011E-02   2.61075E-04   5.06787E-05   1.50746E-04   3.80304E-13     1622.17  0
 1.35211E-02   2.52323E-04   4.86582E-05   1.45851E-04   3.39691E-13     1621.59  0
 1.35411E-02   2.45299E-04   4.65802E-05   1.43718E-04   3.01847E-13     1620.89  0
 1.35611E-02   2.37358E-04   4.41562E-05   1.41850E-04   2.66733E-13     1620.07  0
 1.35811E-02   2.26114E-04   4.26614E-05   1.38342E-04   2.33986E-13     1619.13  0
 1.36011E-02   2.19754E-04   3.99444E-05   1.33869E-04   2.03864E-13     1618.07  0
 1.36211E-02   2.06035E-04   3.84308E-05   1.28253E-04   1.76075E-13     1616.91  0
 1.36411E-02   1.95583E-04   3.64473E-05   1.24563E-04   1.50838E-13     1615.63  0
 1.36611E-02   1.85685E-04   3.43653E-05   1.18959E-04   1.27729E-13     1614.21  0
 1.36811E-02   1.74829E-04   3.30739E-05   1.10664E-04   1.06803E-13     1612.64  0
 1.37011E-02   1.65612E-04   3.08342E-05   1.06125E-04   8.79252E-14     1610.92  0
 1.37211E-02   1.54980E-04   2.91275E-05   1.02261E-04   7.11770E-14     1609.02  0
 1.37411E-02   1.46241E-04   2.78626E-05   9.35489E-05   5.62810E-14     1606.95  0
 1.37611E-02   1.34996E-04   2.54477E-05   8.72514E-05   4.32355E-14     1604.91  0
 1.37811E-02   1.25773E-04   2.38847E-05   8.33453E-05   3.20912E-14     1602.67  0
 1.38011E-02   1.14391E-04   2.25566E-05   7.60902E-05   2.27517E-14     1600.22  0
 1.38211E-02   1.02880E-04   1.98590E-05   6.71827E-05   1.49544E-14     1597.48  0
 1.38411E-02   9.28003E-05   1.83600E-05   6.24600E-05   9.00077E-15     1594.40  0
 1.38611E-02   7.79288E-05   1.58889E-05   5.27564E-05   4.49926E-15     1590.81  0
 1.38811E-02   6.65326E-05   1.36177E-05   4.40255E-05   1.61404E-15     1586.51  0
 1.39011E-02   5.08153E-05   1.03984E-05   3.34337E-05   1.86568E-16     1580.71  0
 1.39211E-02   2.67549E-05   6.03724E-06   1.63242E-05   0.00000E+00     1571.03  0
 1.39411E-02   0.00000E+00   0.00000E+00   0.00000E+00   0.00000E+00     1536.55  0
 1.39611E-02   0.00000E+00   0.00000E+00   0.00000E+00   0.00000E+00     1499.90  0
 1.39811E-02   0.00000E+00   0.00000E+00   0.00000E+00   0.00000E+00     1476.91  0
 1.40011E-02   0.00000E+00   0.00000E+00   0.00000E+00   0.00000E+00     1458.22  0
 1.40211E-02   0.00000E+00   0.00000E+00   0.00000E+00   0.00000E+00     1442.00  0
 1.40411E-02   0.00000E+00   0.00000E+00   0.00000E+00   0.00000E+00     1427.63  0
 1.40611E-02   0.00000E+00   0.00000E+00   0.00000E+00   0.00000E+00     1415.13  0
 1.40811E-02   0.00000E+00   0.00000E+00   0.00000E+00   0.00000E+00     1403.40  0
 1.41011E-02   0.00000E+00   0.00000E+00   0.00000E+00   0.00000E+00     1392.31  0
 1.41211E-02   0.00000E+00   0.00000E+00   0.00000E+00   0.00000E+00     1381.86  0
 1.41411E-02   0.00000E+00   0.00000E+00   0.00000E+00   0.00000E+00     1372.46  0
 1.41611E-02   0.00000E+00   0.00000E+00   0.00000E+00   0.00000E+00     1363.38  0
 1.41811E-02   0.00000E+00   0.00000E+00   0.00000E+00   0.00000E+00     1354.60  0
 1.42011E-02   0.00000E+00   0.00000E+00   0.00000E+00   0.00000E+00     1346.12  0
 1.42211E-02   0.00000E+00   0.00000E+00   0.00000E+00   0.00000E+00     1338.34  0
 1.42411E-02   0.00000E+00   0.00000E+00   0.00000E+00   0.00000E+00     1330.76  0
 1.42611E-02   0.00000E+00   0.00000E+00   0.00000E+00   0.00000E+00     1323.37  0
 1.42811E-02   0.00000E+00   0.00000E+00   0.00000E+00   0.00000E+00     1316.17  0
 1.43011E-02   0.00000E+00   0.00000E+00   0.00000E+00   0.00000E+00     1309.50  0
 1.43211E-02   0.00000E+00   0.00000E+00   0.00000E+00   0.00000E+00     1302.97  0
 1.43411E-02   0.00000E+00   0.00000E+00   0.00000E+00   0.00000E+00     1296.56  0
 1.43611E-02   0.00000E+00   0.00000E+00   0.00000E+00   0.00000E+00     1290.34  0
 1.43811E-02   0.00000E+00   0.00000E+00   0.00000E+00   0.00000E+00     1284.47  0
 1.44011E-02   0.00000E+00   0.00000E+00   0.00000E+00   0.00000E+00     1278.70  0
 1.44211E-02   0.00000E+00   0.00000E+00   0.00000E+00   0.00000E+00     1273.02  0
 1.44411E-02   0.00000E+00   0.00000E+00   0.00000E+00   0.00000E+00     1267.48  0
 1.44611E-02   0.00000E+00   0.00000E+00   0.00000E+00   0.00000E+00     1262.24  0
 1.44811E-02   0.00000E+00   0.00000E+00   0.00000E+00   0.00000E+00     1257.10  0
 1.45011E-02   0.00000E+00   0.00000E+00   0.00000E+00   0.00000E+00     1252.03  0
 1.45211E-02   0.00000E+00   0.00000E+00   0.00000E+00   0.00000E+00     1247.03  0
 1.45411E-02   0.00000E+00   0.00000E+00   0.00000E+00   0.00000E+00     1242.19  0
 1.45611E-02   0.00000E+00   0.00000E+00   0.00000E+00   0.00000E+00     1237.54  0
 1.45811E-02   0.00000E+00   0.00000E+00   0.00000E+00   0.00000E+00     1232.93  0
 1.46011E-02   0.00000E+00   0.00000E+00   0.00000E+00   0.00000E+00     1228.39  0
 1.46211E-02   0.00000E+00   0.00000E+00   0.00000E+00   0.00000E+00     1223.89  0
 1.46411E-02   0.00000E+00   0.00000E+00   0.00000E+00   0.00000E+00     1219.62  0
 1.46611E-02   0.00000E+00   0.00000E+00   0.00000E+00   0.00000E+00     1215.41  0
 1.46811E-02   0.00000E+00   0.00000E+00   0.00000E+00   0.00000E+00     1211.25  0
 1.47011E-02   0.00000E+00   0.00000E+00   0.00000E+00   0.00000E+00     1207.13  0
 1.47211E-02   0.00000E+00   0.00000E+00   0.00000E+00   0.00000E+00     1203.07  0
 1.47411E-02   0.00000E+00   0.00000E+00   0.00000E+00   0.00000E+00     1199.20  0
 1.47611E-02   0.00000E+00   0.00000E+00   0.00000E+00   0.00000E+00     1195.37  0
 1.47811E-02   0.00000E+00   0.00000E+00   0.00000E+00   0.00000E+00     1191.57  0
 1.48011E-02   0.00000E+00   0.00000E+00   0.00000E+00   0.00000E+00     1187.85  0
 1.48211E-02   0.00000E+00   0.00000E+00   0.00000E+00   0.00000E+00     1184.16  0
 1.48411E-02   0.00000E+00   0.00000E+00   0.00000E+00   0.00000E+00     1180.63  0
 1.48611E-02   0.00000E+00   0.00000E+00   0.00000E+00   0.00000E+00     1177.13  0
 1.48811E-02   0.00000E+00   0.00000E+00   0.00000E+00   0.00000E+00     1173.67  0
 1.49011E-02   0.00000E+00   0.00000E+00   0.00000E+00   0.00000E+00     1170.23  0
 1.49211E-02   0.00000E+00   0.00000E+00   0.00000E+00   0.00000E+00     1166.82  0
 1.49411E-02   0.00000E+00   0.00000E+00   0.00000E+00   0.00000E+00     1163.54  0
 1.49611E-02   0.00000E+00   0.00000E+00   0.00000E+00   0.00000E+00     1160.31  0
 1.49811E-02   0.00000E+00   0.00000E+00   0.00000E+00   0.00000E+00     1157.11  0
 1.50011E-02   0.00000E+00   0.00000E+00   0.00000E+00   0.00000E+00     1153.93  0
 1.50211E-02   0.00000E+00   0.00000E+00   0.00000E+00   0.00000E+00     1150.78  0
 1.50411E-02   0.00000E+00   0.00000E+00   0.00000E+00   0.00000E+00     1147.67  0
 1.50611E-02   0.00000E+00   0.00000E+00   0.00000E+00   0.00000E+00     1144.68  0
 1.50811E-02   0.00000E+00   0.00000E+00   0.00000E+00   0.00000E+00     1141.71  0
 1.51011E-02   0.00000E+00   0.00000E+00   0.00000E+00   0.00000E+00     1138.76  0
 1.51211E-02   0.00000E+00   0.00000E+00   0.00000E+00   0.00000E+00     1135.83  0
 1.51411E-02   0.00000E+00   0.00000E+00   0.00000E+00   0.00000E+00     1132.93  0
 1.51611E-02   0.00000E+00   0.00000E+00   0.00000E+00   0.00000E+00     1130.07  0
 1.51811E-02   0.00000E+00   0.00000E+00   0.00000E+00   0.00000E+00     1127.30  0
 1.52011E-02   0.00000E+00   0.00000E+00   0.00000E+00   0.00000E+00     1124.55  0
 1.52211E-02   0.00000E+00   0.00000E+00   0.00000E+00   0.00000E+00     1121.83  0
 1.52411E-02   0.00000E+00   0.00000E+00   0.00000E+00   0.00000E+00     1119.14  0
 1.52611E-02   0.00000E+00   0.00000E+00   0.00000E+00   0.00000E+00     1116.47  0
 1.52811E-02   0.00000E+00   0.00000E+00   0.00000E+00   0.00000E+00     1113.82  0
 1.53011E-02   0.00000E+00   0.00000E+00   0.00000E+00   0.00000E+00     1111.26  0
 1.53211E-02   0.00000E+00   0.00000E+00   0.00000E+00   0.00000E+00     1108.72  0
 1.53411E-02   0.00000E+00   0.00000E+00   0.00000E+00   0.00000E+00     1106.20  0
 1.53611E-02   0.00000E+00   0.00000E+00   0.00000E+00   0.00000E+00     1103.70  0
 1.53811E-02   0.00000E+00   0.00000E+00   0.00000E+00   0.00000E+00     1101.21  0
 1.54011E-02   0.00000E+00   0.00000E+00   0.00000E+00   0.00000E+00     1098.74  0
 1.54211E-02   0.00000E+00   0.00000E+00   0.00000E+00   0.00000E+00     1096.30  0
 1.54411E-02   0.00000E+00   0.00000E+00   0.00000E+00   0.00000E+00     1093.94  0
 1.54611E-02   0.00000E+00   0.00000E+00   0.00000E+00   0.00000E+00     1091.58  0
 1.54811E-02   0.00000E+00   0.00000E+00   0.00000E+00   0.00000E+00     1089.25  0
 1.55011E-02   0.00000E+00   0.00000E+00   0.00000E+00   0.00000E+00     1086.93  0
 1.55211E-02   0.00000E+00   0.00000E+00   0.00000E+00   0.00000E+00     1084.62  0
 1.55411E-02   0.00000E+00   0.00000E+00   0.00000E+00   0.00000E+00     1082.33  0
 1.55611E-02   0.00000E+00   0.00000E+00   0.00000E+00   0.00000E+00     1080.05  0
 1.55811E-02   0.00000E+00   0.00000E+00   0.00000E+00   0.00000E+00     1077.85  0
 1.56011E-02   0.00000E+00   0.00000E+00   0.00000E+00   0.00000E+00     1075.67  0
 1.56211E-02   0.00000E+00   0.00000E+00   0.00000E+00   0.00000E+00     1073.49  0
 1.56411E-02   0.00000E+00   0.00000E+00   0.00000E+00   0.00000E+00     1071.33  0
 1.56611E-02   0.00000E+00   0.00000E+00   0.00000E+00   0.00000E+00     1069.18  0
 1.56811E-02   0.00000E+00   0.00000E+00   0.00000E+00   0.00000E+00     1067.05  0
 1.57011E-02   0.00000E+00   0.00000E+00   0.00000E+00   0.00000E+00     1064.92  0
 1.57211E-02   0.00000E+00   0.00000E+00   0.00000E+00   0.00000E+00     1062.84  0
 1.57411E-02   0.00000E+00   0.00000E+00   0.00000E+00   0.00000E+00     1060.80  0
 1.57611E-02   0.00000E+00   0.00000E+00   0.00000E+00   0.00000E+00     1058.77  0
 1.57811E-02   0.00000E+00   0.00000E+00   0.00000E+00   0.00000E+00     1056.78  0
 1.58011E-02   0.00000E+00   0.00000E+00   0.00000E+00   0.00000E+00     1054.79  0
 1.58211E-02   0.00000E+00   0.00000E+00   0.00000E+00   0.00000E+00     1052.80  0
 1.58411E-02   0.00000E+00   0.00000E+00   0.00000E+00   0.00000E+00     1050.83  0
 1.58611E-02   0.00000E+00   0.00000E+00   0.00000E+00   0.00000E+00     1048.87  0
 1.58811E-02   0.00000E+00   0.00000E+00   0.00000E+00   0.00000E+00     1046.95  0
 1.59011E-02   0.00000E+00   0.00000E+00   0.00000E+00   0.00000E+00     1045.06  0
 1.59211E-02   0.00000E+00   0.00000E+00   0.00000E+00   0.00000E+00     1043.18  0
 1.59411E-02   0.00000E+00   0.00000E+00   0.00000E+00   0.00000E+00     1041.31  0
 1.59611E-02   0.00000E+00   0.00000E+00   0.00000E+00   0.00000E+00     1039.45  0
 1.59811E-02   0.00000E+00   0.00000E+00   0.00000E+00   0.00000E+00     1037.60  0
 1.60011E-02   0.00000E+00   0.00000E+00   0.00000E+00   0.00000E+00     1035.76  0
 1.60211E-02   0.00000E+00   0.00000E+00   0.00000E+00   0.00000E+00     1033.93  0
 1.60411E-02   0.00000E+00   0.00000E+00   0.00000E+00   0.00000E+00     1032.11  0
 1.60611E-02   0.00000E+00   0.00000E+00   0.00000E+00   0.00000E+00     1030.35  0
 1.60811E-02   0.00000E+00   0.00000E+00   0.00000E+00   0.00000E+00     1028.59  0
 1.61011E-02   0.00000E+00   0.00000E+00   0.00000E+00   0.00000E+00     1026.85  0
 1.61211E-02   0.00000E+00   0.00000E+00   0.00000E+00   0.00000E+00     1025.11  0
 1.61411E-02   0.00000E+00   0.00000E+00   0.00000E+00   0.00000E+00     1023.38  0
 1.61611E-02   0.00000E+00   0.00000E+00   0.00000E+00   0.00000E+00     1021.66  0
 1.61811E-02   0.00000E+00   0.00000E+00   0.00000E+00   0.00000E+00     1019.95  0
 1.62011E-02   0.00000E+00   0.00000E+00   0.00000E+00   0.00000E+00     1018.25  0
 1.62211E-02   0.00000E+00   0.00000E+00   0.00000E+00   0.00000E+00     1016.55  0
 1.62411E-02   0.00000E+00   0.00000E+00   0.00000E+00   0.00000E+00     1014.88  0
 1.62611E-02   0.00000E+00   0.00000E+00   0.00000E+00   0.00000E+00     1013.25  0
 1.62811E-02   0.00000E+00   0.00000E+00   0.00000E+00   0.00000E+00     1011.62  0
 1.63011E-02   0.00000E+00   0.00000E+00   0.00000E+00   0.00000E+00     1010.00  0
 1.63211E-02   0.00000E+00   0.00000E+00   0.00000E+00   0.00000E+00     1008.39  0
 1.63411E-02   0.00000E+00   0.00000E+00   0.00000E+00   0.00000E+00     1006.79  0
 1.63611E-02   0.00000E+00   0.00000E+00   0.00000E+00   0.00000E+00     1005.19  0
 1.63811E-02   0.00000E+00   0.00000E+00   0.00000E+00   0.00000E+00     1003.60  0
 1.64011E-02   0.00000E+00   0.00000E+00   0.00000E+00   0.00000E+00     1002.02  0
 1.64211E-02   0.00000E+00   0.00000E+00   0.00000E+00   0.00000E+00     1000.46  0
 1.64411E-02   0.00000E+00   0.00000E+00   0.00000E+00   0.00000E+00      998.91  0
 1.64611E-02   0.00000E+00   0.00000E+00   0.00000E+00   0.00000E+00      997.39  0
 1.64810E-02   0.00000E+00   0.00000E+00   0.00000E+00   0.00000E+00      995.89  0
 1.65010E-02   0.00000E+00   0.00000E+00   0.00000E+00   0.00000E+00      994.40  0
 1.65210E-02   0.00000E+00   0.00000E+00   0.00000E+00   0.00000E+00      992.91  0
 1.65410E-02   0.00000E+00   0.00000E+00   0.00000E+00   0.00000E+00      991.42  0
 1.65610E-02   0.00000E+00   0.00000E+00   0.00000E+00   0.00000E+00      989.95  0
 1.65810E-02   0.00000E+00   0.00000E+00   0.00000E+00   0.00000E+00      988.48  0
 1.66010E-02   0.00000E+00   0.00000E+00   0.00000E+00   0.00000E+00      987.01  0
 1.66210E-02   0.00000E+00   0.00000E+00   0.00000E+00   0.00000E+00      985.55  0
 1.66410E-02   0.00000E+00   0.00000E+00   0.00000E+00   0.00000E+00      984.10  0
 1.66610E-02   0.00000E+00   0.00000E+00   0.00000E+00   0.00000E+00      982.66  0
 1.66810E-02   0.00000E+00   0.00000E+00   0.00000E+00   0.00000E+00      981.22  0
 1.67010E-02   0.00000E+00   0.00000E+00   0.00000E+00   0.00000E+00      979.83  0
 1.67210E-02   0.00000E+00   0.00000E+00   0.00000E+00   0.00000E+00      978.44  0
 1.67410E-02   0.00000E+00   0.00000E+00   0.00000E+00   0.00000E+00      977.05  0
 1.67610E-02   0.00000E+00   0.00000E+00   0.00000E+00   0.00000E+00      975.67  0
 1.67810E-02   0.00000E+00   0.00000E+00   0.00000E+00   0.00000E+00      974.30  0
 1.68010E-02   0.00000E+00   0.00000E+00   0.00000E+00   0.00000E+00      972.93  0
 1.68210E-02   0.00000E+00   0.00000E+00   0.00000E+00   0.00000E+00      971.57  0
 1.68410E-02   0.00000E+00   0.00000E+00   0.00000E+00   0.00000E+00      970.21  0
 1.68610E-02   0.00000E+00   0.00000E+00   0.00000E+00   0.00000E+00      968.86  0
 1.68810E-02   0.00000E+00   0.00000E+00   0.00000E+00   0.00000E+00      967.51  0
 1.69010E-02   0.00000E+00   0.00000E+00   0.00000E+00   0.00000E+00      966.17  0
 1.69210E-02   0.00000E+00   0.00000E+00   0.00000E+00   0.00000E+00      964.84  0
 1.69410E-02   0.00000E+00   0.00000E+00   0.00000E+00   0.00000E+00      963.52  0
 1.69610E-02   0.00000E+00   0.00000E+00   0.00000E+00   0.00000E+00      962.23  0
 1.69810E-02   0.00000E+00   0.00000E+00   0.00000E+00   0.00000E+00      960.95  0
 1.70010E-02   0.00000E+00   0.00000E+00   0.00000E+00   0.00000E+00      959.67  0
 1.70210E-02   0.00000E+00   0.00000E+00   0.00000E+00   0.00000E+00      958.39  0
 1.70410E-02   0.00000E+00   0.00000E+00   0.00000E+00   0.00000E+00      957.12  0
 1.70610E-02   0.00000E+00   0.00000E+00   0.00000E+00   0.00000E+00      955.85  0
 1.70810E-02   0.00000E+00   0.00000E+00   0.00000E+00   0.00000E+00      954.59  0
 1.71010E-02   0.00000E+00   0.00000E+00   0.00000E+00   0.00000E+00      953.34  0
 1.71210E-02   0.00000E+00   0.00000E+00   0.00000E+00   0.00000E+00      952.09  0
 1.71410E-02   0.00000E+00   0.00000E+00   0.00000E+00   0.00000E+00      950.84  0
 1.71610E-02   0.00000E+00   0.00000E+00   0.00000E+00   0.00000E+00      949.60  0
 1.71810E-02   0.00000E+00   0.00000E+00   0.00000E+00   0.00000E+00      948.38  0
 1.72010E-02   0.00000E+00   0.00000E+00   0.00000E+00   0.00000E+00      947.16  0
 1.72210E-02   0.00000E+00   0.00000E+00   0.00000E+00   0.00000E+00      945.95  0
 1.72410E-02   0.00000E+00   0.00000E+00   0.00000E+00   0.00000E+00      944.76  0
 1.72610E-02   0.00000E+00   0.00000E+00   0.00000E+00   0.00000E+00      943.58  0
 1.72810E-02   0.00000E+00   0.00000E+00   0.00000E+00   0.00000E+00      942.41  0
 1.73010E-02   0.00000E+00   0.00000E+00   0.00000E+00   0.00000E+00      941.24  0
 1.73210E-02   0.00000E+00   0.00000E+00   0.00000E+00   0.00000E+00      940.07  0
 1.73410E-02   0.00000E+00   0.00000E+00   0.00000E+00   0.00000E+00      938.91  0
 1.73610E-02   0.00000E+00   0.00000E+00   0.00000E+00   0.00000E+00      937.75  0
 1.73810E-02   0.00000E+00   0.00000E+00   0.00000E+00   0.00000E+00      936.59  0
 1.74010E-02   0.00000E+00   0.00000E+00   0.00000E+00   0.00000E+00      935.44  0
 1.74210E-02   0.00000E+00   0.00000E+00   0.00000E+00   0.00000E+00      934.30  0
 1.74410E-02   0.00000E+00   0.00000E+00   0.00000E+00   0.00000E+00      933.15  0
 1.74610E-02   0.00000E+00   0.00000E+00   0.00000E+00   0.00000E+00      932.02  0
 1.74810E-02   0.00000E+00   0.00000E+00   0.00000E+00   0.00000E+00      930.88  0
 1.75010E-02   0.00000E+00   0.00000E+00   0.00000E+00   0.00000E+00      929.75  0
 1.75210E-02   0.00000E+00   0.00000E+00   0.00000E+00   0.00000E+00      928.63  0
 1.75410E-02   0.00000E+00   0.00000E+00   0.00000E+00   0.00000E+00      927.51  0
 1.75610E-02   0.00000E+00   0.00000E+00   0.00000E+00   0.00000E+00      926.42  0
 1.75810E-02   0.00000E+00   0.00000E+00   0.00000E+00   0.00000E+00      925.33  0
 1.76010E-02   0.00000E+00   0.00000E+00   0.00000E+00   0.00000E+00      924.25  0
 1.76210E-02   0.00000E+00   0.00000E+00   0.00000E+00   0.00000E+00      923.17  0
 1.76410E-02   0.00000E+00   0.00000E+00   0.00000E+00   0.00000E+00      922.09  0
 1.76610E-02   0.00000E+00   0.00000E+00   0.00000E+00   0.00000E+00      921.02  0
 1.76810E-02   0.00000E+00   0.00000E+00   0.00000E+00   0.00000E+00      919.95  0
 1.77010E-02   0.00000E+00   0.00000E+00   0.00000E+00   0.00000E+00      918.88  0
 1.77210E-02   0.00000E+00   0.00000E+00   0.00000E+00   0.00000E+00      917.82  0
 1.77410E-02   0.00000E+00   0.00000E+00   0.00000E+00   0.00000E+00      916.76  0
 1.77610E-02   0.00000E+00   0.00000E+00   0.00000E+00   0.00000E+00      915.71  0
 1.77810E-02   0.00000E+00   0.00000E+00   0.00000E+00   0.00000E+00      914.66  0
 1.78010E-02   0.00000E+00   0.00000E+00   0.00000E+00   0.00000E+00      913.61  0
 1.78210E-02   0.00000E+00   0.00000E+00   0.00000E+00   0.00000E+00      912.57  0
 1.78410E-02   0.00000E+00   0.00000E+00   0.00000E+00   0.00000E+00      911.53  0
 1.78610E-02   0.00000E+00   0.00000E+00   0.00000E+00   0.00000E+00      910.49  0
 1.78810E-02   0.00000E+00   0.00000E+00   0.00000E+00   0.00000E+00      909.46  0
 1.79010E-02   0.00000E+00   0.00000E+00   0.00000E+00   0.00000E+00      908.44  0
 1.79210E-02   0.00000E+00   0.00000E+00   0.00000E+00   0.00000E+00      907.44  0
 1.79410E-02   0.00000E+00   0.00000E+00   0.00000E+00   0.00000E+00      906.44  0
 1.79610E-02   0.00000E+00   0.00000E+00   0.00000E+00   0.00000E+00      905.44  0
 1.79810E-02   0.00000E+00   0.00000E+00   0.00000E+00   0.00000E+00      904.45  0
 1.80010E-02   0.00000E+00   0.00000E+00   0.00000E+00   0.00000E+00      903.46  0
 1.80210E-02   0.00000E+00   0.00000E+00   0.00000E+00   0.00000E+00      902.47  0
 1.80410E-02   0.00000E+00   0.00000E+00   0.00000E+00   0.00000E+00      901.49  0
 1.80610E-02   0.00000E+00   0.00000E+00   0.00000E+00   0.00000E+00      900.51  0
 1.80810E-02   0.00000E+00   0.00000E+00   0.00000E+00   0.00000E+00      899.53  0
 1.81010E-02   0.00000E+00   0.00000E+00   0.00000E+00   0.00000E+00      898.57  0
 1.81210E-02   0.00000E+00   0.00000E+00   0.00000E+00   0.00000E+00      897.61  0
 1.81410E-02   0.00000E+00   0.00000E+00   0.00000E+00   0.00000E+00      896.65  0
 1.81610E-02   0.00000E+00   0.00000E+00   0.00000E+00   0.00000E+00      895.70  0
 1.81810E-02   0.00000E+00   0.00000E+00   0.00000E+00   0.00000E+00      894.74  0
 1.82010E-02   0.00000E+00   0.00000E+00   0.00000E+00   0.00000E+00      893.79  0
 1.82210E-02   0.00000E+00   0.00000E+00   0.00000E+00   0.00000E+00      892.84  0
 1.82410E-02   0.00000E+00   0.00000E+00   0.00000E+00   0.00000E+00      891.90  0
 1.82610E-02   0.00000E+00   0.00000E+00   0.00000E+00   0.00000E+00      890.96  0
 1.82810E-02   0.00000E+00   0.00000E+00   0.00000E+00   0.00000E+00      890.02  0
 1.83010E-02   0.00000E+00   0.00000E+00   0.00000E+00   0.00000E+00      889.08  0
 1.83210E-02   0.00000E+00   0.00000E+00   0.00000E+00   0.00000E+00      888.17  0
 1.83410E-02   0.00000E+00   0.00000E+00   0.00000E+00   0.00000E+00      887.26  0
 1.83610E-02   0.00000E+00   0.00000E+00   0.00000E+00   0.00000E+00      886.35  0
 1.83810E-02   0.00000E+00   0.00000E+00   0.00000E+00   0.00000E+00      885.45  0
 1.84010E-02   0.00000E+00   0.00000E+00   0.00000E+00   0.00000E+00      884.55  0
 1.84210E-02   0.00000E+00   0.00000E+00   0.00000E+00   0.00000E+00      883.65  0
 1.84410E-02   0.00000E+00   0.00000E+00   0.00000E+00   0.00000E+00      882.75  0
 1.84610E-02   0.00000E+00   0.00000E+00   0.00000E+00   0.00000E+00      881.86  0
