# Melt Pool Geometry History
# time(s)  length(m)  depth(m)  width(m)  volume(m3)  Tpeak(K)  laser_on
 2.10000E-05   0.00000E+00   0.00000E+00   0.00000E+00   7.60211E-14      293.00  1
 4.10000E-05   4.70883E-05   1.01314E-04   3.47045E-05   2.25822E-13     1816.51  1
 6.10000E-05   7.29377E-05   1.07931E-04   5.88156E-05   3.49358E-13     2552.08  1
 8.10000E-05   1.00304E-04   1.08758E-04   6.41166E-05   4.71003E-13     2815.59  1
 1.01000E-04   1.26480E-04   1.09126E-04   6.64682E-05   5.89850E-13     2945.22  1
 1.21000E-04   1.52446E-04   1.09254E-04   6.75256E-05   6.98196E-13     3004.11  1
 1.41000E-04   1.76761E-04   1.09367E-04   6.83214E-05   8.00392E-13     2961.09  1
 1.61000E-04   2.01588E-04   1.09481E-04   6.88184E-05   9.08033E-13     3001.80  1
 1.81000E-04   2.26880E-04   1.09328E-04   6.91084E-05   8.79106E-13     3029.67  0
 2.01000E-04   2.28203E-04   1.06520E-04   6.94412E-05   8.64773E-13     2744.12  0
 2.21000E-04   2.32408E-04   1.03103E-04   7.65954E-05   8.28764E-13     2394.76  0
 2.41000E-04   2.33340E-04   9.87520E-05   7.89255E-05   7.83826E-13     2193.40  0
 2.61000E-04   2.33535E-04   9.42850E-05   7.95712E-05   7.38949E-13     2058.54  0
 2.81000E-04   2.33484E-04   8.93534E-05   7.96668E-05   6.95792E-13     1961.44  0
 3.01000E-04   2.33342E-04   8.43963E-05   7.95070E-05   6.55521E-13     1890.26  0
 3.21000E-04   2.33159E-04   7.92358E-05   7.91909E-05   6.17221E-13     1835.24  0
 3.41000E-04   2.32914E-04   7.40882E-05   7.87340E-05   5.80250E-13     1790.81  0
 3.61000E-04   2.32668E-04   6.91364E-05   7.81641E-05   5.44107E-13     1754.53  0
 3.81000E-04   2.32559E-04   6.42862E-05   7.75084E-05   5.08479E-13     1724.63  0
 4.01000E-04   2.32486E-04   5.96447E-05   7.68051E-05   4.72486E-13     1700.24  0
 4.21000E-04   2.32387E-04   5.55234E-05   7.60746E-05   4.36410E-13     1679.62  0
 4.41000E-04   2.32272E-04   5.21549E-05   7.53851E-05   4.00120E-13     1662.43  0
 4.61000E-04   2.32138E-04   4.82019E-05   7.48483E-05   3.64336E-13     1648.45  0
 4.81000E-04   2.31986E-04   4.44973E-05   7.45507E-05   3.29102E-13     1637.49  0
 5.01000E-04   2.31808E-04   4.17214E-05   7.44661E-05   2.94816E-13     1629.50  0
 5.21000E-04   2.31599E-04   3.85420E-05   7.43893E-05   2.61987E-13     1624.44  0
 5.41000E-04   2.31339E-04   3.55268E-05   7.43112E-05   2.30391E-13     1622.73  0
 5.61000E-04   2.31017E-04   3.32485E-05   7.42279E-05   2.00469E-13     1621.95  0
 5.81000E-04   2.30064E-04   3.02978E-05   7.41338E-05   1.72056E-13     1620.86  0
 6.01000E-04   2.17430E-04   2.80842E-05   7.02945E-05   1.29796E-13     1619.25  0
 6.21000E-04   2.08185E-04   2.53226E-05   7.54545E-05   1.03695E-13     1617.38  0
 6.41000E-04   1.86034E-04   2.35006E-05   7.47958E-05   8.05684E-14     1615.06  0
 6.61000E-04   1.67357E-04   2.13863E-05   7.42426E-05   6.03994E-14     1612.36  0
 6.81000E-04   1.50917E-04   1.90900E-05   7.36894E-05   1.20594E-13     1609.15  1
 7.01000E-04   4.40498E-05   1.03514E-04   4.47728E-05   2.59453E-13     1849.94  1
 7.21000E-04   7.34252E-05   1.08644E-04   6.03302E-05   3.93110E-13     2611.66  1
 7.41000E-04   1.01654E-04   1.09853E-04   6.76116E-05   5.20912E-13     2910.83  1
 7.61000E-04   1.24736E-04   1.10414E-04   7.00927E-05   6.61854E-13     2965.37  1
 7.81000E-04   1.51637E-04   1.10703E-04   7.15070E-05   7.87460E-13     2988.81  1
 8.01000E-04   1.73057E-04   1.10318E-04   7.31999E-05   9.43849E-13     2937.64  1
 8.21000E-04   2.01619E-04   1.10837E-04   7.85993E-05   1.08044E-12     2962.69  1
 8.41000E-04   2.22755E-04   1.11357E-04   8.10739E-05   1.21123E-12     3008.47  1
 8.61000E-04   2.50003E-04   1.11353E-04   8.24520E-05   1.34121E-12     3001.84  1
 8.81000E-04   2.70898E-04   1.11574E-04   8.35661E-05   1.46556E-12     3016.56  1
 9.01000E-04   2.98369E-04   1.11427E-04   8.45148E-05   1.58484E-12     3005.20  1
 9.21000E-04   3.19068E-04   1.11443E-04   8.53931E-05   1.69493E-12     3020.59  1
 9.41000E-04   3.46994E-04   1.11173E-04   8.61984E-05   1.80131E-12     3001.94  1
 9.61000E-04   3.67493E-04   1.11011E-04   9.00724E-05   1.90770E-12     3009.36  1
 9.81000E-04   3.93086E-04   1.10724E-04   9.19257E-05   2.00522E-12     2979.52  1
 1.00100E-03   4.15609E-04   1.10439E-04   9.28371E-05   2.10158E-12     2979.30  1
 1.02100E-03   4.45246E-04   1.10225E-04   9.33346E-05   2.18869E-12     2930.25  1
 1.04100E-03   4.66474E-04   1.10146E-04   9.36306E-05   2.11104E-12     2972.23  0
 1.06100E-03   4.67725E-04   1.07950E-04   9.38541E-05   2.02508E-12     2583.27  0
 1.08100E-03   4.68045E-04   1.03682E-04   9.39569E-05   1.93341E-12     2388.72  0
 1.10100E-03   4.68116E-04   9.95378E-05   9.39446E-05   1.84481E-12     2247.01  0
 1.12100E-03   4.68015E-04   9.51909E-05   9.38333E-05   1.75564E-12     2131.09  0
 1.14100E-03   4.67738E-04   9.10950E-05   9.36314E-05   1.67211E-12     2036.85  0
 1.16100E-03   4.67278E-04   8.68037E-05   9.33121E-05   1.59133E-12     1957.87  0
 1.18100E-03   4.66614E-04   8.26254E-05   9.29020E-05   1.51291E-12     1896.09  0
 1.20100E-03   4.63827E-04   7.76208E-05   9.19364E-05   1.41830E-12     1846.21  0
 1.22100E-03   4.57004E-04   7.31294E-05   9.28355E-05   1.34428E-12     1804.02  0
 1.24100E-03   4.50700E-04   6.88164E-05   9.25025E-05   1.27093E-12     1769.80  0
 1.26100E-03   4.44232E-04   6.52889E-05   9.19131E-05   1.19859E-12     1740.69  0
 1.28100E-03   4.37860E-04   6.27506E-05   9.12022E-05   1.12716E-12     1716.40  0
 1.30100E-03   4.33346E-04   5.90952E-05   9.04290E-05   1.05703E-12     1695.69  0
 1.32100E-03   4.26867E-04   5.68020E-05   8.96219E-05   9.87400E-13     1678.31  0
 1.34100E-03   4.22822E-04   5.37698E-05   8.88247E-05   9.19118E-13     1663.48  0
 1.36100E-03   4.15789E-04   5.13947E-05   8.80950E-05   8.52287E-13     1651.29  0
 1.38100E-03   4.12048E-04   4.87823E-05   8.75281E-05   7.87136E-13     1641.36  0
 1.40100E-03   4.04288E-04   4.60658E-05   8.57836E-05   6.72915E-13     1633.64  0
 1.42100E-03   3.99061E-04   4.38188E-05   9.21507E-05   6.00354E-13     1627.79  0
 1.44100E-03   3.92552E-04   4.19690E-05   9.24901E-05   5.32770E-13     1624.08  0
 1.46100E-03   3.85079E-04   3.93409E-05   9.26975E-05   4.70387E-13     1622.79  0
 1.48100E-03   3.79340E-04   3.78828E-05   9.28084E-05   4.12256E-13     1622.20  0
 1.50100E-03   3.62912E-04   3.52823E-05   9.28495E-05   3.58193E-13     1621.38  0
 1.52100E-03   3.47734E-04   3.36363E-05   9.28387E-05   3.08420E-13     1620.31  0
 1.54100E-03   3.35126E-04   3.20165E-05   9.27754E-05   3.44211E-13     1619.00  1
 1.56100E-03   4.25439E-05   1.03878E-04   4.13955E-05   4.56220E-13     1863.89  1
 1.58100E-03   7.38223E-05   1.08897E-04   5.97815E-05   5.58757E-13     2590.04  1
 1.60100E-03   9.62758E-05   1.09469E-04   6.38660E-05   6.54850E-13     2841.65  1
 1.62100E-03   1.24524E-04   1.10242E-04   6.99683E-05   7.63278E-13     2879.70  1
 1.64100E-03   1.49691E-04   1.10863E-04   7.23858E-05   8.70586E-13     2956.85  1
 1.66100E-03   1.74965E-04   1.11079E-04   7.36636E-05   9.83095E-13     2955.88  1
 1.68100E-03   1.99967E-04   1.11500E-04   7.46177E-05   1.10398E-12     3009.35  1
 1.70100E-03   2.24976E-04   1.11553E-04   7.98220E-05   1.23818E-12     2993.85  1
 1.72100E-03   2.49798E-04   1.11874E-04   8.18011E-05   1.37266E-12     3027.75  1
 1.74100E-03   2.74567E-04   1.11907E-04   8.28811E-05   1.50809E-12     2999.25  1
 1.76100E-03   2.99210E-04   1.12110E-04   8.37830E-05   1.63838E-12     3026.85  1
 1.78100E-03   3.23932E-04   1.12131E-04   8.46278E-05   1.77149E-12     3001.54  1
 1.80100E-03   3.48145E-04   1.12230E-04   8.54243E-05   1.89583E-12     3026.38  1
 1.82100E-03   3.72368E-04   1.12181E-04   8.62067E-05   2.02710E-12     2993.82  1
 1.84100E-03   3.98138E-04   1.12319E-04   9.10803E-05   2.15685E-12     3040.49  1
 1.86100E-03   4.22259E-04   1.12275E-04   9.30163E-05   2.28123E-12     3012.07  1
 1.88100E-03   4.47859E-04   1.12248E-04   9.38333E-05   2.40039E-12     3036.40  1
 1.90100E-03   4.72202E-04   1.12134E-04   9.44074E-05   2.51588E-12     3013.82  1
 1.92100E-03   4.97468E-04   1.12046E-04   9.48584E-05   2.62130E-12     3029.57  1
 1.94100E-03   5.22031E-04   1.11842E-04   9.52728E-05   2.71987E-12     3004.69  1
 1.96100E-03   5.46704E-04   1.11706E-04   9.56362E-05   2.80952E-12     3023.59  1
 1.98100E-03   5.71702E-04   1.11424E-04   9.59256E-05   2.88867E-12     2984.13  1
 2.00100E-03   5.92038E-04   1.11124E-04   9.68592E-05   2.96534E-12     2984.92  1
 2.02100E-03   6.19483E-04   1.10814E-04   9.81457E-05   3.03503E-12     2941.52  1
 2.04100E-03   6.42609E-04   1.10759E-04   9.91740E-05   3.09215E-12     2965.00  1
 2.06100E-03   6.61930E-04   1.10397E-04   9.99499E-05   2.99713E-12     2991.14  0
 2.08100E-03   6.59162E-04   1.08112E-04   1.00361E-04   2.88527E-12     2586.51  0
 2.10100E-03   6.56452E-04   1.04275E-04   1.00540E-04   2.76742E-12     2389.84  0
 2.12100E-03   6.50758E-04   1.00586E-04   1.00540E-04   2.65080E-12     2251.64  0
 2.14100E-03   6.46809E-04   9.71350E-05   1.00558E-04   2.53326E-12     2138.03  0
 2.16100E-03   6.40424E-04   9.28325E-05   1.00498E-04   2.41725E-12     2042.85  0
 2.18100E-03   6.36377E-04   8.83674E-05   1.00333E-04   2.30347E-12     1970.28  0
 2.20100E-03   6.29084E-04   8.37985E-05   9.91120E-05   2.13931E-12     1908.85  0
 2.22100E-03   6.26363E-04   7.98020E-05   1.02141E-04   2.02111E-12     1852.56  0
 2.24100E-03   6.22111E-04   7.64268E-05   9.97195E-05   1.89873E-12     1802.08  0
 2.26100E-03   6.15298E-04   7.29088E-05   9.87898E-05   1.77647E-12     1760.29  0
 2.28100E-03   6.11806E-04   6.89281E-05   9.82524E-05   1.65612E-12     1727.19  0
 2.30100E-03   6.04560E-04   6.56890E-05   9.77512E-05   1.53805E-12     1700.81  0
 2.32100E-03   6.01191E-04   6.28988E-05   9.72371E-05   1.42356E-12     1679.87  0
 2.34100E-03   5.93581E-04   5.92621E-05   9.67580E-05   1.31225E-12     1663.06  0
 2.36100E-03   5.88600E-04   5.68998E-05   9.63902E-05   1.20508E-12     1649.74  0
 2.38100E-03   5.82552E-04   5.37313E-05   9.59774E-05   1.10221E-12     1639.53  0
 2.40100E-03   5.72689E-04   5.06697E-05   9.19495E-05   9.45346E-13     1631.32  0
 2.42100E-03   5.64112E-04   4.85330E-05   9.76160E-05   8.41286E-13     1626.05  0
 2.44100E-03   5.53555E-04   4.60892E-05   9.54063E-05   7.45102E-13     1623.23  0
 2.46100E-03   5.41426E-04   4.38080E-05   9.44092E-05   6.56721E-13     1622.58  0
 2.48100E-03   5.28526E-04   4.18078E-05   9.37133E-05   5.75063E-13     1621.93  0
 2.50100E-03   5.16991E-04   3.91974E-05   9.32124E-05   5.00725E-13     1621.08  0
 2.52100E-03   5.02435E-04   3.76695E-05   9.25019E-05   4.32046E-13     1620.03  0
 2.54100E-03   4.86120E-04   3.47930E-05   9.22682E-05   3.68060E-13     1618.75  0
 2.56100E-03   4.71427E-04   3.32163E-05   9.20593E-05   3.85438E-13     1617.23  1
 2.58100E-03   4.37361E-05   1.03687E-04   4.34764E-05   4.94965E-13     1874.54  1
 2.60100E-03   7.32247E-05   1.08035E-04   5.81533E-05   5.69833E-13     2515.69  1
 2.62100E-03   1.04374E-04   1.09478E-04   6.67608E-05   6.63521E-13     2839.69  1
 2.64100E-03   1.27078E-04   1.10313E-04   6.98157E-05   7.64430E-13     2964.46  1
 2.66100E-03   1.55962E-04   1.10741E-04   7.15181E-05   8.65598E-13     2959.98  1
 2.68100E-03   1.78219E-04   1.11182E-04   7.26585E-05   9.71912E-13     3008.48  1
 2.70100E-03   2.06715E-04   1.11276E-04   7.36514E-05   1.08557E-12     3006.71  1
 2.72100E-03   2.28530E-04   1.11691E-04   7.46084E-05   1.21011E-12     3031.63  1
 2.74100E-03   2.56886E-04   1.11760E-04   7.62083E-05   1.33852E-12     3026.50  1
 2.76100E-03   2.78568E-04   1.12063E-04   7.95454E-05   1.47505E-12     3047.63  1
 2.78100E-03   3.06726E-04   1.12132E-04   8.13739E-05   1.61279E-12     3036.82  1
 2.80100E-03   3.28015E-04   1.12303E-04   8.28914E-05   1.74725E-12     3041.78  1
 2.82100E-03   3.55782E-04   1.12334E-04   8.40757E-05   1.88734E-12     3025.62  1
 2.84100E-03   3.77849E-04   1.12489E-04   9.04907E-05   2.02496E-12     3037.65  1
 2.86100E-03   4.05587E-04   1.12534E-04   9.23719E-05   2.16357E-12     3030.98  1
 2.88100E-03   4.27556E-04   1.12567E-04   9.33221E-05   2.29838E-12     3033.47  1
 2.90100E-03   4.55475E-04   1.12604E-04   9.41143E-05   2.42713E-12     3033.91  1
 2.92100E-03   4.77437E-04   1.12614E-04   9.47652E-05   2.55283E-12     3034.50  1
 2.94100E-03   5.05375E-04   1.12644E-04   9.52728E-05   2.67916E-12     3038.42  1
 2.96100E-03   5.27264E-04   1.12631E-04   9.86684E-05   2.79781E-12     3040.48  1
 2.98100E-03   5.55233E-04   1.12650E-04   1.00881E-04   2.91426E-12     3048.25  1
 3.00100E-03   5.76889E-04   1.12611E-04   1.02012E-04   3.02092E-12     3043.77  1
 3.02100E-03   6.05202E-04   1.12573E-04   1.02943E-04   3.12526E-12     3049.19  1
 3.04100E-03   6.27412E-04   1.12574E-04   1.03506E-04   3.21817E-12     3053.93  1
 3.06100E-03   6.54730E-04   1.12523E-04   1.03824E-04   3.30862E-12     3050.97  1
 3.08100E-03   6.76615E-04   1.12394E-04   1.04075E-04   3.39175E-12     3047.43  1
 3.10100E-03   6.98480E-04   1.12246E-04   1.04232E-04   3.46864E-12     3048.02  1
 3.12100E-03   7.15346E-04   1.12091E-04   1.04184E-04   3.53319E-12     3047.69  1
 3.14100E-03   7.35366E-04   1.11858E-04   1.04082E-04   3.59301E-12     3045.94  1
 3.16100E-03   7.52740E-04   1.11687E-04   1.03935E-04   3.64228E-12     3046.79  1
 3.18100E-03   7.74656E-04   1.11389E-04   1.03892E-04   3.68269E-12     3026.94  1
 3.20100E-03   7.88108E-04   1.11015E-04   1.03829E-04   3.71694E-12     3005.07  1
 3.22100E-03   8.08648E-04   1.10828E-04   1.03729E-04   3.74299E-12     2982.87  1
 3.24100E-03   8.28373E-04   1.10594E-04   1.03653E-04   3.76183E-12     2973.67  1
 3.26100E-03   8.46795E-04   1.10554E-04   1.03499E-04   3.61179E-12     2988.89  0
 3.28100E-03   8.40367E-04   1.08179E-04   1.03313E-04   3.45551E-12     2604.67  0
 3.30100E-03   8.36903E-04   1.04218E-04   1.03107E-04   3.29457E-12     2405.44  0
 3.32100E-03   8.30291E-04   1.00574E-04   1.02826E-04   3.13515E-12     2261.00  0
 3.34100E-03   8.26064E-04   9.68830E-05   1.02551E-04   2.97820E-12     2141.81  0
 3.36100E-03   8.19677E-04   9.27986E-05   1.02212E-04   2.82544E-12     2046.77  0
 3.38100E-03   8.14875E-04   8.82114E-05   1.01821E-04   2.67662E-12     1972.62  0
 3.40100E-03   8.08485E-04   8.37034E-05   1.00767E-04   2.46545E-12     1911.75  0
 3.42100E-03   8.02024E-04   7.95899E-05   1.03073E-04   2.30830E-12     1855.39  0
 3.44100E-03   7.97979E-04   7.60327E-05   1.02690E-04   2.14995E-12     1804.50  0
 3.46100E-03   7.88564E-04   7.27192E-05   9.99881E-05   1.99342E-12     1761.89  0
 3.48100E-03   7.84509E-04   6.86276E-05   9.86530E-05   1.84106E-12     1728.08  0
 3.50099E-03   7.75374E-04   6.51594E-05   9.77235E-05   1.69391E-12     1700.92  0
 3.52099E-03   7.71768E-04   6.26007E-05   9.68985E-05   1.55218E-12     1679.60  0
 3.54099E-03   7.62581E-04   5.88241E-05   9.60588E-05   1.41629E-12     1662.50  0
 3.56099E-03   7.54901E-04   5.59715E-05   9.54110E-05   1.28657E-12     1648.98  0
 3.58099E-03   7.48375E-04   5.32793E-05   9.45994E-05   1.16397E-12     1638.49  0
 3.60099E-03   7.35301E-04   4.93382E-05   9.00317E-05   1.00046E-12     1630.60  0
 3.62099E-03   7.23324E-04   4.76505E-05   9.41903E-05   8.87789E-13     1625.36  0
 3.64099E-03   7.10017E-04   4.44321E-05   9.30899E-05   7.82998E-13     1622.96  0
 3.66099E-03   6.90871E-04   4.27288E-05   9.19470E-05   6.86796E-13     1622.38  0
 3.68099E-03   6.75328E-04   3.96223E-05   9.16847E-05   5.96987E-13     1621.56  0
 3.70099E-03   6.55631E-04   3.79010E-05   9.16284E-05   5.15028E-13     1620.52  0
 3.72099E-03   6.32306E-04   3.49873E-05   9.15885E-05   4.38974E-13     1619.24  0
 3.74099E-03   6.04682E-04   3.31844E-05   9.14907E-05   3.69249E-13     1617.73  0
 3.76099E-03   5.80886E-04   3.05700E-05   9.13231E-05   3.87827E-13     1616.00  1
 3.78099E-03   4.39882E-05   1.03374E-04   4.30319E-05   4.87916E-13     1843.06  1
 3.80099E-03   7.21381E-05   1.08158E-04   5.92991E-05   5.59447E-13     2582.14  1
 3.82099E-03   9.73334E-05   1.09552E-04   6.69775E-05   6.50778E-13     2828.23  1
 3.84099E-03   1.23641E-04   1.10308E-04   7.00002E-05   7.47061E-13     2914.19  1
 3.86099E-03   1.47522E-04   1.10707E-04   7.14622E-05   8.54079E-13     2929.72  1
 3.88099E-03   1.73657E-04   1.11152E-04   7.24982E-05   9.56535E-13     2978.37  1
 3.90099E-03   1.97320E-04   1.11353E-04   7.34805E-05   1.07365E-12     2967.90  1
 3.92099E-03   2.23387E-04   1.11694E-04   7.43660E-05   1.19728E-12     3002.53  1
 3.94099E-03   2.46910E-04   1.11828E-04   7.60438E-05   1.33125E-12     2986.14  1
 3.96099E-03   2.72902E-04   1.12087E-04   7.73706E-05   1.47046E-12     3015.29  1
 3.98099E-03   2.96338E-04   1.12169E-04   8.10174E-05   1.61102E-12     2998.77  1
 4.00099E-03   3.21937E-04   1.12342E-04   8.28153E-05   1.74369E-12     3008.59  1
 4.02099E-03   3.46000E-04   1.12430E-04   8.39919E-05   1.88870E-12     3002.27  1
 4.04099E-03   3.71357E-04   1.12548E-04   9.04022E-05   2.02597E-12     3022.74  1
 4.06099E-03   3.95086E-04   1.12607E-04   9.23130E-05   2.16620E-12     3008.36  1
 4.08099E-03   4.20321E-04   1.12645E-04   9.32394E-05   2.30249E-12     3033.52  1
 4.10099E-03   4.44142E-04   1.12702E-04   9.39257E-05   2.43644E-12     3017.54  1
 4.12099E-03   4.69400E-04   1.12714E-04   9.45216E-05   2.56233E-12     3040.33  1
 4.14099E-03   4.93390E-04   1.12765E-04   9.50362E-05   2.69128E-12     3025.07  1
 4.16100E-03   5.18827E-04   1.12763E-04   9.80297E-05   2.81269E-12     3048.95  1
 4.18100E-03   5.43062E-04   1.12809E-04   9.95227E-05   2.93358E-12     3035.88  1
 4.20100E-03   5.68208E-04   1.12789E-04   1.00671E-04   3.04734E-12     3050.67  1
 4.22100E-03   5.92470E-04   1.12793E-04   1.01820E-04   3.15593E-12     3026.44  1
 4.24100E-03   6.18686E-04   1.12829E-04   1.02631E-04   3.25620E-12     3057.50  1
 4.26100E-03   6.42171E-04   1.12844E-04   1.03163E-04   3.35617E-12     3042.52  1
 4.28100E-03   6.68166E-04   1.12804E-04   1.03556E-04   3.44713E-12     3059.58  1
 4.30100E-03   6.91600E-04   1.12820E-04   1.03847E-04   3.53597E-12     3047.07  1
 4.32100E-03   7.17235E-04   1.12774E-04   1.03955E-04   3.61419E-12     3064.26  1
 4.34100E-03   7.36178E-04   1.12784E-04   1.03968E-04   3.69536E-12     3052.51  1
 4.36100E-03   7.54333E-04   1.12723E-04   1.03905E-04   3.76483E-12     3069.76  1
 4.38100E-03   7.71804E-04   1.12716E-04   1.03775E-04   3.83143E-12     3053.62  1
 4.40100E-03   7.89264E-04   1.12620E-04   1.03713E-04   3.89217E-12     3057.14  1
 4.42100E-03   8.07050E-04   1.12492E-04   1.03690E-04   3.94304E-12     3050.67  1
 4.44100E-03   8.29094E-04   1.12518E-04   1.03678E-04   3.98355E-12     3073.19  1
 4.46100E-03   8.45000E-04   1.12375E-04   1.03637E-04   4.02754E-12     3081.70  1
 4.48100E-03   8.67569E-04   1.12194E-04   1.03657E-04   4.05777E-12     3065.19  1
 4.50100E-03   8.83989E-04   1.11961E-04   1.03690E-04   4.08525E-12     3057.52  1
 4.52100E-03   9.06885E-04   1.11819E-04   1.03650E-04   4.10274E-12     3050.00  1
 4.54100E-03   9.23480E-04   1.11511E-04   1.03552E-04   4.11697E-12     3033.18  1
 4.56100E-03   9.47406E-04   1.11399E-04   1.03430E-04   4.12001E-12     3027.45  1
 4.58100E-03   9.64549E-04   1.11029E-04   1.03299E-04   4.12253E-12     3001.24  1
 4.60100E-03   9.83187E-04   1.10888E-04   1.03142E-04   4.11049E-12     3004.66  1
 4.62100E-03   1.00247E-03   1.10547E-04   1.02940E-04   4.09968E-12     2975.40  1
 4.64100E-03   1.02188E-03   1.10548E-04   1.02697E-04   3.92100E-12     2985.81  0
 4.66100E-03   1.01882E-03   1.08195E-04   1.02492E-04   3.73658E-12     2610.19  0
 4.68100E-03   1.01370E-03   1.04299E-04   1.02268E-04   3.55181E-12     2412.34  0
 4.70100E-03   1.00777E-03   1.00497E-04   1.01969E-04   3.36740E-12     2269.82  0
 4.72100E-03   1.00670E-03   9.69002E-05   1.01567E-04   3.18742E-12     2151.06  0
 4.74100E-03   1.00509E-03   9.27469E-05   1.01103E-04   3.01526E-12     2054.73  0
 4.76100E-03   9.95276E-04   8.81784E-05   1.00521E-04   2.84751E-12     1976.97  0
 4.78100E-03   9.85375E-04   8.37669E-05   9.98893E-05   2.68466E-12     1916.70  0
 4.80100E-03   9.75928E-04   7.89699E-05   9.87865E-05   2.46886E-12     1867.96  0
 4.82100E-03   9.70276E-04   7.51793E-05   1.02313E-04   2.29395E-12     1823.55  0
 4.84100E-03   9.58754E-04   7.20881E-05   1.02192E-04   2.12956E-12     1783.62  0
 4.86100E-03   9.46268E-04   6.82645E-05   1.01370E-04   1.97366E-12     1749.40  0
 4.88100E-03   9.31494E-04   6.46531E-05   9.90990E-05   1.82359E-12     1720.57  0
 4.90100E-03   9.08162E-04   6.23385E-05   9.69180E-05   1.67959E-12     1696.35  0
 4.92100E-03   8.84901E-04   5.87126E-05   9.60136E-05   1.54098E-12     1676.66  0
 4.94100E-03   8.64290E-04   5.59275E-05   9.53791E-05   1.40815E-12     1660.46  0
 4.96100E-03   8.47625E-04   5.33257E-05   9.48366E-05   1.28183E-12     1647.34  0
 4.98100E-03   8.27591E-04   5.03674E-05   9.44234E-05   1.16199E-12     1637.18  0
 5.00100E-03   8.02955E-04   4.78618E-05   8.89502E-05   9.84869E-13     1629.74  0
 5.02100E-03   7.86512E-04   4.48548E-05   1.00727E-04   8.66109E-13     1624.82  0
 5.04100E-03   7.65292E-04   4.30083E-05   1.00871E-04   7.58218E-13     1622.89  0
 5.06100E-03   7.40601E-04   4.02252E-05   1.00955E-04   6.59380E-13     1622.31  0
 5.08100E-03   7.15944E-04   3.83929E-05   1.00982E-04   5.69125E-13     1621.48  0
 5.10100E-03   6.86414E-04   3.61626E-05   1.00960E-04   4.87557E-13     1620.41  0
 5.12100E-03   6.60262E-04   3.39894E-05   1.00894E-04   4.13458E-13     1619.10  0
 5.14100E-03   6.28185E-04   3.25891E-05   1.00789E-04   4.24675E-13     1617.55  1
 5.16100E-03   4.18090E-05   1.03876E-04   4.25692E-05   5.19500E-13     1860.07  1
 5.18100E-03   7.35132E-05   1.08898E-04   6.01307E-05   6.10154E-13     2583.39  1
 5.20100E-03   9.98806E-05   1.09378E-04   6.38671E-05   6.82477E-13     2800.31  1
 5.22100E-03   1.25625E-04   1.10334E-04   7.02106E-05   7.77493E-13     2908.99  1
 5.24100E-03   1.54773E-04   1.10929E-04   7.25713E-05   8.79404E-13     2940.91  1
 5.26100E-03   1.76804E-04   1.11400E-04   7.38932E-05   9.83518E-13     3003.16  1
 5.28100E-03   2.05482E-04   1.11483E-04   7.50526E-05   1.11501E-12     3008.50  1
 5.30100E-03   2.27214E-04   1.11880E-04   8.18992E-05   1.24799E-12     3025.32  1
 5.32100E-03   2.55543E-04   1.11966E-04   8.38155E-05   1.38121E-12     3010.36  1
 5.34100E-03   2.77068E-04   1.12222E-04   8.49196E-05   1.51390E-12     3034.86  1
 5.36100E-03   3.05353E-04   1.12306E-04   8.58303E-05   1.65608E-12     3023.48  1
 5.38100E-03   3.26836E-04   1.12457E-04   9.31176E-05   1.79624E-12     3037.63  1
 5.40100E-03   3.52176E-04   1.12478E-04   9.61474E-05   1.93819E-12     3019.77  1
 5.42100E-03   3.78814E-04   1.12557E-04   1.00714E-04   2.07691E-12     3040.22  1
 5.44100E-03   4.05030E-04   1.12676E-04   1.04413E-04   2.21619E-12     3051.67  1
 5.46101E-03   4.28638E-04   1.12737E-04   1.06066E-04   2.35011E-12     3048.44  1
 5.48101E-03   4.55032E-04   1.12767E-04   1.07391E-04   2.48334E-12     3046.64  1
 5.50101E-03   4.78429E-04   1.12798E-04   1.09983E-04   2.60635E-12     3055.31  1
 5.52101E-03   5.05242E-04   1.12835E-04   1.11054E-04   2.73128E-12     3056.23  1
 5.54101E-03   5.28204E-04   1.12856E-04   1.11796E-04   2.84757E-12     3057.16  1
 5.56101E-03   5.55021E-04   1.12884E-04   1.12307E-04   2.95864E-12     3064.51  1
 5.58101E-03   5.77860E-04   1.12894E-04   1.12647E-04   3.06682E-12     3073.31  1
 5.60101E-03   5.99910E-04   1.12863E-04   1.12686E-04   3.16752E-12     3068.70  1
 5.62101E-03   6.18415E-04   1.12836E-04   1.12700E-04   3.26545E-12     3060.32  1
 5.64101E-03   6.37413E-04   1.12974E-04   1.12801E-04   3.35784E-12     3092.90  1
 5.66101E-03   6.57510E-04   1.12979E-04   1.12796E-04   3.44662E-12     3082.91  1
 5.68101E-03   6.76494E-04   1.12940E-04   1.12810E-04   3.53203E-12     3079.63  1
 5.70101E-03   6.97096E-04   1.12959E-04   1.12705E-04   3.60950E-12     3088.36  1
 5.72101E-03   7.15501E-04   1.12928E-04   1.12699E-04   3.68256E-12     3086.24  1
 5.74101E-03   7.37030E-04   1.12950E-04   1.12715E-04   3.75400E-12     3087.90  1
 5.76101E-03   7.56293E-04   1.12910E-04   1.12691E-04   3.81787E-12     3079.08  1
 5.78101E-03   7.77414E-04   1.12930E-04   1.12588E-04   3.87888E-12     3085.35  1
 5.80101E-03   7.94725E-04   1.12883E-04   1.12566E-04   3.93543E-12     3080.69  1
 5.82101E-03   8.20228E-04   1.12866E-04   1.12533E-04   3.98689E-12     3078.88  1
 5.84101E-03   8.40443E-04   1.12875E-04   1.12509E-04   4.03486E-12     3084.40  1
 5.86101E-03   8.59786E-04   1.12863E-04   1.12422E-04   4.07535E-12     3087.59  1
 5.88101E-03   8.79796E-04   1.12793E-04   1.12277E-04   4.11506E-12     3097.56  1
 5.90101E-03   9.01012E-04   1.12779E-04   1.12132E-04   4.14718E-12     3100.08  1
 5.92101E-03   9.19507E-04   1.12695E-04   1.11947E-04   4.17803E-12     3091.67  1
 5.94101E-03   9.41820E-04   1.12669E-04   1.11629E-04   4.20469E-12     3101.77  1
 5.96101E-03   9.58805E-04   1.12568E-04   1.11311E-04   4.22806E-12     3080.81  1
 5.98101E-03   9.80887E-04   1.12498E-04   1.10996E-04   4.24458E-12     3082.28  1
 6.00101E-03   9.96508E-04   1.12347E-04   1.10769E-04   4.25702E-12     3072.72  1
 6.02101E-03   1.02018E-03   1.12108E-04   1.10170E-04   4.26614E-12     3063.43  1
 6.04101E-03   1.03457E-03   1.12075E-04   1.09606E-04   4.26588E-12     3067.21  1
 6.06101E-03   1.05824E-03   1.11820E-04   1.09038E-04   4.26686E-12     3055.47  1
 6.08101E-03   1.07183E-03   1.11671E-04   1.07929E-04   4.25991E-12     3040.80  1
 6.10101E-03   1.09451E-03   1.11358E-04   1.05963E-04   4.25042E-12     3029.11  1
 6.12101E-03   1.10583E-03   1.11264E-04   1.04051E-04   4.23239E-12     3035.89  1
 6.14101E-03   1.12354E-03   1.10925E-04   1.03303E-04   4.21206E-12     3004.27  1
 6.16101E-03   1.13841E-03   1.10798E-04   1.02725E-04   4.18757E-12     3001.35  1
 6.18101E-03   1.15506E-03   1.10508E-04   1.02383E-04   3.99806E-12     2971.34  0
 6.20101E-03   1.14182E-03   1.08197E-04   1.01916E-04   3.75441E-12     2612.01  0
 6.22101E-03   1.12980E-03   1.04472E-04   1.04034E-04   3.54375E-12     2377.53  0
 6.24101E-03   1.11740E-03   1.00750E-04   1.04590E-04   3.32718E-12     2210.78  0
 6.26101E-03   1.10485E-03   9.75027E-05   1.04306E-04   3.11370E-12     2091.55  0
 6.28101E-03   1.09210E-03   9.28830E-05   1.03396E-04   2.90728E-12     2002.29  0
 6.30101E-03   1.07716E-03   8.84012E-05   1.00047E-04   2.70785E-12     1932.79  0
 6.32101E-03   1.06142E-03   8.39520E-05   9.87302E-05   2.51536E-12     1877.65  0
 6.34101E-03   1.04614E-03   7.97993E-05   9.78669E-05   2.33203E-12     1831.97  0
 6.36101E-03   1.03131E-03   7.58743E-05   9.71908E-05   2.15672E-12     1794.38  0
 6.38101E-03   1.01254E-03   7.26117E-05   9.64990E-05   1.98937E-12     1762.91  0
 6.40101E-03   9.95328E-04   6.83188E-05   9.57566E-05   1.83058E-12     1736.52  0
 6.42101E-03   9.74938E-04   6.44635E-05   9.50630E-05   1.68001E-12     1713.63  0
 6.44101E-03   9.56348E-04   6.14047E-05   9.47731E-05   1.53694E-12     1694.00  0
 6.46101E-03   9.35788E-04   5.82404E-05   9.44562E-05   1.40115E-12     1677.22  0
 6.48101E-03   9.13416E-04   5.47683E-05   9.41231E-05   1.27097E-12     1662.86  0
 6.50101E-03   8.90767E-04   5.26820E-05   9.38756E-05   1.14781E-12     1650.64  0
 6.52101E-03   8.67736E-04   4.91751E-05   9.37160E-05   1.03102E-12     1640.62  0
 6.54101E-03   8.44308E-04   4.73575E-05   9.36362E-05   9.21908E-13     1632.85  0
 6.56101E-03   8.20646E-04   4.40996E-05   9.35513E-05   8.19389E-13     1627.26  0
 6.58101E-03   7.96757E-04   4.25121E-05   9.34609E-05   7.24600E-13     1623.79  0
 6.60101E-03   7.64147E-04   3.93758E-05   8.80077E-05   5.94769E-13     1622.75  0
 6.62101E-03   7.37785E-04   3.78797E-05   9.34055E-05   5.03013E-13     1622.17  0
 6.64101E-03   7.08053E-04   3.51578E-05   9.15658E-05   4.21955E-13     1621.38  0
 6.66101E-03   6.74003E-04   3.35077E-05   9.15933E-05   3.50343E-13     1620.36  0
 6.68101E-03   6.27297E-04   3.15623E-05   9.11003E-05   3.71189E-13     1619.11  1
 6.70101E-03   4.94015E-05   1.04656E-04   4.03114E-05   4.82701E-13     1860.68  1
 6.72101E-03   7.21568E-05   1.09616E-04   6.35576E-05   5.95245E-13     2635.96  1
 6.74101E-03   1.02758E-04   1.11021E-04   6.87544E-05   6.99501E-13     2857.28  1
 6.76101E-03   1.27599E-04   1.11715E-04   7.15117E-05   8.16655E-13     2962.07  1
 6.78102E-03   1.53306E-04   1.11952E-04   7.32120E-05   9.32179E-13     2980.80  1
 6.80102E-03   1.76025E-04   1.11760E-04   7.73801E-05   1.08667E-12     2941.84  1
 6.82102E-03   2.01546E-04   1.11984E-04   8.19765E-05   1.22214E-12     2945.77  1
 6.84102E-03   2.26377E-04   1.12340E-04   8.41101E-05   1.35903E-12     2990.39  1
 6.86102E-03   2.52040E-04   1.12472E-04   8.54350E-05   1.50314E-12     2977.25  1
 6.88102E-03   2.76465E-04   1.12567E-04   9.48734E-05   1.65131E-12     3029.14  1
 6.90102E-03   3.01932E-04   1.12650E-04   1.02028E-04   1.80150E-12     3007.25  1
 6.92102E-03   3.26262E-04   1.12686E-04   1.05412E-04   1.95068E-12     3035.95  1
 6.94102E-03   3.51748E-04   1.12772E-04   1.08190E-04   2.10033E-12     3018.35  1
 6.96102E-03   3.76082E-04   1.12783E-04   1.11704E-04   2.24307E-12     3048.93  1
 6.98102E-03   4.01634E-04   1.12862E-04   1.13536E-04   2.38465E-12     3032.67  1
 7.00102E-03   4.22918E-04   1.12854E-04   1.14360E-04   2.51520E-12     3057.71  1
 7.02102E-03   4.51490E-04   1.12856E-04   1.14989E-04   2.64555E-12     3025.41  1
 7.04102E-03   4.77936E-04   1.12976E-04   1.15336E-04   2.76651E-12     3070.85  1
 7.06102E-03   5.01522E-04   1.13004E-04   1.15404E-04   2.88524E-12     3053.08  1
 7.08102E-03   5.27877E-04   1.12982E-04   1.15356E-04   2.99646E-12     3071.25  1
 7.10102E-03   5.51503E-04   1.13016E-04   1.15253E-04   3.10649E-12     3055.49  1
 7.12102E-03   5.77738E-04   1.12999E-04   1.15112E-04   3.20724E-12     3078.78  1
 7.14102E-03   6.01366E-04   1.13036E-04   1.14940E-04   3.30869E-12     3064.44  1
 7.16102E-03   6.27495E-04   1.13011E-04   1.14733E-04   3.40040E-12     3086.46  1
 7.18102E-03   6.51115E-04   1.13047E-04   1.14575E-04   3.48971E-12     3072.13  1
 7.20102E-03   6.72820E-04   1.13013E-04   1.14388E-04   3.57168E-12     3083.12  1
 7.22102E-03   6.96213E-04   1.13014E-04   1.14164E-04   3.65356E-12     3069.46  1
 7.24102E-03   7.19277E-04   1.13041E-04   1.13916E-04   3.72421E-12     3093.91  1
 7.26102E-03   7.39986E-04   1.13060E-04   1.13695E-04   3.79527E-12     3082.32  1
 7.28102E-03   7.59851E-04   1.13031E-04   1.13503E-04   3.85740E-12     3093.29  1
 7.30102E-03   7.81142E-04   1.13037E-04   1.13346E-04   3.91952E-12     3081.56  1
 7.32102E-03   8.01314E-04   1.12997E-04   1.13238E-04   3.97376E-12     3096.10  1
 7.34102E-03   8.18288E-04   1.13018E-04   1.13131E-04   4.02737E-12     3083.75  1
 7.36102E-03   8.39324E-04   1.12973E-04   1.13070E-04   4.07319E-12     3096.51  1
 7.38102E-03   8.57691E-04   1.12993E-04   1.12997E-04   4.11672E-12     3085.18  1
 7.40102E-03   8.78115E-04   1.12933E-04   1.12784E-04   4.15676E-12     3079.29  1
 7.42102E-03   8.99054E-04   1.12875E-04   1.12512E-04   4.18784E-12     3087.50  1
 7.44102E-03   9.19253E-04   1.12969E-04   1.12386E-04   4.22363E-12     3104.76  1
 7.46102E-03   9.45378E-04   1.12902E-04   1.12303E-04   4.24954E-12     3101.93  1
 7.48102E-03   9.67472E-04   1.12888E-04   1.12169E-04   4.27834E-12     3088.99  1
 7.50102E-03   9.87964E-04   1.12814E-04   1.11973E-04   4.29709E-12     3095.51  1
 7.52102E-03   1.00512E-03   1.12805E-04   1.11653E-04   4.31768E-12     3086.93  1
 7.54102E-03   1.02152E-03   1.12723E-04   1.11254E-04   4.33095E-12     3093.19  1
 7.56102E-03   1.04119E-03   1.12701E-04   1.10895E-04   4.34325E-12     3083.10  1
 7.58102E-03   1.05773E-03   1.12601E-04   1.10555E-04   4.35194E-12     3089.05  1
 7.60102E-03   1.07473E-03   1.12508E-04   1.09924E-04   4.36163E-12     3060.70  1
 7.62102E-03   1.09473E-03   1.12371E-04   1.09431E-04   4.35994E-12     3089.53  1
 7.64102E-03   1.10668E-03   1.12309E-04   1.08447E-04   4.35789E-12     3095.33  1
 7.66102E-03   1.12942E-03   1.12155E-04   1.07148E-04   4.35030E-12     3084.37  1
 7.68102E-03   1.14147E-03   1.11915E-04   1.04591E-04   4.34309E-12     3061.69  1
 7.70102E-03   1.15835E-03   1.11780E-04   1.03668E-04   4.32775E-12     3058.99  1
 7.72102E-03   1.17582E-03   1.11484E-04   1.03120E-04   4.15567E-12     3031.38  0
 7.74102E-03   1.16827E-03   1.09059E-04   1.02653E-04   3.96887E-12     2649.60  0
 7.76102E-03   1.15854E-03   1.07536E-04   1.02321E-04   3.78144E-12     2431.80  0
 7.78102E-03   1.14838E-03   1.03484E-04   1.01928E-04   3.59476E-12     2275.86  0
 7.80102E-03   1.13600E-03   9.93551E-05   1.01607E-04   3.33809E-12     2159.05  0
 7.82102E-03   1.12454E-03   9.61993E-05   1.03828E-04   3.13539E-12     2062.90  0
 7.84102E-03   1.11130E-03   9.28761E-05   1.04491E-04   2.93063E-12     1980.89  0
 7.86102E-03   1.09739E-03   8.87082E-05   1.04115E-04   2.72927E-12     1912.05  0
 7.88102E-03   1.07839E-03   8.49732E-05   1.02974E-04   2.53344E-12     1854.90  0
 7.90102E-03   1.06143E-03   8.20574E-05   9.97414E-05   2.34354E-12     1808.71  0
 7.92102E-03   1.04013E-03   7.82402E-05   9.80268E-05   2.16039E-12     1769.98  0
 7.94102E-03   1.01892E-03   7.45420E-05   9.70484E-05   1.98424E-12     1737.54  0
 7.96102E-03   9.97243E-04   7.18997E-05   9.62400E-05   1.81638E-12     1710.51  0
 7.98102E-03   9.74444E-04   6.84023E-05   9.54323E-05   1.65690E-12     1688.29  0
 8.00102E-03   9.42665E-04   6.47955E-05   9.08329E-05   1.43675E-12     1669.27  0
 8.02102E-03   9.24141E-04   6.26121E-05   9.61319E-05   1.28747E-12     1653.72  0
 8.04102E-03   8.99810E-04   5.89751E-05   9.46027E-05   1.14919E-12     1641.36  0
 8.06102E-03   8.73734E-04   5.62526E-05   9.38135E-05   1.02088E-12     1632.43  0
 8.08102E-03   8.46231E-04   5.34318E-05   9.29504E-05   9.02547E-13     1626.46  0
 8.10102E-03   8.20317E-04   5.04375E-05   9.21898E-05   7.93575E-13     1623.33  0
 8.12102E-03   7.87827E-04   4.81103E-05   9.21928E-05   6.92750E-13     1622.58  0
 8.14102E-03   7.55979E-04   4.49836E-05   9.21336E-05   5.99944E-13     1621.85  0
 8.16103E-03   7.18447E-04   4.29456E-05   9.20333E-05   5.14482E-13     1620.88  0
 8.18103E-03   6.84016E-04   3.98463E-05   9.18889E-05   4.36653E-13     1619.68  0
 8.20103E-03   6.43337E-04   3.71894E-05   8.46979E-05   3.49338E-13     1618.13  0
 8.22103E-03   6.07962E-04   3.44376E-05   8.92157E-05   3.93327E-13     1616.47  1
 8.24103E-03   4.35286E-05   1.07321E-04   4.43121E-05   5.10279E-13     1939.56  1
 8.26103E-03   7.55300E-05   1.10284E-04   6.31614E-05   6.24391E-13     2700.11  1
 8.28103E-03   1.01375E-04   1.11857E-04   7.07146E-05   7.42906E-13     2952.26  1
 8.30103E-03   1.26742E-04   1.12371E-04   7.35271E-05   8.60324E-13     3001.90  1
 8.32103E-03   1.51820E-04   1.12606E-04   7.51800E-05   9.92314E-13     3040.25  1
 8.34103E-03   1.76606E-04   1.12723E-04   8.32146E-05   1.12999E-12     3041.14  1
 8.36103E-03   2.01690E-04   1.12750E-04   8.53258E-05   1.27968E-12     3057.89  1
 8.38103E-03   2.26206E-04   1.12842E-04   8.66557E-05   1.42757E-12     3053.65  1
 8.40103E-03   2.50132E-04   1.12509E-04   9.85300E-05   1.63212E-12     2984.14  1
 8.42103E-03   2.77332E-04   1.12648E-04   1.04295E-04   1.79219E-12     2981.48  1
 8.44103E-03   2.99393E-04   1.12887E-04   1.12849E-04   1.95246E-12     3043.99  1
 8.46103E-03   3.27142E-04   1.12956E-04   1.15504E-04   2.10533E-12     3049.44  1
 8.48103E-03   3.48862E-04   1.12949E-04   1.17655E-04   2.25596E-12     3050.26  1
 8.50103E-03   3.76594E-04   1.12998E-04   1.21227E-04   2.39782E-12     3058.68  1
 8.52103E-03   3.98299E-04   1.12983E-04   1.23139E-04   2.53677E-12     3059.87  1
 8.54103E-03   4.26201E-04   1.13030E-04   1.24068E-04   2.66692E-12     3073.18  1
 8.56103E-03   4.48019E-04   1.13006E-04   1.24532E-04   2.79685E-12     3070.26  1
 8.58103E-03   4.76116E-04   1.13054E-04   1.24828E-04   2.91511E-12     3080.00  1
 8.60103E-03   4.97719E-04   1.13022E-04   1.24962E-04   3.02876E-12     3073.96  1
 8.62103E-03   5.25553E-04   1.13018E-04   1.24950E-04   3.14040E-12     3081.02  1
 8.64103E-03   5.48884E-04   1.13081E-04   1.24859E-04   3.24648E-12     3087.78  1
 8.66103E-03   5.75980E-04   1.13097E-04   1.24716E-04   3.34723E-12     3089.01  1
 8.68103E-03   5.98817E-04   1.13092E-04   1.24558E-04   3.44360E-12     3092.80  1
 8.70103E-03   6.25884E-04   1.13084E-04   1.24346E-04   3.53554E-12     3104.81  1
 8.72103E-03   6.48574E-04   1.13076E-04   1.24118E-04   3.62417E-12     3100.87  1
 8.74103E-03   6.75611E-04   1.13081E-04   1.23873E-04   3.70486E-12     3111.99  1
 8.76103E-03   6.98146E-04   1.13063E-04   1.23582E-04   3.78473E-12     3102.75  1
 8.78103E-03   7.25336E-04   1.13076E-04   1.23259E-04   3.85366E-12     3114.86  1
 8.80103E-03   7.44504E-04   1.13034E-04   1.22963E-04   3.92742E-12     3105.28  1
 8.82103E-03   7.70215E-04   1.13028E-04   1.22632E-04   3.98706E-12     3107.95  1
 8.84103E-03   7.88665E-04   1.13046E-04   1.22269E-04   4.04404E-12     3118.37  1
 8.86103E-03   8.07443E-04   1.13054E-04   1.21754E-04   4.10041E-12     3119.79  1
 8.88103E-03   8.24390E-04   1.13015E-04   1.21320E-04   4.15092E-12     3103.72  1
 8.90103E-03   8.46078E-04   1.13010E-04   1.20886E-04   4.19857E-12     3104.32  1
 8.92103E-03   8.62793E-04   1.12963E-04   1.20180E-04   4.24298E-12     3097.85  1
 8.94103E-03   8.86184E-04   1.12970E-04   1.19473E-04   4.27953E-12     3103.95  1
 8.96103E-03   9.02708E-04   1.12915E-04   1.18399E-04   4.31864E-12     3100.73  1
 8.98103E-03   9.26132E-04   1.12917E-04   1.16903E-04   4.34832E-12     3111.01  1
 9.00103E-03   9.42419E-04   1.12838E-04   1.14200E-04   4.37794E-12     3082.33  1
 9.02103E-03   9.67618E-04   1.12805E-04   1.13262E-04   4.40128E-12     3117.80  1
 9.04103E-03   9.82840E-04   1.12791E-04   1.12663E-04   4.42449E-12     3091.39  1
 9.06103E-03   1.00619E-03   1.12737E-04   1.12212E-04   4.44167E-12     3099.53  1
 9.08103E-03   1.02484E-03   1.12658E-04   1.11799E-04   4.45462E-12     3089.99  1
 9.10103E-03   1.04504E-03   1.12570E-04   1.11399E-04   4.29743E-12     3092.78  0
 9.12103E-03   1.04298E-03   1.10857E-04   1.10920E-04   4.12928E-12     2700.16  0
 9.14103E-03   1.03740E-03   1.08715E-04   1.10260E-04   3.95600E-12     2460.98  0
 9.16103E-03   1.03196E-03   1.06290E-04   1.09652E-04   3.77889E-12     2303.97  0
 9.18103E-03   1.02907E-03   1.03353E-04   1.09096E-04   3.60115E-12     2191.73  0
 9.20103E-03   1.01997E-03   9.97171E-05   1.06576E-04   3.38539E-12     2097.95  0
 9.22103E-03   1.01641E-03   9.75181E-05   1.06561E-04   3.20051E-12     2016.52  0
 9.24103E-03   1.00675E-03   9.36431E-05   1.06483E-04   3.01231E-12     1945.20  0
 9.26103E-03   1.00149E-03   9.04170E-05   1.05617E-04   2.82695E-12     1886.36  0
 9.28103E-03   9.92706E-04   8.77990E-05   1.03682E-04   2.64542E-12     1836.68  0
 9.30103E-03   9.83578E-04   8.40395E-05   1.01245E-04   2.46784E-12     1795.86  0
 9.32103E-03   9.77583E-04   8.11656E-05   1.00044E-04   2.29509E-12     1762.76  0
 9.34103E-03   9.66509E-04   7.81826E-05   9.91398E-05   2.12798E-12     1735.12  0
 9.36103E-03   9.55411E-04   7.47145E-05   9.82853E-05   1.96646E-12     1711.59  0
 9.38103E-03   9.43838E-04   7.25568E-05   9.73470E-05   1.81120E-12     1691.43  0
 9.40103E-03   9.29697E-04   6.84095E-05   9.51043E-05   1.60451E-12     1673.35  0
 9.42103E-03   9.15867E-04   6.54998E-05   9.71128E-05   1.45564E-12     1658.33  0
 9.44103E-03   8.97709E-04   6.31392E-05   9.54441E-05   1.31473E-12     1645.96  0
 9.46104E-03   8.81260E-04   5.99141E-05   9.46906E-05   1.18236E-12     1636.30  0
 9.48104E-03   8.59808E-04   5.78730E-05   9.39128E-05   1.05909E-12     1629.33  0
 9.50104E-03   8.36623E-04   5.45580E-05   9.31420E-05   9.44875E-13     1624.89  0
 9.52104E-03   8.11558E-04   5.26793E-05   9.19292E-05   8.39385E-13     1622.96  0
 9.54104E-03   7.82839E-04   4.93549E-05   8.86437E-05   7.41222E-13     1622.48  0
 9.56104E-03   7.54215E-04   4.75930E-05   8.69284E-05   6.50392E-13     1621.81  0
 9.58104E-03   7.25294E-04   4.42906E-05   8.59683E-05   5.66314E-13     1620.95  0
 9.60104E-03   6.87653E-04   4.25057E-05   8.26452E-05   5.94031E-13     1619.69  1
 9.62104E-03   4.21995E-05   1.07502E-04   5.18335E-05   6.99339E-13     1927.46  1
 9.64104E-03   7.46584E-05   1.10328E-04   6.15073E-05   7.84556E-13     2692.62  1
 9.66104E-03   9.80464E-05   1.11988E-04   6.62927E-05   8.89648E-13     2912.11  1
 9.68104E-03   1.26352E-04   1.12474E-04   7.28401E-05   1.00093E-12     2990.20  1
 9.70104E-03   1.48687E-04   1.12655E-04   7.53239E-05   1.11963E-12     3031.17  1
 9.72104E-03   1.76538E-04   1.12757E-04   7.67556E-05   1.23249E-12     3034.63  1
 9.74104E-03   1.98708E-04   1.12775E-04   7.80798E-05   1.35369E-12     3046.00  1
 9.76104E-03   2.26321E-04   1.12842E-04   7.93310E-05   1.48594E-12     3039.71  1
 9.78104E-03   2.48599E-04   1.12849E-04   9.02743E-05   1.63414E-12     3052.05  1
 9.80104E-03   2.75729E-04   1.12831E-04   9.30865E-05   1.78387E-12     3018.97  1
 9.82104E-03   3.16197E-04   1.12877E-04   1.74272E-04   1.95278E-12     3033.46  1
 9.84104E-03   3.33510E-04   1.12957E-04   1.68939E-04   2.10497E-12     3046.36  1
 9.86104E-03   3.51899E-04   1.12977E-04   1.67495E-04   2.26321E-12     3029.94  1
 9.88104E-03   3.78010E-04   1.12961E-04   1.65496E-04   2.41030E-12     3043.40  1
 9.90104E-03   4.02010E-04   1.12990E-04   1.59421E-04   2.55808E-12     3030.60  1
 9.92104E-03   4.28058E-04   1.12977E-04   1.57071E-04   2.69765E-12     3053.52  1
 9.94104E-03   4.52111E-04   1.13012E-04   1.51246E-04   2.83470E-12     3042.44  1
 9.96104E-03   4.78074E-04   1.12994E-04   1.47771E-04   2.96290E-12     3065.92  1
 9.98104E-03   5.02149E-04   1.13034E-04   1.43789E-04   3.08887E-12     3056.68  1
 1.00010E-02   5.27888E-04   1.13011E-04   1.40450E-04   3.20608E-12     3071.92  1
 1.00210E-02   5.52084E-04   1.13017E-04   1.39398E-04   3.32097E-12     3050.39  1
 1.00410E-02   5.78705E-04   1.13047E-04   1.38641E-04   3.42577E-12     3080.88  1
 1.00610E-02   6.02025E-04   1.13069E-04   1.37362E-04   3.53157E-12     3063.03  1
 1.00810E-02   6.28519E-04   1.13049E-04   1.35829E-04   3.62686E-12     3077.08  1
 1.01010E-02   6.51904E-04   1.13054E-04   1.33562E-04   3.72018E-12     3062.65  1
 1.01210E-02   6.78259E-04   1.13024E-04   1.32633E-04   3.80462E-12     3080.50  1
 1.01410E-02   7.01669E-04   1.13045E-04   1.31981E-04   3.88816E-12     3064.52  1
 1.01610E-02   7.27833E-04   1.13004E-04   1.31445E-04   3.96324E-12     3079.93  1
 1.01810E-02   7.51289E-04   1.13025E-04   1.30973E-04   4.03389E-12     3066.57  1
 1.02010E-02   7.75086E-04   1.12972E-04   1.30483E-04   4.09919E-12     3078.45  1
 1.02210E-02   7.91502E-04   1.12937E-04   1.29742E-04   4.15976E-12     3066.72  1
 1.02410E-02   8.16225E-04   1.12963E-04   1.29031E-04   4.21141E-12     3095.45  1
 1.02610E-02   8.36867E-04   1.12939E-04   1.27903E-04   4.26221E-12     3081.20  1
 1.02810E-02   8.63117E-04   1.12855E-04   1.26158E-04   4.30588E-12     3085.68  1
 1.03010E-02   8.81216E-04   1.12819E-04   1.23618E-04   4.18146E-12     3074.36  0
 1.03210E-02   8.80217E-04   1.11640E-04   1.22565E-04   4.04286E-12     2684.91  0
 1.03410E-02   8.72225E-04   1.09121E-04   1.21763E-04   3.89024E-12     2455.22  0
 1.03610E-02   8.68833E-04   1.07552E-04   1.20990E-04   3.73086E-12     2298.38  0
 1.03810E-02   8.62009E-04   1.04048E-04   1.20128E-04   3.57190E-12     2181.50  0
 1.04010E-02   8.57023E-04   1.00868E-04   1.17925E-04   3.37424E-12     2086.96  0
 1.04210E-02   8.52933E-04   9.81477E-05   1.17619E-04   3.20644E-12     2006.78  0
 1.04410E-02   8.50332E-04   9.46709E-05   1.16792E-04   3.03403E-12     1936.29  0
 1.04610E-02   8.42768E-04   9.24364E-05   1.15913E-04   2.86226E-12     1877.04  0
 1.04810E-02   8.39540E-04   8.86378E-05   1.14518E-04   2.69266E-12     1828.61  0
 1.05010E-02   8.33825E-04   8.55686E-05   1.10928E-04   2.52560E-12     1789.02  0
 1.05210E-02   8.28645E-04   8.29942E-05   1.09351E-04   2.36261E-12     1756.67  0
 1.05410E-02   8.25768E-04   7.93496E-05   1.08206E-04   2.20373E-12     1729.83  0
 1.05610E-02   8.17597E-04   7.70895E-05   1.07123E-04   2.04989E-12     1706.97  0
 1.05810E-02   8.14557E-04   7.36449E-05   1.05886E-04   1.90078E-12     1687.67  0
 1.06010E-02   8.03206E-04   7.05961E-05   1.02802E-04   1.69717E-12     1670.06  0
 1.06210E-02   8.03877E-04   6.82378E-05   1.04192E-04   1.55194E-12     1655.74  0
 1.06410E-02   7.96022E-04   6.51573E-05   1.03092E-04   1.41445E-12     1644.09  0
 1.06610E-02   7.88377E-04   6.30209E-05   1.01968E-04   1.28495E-12     1635.06  0
 1.06810E-02   7.83049E-04   5.98718E-05   9.92703E-05   1.16247E-12     1628.62  0
 1.07010E-02   7.73580E-04   5.78644E-05   9.73815E-05   1.04666E-12     1624.58  0
 1.07210E-02   7.61060E-04   5.47191E-05   9.66038E-05   9.37982E-13     1622.94  0
 1.07410E-02   7.46994E-04   5.28115E-05   9.59584E-05   8.36287E-13     1622.49  0
 1.07610E-02   7.30540E-04   4.96490E-05   9.52759E-05   7.41405E-13     1621.87  0
 1.07810E-02   7.14619E-04   4.78296E-05   9.45915E-05   6.53319E-13     1621.09  0
 1.08010E-02   6.92508E-04   4.44633E-05   9.13310E-05   6.77126E-13     1619.90  1
 1.08210E-02   4.47161E-05   1.07358E-04   5.00730E-05   7.75670E-13     1920.98  1
 1.08410E-02   7.70998E-05   1.10507E-04   6.09405E-05   8.62140E-13     2612.84  1
 1.08610E-02   1.02544E-04   1.11817E-04   6.60004E-05   9.49291E-13     2872.20  1
 1.08810E-02   1.29176E-04   1.12478E-04   6.77169E-05   1.06343E-12     2996.73  1
 1.09010E-02   1.53190E-04   1.12629E-04   7.40318E-05   1.16953E-12     3021.35  1
 1.09210E-02   1.79310E-04   1.12672E-04   7.63010E-05   1.28222E-12     3041.05  1
 1.09410E-02   2.03335E-04   1.12749E-04   7.77545E-05   1.38938E-12     3035.41  1
 1.09610E-02   2.29349E-04   1.12761E-04   7.90510E-05   1.51827E-12     3046.49  1
 1.09810E-02   2.53123E-04   1.12813E-04   8.96845E-05   1.65067E-12     3040.99  1
 1.10010E-02   2.78323E-04   1.12792E-04   9.26150E-05   1.79666E-12     3045.89  1
 1.10210E-02   3.05818E-04   1.12769E-04   9.42620E-05   1.95026E-12     3033.03  1
 1.10410E-02   3.39508E-04   1.12907E-04   1.79300E-04   2.10781E-12     3060.78  1
 1.10610E-02   3.59252E-04   1.12927E-04   1.77607E-04   2.25519E-12     3061.28  1
 1.10810E-02   3.78360E-04   1.12901E-04   1.75934E-04   2.40356E-12     3063.04  1
 1.11010E-02   4.06037E-04   1.12927E-04   1.70621E-04   2.54682E-12     3061.33  1
 1.11210E-02   4.28170E-04   1.12911E-04   1.68008E-04   2.68586E-12     3057.84  1
 1.11410E-02   4.55888E-04   1.12944E-04   1.65854E-04   2.82061E-12     3061.44  1
 1.11610E-02   4.78049E-04   1.12926E-04   1.59063E-04   2.94953E-12     3060.47  1
 1.11810E-02   5.05880E-04   1.12963E-04   1.56475E-04   3.07388E-12     3071.34  1
 1.12010E-02   5.27813E-04   1.12935E-04   1.50528E-04   3.19393E-12     3059.29  1
 1.12210E-02   5.55824E-04   1.12937E-04   1.48180E-04   3.30634E-12     3061.35  1
 1.12410E-02   5.78656E-04   1.12963E-04   1.46462E-04   3.41174E-12     3082.53  1
 1.12610E-02   6.05910E-04   1.12975E-04   1.42930E-04   3.51326E-12     3087.52  1
 1.12810E-02   6.28335E-04   1.12919E-04   1.41380E-04   3.60680E-12     3083.21  1
 1.13010E-02   6.55657E-04   1.12913E-04   1.40317E-04   3.69605E-12     3081.54  1
 1.13210E-02   6.77862E-04   1.12823E-04   1.39372E-04   3.60923E-12     3071.93  0
 1.13410E-02   6.78664E-04   1.11685E-04   1.38548E-04   3.50779E-12     2688.37  0
 1.13610E-02   6.78784E-04   1.09243E-04   1.37320E-04   3.39489E-12     2468.04  0
 1.13810E-02   6.78761E-04   1.07673E-04   1.35236E-04   3.27325E-12     2303.68  0
 1.14010E-02   6.78251E-04   1.03823E-04   1.32951E-04   3.10689E-12     2185.05  0
 1.14210E-02   6.72323E-04   1.01265E-04   1.35095E-04   2.97551E-12     2081.44  0
 1.14411E-02   6.69535E-04   9.83415E-05   1.35248E-04   2.83667E-12     1995.84  0
 1.14611E-02   6.68263E-04   9.51707E-05   1.34650E-04   2.69483E-12     1923.65  0
 1.14811E-02   6.63419E-04   9.28573E-05   1.33519E-04   2.55206E-12     1864.38  0
 1.15011E-02   6.58874E-04   8.92568E-05   1.31494E-04   2.41005E-12     1815.86  0
 1.15211E-02   6.57134E-04   8.69287E-05   1.28774E-04   2.26956E-12     1775.67  0
 1.15411E-02   6.46459E-04   8.36729E-05   1.27495E-04   2.13146E-12     1742.89  0
 1.15611E-02   6.37954E-04   8.06834E-05   1.26443E-04   1.99613E-12     1715.76  0
 1.15811E-02   6.31232E-04   7.81800E-05   1.25474E-04   1.86400E-12     1693.24  0
 1.16011E-02   6.25189E-04   7.40967E-05   1.20720E-04   1.68583E-12     1674.70  0
 1.16211E-02   6.18297E-04   7.16569E-05   1.25405E-04   1.55717E-12     1659.39  0
 1.16411E-02   6.14266E-04   6.86439E-05   1.23930E-04   1.43418E-12     1646.98  0
 1.16611E-02   6.07245E-04   6.61018E-05   1.22912E-04   1.31662E-12     1637.40  0
 1.16811E-02   6.03661E-04   6.35104E-05   1.21592E-04   1.20527E-12     1630.39  0
 1.17011E-02   5.96441E-04   6.08952E-05   1.18437E-04   1.09930E-12     1625.72  0
 1.17211E-02   5.93006E-04   5.84871E-05   1.16455E-04   9.98796E-13     1623.27  0
 1.17411E-02   5.85480E-04   5.58411E-05   1.15312E-04   9.03640E-13     1622.72  0
 1.17611E-02   5.80939E-04   5.35098E-05   1.14231E-04   8.14136E-13     1622.24  0
 1.17811E-02   5.74197E-04   5.09936E-05   1.13148E-04   7.29523E-13     1621.62  0
 1.18011E-02   5.65745E-04   4.83997E-05   1.06645E-04   6.32001E-13     1620.59  0
 1.18211E-02   5.61771E-04   4.58920E-05   1.12150E-04   6.62613E-13     1619.67  1
 1.18411E-02   4.29790E-05   1.07425E-04   4.40011E-05   7.75160E-13     1938.77  1
 1.18611E-02   7.26578E-05   1.10482E-04   6.21005E-05   8.69772E-13     2637.26  1
 1.18811E-02   1.01666E-04   1.11765E-04   6.93137E-05   9.69445E-13     2910.82  1
 1.19011E-02   1.25216E-04   1.12396E-04   7.29625E-05   1.07241E-12     3008.91  1
 1.19211E-02   1.52554E-04   1.12569E-04   7.48220E-05   1.18272E-12     3018.57  1
 1.19411E-02   1.75612E-04   1.12608E-04   8.28820E-05   1.30643E-12     3034.81  1
 1.19611E-02   2.02523E-04   1.12690E-04   8.51278E-05   1.43026E-12     3032.13  1
 1.19811E-02   2.25491E-04   1.12701E-04   8.64754E-05   1.56192E-12     3040.62  1
 1.20011E-02   2.50901E-04   1.12423E-04   1.01143E-04   1.72770E-12     2947.59  1
 1.20211E-02   3.86006E-04   1.12554E-04   1.95504E-04   1.87325E-12     2962.62  1
 1.20411E-02   3.55063E-04   1.12738E-04   1.91575E-04   2.01805E-12     2998.77  1
 1.20611E-02   3.40330E-04   1.12797E-04   1.89487E-04   2.15814E-12     2992.67  1
 1.20811E-02   3.57416E-04   1.12793E-04   1.88271E-04   2.29362E-12     3013.72  1
 1.21011E-02   3.79356E-04   1.12825E-04   1.86699E-04   2.42722E-12     3025.70  1
 1.21211E-02   4.05736E-04   1.12801E-04   1.81510E-04   2.55504E-12     3044.18  1
 1.21411E-02   4.30354E-04   1.12829E-04   1.79389E-04   2.67704E-12     3030.22  1
 1.21611E-02   4.56100E-04   1.12773E-04   1.77439E-04   2.79471E-12     3059.43  1
 1.21811E-02   4.80184E-04   1.12772E-04   1.71162E-04   2.73703E-12     3039.87  0
 1.22011E-02   4.82936E-04   1.10874E-04   1.66883E-04   2.66384E-12     2652.06  0
 1.22211E-02   4.83347E-04   1.08659E-04   1.64681E-04   2.58465E-12     2412.78  0
 1.22411E-02   4.81792E-04   1.06214E-04   1.63055E-04   2.48806E-12     2245.31  0
 1.22611E-02   4.80824E-04   1.03447E-04   1.57750E-04   2.38414E-12     2122.55  0
 1.22811E-02   4.79675E-04   1.00416E-04   1.56038E-04   2.27957E-12     2029.67  0
 1.23011E-02   4.77987E-04   9.80337E-05   1.54383E-04   2.17288E-12     1955.80  0
 1.23211E-02   4.75995E-04   9.44863E-05   1.51057E-04   2.06703E-12     1896.01  0
 1.23411E-02   4.72741E-04   9.22577E-05   1.49042E-04   1.96187E-12     1847.01  0
 1.23611E-02   4.67448E-04   8.87318E-05   1.47617E-04   1.85803E-12     1805.84  0
 1.23811E-02   4.64747E-04   8.57334E-05   1.46370E-04   1.75543E-12     1770.64  0
 1.24011E-02   4.59901E-04   8.30944E-05   1.45119E-04   1.65503E-12     1740.80  0
 1.24211E-02   4.55345E-04   7.97324E-05   1.43473E-04   1.55674E-12     1715.46  0
 1.24411E-02   4.52515E-04   7.75871E-05   1.40159E-04   1.46052E-12     1694.49  0
 1.24611E-02   4.46293E-04   7.39660E-05   1.38009E-04   1.36667E-12     1676.94  0
 1.24811E-02   4.43656E-04   7.13349E-05   1.36649E-04   1.27534E-12     1662.27  0
 1.25011E-02   4.38384E-04   6.85122E-05   1.35428E-04   1.18686E-12     1650.24  0
 1.25211E-02   4.34636E-04   6.55735E-05   1.34357E-04   1.10165E-12     1640.79  0
 1.25411E-02   4.32044E-04   6.31716E-05   1.32992E-04   1.02007E-12     1633.49  0
 1.25611E-02   4.25457E-04   6.00481E-05   1.30266E-04   9.41682E-13     1628.15  0
 1.25811E-02   4.22877E-04   5.80004E-05   1.27670E-04   8.66936E-13     1624.63  0
 1.26011E-02   4.13461E-04   5.46954E-05   1.24381E-04   7.61612E-13     1622.99  0
 1.26211E-02   4.14710E-04   5.29307E-05   1.29618E-04   6.85576E-13     1622.64  0
 1.26411E-02   4.11525E-04   4.99732E-05   1.28692E-04   6.15748E-13     1622.15  0
 1.26611E-02   4.04981E-04   4.81482E-05   1.24716E-04   5.50776E-13     1621.52  0
 1.26811E-02   4.01480E-04   4.54306E-05   1.22643E-04   5.99510E-13     1620.75  1
 1.27011E-02   4.83023E-05   1.06839E-04   4.18983E-05   7.17983E-13     1913.83  1
 1.27211E-02   7.61249E-05   1.10289E-04   6.28014E-05   8.28794E-13     2642.93  1
 1.27411E-02   1.05765E-04   1.11736E-04   7.04867E-05   9.40759E-13     2915.79  1
 1.27611E-02   1.29109E-04   1.12294E-04   7.31229E-05   1.05324E-12     3003.68  1
 1.27811E-02   1.56795E-04   1.12459E-04   7.46730E-05   1.15959E-12     3022.17  1
 1.28011E-02   1.76984E-04   1.12208E-04   7.96054E-05   1.31312E-12     2968.17  1
 1.28211E-02   2.05149E-04   1.12276E-04   8.32288E-05   1.43327E-12     2980.42  1
 1.28411E-02   2.27855E-04   1.12478E-04   8.51584E-05   1.56096E-12     2993.44  1
 1.28611E-02   2.55941E-04   1.12508E-04   9.47367E-05   1.52293E-12     3000.70  0
 1.28811E-02   2.56747E-04   1.10652E-04   1.03892E-04   1.46992E-12     2586.70  0
 1.29011E-02   2.56934E-04   1.08659E-04   1.09232E-04   1.41948E-12     2370.59  0
 1.29211E-02   2.99733E-04   1.06019E-04   2.06551E-04   1.36327E-12     2223.63  0
 1.29411E-02   2.94824E-04   1.03339E-04   2.00885E-04   1.30509E-12     2113.67  0
 1.29611E-02   2.86189E-04   9.99157E-05   1.98943E-04   1.24522E-12     2025.90  0
 1.29811E-02   2.77743E-04   9.75892E-05   1.96903E-04   1.18544E-12     1958.14  0
 1.30011E-02   2.68534E-04   9.37312E-05   1.90836E-04   1.11964E-12     1900.62  0
 1.30211E-02   2.61337E-04   9.04242E-05   1.88176E-04   1.05931E-12     1853.58  0
 1.30411E-02   2.56814E-04   8.78844E-05   1.83332E-04   1.00132E-12     1812.91  0
 1.30611E-02   2.57142E-04   8.41658E-05   1.77751E-04   9.45022E-13     1777.55  0
 1.30811E-02   2.56970E-04   8.13541E-05   1.70365E-04   8.90313E-13     1746.68  0
 1.31011E-02   2.56490E-04   7.82813E-05   1.58373E-04   8.36923E-13     1720.09  0
 1.31211E-02   2.55862E-04   7.48918E-05   1.38102E-04   7.83751E-13     1697.83  0
 1.31411E-02   2.55027E-04   7.27152E-05   1.34819E-04   7.31358E-13     1678.95  0
 1.31611E-02   2.53970E-04   6.92216E-05   1.31528E-04   6.79750E-13     1663.22  0
 1.31811E-02   2.52626E-04   6.71125E-05   1.29299E-04   6.29251E-13     1650.22  0
 1.32011E-02   2.52244E-04   6.38478E-05   1.27871E-04   5.80284E-13     1640.20  0
 1.32211E-02   2.51765E-04   6.13680E-05   1.26607E-04   5.33032E-13     1632.66  0
 1.32411E-02   2.46919E-04   5.86275E-05   1.25466E-04   4.87635E-13     1627.34  0
 1.32611E-02   2.44530E-04   5.58892E-05   1.24079E-04   4.44440E-13     1624.09  0
 1.32811E-02   2.42872E-04   5.34466E-05   1.22299E-04   4.03527E-13     1622.90  0
 1.33011E-02   2.41627E-04   5.05746E-05   1.18899E-04   3.64560E-13     1622.51  0
 1.33211E-02   2.32987E-04   4.83504E-05   1.17411E-04   3.27542E-13     1621.95  0
 1.33411E-02   2.27173E-04   4.55154E-05   1.16173E-04   2.92518E-13     1621.25  0
 1.33611E-02   2.23508E-04   4.34313E-05   1.14879E-04   2.59470E-13     1620.40  0
 1.33811E-02   2.19244E-04   4.08248E-05   1.13347E-04   2.28097E-13     1619.40  0
 1.34011E-02   2.14038E-04   3.87208E-05   1.10316E-04   1.98581E-13     1618.24  0
 1.34211E-02   2.11261E-04   3.66473E-05   1.07209E-04   1.70978E-13     1616.93  0
 1.34411E-02   2.04602E-04   3.42241E-05   1.05619E-04   1.45045E-13     1615.45  0
 1.34611E-02   2.01371E-04   3.27653E-05   1.04127E-04   1.21325E-13     1613.94  0
 1.34811E-02   1.87639E-04   3.00621E-05   1.02372E-04   9.96561E-14     1612.29  0
 1.35011E-02   1.81085E-04   2.85439E-05   9.81560E-05   8.02550E-14     1610.46  0
 1.35211E-02   1.61610E-04   2.67489E-05   9.53489E-05   6.29509E-14     1608.43  0
 1.35411E-02   1.48765E-04   2.45056E-05   9.34409E-05   4.79351E-14     1606.18  0
 1.35611E-02   1.36274E-04   2.31588E-05   9.12996E-05   3.51064E-14     1603.68  0
 1.35811E-02   1.23645E-04   2.08999E-05   8.58426E-05   2.44527E-14     1601.01  0
 1.36011E-02   1.09245E-04   1.90340E-05   7.59717E-05   1.57397E-14     1598.03  0
 1.36211E-02   9.95111E-05   1.76289E-05   6.69932E-05   9.18616E-15     1594.70  0
 1.36411E-02   8.32520E-05   1.47079E-05   5.62598E-05   4.38883E-15     1590.81  0
 1.36611E-02   6.63890E-05   1.29925E-05   4.50893E-05   1.43334E-15     1586.24  0
 1.36811E-02   4.80218E-05   9.48110E-06   3.16063E-05   9.23965E-17     1580.04  0
 1.37011E-02   2.25576E-05   4.85423E-06   1.33505E-05   0.00000E+00     1569.52  0
 1.37211E-02   0.00000E+00   0.00000E+00   0.00000E+00   0.00000E+00     1530.69  0
 1.37411E-02   0.00000E+00   0.00000E+00   0.00000E+00   0.00000E+00     1493.65  0
 1.37611E-02   0.00000E+00   0.00000E+00   0.00000E+00   0.00000E+00     1468.28  0
 1.37811E-02   0.00000E+00   0.00000E+00   0.00000E+00   0.00000E+00     1448.18  0
 1.38011E-02   0.00000E+00   0.00000E+00   0.00000E+00   0.00000E+00     1431.32  0
 1.38211E-02   0.00000E+00   0.00000E+00   0.00000E+00   0.00000E+00     1416.10  0
 1.38411E-02   0.00000E+00   0.00000E+00   0.00000E+00   0.00000E+00     1402.03  0
 1.38611E-02   0.00000E+00   0.00000E+00   0.00000E+00   0.00000E+00     1389.27  0
 1.38811E-02   0.00000E+00   0.00000E+00   0.00000E+00   0.00000E+00     1377.61  0
 1.39011E-02   0.00000E+00   0.00000E+00   0.00000E+00   0.00000E+00     1366.47  0
 1.39211E-02   0.00000E+00   0.00000E+00   0.00000E+00   0.00000E+00     1355.79  0
 1.39411E-02   0.00000E+00   0.00000E+00   0.00000E+00   0.00000E+00     1345.77  0
 1.39611E-02   0.00000E+00   0.00000E+00   0.00000E+00   0.00000E+00     1336.42  0
 1.39811E-02   0.00000E+00   0.00000E+00   0.00000E+00   0.00000E+00     1327.36  0
 1.40011E-02   0.00000E+00   0.00000E+00   0.00000E+00   0.00000E+00     1318.56  0
 1.40211E-02   0.00000E+00   0.00000E+00   0.00000E+00   0.00000E+00     1310.20  0
 1.40411E-02   0.00000E+00   0.00000E+00   0.00000E+00   0.00000E+00     1302.34  0
 1.40611E-02   0.00000E+00   0.00000E+00   0.00000E+00   0.00000E+00     1294.66  0
 1.40811E-02   0.00000E+00   0.00000E+00   0.00000E+00   0.00000E+00     1287.15  0
 1.41011E-02   0.00000E+00   0.00000E+00   0.00000E+00   0.00000E+00     1280.02  0
 1.41211E-02   0.00000E+00   0.00000E+00   0.00000E+00   0.00000E+00     1273.24  0
 1.41411E-02   0.00000E+00   0.00000E+00   0.00000E+00   0.00000E+00     1266.65  0
 1.41611E-02   0.00000E+00   0.00000E+00   0.00000E+00   0.00000E+00     1260.16  0
 1.41811E-02   0.00000E+00   0.00000E+00   0.00000E+00   0.00000E+00     1254.11  0
 1.42011E-02   0.00000E+00   0.00000E+00   0.00000E+00   0.00000E+00     1248.17  0
 1.42211E-02   0.00000E+00   0.00000E+00   0.00000E+00   0.00000E+00     1242.31  0
 1.42411E-02   0.00000E+00   0.00000E+00   0.00000E+00   0.00000E+00     1236.55  0
 1.42611E-02   0.00000E+00   0.00000E+00   0.00000E+00   0.00000E+00     1231.12  0
 1.42811E-02   0.00000E+00   0.00000E+00   0.00000E+00   0.00000E+00     1225.81  0
 1.43011E-02   0.00000E+00   0.00000E+00   0.00000E+00   0.00000E+00     1220.56  0
 1.43211E-02   0.00000E+00   0.00000E+00   0.00000E+00   0.00000E+00     1215.39  0
 1.43411E-02   0.00000E+00   0.00000E+00   0.00000E+00   0.00000E+00     1210.45  0
 1.43611E-02   0.00000E+00   0.00000E+00   0.00000E+00   0.00000E+00     1205.66  0
 1.43811E-02   0.00000E+00   0.00000E+00   0.00000E+00   0.00000E+00     1200.92  0
 1.44011E-02   0.00000E+00   0.00000E+00   0.00000E+00   0.00000E+00     1196.24  0
 1.44211E-02   0.00000E+00   0.00000E+00   0.00000E+00   0.00000E+00     1191.69  0
 1.44411E-02   0.00000E+00   0.00000E+00   0.00000E+00   0.00000E+00     1187.33  0
 1.44611E-02   0.00000E+00   0.00000E+00   0.00000E+00   0.00000E+00     1183.01  0
 1.44811E-02   0.00000E+00   0.00000E+00   0.00000E+00   0.00000E+00     1178.78  0
 1.45011E-02   0.00000E+00   0.00000E+00   0.00000E+00   0.00000E+00     1174.58  0
 1.45211E-02   0.00000E+00   0.00000E+00   0.00000E+00   0.00000E+00     1170.60  0
 1.45411E-02   0.00000E+00   0.00000E+00   0.00000E+00   0.00000E+00     1166.66  0
 1.45611E-02   0.00000E+00   0.00000E+00   0.00000E+00   0.00000E+00     1162.76  0
 1.45811E-02   0.00000E+00   0.00000E+00   0.00000E+00   0.00000E+00     1158.90  0
 1.46011E-02   0.00000E+00   0.00000E+00   0.00000E+00   0.00000E+00     1155.13  0
 1.46211E-02   0.00000E+00   0.00000E+00   0.00000E+00   0.00000E+00     1151.50  0
 1.46411E-02   0.00000E+00   0.00000E+00   0.00000E+00   0.00000E+00     1147.90  0
 1.46611E-02   0.00000E+00   0.00000E+00   0.00000E+00   0.00000E+00     1144.33  0
 1.46811E-02   0.00000E+00   0.00000E+00   0.00000E+00   0.00000E+00     1140.80  0
 1.47011E-02   0.00000E+00   0.00000E+00   0.00000E+00   0.00000E+00     1137.36  0
 1.47211E-02   0.00000E+00   0.00000E+00   0.00000E+00   0.00000E+00     1134.03  0
 1.47411E-02   0.00000E+00   0.00000E+00   0.00000E+00   0.00000E+00     1130.72  0
 1.47611E-02   0.00000E+00   0.00000E+00   0.00000E+00   0.00000E+00     1127.44  0
 1.47811E-02   0.00000E+00   0.00000E+00   0.00000E+00   0.00000E+00     1124.19  0
 1.48011E-02   0.00000E+00   0.00000E+00   0.00000E+00   0.00000E+00     1121.01  0
 1.48211E-02   0.00000E+00   0.00000E+00   0.00000E+00   0.00000E+00     1117.93  0
 1.48411E-02   0.00000E+00   0.00000E+00   0.00000E+00   0.00000E+00     1114.87  0
 1.48611E-02   0.00000E+00   0.00000E+00   0.00000E+00   0.00000E+00     1111.84  0
 1.48811E-02   0.00000E+00   0.00000E+00   0.00000E+00   0.00000E+00     1108.86  0
 1.49011E-02   0.00000E+00   0.00000E+00   0.00000E+00   0.00000E+00     1105.90  0
 1.49211E-02   0.00000E+00   0.00000E+00   0.00000E+00   0.00000E+00     1103.06  0
 1.49411E-02   0.00000E+00   0.00000E+00   0.00000E+00   0.00000E+00     1100.24  0
 1.49611E-02   0.00000E+00   0.00000E+00   0.00000E+00   0.00000E+00     1097.44  0
 1.49811E-02   0.00000E+00   0.00000E+00   0.00000E+00   0.00000E+00     1094.66  0
 1.50011E-02   0.00000E+00   0.00000E+00   0.00000E+00   0.00000E+00     1091.90  0
 1.50211E-02   0.00000E+00   0.00000E+00   0.00000E+00   0.00000E+00     1089.19  0
 1.50411E-02   0.00000E+00   0.00000E+00   0.00000E+00   0.00000E+00     1086.56  0
 1.50611E-02   0.00000E+00   0.00000E+00   0.00000E+00   0.00000E+00     1083.95  0
 1.50811E-02   0.00000E+00   0.00000E+00   0.00000E+00   0.00000E+00     1081.36  0
 1.51011E-02   0.00000E+00   0.00000E+00   0.00000E+00   0.00000E+00     1078.79  0
 1.51211E-02   0.00000E+00   0.00000E+00   0.00000E+00   0.00000E+00     1076.23  0
 1.51411E-02   0.00000E+00   0.00000E+00   0.00000E+00   0.00000E+00     1073.72  0
 1.51611E-02   0.00000E+00   0.00000E+00   0.00000E+00   0.00000E+00     1071.27  0
 1.51811E-02   0.00000E+00   0.00000E+00   0.00000E+00   0.00000E+00     1068.85  0
 1.52011E-02   0.00000E+00   0.00000E+00   0.00000E+00   0.00000E+00     1066.44  0
 1.52211E-02   0.00000E+00   0.00000E+00   0.00000E+00   0.00000E+00     1064.04  0
 1.52411E-02   0.00000E+00   0.00000E+00   0.00000E+00   0.00000E+00     1061.66  0
 1.52611E-02   0.00000E+00   0.00000E+00   0.00000E+00   0.00000E+00     1059.30  0
 1.52811E-02   0.00000E+00   0.00000E+00   0.00000E+00   0.00000E+00     1057.02  0
 1.53011E-02   0.00000E+00   0.00000E+00   0.00000E+00   0.00000E+00     1054.76  0
 1.53211E-02   0.00000E+00   0.00000E+00   0.00000E+00   0.00000E+00     1052.51  0
 1.53411E-02   0.00000E+00   0.00000E+00   0.00000E+00   0.00000E+00     1050.28  0
 1.53611E-02   0.00000E+00   0.00000E+00   0.00000E+00   0.00000E+00     1048.06  0
 1.53811E-02   0.00000E+00   0.00000E+00   0.00000E+00   0.00000E+00     1045.85  0
 1.54011E-02   0.00000E+00   0.00000E+00   0.00000E+00   0.00000E+00     1043.69  0
 1.54211E-02   0.00000E+00   0.00000E+00   0.00000E+00   0.00000E+00     1041.59  0
 1.54411E-02   0.00000E+00   0.00000E+00   0.00000E+00   0.00000E+00     1039.50  0
 1.54611E-02   0.00000E+00   0.00000E+00   0.00000E+00   0.00000E+00     1037.42  0
 1.54811E-02   0.00000E+00   0.00000E+00   0.00000E+00   0.00000E+00     1035.36  0
 1.55011E-02   0.00000E+00   0.00000E+00   0.00000E+00   0.00000E+00     1033.30  0
 1.55211E-02   0.00000E+00   0.00000E+00   0.00000E+00   0.00000E+00     1031.26  0
 1.55411E-02   0.00000E+00   0.00000E+00   0.00000E+00   0.00000E+00     1029.23  0
 1.55611E-02   0.00000E+00   0.00000E+00   0.00000E+00   0.00000E+00     1027.26  0
 1.55811E-02   0.00000E+00   0.00000E+00   0.00000E+00   0.00000E+00     1025.31  0
 1.56011E-02   0.00000E+00   0.00000E+00   0.00000E+00   0.00000E+00     1023.37  0
 1.56211E-02   0.00000E+00   0.00000E+00   0.00000E+00   0.00000E+00     1021.43  0
 1.56411E-02   0.00000E+00   0.00000E+00   0.00000E+00   0.00000E+00     1019.51  0
 1.56611E-02   0.00000E+00   0.00000E+00   0.00000E+00   0.00000E+00     1017.60  0
 1.56811E-02   0.00000E+00   0.00000E+00   0.00000E+00   0.00000E+00     1015.70  0
 1.57011E-02   0.00000E+00   0.00000E+00   0.00000E+00   0.00000E+00     1013.83  0
 1.57211E-02   0.00000E+00   0.00000E+00   0.00000E+00   0.00000E+00     1012.01  0
 1.57411E-02   0.00000E+00   0.00000E+00   0.00000E+00   0.00000E+00     1010.19  0
 1.57611E-02   0.00000E+00   0.00000E+00   0.00000E+00   0.00000E+00     1008.37  0
 1.57811E-02   0.00000E+00   0.00000E+00   0.00000E+00   0.00000E+00     1006.57  0
 1.58011E-02   0.00000E+00   0.00000E+00   0.00000E+00   0.00000E+00     1004.78  0
 1.58211E-02   0.00000E+00   0.00000E+00   0.00000E+00   0.00000E+00     1003.00  0
 1.58411E-02   0.00000E+00   0.00000E+00   0.00000E+00   0.00000E+00     1001.23  0
 1.58611E-02   0.00000E+00   0.00000E+00   0.00000E+00   0.00000E+00      999.47  0
 1.58811E-02   0.00000E+00   0.00000E+00   0.00000E+00   0.00000E+00      997.77  0
 1.59011E-02   0.00000E+00   0.00000E+00   0.00000E+00   0.00000E+00      996.07  0
 1.59211E-02   0.00000E+00   0.00000E+00   0.00000E+00   0.00000E+00      994.38  0
 1.59411E-02   0.00000E+00   0.00000E+00   0.00000E+00   0.00000E+00      992.70  0
 1.59611E-02   0.00000E+00   0.00000E+00   0.00000E+00   0.00000E+00      991.02  0
 1.59811E-02   0.00000E+00   0.00000E+00   0.00000E+00   0.00000E+00      989.36  0
 1.60011E-02   0.00000E+00   0.00000E+00   0.00000E+00   0.00000E+00      987.72  0
 1.60211E-02   0.00000E+00   0.00000E+00   0.00000E+00   0.00000E+00      986.08  0
 1.60411E-02   0.00000E+00   0.00000E+00   0.00000E+00   0.00000E+00      984.46  0
 1.60611E-02   0.00000E+00   0.00000E+00   0.00000E+00   0.00000E+00      982.88  0
 1.60811E-02   0.00000E+00   0.00000E+00   0.00000E+00   0.00000E+00      981.31  0
 1.61011E-02   0.00000E+00   0.00000E+00   0.00000E+00   0.00000E+00      979.75  0
 1.61211E-02   0.00000E+00   0.00000E+00   0.00000E+00   0.00000E+00      978.19  0
 1.61411E-02   0.00000E+00   0.00000E+00   0.00000E+00   0.00000E+00      976.64  0
 1.61611E-02   0.00000E+00   0.00000E+00   0.00000E+00   0.00000E+00      975.10  0
 1.61811E-02   0.00000E+00   0.00000E+00   0.00000E+00   0.00000E+00      973.56  0
 1.62011E-02   0.00000E+00   0.00000E+00   0.00000E+00   0.00000E+00      972.03  0
 1.62211E-02   0.00000E+00   0.00000E+00   0.00000E+00   0.00000E+00      970.51  0
 1.62411E-02   0.00000E+00   0.00000E+00   0.00000E+00   0.00000E+00      969.00  0
 1.62611E-02   0.00000E+00   0.00000E+00   0.00000E+00   0.00000E+00      967.53  0
 1.62811E-02   0.00000E+00   0.00000E+00   0.00000E+00   0.00000E+00      966.07  0
 1.63011E-02   0.00000E+00   0.00000E+00   0.00000E+00   0.00000E+00      964.62  0
 1.63211E-02   0.00000E+00   0.00000E+00   0.00000E+00   0.00000E+00      963.17  0
 1.63411E-02   0.00000E+00   0.00000E+00   0.00000E+00   0.00000E+00      961.72  0
 1.63611E-02   0.00000E+00   0.00000E+00   0.00000E+00   0.00000E+00      960.29  0
 1.63811E-02   0.00000E+00   0.00000E+00   0.00000E+00   0.00000E+00      958.85  0
 1.64011E-02   0.00000E+00   0.00000E+00   0.00000E+00   0.00000E+00      957.43  0
 1.64211E-02   0.00000E+00   0.00000E+00   0.00000E+00   0.00000E+00      956.01  0
 1.64411E-02   0.00000E+00   0.00000E+00   0.00000E+00   0.00000E+00      954.60  0
 1.64611E-02   0.00000E+00   0.00000E+00   0.00000E+00   0.00000E+00      953.21  0
 1.64810E-02   0.00000E+00   0.00000E+00   0.00000E+00   0.00000E+00      951.84  0
 1.65010E-02   0.00000E+00   0.00000E+00   0.00000E+00   0.00000E+00      950.49  0
 1.65210E-02   0.00000E+00   0.00000E+00   0.00000E+00   0.00000E+00      949.13  0
 1.65410E-02   0.00000E+00   0.00000E+00   0.00000E+00   0.00000E+00      947.79  0
 1.65610E-02   0.00000E+00   0.00000E+00   0.00000E+00   0.00000E+00      946.45  0
 1.65810E-02   0.00000E+00   0.00000E+00   0.00000E+00   0.00000E+00      945.11  0
 1.66010E-02   0.00000E+00   0.00000E+00   0.00000E+00   0.00000E+00      943.78  0
 1.66210E-02   0.00000E+00   0.00000E+00   0.00000E+00   0.00000E+00      942.46  0
 1.66410E-02   0.00000E+00   0.00000E+00   0.00000E+00   0.00000E+00      941.14  0
 1.66610E-02   0.00000E+00   0.00000E+00   0.00000E+00   0.00000E+00      939.83  0
 1.66810E-02   0.00000E+00   0.00000E+00   0.00000E+00   0.00000E+00      938.52  0
 1.67010E-02   0.00000E+00   0.00000E+00   0.00000E+00   0.00000E+00      937.23  0
 1.67210E-02   0.00000E+00   0.00000E+00   0.00000E+00   0.00000E+00      935.97  0
 1.67410E-02   0.00000E+00   0.00000E+00   0.00000E+00   0.00000E+00      934.72  0
 1.67610E-02   0.00000E+00   0.00000E+00   0.00000E+00   0.00000E+00      933.48  0
 1.67810E-02   0.00000E+00   0.00000E+00   0.00000E+00   0.00000E+00      932.24  0
 1.68010E-02   0.00000E+00   0.00000E+00   0.00000E+00   0.00000E+00      931.00  0
 1.68210E-02   0.00000E+00   0.00000E+00   0.00000E+00   0.00000E+00      929.77  0
 1.68410E-02   0.00000E+00   0.00000E+00   0.00000E+00   0.00000E+00      928.55  0
 1.68610E-02   0.00000E+00   0.00000E+00   0.00000E+00   0.00000E+00      927.33  0
 1.68810E-02   0.00000E+00   0.00000E+00   0.00000E+00   0.00000E+00      926.11  0
 1.69010E-02   0.00000E+00   0.00000E+00   0.00000E+00   0.00000E+00      924.90  0
 1.69210E-02   0.00000E+00   0.00000E+00   0.00000E+00   0.00000E+00      923.69  0
 1.69410E-02   0.00000E+00   0.00000E+00   0.00000E+00   0.00000E+00      922.49  0
 1.69610E-02   0.00000E+00   0.00000E+00   0.00000E+00   0.00000E+00      921.29  0
 1.69810E-02   0.00000E+00   0.00000E+00   0.00000E+00   0.00000E+00      920.12  0
 1.70010E-02   0.00000E+00   0.00000E+00   0.00000E+00   0.00000E+00      918.96  0
 1.70210E-02   0.00000E+00   0.00000E+00   0.00000E+00   0.00000E+00      917.81  0
 1.70410E-02   0.00000E+00   0.00000E+00   0.00000E+00   0.00000E+00      916.66  0
 1.70610E-02   0.00000E+00   0.00000E+00   0.00000E+00   0.00000E+00      915.51  0
 1.70810E-02   0.00000E+00   0.00000E+00   0.00000E+00   0.00000E+00      914.37  0
 1.71010E-02   0.00000E+00   0.00000E+00   0.00000E+00   0.00000E+00      913.23  0
 1.71210E-02   0.00000E+00   0.00000E+00   0.00000E+00   0.00000E+00      912.09  0
 1.71410E-02   0.00000E+00   0.00000E+00   0.00000E+00   0.00000E+00      910.96  0
 1.71610E-02   0.00000E+00   0.00000E+00   0.00000E+00   0.00000E+00      909.84  0
 1.71810E-02   0.00000E+00   0.00000E+00   0.00000E+00   0.00000E+00      908.72  0
 1.72010E-02   0.00000E+00   0.00000E+00   0.00000E+00   0.00000E+00      907.60  0
 1.72210E-02   0.00000E+00   0.00000E+00   0.00000E+00   0.00000E+00      906.48  0
 1.72410E-02   0.00000E+00   0.00000E+00   0.00000E+00   0.00000E+00      905.37  0
 1.72610E-02   0.00000E+00   0.00000E+00   0.00000E+00   0.00000E+00      904.27  0
 1.72810E-02   0.00000E+00   0.00000E+00   0.00000E+00   0.00000E+00      903.20  0
 1.73010E-02   0.00000E+00   0.00000E+00   0.00000E+00   0.00000E+00      902.12  0
 1.73210E-02   0.00000E+00   0.00000E+00   0.00000E+00   0.00000E+00      901.06  0
 1.73410E-02   0.00000E+00   0.00000E+00   0.00000E+00   0.00000E+00      899.99  0
 1.73610E-02   0.00000E+00   0.00000E+00   0.00000E+00   0.00000E+00      898.93  0
 1.73810E-02   0.00000E+00   0.00000E+00   0.00000E+00   0.00000E+00      897.88  0
 1.74010E-02   0.00000E+00   0.00000E+00   0.00000E+00   0.00000E+00      896.82  0
 1.74210E-02   0.00000E+00   0.00000E+00   0.00000E+00   0.00000E+00      895.78  0
 1.74410E-02   0.00000E+00   0.00000E+00   0.00000E+00   0.00000E+00      894.73  0
 1.74610E-02   0.00000E+00   0.00000E+00   0.00000E+00   0.00000E+00      893.69  0
 1.74810E-02   0.00000E+00   0.00000E+00   0.00000E+00   0.00000E+00      892.65  0
 1.75010E-02   0.00000E+00   0.00000E+00   0.00000E+00   0.00000E+00      891.62  0
 1.75210E-02   0.00000E+00   0.00000E+00   0.00000E+00   0.00000E+00      890.59  0
 1.75410E-02   0.00000E+00   0.00000E+00   0.00000E+00   0.00000E+00      889.56  0
 1.75610E-02   0.00000E+00   0.00000E+00   0.00000E+00   0.00000E+00      888.54  0
 1.75810E-02   0.00000E+00   0.00000E+00   0.00000E+00   0.00000E+00      887.52  0
 1.76010E-02   0.00000E+00   0.00000E+00   0.00000E+00   0.00000E+00      886.52  0
 1.76210E-02   0.00000E+00   0.00000E+00   0.00000E+00   0.00000E+00      885.54  0
 1.76410E-02   0.00000E+00   0.00000E+00   0.00000E+00   0.00000E+00      884.56  0
 1.76610E-02   0.00000E+00   0.00000E+00   0.00000E+00   0.00000E+00      883.59  0
 1.76810E-02   0.00000E+00   0.00000E+00   0.00000E+00   0.00000E+00      882.62  0
 1.77010E-02   0.00000E+00   0.00000E+00   0.00000E+00   0.00000E+00      881.65  0
 1.77210E-02   0.00000E+00   0.00000E+00   0.00000E+00   0.00000E+00      880.68  0
 1.77410E-02   0.00000E+00   0.00000E+00   0.00000E+00   0.00000E+00      879.72  0
 1.77610E-02   0.00000E+00   0.00000E+00   0.00000E+00   0.00000E+00      878.76  0
 1.77810E-02   0.00000E+00   0.00000E+00   0.00000E+00   0.00000E+00      877.80  0
 1.78010E-02   0.00000E+00   0.00000E+00   0.00000E+00   0.00000E+00      876.85  0
 1.78210E-02   0.00000E+00   0.00000E+00   0.00000E+00   0.00000E+00      875.90  0
 1.78410E-02   0.00000E+00   0.00000E+00   0.00000E+00   0.00000E+00      874.95  0
 1.78610E-02   0.00000E+00   0.00000E+00   0.00000E+00   0.00000E+00      874.00  0
 1.78810E-02   0.00000E+00   0.00000E+00   0.00000E+00   0.00000E+00      873.06  0
 1.79010E-02   0.00000E+00   0.00000E+00   0.00000E+00   0.00000E+00      872.12  0
 1.79210E-02   0.00000E+00   0.00000E+00   0.00000E+00   0.00000E+00      871.19  0
 1.79410E-02   0.00000E+00   0.00000E+00   0.00000E+00   0.00000E+00      870.25  0
 1.79610E-02   0.00000E+00   0.00000E+00   0.00000E+00   0.00000E+00      869.33  0
 1.79810E-02   0.00000E+00   0.00000E+00   0.00000E+00   0.00000E+00      868.41  0
 1.80010E-02   0.00000E+00   0.00000E+00   0.00000E+00   0.00000E+00      867.50  0
 1.80210E-02   0.00000E+00   0.00000E+00   0.00000E+00   0.00000E+00      866.60  0
 1.80410E-02   0.00000E+00   0.00000E+00   0.00000E+00   0.00000E+00      865.71  0
 1.80610E-02   0.00000E+00   0.00000E+00   0.00000E+00   0.00000E+00      864.81  0
 1.80810E-02   0.00000E+00   0.00000E+00   0.00000E+00   0.00000E+00      863.92  0
 1.81010E-02   0.00000E+00   0.00000E+00   0.00000E+00   0.00000E+00      863.03  0
 1.81210E-02   0.00000E+00   0.00000E+00   0.00000E+00   0.00000E+00      862.14  0
 1.81410E-02   0.00000E+00   0.00000E+00   0.00000E+00   0.00000E+00      861.26  0
 1.81610E-02   0.00000E+00   0.00000E+00   0.00000E+00   0.00000E+00      860.38  0
 1.81810E-02   0.00000E+00   0.00000E+00   0.00000E+00   0.00000E+00      859.50  0
 1.82010E-02   0.00000E+00   0.00000E+00   0.00000E+00   0.00000E+00      858.63  0
 1.82210E-02   0.00000E+00   0.00000E+00   0.00000E+00   0.00000E+00      857.75  0
 1.82410E-02   0.00000E+00   0.00000E+00   0.00000E+00   0.00000E+00      856.88  0
 1.82610E-02   0.00000E+00   0.00000E+00   0.00000E+00   0.00000E+00      856.01  0
 1.82810E-02   0.00000E+00   0.00000E+00   0.00000E+00   0.00000E+00      855.15  0
 1.83010E-02   0.00000E+00   0.00000E+00   0.00000E+00   0.00000E+00      854.29  0
 1.83210E-02   0.00000E+00   0.00000E+00   0.00000E+00   0.00000E+00      853.43  0
 1.83410E-02   0.00000E+00   0.00000E+00   0.00000E+00   0.00000E+00      852.57  0
 1.83610E-02   0.00000E+00   0.00000E+00   0.00000E+00   0.00000E+00      851.72  0
