# Melt Pool Geometry History
# time(s)  length(m)  depth(m)  width(m)  volume(m3)  Tpeak(K)  laser_on
 2.10000E-05   0.00000E+00   0.00000E+00   0.00000E+00   6.61483E-14      293.00  1
 4.10000E-05   4.36426E-05   1.03386E-04   4.01626E-05   2.20100E-13     1897.38  1
 6.10000E-05   7.82566E-05   1.07881E-04   5.10570E-05   3.57386E-13     2425.89  1
 8.10000E-05   1.08847E-04   1.08094E-04   5.47043E-05   4.90564E-13     2492.01  1
 1.01000E-04   1.39668E-04   1.08074E-04   5.58674E-05   6.18407E-13     2513.92  1
 1.21000E-04   1.71008E-04   1.08015E-04   5.66922E-05   7.29775E-13     2530.38  1
 1.41000E-04   2.03533E-04   1.08008E-04   5.68978E-05   8.35607E-13     2526.62  1
 1.61000E-04   2.36087E-04   1.08058E-04   5.69989E-05   9.43625E-13     2493.87  1
 1.81000E-04   2.69056E-04   1.08099E-04   5.69762E-05   8.79174E-13     2457.30  0
 2.01000E-04   2.65513E-04   1.00392E-04   5.64422E-05   7.16597E-13     2177.13  0
 2.21000E-04   2.68974E-04   9.50499E-05   6.02519E-05   6.57900E-13     2001.09  0
 2.41000E-04   2.68030E-04   8.87075E-05   6.07972E-05   6.02295E-13     1893.87  0
 2.61000E-04   2.67044E-04   8.27430E-05   6.05857E-05   5.52702E-13     1823.19  0
 2.81000E-04   2.66076E-04   7.48000E-05   6.00374E-05   5.07626E-13     1773.74  0
 3.01000E-04   2.65155E-04   6.79642E-05   5.92994E-05   4.65952E-13     1735.72  0
 3.21000E-04   2.64324E-04   6.04111E-05   5.84486E-05   4.25889E-13     1705.81  0
 3.41000E-04   2.63692E-04   5.42331E-05   5.75271E-05   3.87040E-13     1681.62  0
 3.61000E-04   2.63353E-04   4.91248E-05   5.66158E-05   3.48529E-13     1662.02  0
 3.81000E-04   2.63007E-04   4.47529E-05   5.57966E-05   3.10543E-13     1646.30  0
 4.01000E-04   2.55290E-04   4.02760E-05   5.15316E-05   2.46208E-13     1634.08  0
 4.21000E-04   2.56861E-04   3.78115E-05   6.13505E-05   2.11413E-13     1625.67  0
 4.41000E-04   2.47007E-04   3.42823E-05   6.16085E-05   1.79606E-13     1622.62  0
 4.61000E-04   2.37355E-04   3.22369E-05   6.17748E-05   1.50326E-13     1621.36  0
 4.81000E-04   2.27857E-04   2.90096E-05   6.18690E-05   1.23786E-13     1619.59  0
 5.01000E-04   2.18878E-04   2.71094E-05   6.18958E-05   9.94826E-14     1617.36  0
 5.21000E-04   2.10597E-04   2.40667E-05   6.18688E-05   7.77212E-14     1614.66  0
 5.41000E-04   1.93568E-04   2.24510E-05   6.17870E-05   5.83493E-14     1611.54  0
 5.61000E-04   1.77833E-04   1.92429E-05   6.16267E-05   4.14207E-14     1607.90  0
 5.81000E-04   1.63437E-04   1.78899E-05   6.13958E-05   2.73335E-14     1603.77  0
 6.01000E-04   1.42452E-04   1.53388E-05   5.31364E-05   1.35735E-14     1597.91  0
 6.21000E-04   1.22293E-04   1.28968E-05   5.17618E-05   5.70798E-15     1592.70  0
 6.41000E-04   9.64665E-05   9.56294E-06   4.30550E-05   1.14153E-15     1585.85  0
 6.61000E-04   6.17049E-05   7.21804E-06   3.33251E-05   0.00000E+00     1576.88  0
 6.81000E-04   0.00000E+00   0.00000E+00   0.00000E+00   7.67292E-14     1552.68  1
 7.01000E-04   4.22954E-05   1.03339E-04   4.50567E-05   2.25060E-13     1844.67  1
 7.21000E-04   8.09118E-05   1.07776E-04   5.48962E-05   3.65929E-13     2329.50  1
 7.41000E-04   1.13037E-04   1.07991E-04   5.85926E-05   5.01884E-13     2484.78  1
 7.61000E-04   1.45757E-04   1.08041E-04   5.98313E-05   6.22362E-13     2508.83  1
 7.81000E-04   1.76910E-04   1.08048E-04   6.06940E-05   7.37491E-13     2578.88  1
 8.01000E-04   2.07676E-04   1.07733E-04   6.05728E-05   8.41944E-13     2512.80  1
 8.21000E-04   2.41423E-04   1.08061E-04   6.17688E-05   9.55318E-13     2487.66  1
 8.41000E-04   2.73924E-04   1.08147E-04   6.20817E-05   1.04991E-12     2485.49  1
 8.61000E-04   3.04810E-04   1.08162E-04   6.21408E-05   1.14138E-12     2582.76  1
 8.81000E-04   3.36247E-04   1.08141E-04   6.21660E-05   1.22644E-12     2553.26  1
 9.01000E-04   3.68585E-04   1.08072E-04   6.21150E-05   1.31224E-12     2528.25  1
 9.21000E-04   4.01513E-04   1.08125E-04   6.21805E-05   1.39866E-12     2499.94  1
 9.41000E-04   4.33702E-04   1.08104E-04   6.23927E-05   1.46586E-12     2471.78  1
 9.61000E-04   4.64486E-04   1.08042E-04   6.24759E-05   1.53153E-12     2558.11  1
 9.81000E-04   4.95864E-04   1.07944E-04   6.24069E-05   1.59136E-12     2523.25  1
 1.00100E-03   5.28019E-04   1.07824E-04   6.23185E-05   1.64459E-12     2512.30  1
 1.02100E-03   5.60722E-04   1.07886E-04   6.21658E-05   1.70121E-12     2494.41  1
 1.04100E-03   5.90714E-04   1.07902E-04   6.21222E-05   1.58067E-12     2461.92  0
 1.06100E-03   5.91383E-04   1.02692E-04   6.21228E-05   1.46054E-12     2151.06  0
 1.08100E-03   5.92006E-04   9.72331E-05   6.19806E-05   1.34915E-12     2004.68  0
 1.10100E-03   5.86287E-04   9.00680E-05   6.17336E-05   1.24880E-12     1922.88  0
 1.12100E-03   5.82383E-04   8.33422E-05   6.13765E-05   1.15772E-12     1863.55  0
 1.14100E-03   5.75641E-04   7.64673E-05   6.08764E-05   1.07384E-12     1816.32  0
 1.16100E-03   5.72118E-04   6.88290E-05   6.02530E-05   9.93990E-13     1776.90  0
 1.18100E-03   5.64063E-04   6.28319E-05   5.95304E-05   9.17728E-13     1744.10  0
 1.20100E-03   5.48401E-04   5.67063E-05   5.75740E-05   8.09011E-13     1715.64  0
 1.22100E-03   5.46101E-04   5.24994E-05   5.85002E-05   7.36627E-13     1689.96  0
 1.24100E-03   5.37813E-04   4.81265E-05   5.77293E-05   6.66061E-13     1668.71  0
 1.26100E-03   5.29279E-04   4.42284E-05   5.69816E-05   5.98363E-13     1652.08  0
 1.28100E-03   5.20135E-04   4.15277E-05   5.63227E-05   5.33340E-13     1639.33  0
 1.30100E-03   5.08112E-04   3.84847E-05   5.58352E-05   4.71560E-13     1630.11  0
 1.32100E-03   4.95064E-04   3.57142E-05   5.56299E-05   4.13416E-13     1624.53  0
 1.34100E-03   4.82888E-04   3.34178E-05   5.54485E-05   3.59068E-13     1622.67  0
 1.36100E-03   4.69380E-04   3.08728E-05   5.52766E-05   3.08331E-13     1621.76  0
 1.38100E-03   4.51639E-04   2.87225E-05   5.51020E-05   2.61318E-13     1620.47  0
 1.40100E-03   4.33021E-04   2.66130E-05   5.07404E-05   1.89526E-13     1618.62  0
 1.42100E-03   4.08701E-04   2.41229E-05   6.10296E-05   1.45090E-13     1616.42  0
 1.44100E-03   3.84228E-04   2.26776E-05   6.10590E-05   1.07367E-13     1613.64  0
 1.46100E-03   3.57702E-04   1.97280E-05   6.08754E-05   7.52039E-14     1610.27  0
 1.48100E-03   3.26271E-04   1.81724E-05   5.94662E-05   4.89091E-14     1606.26  0
 1.50100E-03   2.92804E-04   1.55436E-05   5.56795E-05   2.78928E-14     1601.48  0
 1.52100E-03   2.54859E-04   1.35463E-05   5.29672E-05   1.30306E-14     1595.96  0
 1.54100E-03   2.12311E-04   1.09744E-05   4.40479E-05   8.21676E-14     1589.29  1
 1.56100E-03   4.35893E-05   1.03604E-04   4.24709E-05   2.23983E-13     1859.15  1
 1.58100E-03   7.54421E-05   1.07792E-04   5.48003E-05   3.52337E-13     2464.38  1
 1.60100E-03   1.06033E-04   1.07423E-04   5.80123E-05   4.90606E-13     2435.82  1
 1.62100E-03   1.40278E-04   1.07840E-04   6.33054E-05   6.20975E-13     2438.16  1
 1.64100E-03   1.72888E-04   1.07995E-04   6.58630E-05   7.41707E-13     2450.67  1
 1.66100E-03   2.04644E-04   1.08072E-04   6.67268E-05   8.48204E-13     2469.02  1
 1.68100E-03   2.33341E-04   1.08101E-04   6.72100E-05   9.54606E-13     2479.40  1
 1.70100E-03   2.64505E-04   1.08096E-04   6.73832E-05   1.05403E-12     2435.30  1
 1.72100E-03   2.98878E-04   1.08143E-04   6.74904E-05   1.15137E-12     2483.15  1
 1.74100E-03   3.31582E-04   1.08245E-04   6.75285E-05   1.24042E-12     2465.81  1
 1.76100E-03   3.62174E-04   1.08279E-04   6.74679E-05   1.32175E-12     2485.09  1
 1.78100E-03   3.92582E-04   1.08282E-04   6.74408E-05   1.40412E-12     2433.59  1
 1.80100E-03   4.24256E-04   1.08202E-04   6.74631E-05   1.48466E-12     2443.39  1
 1.82100E-03   4.61299E-04   1.08361E-04   6.75183E-05   1.55784E-12     2469.64  1
 1.84100E-03   4.91277E-04   1.08399E-04   6.75755E-05   1.62151E-12     2470.70  1
 1.86100E-03   5.21433E-04   1.08382E-04   6.75958E-05   1.68829E-12     2464.38  1
 1.88100E-03   5.52316E-04   1.08327E-04   6.75917E-05   1.75099E-12     2443.04  1
 1.90100E-03   5.85295E-04   1.08259E-04   6.76184E-05   1.81471E-12     2484.82  1
 1.92100E-03   6.16300E-04   1.08345E-04   6.76973E-05   1.86989E-12     2477.31  1
 1.94100E-03   6.40856E-04   1.08342E-04   6.76966E-05   1.91107E-12     2494.88  1
 1.96100E-03   6.63092E-04   1.08273E-04   6.76729E-05   1.95631E-12     2477.12  1
 1.98100E-03   6.87552E-04   1.08175E-04   6.76005E-05   1.99527E-12     2444.67  1
 2.00100E-03   7.14112E-04   1.08013E-04   6.75413E-05   2.03649E-12     2471.57  1
 2.02100E-03   7.44042E-04   1.08082E-04   6.74921E-05   2.06451E-12     2457.02  1
 2.04100E-03   7.65953E-04   1.08021E-04   6.73681E-05   2.08546E-12     2504.70  1
 2.06100E-03   7.92355E-04   1.07927E-04   6.70867E-05   1.94500E-12     2442.53  0
 2.08100E-03   7.86361E-04   1.03019E-04   6.31494E-05   1.80083E-12     2173.90  0
 2.10100E-03   7.81912E-04   9.77502E-05   6.26594E-05   1.66607E-12     2029.94  0
 2.12100E-03   7.74884E-04   9.14189E-05   6.24074E-05   1.54290E-12     1943.73  0
 2.14100E-03   7.66585E-04   8.46439E-05   6.21164E-05   1.42996E-12     1880.64  0
 2.16100E-03   7.59150E-04   7.82451E-05   6.16869E-05   1.32451E-12     1831.11  0
 2.18100E-03   7.52682E-04   7.15706E-05   6.11276E-05   1.22506E-12     1790.46  0
 2.20100E-03   7.42202E-04   6.42568E-05   6.02010E-05   1.12437E-12     1755.77  0
 2.22100E-03   7.31683E-04   5.88293E-05   5.95845E-05   1.03262E-12     1725.80  0
 2.24100E-03   7.21094E-04   5.40141E-05   5.88094E-05   9.43734E-13     1700.61  0
 2.26100E-03   7.09748E-04   4.98843E-05   5.79790E-05   8.57644E-13     1679.60  0
 2.28100E-03   6.97415E-04   4.69776E-05   5.71499E-05   7.74028E-13     1662.00  0
 2.30100E-03   6.84428E-04   4.34728E-05   5.63872E-05   6.94019E-13     1647.61  0
 2.32100E-03   6.68578E-04   4.04969E-05   5.59259E-05   6.17302E-13     1636.58  0
 2.34100E-03   6.51257E-04   3.82072E-05   5.57989E-05   5.44814E-13     1628.80  0
 2.36100E-03   6.31718E-04   3.53758E-05   5.56796E-05   4.76762E-13     1624.14  0
 2.38100E-03   6.11439E-04   3.33773E-05   5.55610E-05   4.13470E-13     1622.66  0
 2.40100E-03   5.83439E-04   3.06279E-05   5.25354E-05   3.12036E-13     1621.75  0
 2.42100E-03   5.59062E-04   2.86292E-05   6.14339E-05   2.50988E-13     1620.38  0
 2.44100E-03   5.21664E-04   2.66252E-05   6.15625E-05   1.97841E-13     1618.45  0
 2.46100E-03   4.84772E-04   2.41338E-05   6.15306E-05   1.52248E-13     1615.97  0
 2.48100E-03   4.48231E-04   2.26758E-05   6.14038E-05   1.13165E-13     1612.97  0
 2.50100E-03   4.07185E-04   1.97489E-05   5.91087E-05   8.01031E-14     1609.38  0
 2.52100E-03   3.65135E-04   1.81430E-05   5.64393E-05   5.29762E-14     1605.27  0
 2.54100E-03   3.22900E-04   1.55887E-05   5.42139E-05   3.14198E-14     1600.51  0
 2.56100E-03   2.76908E-04   1.36509E-05   5.14317E-05   1.03172E-13     1595.09  1
 2.58100E-03   4.08868E-05   1.03800E-04   4.47797E-05   2.28957E-13     1869.19  1
 2.60100E-03   7.76862E-05   1.06689E-04   5.38228E-05   3.60981E-13     2358.76  1
 2.62100E-03   1.11348E-04   1.07834E-04   5.82957E-05   4.98138E-13     2449.85  1
 2.64100E-03   1.44625E-04   1.07914E-04   5.99222E-05   6.15843E-13     2513.84  1
 2.66100E-03   1.75603E-04   1.07910E-04   6.05254E-05   7.29242E-13     2533.01  1
 2.68100E-03   2.07469E-04   1.07902E-04   6.08767E-05   8.41504E-13     2514.08  1
 2.70100E-03   2.40790E-04   1.08028E-04   6.12338E-05   9.48109E-13     2503.13  1
 2.72100E-03   2.71399E-04   1.08145E-04   6.14031E-05   1.04616E-12     2500.77  1
 2.74100E-03   3.04531E-04   1.08188E-04   6.15443E-05   1.13719E-12     2490.45  1
 2.76100E-03   3.35591E-04   1.08211E-04   6.16286E-05   1.22487E-12     2529.22  1
 2.78100E-03   3.67573E-04   1.08193E-04   6.17275E-05   1.30960E-12     2520.36  1
 2.80100E-03   3.99185E-04   1.08161E-04   6.18208E-05   1.39455E-12     2502.01  1
 2.82100E-03   4.31761E-04   1.08348E-04   6.20174E-05   1.47896E-12     2500.42  1
 2.84100E-03   4.64357E-04   1.08381E-04   6.21479E-05   1.54486E-12     2497.48  1
 2.86100E-03   4.95184E-04   1.08394E-04   6.22186E-05   1.61383E-12     2604.50  1
 2.88100E-03   5.26486E-04   1.08358E-04   6.22183E-05   1.68002E-12     2551.39  1
 2.90100E-03   5.58754E-04   1.08316E-04   6.23271E-05   1.74450E-12     2531.46  1
 2.92100E-03   5.91264E-04   1.08462E-04   6.26850E-05   1.80975E-12     2523.10  1
 2.94100E-03   6.23489E-04   1.08490E-04   6.28900E-05   1.85928E-12     2503.26  1
 2.96100E-03   6.54083E-04   1.08503E-04   6.29866E-05   1.90728E-12     2611.61  1
 2.98100E-03   6.78162E-04   1.08458E-04   6.30060E-05   1.95755E-12     2584.53  1
 3.00100E-03   7.00285E-04   1.08398E-04   6.29663E-05   2.00463E-12     2539.26  1
 3.02100E-03   7.23506E-04   1.08520E-04   6.30846E-05   2.05502E-12     2531.28  1
 3.04100E-03   7.47971E-04   1.08539E-04   6.33395E-05   2.08914E-12     2507.75  1
 3.06100E-03   7.72992E-04   1.08539E-04   6.34684E-05   2.12439E-12     2622.81  1
 3.08100E-03   7.96767E-04   1.08468E-04   6.35239E-05   2.15843E-12     2571.85  1
 3.10100E-03   8.21416E-04   1.08364E-04   6.34891E-05   2.19474E-12     2541.67  1
 3.12100E-03   8.47175E-04   1.08450E-04   6.34682E-05   2.22882E-12     2520.42  1
 3.14100E-03   8.73464E-04   1.08401E-04   6.36145E-05   2.24408E-12     2508.18  1
 3.16100E-03   8.95683E-04   1.08321E-04   6.37537E-05   2.26372E-12     2613.55  1
 3.18100E-03   9.18456E-04   1.08220E-04   6.37824E-05   2.28054E-12     2550.95  1
 3.20100E-03   9.41267E-04   1.08078E-04   6.37256E-05   2.29363E-12     2509.02  1
 3.22100E-03   9.65383E-04   1.08044E-04   6.36317E-05   2.30288E-12     2506.74  1
 3.24100E-03   9.86521E-04   1.08032E-04   6.35947E-05   2.31849E-12     2500.42  1
 3.26100E-03   1.00760E-03   1.07978E-04   6.35633E-05   2.31786E-12     2475.01  1
 3.28100E-03   1.02623E-03   1.07912E-04   6.35094E-05   2.15532E-12     2570.91  0
 3.30100E-03   1.01260E-03   1.02944E-04   6.33595E-05   1.98975E-12     2188.98  0
 3.32100E-03   9.98482E-04   9.76450E-05   6.30877E-05   1.83724E-12     2029.15  0
 3.34100E-03   9.84046E-04   9.07134E-05   6.27476E-05   1.69700E-12     1938.76  0
 3.36100E-03   9.64742E-04   8.40804E-05   6.23391E-05   1.56830E-12     1876.16  0
 3.38100E-03   9.47935E-04   7.76974E-05   6.18398E-05   1.44843E-12     1826.83  0
 3.40100E-03   9.25779E-04   6.96820E-05   5.98789E-05   1.25883E-12     1785.83  0
 3.42100E-03   9.06938E-04   6.35221E-05   6.27642E-05   1.12998E-12     1738.77  0
 3.44100E-03   8.83322E-04   5.81220E-05   6.32223E-05   1.00750E-12     1697.85  0
 3.46100E-03   8.59096E-04   5.32462E-05   6.33126E-05   8.92138E-13     1668.95  0
 3.48100E-03   8.29992E-04   4.88450E-05   6.34179E-05   7.84777E-13     1648.57  0
 3.50099E-03   8.02205E-04   4.50126E-05   6.34757E-05   6.85619E-13     1635.14  0
 3.52099E-03   7.71047E-04   4.23021E-05   6.35063E-05   5.94357E-13     1627.01  0
 3.54099E-03   7.41808E-04   3.85223E-05   6.35132E-05   5.11030E-13     1623.21  0
 3.56099E-03   7.10714E-04   3.53347E-05   6.34873E-05   4.34905E-13     1622.29  0
 3.58099E-03   6.78151E-04   3.29851E-05   6.34364E-05   3.65792E-13     1621.19  0
 3.60099E-03   6.44050E-04   2.97917E-05   5.88668E-05   2.74313E-13     1619.27  0
 3.62099E-03   6.01879E-04   2.79536E-05   6.31760E-05   2.14939E-13     1617.11  0
 3.64099E-03   5.57934E-04   2.49320E-05   6.28628E-05   1.64734E-13     1614.48  0
 3.66099E-03   5.12148E-04   2.31277E-05   6.17587E-05   1.22006E-13     1611.59  0
 3.68099E-03   4.68000E-04   2.03940E-05   5.80773E-05   8.60489E-14     1608.16  0
 3.70099E-03   4.21630E-04   1.84389E-05   5.52702E-05   5.64083E-14     1604.27  0
 3.72099E-03   3.72403E-04   1.60601E-05   5.32888E-05   3.30710E-14     1599.73  0
 3.74099E-03   3.20588E-04   1.37123E-05   5.07752E-05   1.61543E-14     1594.49  0
 3.76099E-03   2.60133E-04   1.14141E-05   4.37988E-05   5.23464E-15     1588.28  0
 3.78099E-03   1.92813E-04   8.53871E-06   3.39407E-05   8.16475E-14     1580.74  1
 3.80099E-03   4.22100E-05   1.03664E-04   4.24664E-05   2.25519E-13     1860.56  1
 3.82099E-03   7.37211E-05   1.07734E-04   5.57615E-05   3.62910E-13     2392.44  1
 3.84099E-03   1.08676E-04   1.07997E-04   5.90509E-05   4.91415E-13     2474.80  1
 3.86099E-03   1.43315E-04   1.08141E-04   6.02345E-05   6.18959E-13     2503.50  1
 3.88099E-03   1.74432E-04   1.08239E-04   6.10878E-05   7.38726E-13     2509.38  1
 3.90099E-03   2.04271E-04   1.08291E-04   6.15854E-05   8.51817E-13     2543.17  1
 3.92099E-03   2.35086E-04   1.08300E-04   6.19675E-05   9.55220E-13     2498.45  1
 3.94099E-03   2.68666E-04   1.08322E-04   6.22917E-05   1.05663E-12     2530.65  1
 3.96099E-03   3.02630E-04   1.08510E-04   6.25448E-05   1.15640E-12     2524.45  1
 3.98099E-03   3.32483E-04   1.08591E-04   6.27302E-05   1.25180E-12     2524.19  1
 4.00099E-03   3.62338E-04   1.08168E-04   6.19781E-05   1.32351E-12     2438.64  1
 4.02099E-03   3.93282E-04   1.08250E-04   6.61378E-05   1.41455E-12     2433.23  1
 4.04099E-03   4.26608E-04   1.08257E-04   6.71897E-05   1.50161E-12     2484.10  1
 4.06099E-03   4.61674E-04   1.08418E-04   6.78988E-05   1.57817E-12     2473.00  1
 4.08099E-03   4.91664E-04   1.08478E-04   6.84366E-05   1.63774E-12     2489.91  1
 4.10099E-03   5.21892E-04   1.08484E-04   6.86880E-05   1.70183E-12     2507.20  1
 4.12099E-03   5.52763E-04   1.08440E-04   6.87847E-05   1.75909E-12     2457.19  1
 4.14099E-03   5.86076E-04   1.08395E-04   6.88128E-05   1.82053E-12     2487.90  1
 4.16100E-03   6.20320E-04   1.08545E-04   6.88608E-05   1.87488E-12     2478.62  1
 4.18100E-03   6.46462E-04   1.08591E-04   6.88661E-05   1.91587E-12     2516.04  1
 4.20100E-03   6.65292E-04   1.08421E-04   6.87549E-05   1.97289E-12     2530.38  1
 4.22100E-03   6.92969E-04   1.08661E-04   6.86604E-05   2.01366E-12     2468.60  1
 4.24100E-03   7.14365E-04   1.08662E-04   6.85619E-05   2.05119E-12     2502.24  1
 4.26100E-03   7.37483E-04   1.08638E-04   6.86356E-05   2.09301E-12     2481.79  1
 4.28100E-03   7.62684E-04   1.08580E-04   6.87484E-05   2.12929E-12     2470.76  1
 4.30100E-03   7.88035E-04   1.08512E-04   6.88469E-05   2.16826E-12     2506.07  1
 4.32100E-03   8.14936E-04   1.08644E-04   6.89198E-05   2.20113E-12     2494.27  1
 4.34100E-03   8.41477E-04   1.08680E-04   6.90351E-05   2.22527E-12     2504.56  1
 4.36100E-03   8.62043E-04   1.08671E-04   6.90824E-05   2.25484E-12     2521.20  1
 4.38100E-03   8.84731E-04   1.08607E-04   6.90600E-05   2.28135E-12     2474.71  1
 4.40100E-03   9.08629E-04   1.08517E-04   6.90149E-05   2.30292E-12     2477.13  1
 4.42100E-03   9.32927E-04   1.08707E-04   6.89638E-05   2.32616E-12     2496.33  1
 4.44100E-03   9.53060E-04   1.08616E-04   6.89955E-05   2.34432E-12     2474.82  1
 4.46100E-03   9.75932E-04   1.08470E-04   6.90224E-05   2.36495E-12     2521.32  1
 4.48100E-03   1.00058E-03   1.08569E-04   6.90169E-05   2.38021E-12     2503.55  1
 4.50100E-03   1.01804E-03   1.08560E-04   6.89328E-05   2.38807E-12     2514.24  1
 4.52100E-03   1.03429E-03   1.08487E-04   6.88336E-05   2.40168E-12     2462.98  1
 4.54100E-03   1.05012E-03   1.08348E-04   6.88165E-05   2.40749E-12     2468.50  1
 4.56100E-03   1.06816E-03   1.08222E-04   6.87561E-05   2.41882E-12     2514.48  1
 4.58100E-03   1.08408E-03   1.08214E-04   6.86402E-05   2.42501E-12     2485.98  1
 4.60100E-03   1.09505E-03   1.08182E-04   6.85139E-05   2.41663E-12     2511.44  1
 4.62100E-03   1.10533E-03   1.08098E-04   6.84513E-05   2.41474E-12     2484.13  1
 4.64100E-03   1.11598E-03   1.07994E-04   6.83596E-05   2.40969E-12     2438.06  1
 4.66100E-03   1.12605E-03   1.07862E-04   6.82138E-05   2.24315E-12     2471.66  0
 4.68100E-03   1.10382E-03   1.03112E-04   6.80360E-05   2.07187E-12     2164.60  0
 4.70100E-03   1.07909E-03   9.78152E-05   6.77795E-05   1.91248E-12     2022.78  0
 4.72100E-03   1.05376E-03   9.18314E-05   6.74943E-05   1.76585E-12     1941.00  0
 4.74100E-03   1.02891E-03   8.48447E-05   6.71725E-05   1.63085E-12     1881.75  0
 4.76100E-03   1.00395E-03   7.83429E-05   6.68039E-05   1.50548E-12     1833.34  0
 4.78100E-03   9.79939E-04   7.21331E-05   6.23096E-05   1.38775E-12     1793.17  0
 4.80100E-03   9.53153E-04   6.47440E-05   6.01969E-05   1.19678E-12     1758.32  0
 4.82100E-03   9.28833E-04   5.94578E-05   6.24827E-05   1.06885E-12     1717.96  0
 4.84100E-03   9.03371E-04   5.46291E-05   6.29584E-05   9.48049E-13     1682.82  0
 4.86100E-03   8.72542E-04   5.05946E-05   6.30539E-05   8.34667E-13     1657.03  0
 4.88100E-03   8.40942E-04   4.75476E-05   6.31268E-05   7.30076E-13     1640.47  0
 4.90100E-03   8.06178E-04   4.35241E-05   6.31891E-05   6.33727E-13     1630.04  0
 4.92100E-03   7.69592E-04   4.01068E-05   6.32221E-05   5.45905E-13     1624.35  0
 4.94100E-03   7.31103E-04   3.77625E-05   6.32311E-05   4.66359E-13     1622.61  0
 4.96100E-03   6.91081E-04   3.41986E-05   6.32180E-05   3.93661E-13     1621.65  0
 4.98100E-03   6.53243E-04   3.21614E-05   6.31812E-05   3.28487E-13     1620.31  0
 5.00100E-03   6.00396E-04   2.86849E-05   5.70541E-05   2.34494E-13     1618.36  0
 5.02100E-03   5.57588E-04   2.64429E-05   6.81800E-05   1.76449E-13     1616.20  0
 5.04100E-03   5.08670E-04   2.38650E-05   6.72154E-05   1.28346E-13     1613.54  0
 5.06100E-03   4.61408E-04   2.19039E-05   6.47357E-05   8.89277E-14     1610.34  0
 5.08100E-03   4.12779E-04   1.90916E-05   5.98272E-05   5.70734E-14     1606.59  0
 5.10100E-03   3.61861E-04   1.75274E-05   5.60674E-05   3.29894E-14     1602.20  0
 5.12100E-03   3.06296E-04   1.42903E-05   5.12773E-05   1.59919E-14     1596.97  0
 5.14100E-03   2.47999E-04   1.25700E-05   3.87279E-05   5.20295E-15     1590.77  0
 5.16100E-03   1.78419E-04   8.84343E-06   3.16665E-05   8.25478E-14     1582.55  1
 5.18100E-03   4.36627E-05   1.04306E-04   4.20249E-05   2.36688E-13     1865.77  1
 5.20100E-03   7.57285E-05   1.07564E-04   5.41658E-05   3.73058E-13     2321.90  1
 5.22100E-03   1.10471E-04   1.08102E-04   6.02732E-05   5.10802E-13     2459.31  1
 5.24100E-03   1.44207E-04   1.08214E-04   6.50061E-05   6.40727E-13     2517.18  1
 5.26100E-03   1.76530E-04   1.08321E-04   6.61466E-05   7.66644E-13     2515.62  1
 5.28100E-03   2.09806E-04   1.08349E-04   6.69423E-05   8.76791E-13     2480.13  1
 5.30100E-03   2.41151E-04   1.08354E-04   6.74482E-05   9.84772E-13     2550.79  1
 5.32100E-03   2.73235E-04   1.08321E-04   6.77141E-05   1.09161E-12     2538.45  1
 5.34100E-03   3.06365E-04   1.08363E-04   6.76974E-05   1.19274E-12     2527.83  1
 5.36100E-03   3.37484E-04   1.08470E-04   6.73255E-05   1.28767E-12     2518.34  1
 5.38100E-03   3.70041E-04   1.08490E-04   6.73371E-05   1.37250E-12     2480.59  1
 5.40100E-03   3.97842E-04   1.08353E-04   6.73268E-05   1.46049E-12     2524.14  1
 5.42100E-03   4.31487E-04   1.08589E-04   6.73039E-05   1.53803E-12     2510.57  1
 5.44100E-03   4.63275E-04   1.08588E-04   6.72868E-05   1.61059E-12     2533.71  1
 5.46101E-03   4.91287E-04   1.08580E-04   6.72807E-05   1.68125E-12     2567.79  1
 5.48101E-03   5.19483E-04   1.08534E-04   6.72776E-05   1.75214E-12     2561.54  1
 5.50101E-03   5.49916E-04   1.08482E-04   6.73410E-05   1.82152E-12     2538.04  1
 5.52101E-03   5.79882E-04   1.08607E-04   6.74285E-05   1.88164E-12     2535.71  1
 5.54101E-03   6.03682E-04   1.08631E-04   6.74833E-05   1.94093E-12     2535.08  1
 5.56101E-03   6.34631E-04   1.08616E-04   6.74771E-05   1.99399E-12     2476.05  1
 5.58101E-03   6.60049E-04   1.08603E-04   6.74303E-05   2.04890E-12     2564.01  1
 5.60101E-03   6.89912E-04   1.08547E-04   6.73597E-05   2.09776E-12     2545.66  1
 5.62101E-03   7.20997E-04   1.08658E-04   6.72999E-05   2.14685E-12     2539.93  1
 5.64101E-03   7.45823E-04   1.08683E-04   6.72323E-05   2.18728E-12     2511.60  1
 5.66101E-03   7.73436E-04   1.08699E-04   6.71861E-05   2.22526E-12     2604.73  1
 5.68101E-03   7.98686E-04   1.08655E-04   6.70865E-05   2.26151E-12     2587.96  1
 5.70101E-03   8.28686E-04   1.08589E-04   6.69920E-05   2.29517E-12     2551.79  1
 5.72101E-03   8.54001E-04   1.08685E-04   6.68712E-05   2.32923E-12     2542.12  1
 5.74101E-03   8.83415E-04   1.08701E-04   6.67796E-05   2.35268E-12     2508.61  1
 5.76101E-03   9.07177E-04   1.08712E-04   6.41968E-05   2.37787E-12     2595.13  1
 5.78101E-03   9.35824E-04   1.08659E-04   6.43332E-05   2.40150E-12     2569.62  1
 5.80101E-03   9.58974E-04   1.08569E-04   6.43644E-05   2.42218E-12     2515.64  1
 5.82101E-03   9.85749E-04   1.08723E-04   6.43515E-05   2.43645E-12     2516.60  1
 5.84101E-03   1.01358E-03   1.08646E-04   6.43492E-05   2.45096E-12     2586.63  1
 5.86101E-03   1.03607E-03   1.08503E-04   6.43568E-05   2.29676E-12     2561.23  0
 5.88101E-03   1.02986E-03   1.05012E-04   6.44844E-05   2.13659E-12     2215.44  0
 5.90101E-03   1.02136E-03   1.00392E-04   6.45459E-05   1.98122E-12     2078.66  0
 5.92101E-03   1.01083E-03   9.53809E-05   6.45639E-05   1.83630E-12     1994.52  0
 5.94101E-03   1.00041E-03   9.01144E-05   6.45212E-05   1.70227E-12     1930.68  0
 5.96101E-03   9.88314E-04   8.45358E-05   6.43736E-05   1.57768E-12     1879.51  0
 5.98101E-03   9.73477E-04   7.89724E-05   6.40800E-05   1.46059E-12     1835.80  0
 6.00101E-03   9.57349E-04   7.34635E-05   6.35005E-05   1.34448E-12     1798.47  0
 6.02101E-03   9.34387E-04   6.81559E-05   6.32032E-05   1.23917E-12     1765.60  0
 6.04101E-03   9.09252E-04   6.31957E-05   6.25314E-05   1.13871E-12     1737.41  0
 6.06101E-03   8.82971E-04   5.85191E-05   6.17363E-05   1.04241E-12     1712.87  0
 6.08101E-03   8.51675E-04   5.44035E-05   6.08559E-05   9.50078E-13     1692.08  0
 6.10101E-03   8.24277E-04   5.09811E-05   5.99219E-05   8.61379E-13     1674.27  0
 6.12101E-03   7.93106E-04   4.80535E-05   5.89901E-05   7.76727E-13     1659.15  0
 6.14101E-03   7.64574E-04   4.46145E-05   5.81152E-05   6.96119E-13     1646.55  0
 6.16101E-03   7.34738E-04   4.26137E-05   5.74159E-05   6.19621E-13     1636.57  0
 6.18101E-03   7.04036E-04   3.93488E-05   5.70233E-05   5.47763E-13     1629.19  0
 6.20101E-03   6.71189E-04   3.65079E-05   5.46159E-05   4.34645E-13     1624.31  0
 6.22101E-03   6.38295E-04   3.41263E-05   6.20895E-05   3.64088E-13     1622.62  0
 6.24101E-03   6.02899E-04   3.26383E-05   6.23458E-05   3.01694E-13     1621.57  0
 6.26101E-03   5.65669E-04   2.96932E-05   6.24682E-05   2.46461E-13     1620.03  0
 6.28101E-03   5.30942E-04   2.81302E-05   6.25142E-05   1.97695E-13     1618.01  0
 6.30101E-03   4.93662E-04   2.56022E-05   6.24933E-05   1.55043E-13     1615.53  0
 6.32101E-03   4.53349E-04   2.37278E-05   6.24028E-05   1.18327E-13     1612.72  0
 6.34101E-03   4.06389E-04   2.20513E-05   6.21747E-05   8.72805E-14     1609.72  0
 6.36101E-03   3.63211E-04   1.94178E-05   5.99989E-05   1.44106E-13     1606.39  1
 6.38101E-03   4.87929E-05   1.03998E-04   4.03638E-05   2.73618E-13     1875.59  1
 6.40101E-03   7.93703E-05   1.07750E-04   5.40871E-05   4.01950E-13     2367.29  1
 6.42101E-03   1.10863E-04   1.08190E-04   5.86945E-05   5.26733E-13     2431.17  1
 6.44101E-03   1.41866E-04   1.08254E-04   6.03538E-05   6.53277E-13     2426.61  1
 6.46101E-03   1.74177E-04   1.08228E-04   6.09767E-05   7.75510E-13     2464.76  1
 6.48101E-03   2.10261E-04   1.08300E-04   6.14297E-05   9.00044E-13     2474.04  1
 6.50101E-03   2.40732E-04   1.08396E-04   6.16667E-05   1.00490E-12     2468.25  1
 6.52101E-03   2.71175E-04   1.08413E-04   6.18799E-05   1.10914E-12     2545.66  1
 6.54101E-03   3.02174E-04   1.08388E-04   6.20446E-05   1.20999E-12     2423.20  1
 6.56101E-03   3.34501E-04   1.08334E-04   6.21954E-05   1.30611E-12     2469.71  1
 6.58101E-03   3.70722E-04   1.08436E-04   6.23933E-05   1.40037E-12     2482.39  1
 6.60101E-03   3.95923E-04   1.08302E-04   6.25192E-05   1.47747E-12     2471.59  1
 6.62101E-03   4.31897E-04   1.08578E-04   6.26103E-05   1.55759E-12     2480.35  1
 6.64101E-03   4.63700E-04   1.08585E-04   6.26330E-05   1.62756E-12     2477.68  1
 6.66101E-03   4.91596E-04   1.08571E-04   6.26458E-05   1.70402E-12     2503.55  1
 6.68101E-03   5.19695E-04   1.08516E-04   6.27129E-05   1.77136E-12     2459.96  1
 6.70101E-03   5.49797E-04   1.08456E-04   6.28388E-05   1.84071E-12     2499.50  1
 6.72101E-03   5.83402E-04   1.08601E-04   6.30770E-05   1.89933E-12     2486.30  1
 6.74101E-03   6.10995E-04   1.08646E-04   6.31813E-05   1.95537E-12     2478.14  1
 6.76101E-03   6.35669E-04   1.08644E-04   6.31998E-05   2.01215E-12     2468.74  1
 6.78102E-03   6.64186E-04   1.08590E-04   6.32298E-05   2.06384E-12     2465.59  1
 6.80102E-03   6.92129E-04   1.08509E-04   6.32674E-05   2.11306E-12     2465.08  1
 6.82102E-03   7.19213E-04   1.08616E-04   6.33331E-05   2.15553E-12     2494.31  1
 6.84102E-03   7.50058E-04   1.08603E-04   6.33900E-05   2.20241E-12     2510.43  1
 6.86102E-03   7.77788E-04   1.08674E-04   6.34260E-05   2.23587E-12     2500.26  1
 6.88102E-03   8.02488E-04   1.08678E-04   6.34710E-05   2.26746E-12     2515.48  1
 6.90102E-03   8.28883E-04   1.08624E-04   6.35028E-05   2.13483E-12     2476.57  0
 6.92102E-03   8.25261E-04   1.04955E-04   6.36523E-05   1.99335E-12     2211.33  0
 6.94102E-03   8.22400E-04   1.00518E-04   6.38207E-05   1.85617E-12     2069.91  0
 6.96102E-03   8.16216E-04   9.53854E-05   6.38830E-05   1.72678E-12     1986.05  0
 6.98102E-03   8.11600E-04   9.03339E-05   6.38601E-05   1.60645E-12     1923.68  0
 7.00102E-03   8.04474E-04   8.44367E-05   6.32333E-05   1.44303E-12     1872.33  0
 7.02102E-03   7.97354E-04   7.91018E-05   6.48230E-05   1.32211E-12     1813.40  0
 7.04102E-03   7.93088E-04   7.36241E-05   6.51425E-05   1.20375E-12     1761.72  0
 7.06102E-03   7.84928E-04   6.83904E-05   6.51027E-05   1.09024E-12     1722.53  0
 7.08102E-03   7.75282E-04   6.33808E-05   6.48815E-05   9.81993E-13     1692.23  0
 7.10102E-03   7.64579E-04   5.86560E-05   6.45862E-05   8.79649E-13     1668.85  0
 7.12102E-03   7.52061E-04   5.43265E-05   6.43011E-05   7.83337E-13     1651.36  0
 7.14102E-03   7.37881E-04   5.04775E-05   6.40729E-05   6.93400E-13     1638.55  0
 7.16102E-03   7.16768E-04   4.75803E-05   6.40634E-05   6.10293E-13     1629.90  0
 7.18102E-03   6.92516E-04   4.35840E-05   6.40748E-05   5.33572E-13     1624.74  0
 7.20102E-03   6.54404E-04   3.92844E-05   5.90517E-05   4.11828E-13     1622.78  0
 7.22102E-03   6.18262E-04   3.70304E-05   7.09688E-05   3.39826E-13     1621.95  0
 7.24102E-03   5.80268E-04   3.38394E-05   7.11429E-05   2.77306E-13     1620.69  0
 7.26102E-03   5.34612E-04   3.16792E-05   7.12384E-05   2.23332E-13     1619.02  0
 7.28102E-03   4.92006E-04   2.89387E-05   7.12470E-05   1.76367E-13     1616.98  0
 7.30102E-03   4.45904E-04   2.72722E-05   7.11359E-05   1.36035E-13     1614.56  0
 7.32102E-03   4.06528E-04   2.43399E-05   7.09435E-05   1.01665E-13     1612.00  0
 7.34102E-03   3.63372E-04   2.28354E-05   6.74855E-05   7.30808E-14     1609.12  0
 7.36102E-03   3.19514E-04   1.99913E-05   6.53561E-05   4.94024E-14     1605.85  0
 7.38102E-03   2.80032E-04   1.83344E-05   6.33368E-05   3.10554E-14     1602.14  0
 7.40102E-03   2.29759E-04   1.55432E-05   5.65586E-05   9.75381E-14     1597.39  1
 7.42102E-03   4.27021E-05   1.03926E-04   5.02905E-05   2.48888E-13     1836.42  1
 7.44102E-03   7.62233E-05   1.07852E-04   5.51363E-05   3.86170E-13     2402.64  1
 7.46102E-03   1.10121E-04   1.08106E-04   5.91292E-05   5.25105E-13     2503.83  1
 7.48102E-03   1.43662E-04   1.08247E-04   6.02341E-05   6.62414E-13     2505.59  1
 7.50102E-03   1.76167E-04   1.08309E-04   6.10424E-05   7.83221E-13     2489.59  1
 7.52102E-03   2.06880E-04   1.08328E-04   6.14113E-05   8.97487E-13     2573.41  1
 7.54102E-03   2.38038E-04   1.08308E-04   6.16253E-05   1.00625E-12     2560.23  1
 7.56102E-03   2.70107E-04   1.08268E-04   6.19519E-05   1.11317E-12     2534.26  1
 7.58102E-03   3.02825E-04   1.08387E-04   6.22944E-05   1.21898E-12     2515.21  1
 7.60102E-03   3.32025E-04   1.08223E-04   6.25224E-05   1.30585E-12     2482.25  1
 7.62102E-03   3.70759E-04   1.08510E-04   6.26486E-05   1.39328E-12     2508.82  1
 7.64102E-03   4.03189E-04   1.08511E-04   6.26699E-05   1.47621E-12     2519.05  1
 7.66102E-03   4.34088E-04   1.08497E-04   6.26377E-05   1.55226E-12     2558.07  1
 7.68102E-03   4.65659E-04   1.08451E-04   6.25286E-05   1.62505E-12     2575.91  1
 7.70102E-03   4.98011E-04   1.08397E-04   6.26800E-05   1.69942E-12     2538.11  1
 7.72102E-03   5.30578E-04   1.08523E-04   6.29214E-05   1.77142E-12     2519.18  1
 7.74102E-03   5.59960E-04   1.08538E-04   6.31253E-05   1.83436E-12     2489.84  1
 7.76102E-03   5.88327E-04   1.08534E-04   6.32791E-05   1.72937E-12     2563.01  0
 7.78102E-03   5.86990E-04   1.04677E-04   6.33521E-05   1.61475E-12     2202.60  0
 7.80102E-03   5.83590E-04   9.92375E-05   6.29324E-05   1.46587E-12     2046.29  0
 7.82102E-03   5.78446E-04   9.43620E-05   6.47104E-05   1.36217E-12     1934.56  0
 7.84102E-03   5.73031E-04   8.88857E-05   6.59309E-05   1.25456E-12     1848.83  0
 7.86102E-03   5.67008E-04   8.34183E-05   6.60585E-05   1.15092E-12     1788.14  0
 7.88102E-03   5.62463E-04   7.77832E-05   6.58215E-05   1.05259E-12     1743.81  0
 7.90102E-03   5.55431E-04   7.17654E-05   6.54400E-05   9.59867E-13     1710.82  0
 7.92102E-03   5.51550E-04   6.55329E-05   6.49981E-05   8.72276E-13     1685.04  0
 7.94102E-03   5.43736E-04   6.00931E-05   6.45746E-05   7.89457E-13     1665.07  0
 7.96102E-03   5.37734E-04   5.52108E-05   6.43012E-05   7.10988E-13     1649.44  0
 7.98102E-03   5.31865E-04   5.09925E-05   6.40794E-05   6.37007E-13     1637.53  0
 8.00102E-03   5.22851E-04   4.76124E-05   5.98134E-05   5.13072E-13     1628.82  0
 8.02102E-03   5.14620E-04   4.35933E-05   6.76574E-05   4.38005E-13     1623.84  0
 8.04102E-03   5.01917E-04   4.03418E-05   6.81727E-05   3.71496E-13     1622.52  0
 8.06102E-03   4.88351E-04   3.79214E-05   6.82331E-05   3.12419E-13     1621.55  0
 8.08102E-03   4.70882E-04   3.45084E-05   6.78833E-05   2.59021E-13     1620.23  0
 8.10102E-03   4.54604E-04   3.26694E-05   6.72262E-05   2.11749E-13     1618.59  0
 8.12102E-03   4.34583E-04   2.93846E-05   6.63681E-05   1.69535E-13     1616.62  0
 8.14102E-03   4.12441E-04   2.76901E-05   6.51606E-05   1.32740E-13     1614.33  0
 8.16103E-03   3.84092E-04   2.45869E-05   6.37209E-05   1.00979E-13     1611.71  0
 8.18103E-03   3.52215E-04   2.29863E-05   6.15508E-05   7.42426E-14     1608.72  0
 8.20103E-03   3.09295E-04   2.00910E-05   5.23563E-05   4.53198E-14     1605.28  0
 8.22103E-03   2.71542E-04   1.82953E-05   5.47426E-05   2.74042E-14     1601.49  0
 8.24103E-03   2.26546E-04   1.56580E-05   5.14979E-05   1.45488E-14     1597.08  0
 8.26103E-03   1.83479E-04   1.34054E-05   4.32908E-05   8.79897E-14     1591.74  1
 8.28103E-03   4.56585E-05   1.03723E-04   4.37931E-05   2.45844E-13     1837.06  1
 8.30103E-03   7.69494E-05   1.08039E-04   5.57783E-05   3.83329E-13     2425.73  1
 8.32103E-03   1.08115E-04   1.08251E-04   5.92773E-05   5.23113E-13     2469.99  1
 8.34103E-03   1.39480E-04   1.08243E-04   6.04624E-05   6.52912E-13     2487.25  1
 8.36103E-03   1.75185E-04   1.08318E-04   6.10881E-05   7.81302E-13     2494.81  1
 8.38103E-03   2.05163E-04   1.08421E-04   6.15990E-05   8.94229E-13     2497.63  1
 8.40103E-03   2.33142E-04   1.08006E-04   6.12132E-05   9.92932E-13     2491.23  1
 8.42103E-03   2.71194E-04   1.08364E-04   6.57545E-05   9.34915E-13     2403.14  0
 8.44103E-03   2.69846E-04   1.04027E-04   6.66805E-05   8.65875E-13     2131.95  0
 8.46103E-03   2.69399E-04   9.91112E-05   6.72865E-05   7.94251E-13     1992.03  0
 8.48103E-03   2.68847E-04   9.38607E-05   6.75273E-05   7.27258E-13     1899.22  0
 8.50103E-03   2.68206E-04   8.84539E-05   6.74264E-05   6.66965E-13     1833.77  0
 8.52103E-03   2.67462E-04   8.29659E-05   6.70719E-05   6.12371E-13     1782.48  0
 8.54103E-03   2.66605E-04   7.70719E-05   6.65577E-05   5.62153E-13     1741.58  0
 8.56103E-03   2.65651E-04   7.05167E-05   6.59510E-05   5.15331E-13     1708.90  0
 8.58103E-03   2.64573E-04   6.45841E-05   6.53182E-05   4.70922E-13     1682.71  0
 8.60103E-03   2.58976E-04   5.91081E-05   6.47298E-05   4.28043E-13     1661.94  0
 8.62103E-03   2.55405E-04   5.42076E-05   6.43445E-05   3.86936E-13     1645.83  0
 8.64103E-03   2.50700E-04   4.96931E-05   6.41413E-05   3.47907E-13     1634.32  0
 8.66103E-03   2.45326E-04   4.58530E-05   6.41278E-05   3.11242E-13     1626.96  0
 8.68103E-03   2.39250E-04   4.27927E-05   6.41099E-05   2.76737E-13     1623.31  0
 8.70103E-03   2.34432E-04   3.90083E-05   6.40870E-05   2.44623E-13     1622.47  0
 8.72103E-03   2.27839E-04   3.63320E-05   6.40564E-05   2.14194E-13     1621.65  0
 8.74103E-03   2.23590E-04   3.36110E-05   6.40148E-05   1.85875E-13     1620.60  0
 8.76103E-03   2.16395E-04   3.11694E-05   6.39589E-05   1.59188E-13     1619.30  0
 8.78103E-03   2.12260E-04   2.88409E-05   6.38821E-05   1.34306E-13     1617.74  0
 8.80103E-03   2.04325E-04   2.71039E-05   6.37810E-05   1.11124E-13     1615.87  0
 8.82103E-03   1.99556E-04   2.43998E-05   6.36489E-05   8.96996E-14     1613.71  0
 8.84103E-03   1.86696E-04   2.30051E-05   6.34774E-05   7.04329E-14     1611.23  0
 8.86103E-03   1.73690E-04   2.04656E-05   6.32523E-05   5.31196E-14     1608.35  0
 8.88103E-03   1.61636E-04   1.87554E-05   6.29665E-05   3.80770E-14     1605.04  0
 8.90103E-03   1.44699E-04   1.73313E-05   6.25995E-05   2.52142E-14     1601.29  0
 8.92103E-03   1.28154E-04   1.45803E-05   6.21135E-05   1.45991E-14     1596.92  0
 8.94103E-03   1.14644E-04   1.31375E-05   6.14864E-05   6.83477E-15     1591.99  0
 8.96103E-03   9.01654E-05   1.03898E-05   6.05274E-05   1.96131E-15     1586.08  0
 8.98103E-03   6.47270E-05   8.20943E-06   4.51859E-05   8.13022E-17     1578.97  0
 9.00103E-03   2.35145E-05   3.50218E-06   1.45461E-05   0.00000E+00     1566.93  0
 9.02103E-03   0.00000E+00   0.00000E+00   0.00000E+00   0.00000E+00     1523.51  0
 9.04103E-03   0.00000E+00   0.00000E+00   0.00000E+00   0.00000E+00     1485.83  0
 9.06103E-03   0.00000E+00   0.00000E+00   0.00000E+00   0.00000E+00     1458.06  0
 9.08103E-03   0.00000E+00   0.00000E+00   0.00000E+00   0.00000E+00     1433.94  0
 9.10103E-03   0.00000E+00   0.00000E+00   0.00000E+00   0.00000E+00     1412.12  0
 9.12103E-03   0.00000E+00   0.00000E+00   0.00000E+00   0.00000E+00     1392.48  0
 9.14103E-03   0.00000E+00   0.00000E+00   0.00000E+00   0.00000E+00     1374.04  0
 9.16103E-03   0.00000E+00   0.00000E+00   0.00000E+00   0.00000E+00     1356.60  0
 9.18103E-03   0.00000E+00   0.00000E+00   0.00000E+00   0.00000E+00     1340.81  0
 9.20103E-03   0.00000E+00   0.00000E+00   0.00000E+00   0.00000E+00     1331.04  0
 9.22103E-03   0.00000E+00   0.00000E+00   0.00000E+00   0.00000E+00     1321.34  0
 9.24103E-03   0.00000E+00   0.00000E+00   0.00000E+00   0.00000E+00     1311.73  0
 9.26103E-03   0.00000E+00   0.00000E+00   0.00000E+00   0.00000E+00     1302.20  0
 9.28103E-03   0.00000E+00   0.00000E+00   0.00000E+00   0.00000E+00     1292.76  0
 9.30103E-03   0.00000E+00   0.00000E+00   0.00000E+00   0.00000E+00     1283.42  0
 9.32103E-03   0.00000E+00   0.00000E+00   0.00000E+00   0.00000E+00     1274.19  0
 9.34103E-03   0.00000E+00   0.00000E+00   0.00000E+00   0.00000E+00     1265.09  0
 9.36103E-03   0.00000E+00   0.00000E+00   0.00000E+00   0.00000E+00     1256.11  0
 9.38103E-03   0.00000E+00   0.00000E+00   0.00000E+00   0.00000E+00     1247.25  0
 9.40103E-03   0.00000E+00   0.00000E+00   0.00000E+00   0.00000E+00     1238.54  0
 9.42103E-03   0.00000E+00   0.00000E+00   0.00000E+00   0.00000E+00     1229.96  0
 9.44103E-03   0.00000E+00   0.00000E+00   0.00000E+00   0.00000E+00     1221.52  0
 9.46104E-03   0.00000E+00   0.00000E+00   0.00000E+00   0.00000E+00     1213.21  0
 9.48104E-03   0.00000E+00   0.00000E+00   0.00000E+00   0.00000E+00     1205.03  0
 9.50104E-03   0.00000E+00   0.00000E+00   0.00000E+00   0.00000E+00     1196.97  0
 9.52104E-03   0.00000E+00   0.00000E+00   0.00000E+00   0.00000E+00     1189.05  0
 9.54104E-03   0.00000E+00   0.00000E+00   0.00000E+00   0.00000E+00     1181.25  0
 9.56104E-03   0.00000E+00   0.00000E+00   0.00000E+00   0.00000E+00     1176.22  0
 9.58104E-03   0.00000E+00   0.00000E+00   0.00000E+00   0.00000E+00     1172.45  0
 9.60104E-03   0.00000E+00   0.00000E+00   0.00000E+00   0.00000E+00     1168.58  0
 9.62104E-03   0.00000E+00   0.00000E+00   0.00000E+00   0.00000E+00     1164.63  0
 9.64104E-03   0.00000E+00   0.00000E+00   0.00000E+00   0.00000E+00     1160.60  0
 9.66104E-03   0.00000E+00   0.00000E+00   0.00000E+00   0.00000E+00     1156.51  0
 9.68104E-03   0.00000E+00   0.00000E+00   0.00000E+00   0.00000E+00     1152.35  0
 9.70104E-03   0.00000E+00   0.00000E+00   0.00000E+00   0.00000E+00     1148.14  0
 9.72104E-03   0.00000E+00   0.00000E+00   0.00000E+00   0.00000E+00     1143.88  0
 9.74104E-03   0.00000E+00   0.00000E+00   0.00000E+00   0.00000E+00     1139.58  0
 9.76104E-03   0.00000E+00   0.00000E+00   0.00000E+00   0.00000E+00     1135.23  0
 9.78104E-03   0.00000E+00   0.00000E+00   0.00000E+00   0.00000E+00     1130.85  0
 9.80104E-03   0.00000E+00   0.00000E+00   0.00000E+00   0.00000E+00     1126.45  0
 9.82104E-03   0.00000E+00   0.00000E+00   0.00000E+00   0.00000E+00     1122.01  0
 9.84104E-03   0.00000E+00   0.00000E+00   0.00000E+00   0.00000E+00     1117.56  0
 9.86104E-03   0.00000E+00   0.00000E+00   0.00000E+00   0.00000E+00     1113.09  0
 9.88104E-03   0.00000E+00   0.00000E+00   0.00000E+00   0.00000E+00     1108.60  0
 9.90104E-03   0.00000E+00   0.00000E+00   0.00000E+00   0.00000E+00     1104.11  0
 9.92104E-03   0.00000E+00   0.00000E+00   0.00000E+00   0.00000E+00     1099.60  0
 9.94104E-03   0.00000E+00   0.00000E+00   0.00000E+00   0.00000E+00     1095.57  0
 9.96104E-03   0.00000E+00   0.00000E+00   0.00000E+00   0.00000E+00     1092.32  0
 9.98104E-03   0.00000E+00   0.00000E+00   0.00000E+00   0.00000E+00     1089.01  0
 1.00010E-02   0.00000E+00   0.00000E+00   0.00000E+00   0.00000E+00     1085.66  0
 1.00210E-02   0.00000E+00   0.00000E+00   0.00000E+00   0.00000E+00     1082.26  0
 1.00410E-02   0.00000E+00   0.00000E+00   0.00000E+00   0.00000E+00     1078.81  0
 1.00610E-02   0.00000E+00   0.00000E+00   0.00000E+00   0.00000E+00     1075.33  0
 1.00810E-02   0.00000E+00   0.00000E+00   0.00000E+00   0.00000E+00     1071.82  0
 1.01010E-02   0.00000E+00   0.00000E+00   0.00000E+00   0.00000E+00     1068.28  0
 1.01210E-02   0.00000E+00   0.00000E+00   0.00000E+00   0.00000E+00     1064.71  0
 1.01410E-02   0.00000E+00   0.00000E+00   0.00000E+00   0.00000E+00     1061.11  0
 1.01610E-02   0.00000E+00   0.00000E+00   0.00000E+00   0.00000E+00     1057.50  0
 1.01810E-02   0.00000E+00   0.00000E+00   0.00000E+00   0.00000E+00     1053.86  0
 1.02010E-02   0.00000E+00   0.00000E+00   0.00000E+00   0.00000E+00     1050.22  0
 1.02210E-02   0.00000E+00   0.00000E+00   0.00000E+00   0.00000E+00     1046.55  0
 1.02410E-02   0.00000E+00   0.00000E+00   0.00000E+00   0.00000E+00     1042.88  0
 1.02610E-02   0.00000E+00   0.00000E+00   0.00000E+00   0.00000E+00     1039.20  0
 1.02810E-02   0.00000E+00   0.00000E+00   0.00000E+00   0.00000E+00     1035.52  0
 1.03010E-02   0.00000E+00   0.00000E+00   0.00000E+00   0.00000E+00     1031.83  0
 1.03210E-02   0.00000E+00   0.00000E+00   0.00000E+00   0.00000E+00     1028.14  0
 1.03410E-02   0.00000E+00   0.00000E+00   0.00000E+00   0.00000E+00     1024.45  0
 1.03610E-02   0.00000E+00   0.00000E+00   0.00000E+00   0.00000E+00     1020.76  0
 1.03810E-02   0.00000E+00   0.00000E+00   0.00000E+00   0.00000E+00     1017.08  0
 1.04010E-02   0.00000E+00   0.00000E+00   0.00000E+00   0.00000E+00     1013.40  0
 1.04210E-02   0.00000E+00   0.00000E+00   0.00000E+00   0.00000E+00     1009.72  0
 1.04410E-02   0.00000E+00   0.00000E+00   0.00000E+00   0.00000E+00     1006.06  0
 1.04610E-02   0.00000E+00   0.00000E+00   0.00000E+00   0.00000E+00     1002.40  0
 1.04810E-02   0.00000E+00   0.00000E+00   0.00000E+00   0.00000E+00      998.76  0
 1.05010E-02   0.00000E+00   0.00000E+00   0.00000E+00   0.00000E+00      995.13  0
 1.05210E-02   0.00000E+00   0.00000E+00   0.00000E+00   0.00000E+00      991.52  0
 1.05410E-02   0.00000E+00   0.00000E+00   0.00000E+00   0.00000E+00      987.92  0
 1.05610E-02   0.00000E+00   0.00000E+00   0.00000E+00   0.00000E+00      984.34  0
 1.05810E-02   0.00000E+00   0.00000E+00   0.00000E+00   0.00000E+00      980.77  0
 1.06010E-02   0.00000E+00   0.00000E+00   0.00000E+00   0.00000E+00      977.22  0
 1.06210E-02   0.00000E+00   0.00000E+00   0.00000E+00   0.00000E+00      973.69  0
 1.06410E-02   0.00000E+00   0.00000E+00   0.00000E+00   0.00000E+00      970.18  0
 1.06610E-02   0.00000E+00   0.00000E+00   0.00000E+00   0.00000E+00      966.69  0
 1.06810E-02   0.00000E+00   0.00000E+00   0.00000E+00   0.00000E+00      963.21  0
 1.07010E-02   0.00000E+00   0.00000E+00   0.00000E+00   0.00000E+00      959.76  0
 1.07210E-02   0.00000E+00   0.00000E+00   0.00000E+00   0.00000E+00      956.32  0
 1.07410E-02   0.00000E+00   0.00000E+00   0.00000E+00   0.00000E+00      952.91  0
 1.07610E-02   0.00000E+00   0.00000E+00   0.00000E+00   0.00000E+00      949.52  0
 1.07810E-02   0.00000E+00   0.00000E+00   0.00000E+00   0.00000E+00      946.15  0
 1.08010E-02   0.00000E+00   0.00000E+00   0.00000E+00   0.00000E+00      942.81  0
 1.08210E-02   0.00000E+00   0.00000E+00   0.00000E+00   0.00000E+00      939.48  0
 1.08410E-02   0.00000E+00   0.00000E+00   0.00000E+00   0.00000E+00      936.19  0
 1.08610E-02   0.00000E+00   0.00000E+00   0.00000E+00   0.00000E+00      932.91  0
 1.08810E-02   0.00000E+00   0.00000E+00   0.00000E+00   0.00000E+00      929.66  0
 1.09010E-02   0.00000E+00   0.00000E+00   0.00000E+00   0.00000E+00      926.43  0
 1.09210E-02   0.00000E+00   0.00000E+00   0.00000E+00   0.00000E+00      923.23  0
 1.09410E-02   0.00000E+00   0.00000E+00   0.00000E+00   0.00000E+00      920.05  0
 1.09610E-02   0.00000E+00   0.00000E+00   0.00000E+00   0.00000E+00      916.89  0
 1.09810E-02   0.00000E+00   0.00000E+00   0.00000E+00   0.00000E+00      913.77  0
 1.10010E-02   0.00000E+00   0.00000E+00   0.00000E+00   0.00000E+00      910.66  0
 1.10210E-02   0.00000E+00   0.00000E+00   0.00000E+00   0.00000E+00      907.58  0
 1.10410E-02   0.00000E+00   0.00000E+00   0.00000E+00   0.00000E+00      904.53  0
 1.10610E-02   0.00000E+00   0.00000E+00   0.00000E+00   0.00000E+00      901.50  0
 1.10810E-02   0.00000E+00   0.00000E+00   0.00000E+00   0.00000E+00      898.50  0
 1.11010E-02   0.00000E+00   0.00000E+00   0.00000E+00   0.00000E+00      895.68  0
 1.11210E-02   0.00000E+00   0.00000E+00   0.00000E+00   0.00000E+00      893.00  0
 1.11410E-02   0.00000E+00   0.00000E+00   0.00000E+00   0.00000E+00      890.33  0
 1.11610E-02   0.00000E+00   0.00000E+00   0.00000E+00   0.00000E+00      887.69  0
 1.11810E-02   0.00000E+00   0.00000E+00   0.00000E+00   0.00000E+00      885.06  0
 1.12010E-02   0.00000E+00   0.00000E+00   0.00000E+00   0.00000E+00      882.45  0
 1.12210E-02   0.00000E+00   0.00000E+00   0.00000E+00   0.00000E+00      879.87  0
 1.12410E-02   0.00000E+00   0.00000E+00   0.00000E+00   0.00000E+00      877.30  0
 1.12610E-02   0.00000E+00   0.00000E+00   0.00000E+00   0.00000E+00      874.75  0
 1.12810E-02   0.00000E+00   0.00000E+00   0.00000E+00   0.00000E+00      872.23  0
 1.13010E-02   0.00000E+00   0.00000E+00   0.00000E+00   0.00000E+00      869.72  0
 1.13210E-02   0.00000E+00   0.00000E+00   0.00000E+00   0.00000E+00      867.24  0
 1.13410E-02   0.00000E+00   0.00000E+00   0.00000E+00   0.00000E+00      864.77  0
 1.13610E-02   0.00000E+00   0.00000E+00   0.00000E+00   0.00000E+00      862.32  0
 1.13810E-02   0.00000E+00   0.00000E+00   0.00000E+00   0.00000E+00      859.90  0
 1.14010E-02   0.00000E+00   0.00000E+00   0.00000E+00   0.00000E+00      857.49  0
 1.14210E-02   0.00000E+00   0.00000E+00   0.00000E+00   0.00000E+00      855.10  0
 1.14411E-02   0.00000E+00   0.00000E+00   0.00000E+00   0.00000E+00      852.74  0
 1.14611E-02   0.00000E+00   0.00000E+00   0.00000E+00   0.00000E+00      850.39  0
 1.14811E-02   0.00000E+00   0.00000E+00   0.00000E+00   0.00000E+00      848.06  0
 1.15011E-02   0.00000E+00   0.00000E+00   0.00000E+00   0.00000E+00      845.75  0
 1.15211E-02   0.00000E+00   0.00000E+00   0.00000E+00   0.00000E+00      843.46  0
 1.15411E-02   0.00000E+00   0.00000E+00   0.00000E+00   0.00000E+00      841.94  0
 1.15611E-02   0.00000E+00   0.00000E+00   0.00000E+00   0.00000E+00      840.42  0
 1.15811E-02   0.00000E+00   0.00000E+00   0.00000E+00   0.00000E+00      838.92  0
 1.16011E-02   0.00000E+00   0.00000E+00   0.00000E+00   0.00000E+00      837.42  0
 1.16211E-02   0.00000E+00   0.00000E+00   0.00000E+00   0.00000E+00      835.92  0
 1.16411E-02   0.00000E+00   0.00000E+00   0.00000E+00   0.00000E+00      834.44  0
 1.16611E-02   0.00000E+00   0.00000E+00   0.00000E+00   0.00000E+00      833.05  0
 1.16811E-02   0.00000E+00   0.00000E+00   0.00000E+00   0.00000E+00      831.67  0
 1.17011E-02   0.00000E+00   0.00000E+00   0.00000E+00   0.00000E+00      830.30  0
 1.17211E-02   0.00000E+00   0.00000E+00   0.00000E+00   0.00000E+00      828.93  0
 1.17411E-02   0.00000E+00   0.00000E+00   0.00000E+00   0.00000E+00      827.57  0
 1.17611E-02   0.00000E+00   0.00000E+00   0.00000E+00   0.00000E+00      826.21  0
 1.17811E-02   0.00000E+00   0.00000E+00   0.00000E+00   0.00000E+00      824.87  0
 1.18011E-02   0.00000E+00   0.00000E+00   0.00000E+00   0.00000E+00      823.53  0
 1.18211E-02   0.00000E+00   0.00000E+00   0.00000E+00   0.00000E+00      822.19  0
 1.18411E-02   0.00000E+00   0.00000E+00   0.00000E+00   0.00000E+00      820.87  0
 1.18611E-02   0.00000E+00   0.00000E+00   0.00000E+00   0.00000E+00      819.54  0
 1.18811E-02   0.00000E+00   0.00000E+00   0.00000E+00   0.00000E+00      818.23  0
 1.19011E-02   0.00000E+00   0.00000E+00   0.00000E+00   0.00000E+00      816.92  0
 1.19211E-02   0.00000E+00   0.00000E+00   0.00000E+00   0.00000E+00      815.62  0
 1.19411E-02   0.00000E+00   0.00000E+00   0.00000E+00   0.00000E+00      814.33  0
 1.19611E-02   0.00000E+00   0.00000E+00   0.00000E+00   0.00000E+00      813.04  0
 1.19811E-02   0.00000E+00   0.00000E+00   0.00000E+00   0.00000E+00      811.76  0
 1.20011E-02   0.00000E+00   0.00000E+00   0.00000E+00   0.00000E+00      810.49  0
 1.20211E-02   0.00000E+00   0.00000E+00   0.00000E+00   0.00000E+00      809.22  0
 1.20411E-02   0.00000E+00   0.00000E+00   0.00000E+00   0.00000E+00      807.96  0
 1.20611E-02   0.00000E+00   0.00000E+00   0.00000E+00   0.00000E+00      806.70  0
 1.20811E-02   0.00000E+00   0.00000E+00   0.00000E+00   0.00000E+00      805.45  0
 1.21011E-02   0.00000E+00   0.00000E+00   0.00000E+00   0.00000E+00      804.20  0
 1.21211E-02   0.00000E+00   0.00000E+00   0.00000E+00   0.00000E+00      802.97  0
 1.21411E-02   0.00000E+00   0.00000E+00   0.00000E+00   0.00000E+00      801.73  0
 1.21611E-02   0.00000E+00   0.00000E+00   0.00000E+00   0.00000E+00      800.51  0
 1.21811E-02   0.00000E+00   0.00000E+00   0.00000E+00   0.00000E+00      799.29  0
 1.22011E-02   0.00000E+00   0.00000E+00   0.00000E+00   0.00000E+00      798.07  0
 1.22211E-02   0.00000E+00   0.00000E+00   0.00000E+00   0.00000E+00      796.86  0
 1.22411E-02   0.00000E+00   0.00000E+00   0.00000E+00   0.00000E+00      795.66  0
 1.22611E-02   0.00000E+00   0.00000E+00   0.00000E+00   0.00000E+00      794.46  0
 1.22811E-02   0.00000E+00   0.00000E+00   0.00000E+00   0.00000E+00      793.27  0
 1.23011E-02   0.00000E+00   0.00000E+00   0.00000E+00   0.00000E+00      792.09  0
 1.23211E-02   0.00000E+00   0.00000E+00   0.00000E+00   0.00000E+00      790.91  0
 1.23411E-02   0.00000E+00   0.00000E+00   0.00000E+00   0.00000E+00      789.73  0
 1.23611E-02   0.00000E+00   0.00000E+00   0.00000E+00   0.00000E+00      788.56  0
 1.23811E-02   0.00000E+00   0.00000E+00   0.00000E+00   0.00000E+00      787.40  0
 1.24011E-02   0.00000E+00   0.00000E+00   0.00000E+00   0.00000E+00      786.24  0
 1.24211E-02   0.00000E+00   0.00000E+00   0.00000E+00   0.00000E+00      785.09  0
 1.24411E-02   0.00000E+00   0.00000E+00   0.00000E+00   0.00000E+00      783.94  0
 1.24611E-02   0.00000E+00   0.00000E+00   0.00000E+00   0.00000E+00      782.80  0
 1.24811E-02   0.00000E+00   0.00000E+00   0.00000E+00   0.00000E+00      781.66  0
 1.25011E-02   0.00000E+00   0.00000E+00   0.00000E+00   0.00000E+00      780.53  0
 1.25211E-02   0.00000E+00   0.00000E+00   0.00000E+00   0.00000E+00      779.41  0
 1.25411E-02   0.00000E+00   0.00000E+00   0.00000E+00   0.00000E+00      778.29  0
 1.25611E-02   0.00000E+00   0.00000E+00   0.00000E+00   0.00000E+00      777.17  0
 1.25811E-02   0.00000E+00   0.00000E+00   0.00000E+00   0.00000E+00      776.06  0
 1.26011E-02   0.00000E+00   0.00000E+00   0.00000E+00   0.00000E+00      774.96  0
 1.26211E-02   0.00000E+00   0.00000E+00   0.00000E+00   0.00000E+00      773.86  0
 1.26411E-02   0.00000E+00   0.00000E+00   0.00000E+00   0.00000E+00      772.77  0
 1.26611E-02   0.00000E+00   0.00000E+00   0.00000E+00   0.00000E+00      771.68  0
 1.26811E-02   0.00000E+00   0.00000E+00   0.00000E+00   0.00000E+00      770.60  0
 1.27011E-02   0.00000E+00   0.00000E+00   0.00000E+00   0.00000E+00      769.52  0
 1.27211E-02   0.00000E+00   0.00000E+00   0.00000E+00   0.00000E+00      768.45  0
 1.27411E-02   0.00000E+00   0.00000E+00   0.00000E+00   0.00000E+00      767.38  0
 1.27611E-02   0.00000E+00   0.00000E+00   0.00000E+00   0.00000E+00      766.31  0
 1.27811E-02   0.00000E+00   0.00000E+00   0.00000E+00   0.00000E+00      765.26  0
 1.28011E-02   0.00000E+00   0.00000E+00   0.00000E+00   0.00000E+00      764.20  0
 1.28211E-02   0.00000E+00   0.00000E+00   0.00000E+00   0.00000E+00      763.16  0
 1.28411E-02   0.00000E+00   0.00000E+00   0.00000E+00   0.00000E+00      762.11  0
 1.28611E-02   0.00000E+00   0.00000E+00   0.00000E+00   0.00000E+00      761.07  0
 1.28811E-02   0.00000E+00   0.00000E+00   0.00000E+00   0.00000E+00      760.04  0
 1.29011E-02   0.00000E+00   0.00000E+00   0.00000E+00   0.00000E+00      759.01  0
 1.29211E-02   0.00000E+00   0.00000E+00   0.00000E+00   0.00000E+00      757.99  0
 1.29411E-02   0.00000E+00   0.00000E+00   0.00000E+00   0.00000E+00      756.97  0
 1.29611E-02   0.00000E+00   0.00000E+00   0.00000E+00   0.00000E+00      755.95  0
 1.29811E-02   0.00000E+00   0.00000E+00   0.00000E+00   0.00000E+00      754.94  0
 1.30011E-02   0.00000E+00   0.00000E+00   0.00000E+00   0.00000E+00      753.93  0
 1.30211E-02   0.00000E+00   0.00000E+00   0.00000E+00   0.00000E+00      752.93  0
 1.30411E-02   0.00000E+00   0.00000E+00   0.00000E+00   0.00000E+00      751.94  0
 1.30611E-02   0.00000E+00   0.00000E+00   0.00000E+00   0.00000E+00      750.94  0
 1.30811E-02   0.00000E+00   0.00000E+00   0.00000E+00   0.00000E+00      749.95  0
 1.31011E-02   0.00000E+00   0.00000E+00   0.00000E+00   0.00000E+00      749.06  0
 1.31211E-02   0.00000E+00   0.00000E+00   0.00000E+00   0.00000E+00      748.31  0
 1.31411E-02   0.00000E+00   0.00000E+00   0.00000E+00   0.00000E+00      747.55  0
 1.31611E-02   0.00000E+00   0.00000E+00   0.00000E+00   0.00000E+00      746.80  0
 1.31811E-02   0.00000E+00   0.00000E+00   0.00000E+00   0.00000E+00      746.06  0
 1.32011E-02   0.00000E+00   0.00000E+00   0.00000E+00   0.00000E+00      745.31  0
 1.32211E-02   0.00000E+00   0.00000E+00   0.00000E+00   0.00000E+00      744.57  0
 1.32411E-02   0.00000E+00   0.00000E+00   0.00000E+00   0.00000E+00      743.83  0
 1.32611E-02   0.00000E+00   0.00000E+00   0.00000E+00   0.00000E+00      743.09  0
 1.32811E-02   0.00000E+00   0.00000E+00   0.00000E+00   0.00000E+00      742.35  0
 1.33011E-02   0.00000E+00   0.00000E+00   0.00000E+00   0.00000E+00      741.62  0
 1.33211E-02   0.00000E+00   0.00000E+00   0.00000E+00   0.00000E+00      740.89  0
 1.33411E-02   0.00000E+00   0.00000E+00   0.00000E+00   0.00000E+00      740.16  0
 1.33611E-02   0.00000E+00   0.00000E+00   0.00000E+00   0.00000E+00      739.43  0
 1.33811E-02   0.00000E+00   0.00000E+00   0.00000E+00   0.00000E+00      738.70  0
 1.34011E-02   0.00000E+00   0.00000E+00   0.00000E+00   0.00000E+00      737.98  0
 1.34211E-02   0.00000E+00   0.00000E+00   0.00000E+00   0.00000E+00      737.26  0
 1.34411E-02   0.00000E+00   0.00000E+00   0.00000E+00   0.00000E+00      736.54  0
 1.34611E-02   0.00000E+00   0.00000E+00   0.00000E+00   0.00000E+00      735.82  0
 1.34811E-02   0.00000E+00   0.00000E+00   0.00000E+00   0.00000E+00      735.11  0
 1.35011E-02   0.00000E+00   0.00000E+00   0.00000E+00   0.00000E+00      734.40  0
 1.35211E-02   0.00000E+00   0.00000E+00   0.00000E+00   0.00000E+00      733.69  0
 1.35411E-02   0.00000E+00   0.00000E+00   0.00000E+00   0.00000E+00      732.98  0
 1.35611E-02   0.00000E+00   0.00000E+00   0.00000E+00   0.00000E+00      732.28  0
 1.35811E-02   0.00000E+00   0.00000E+00   0.00000E+00   0.00000E+00      731.57  0
 1.36011E-02   0.00000E+00   0.00000E+00   0.00000E+00   0.00000E+00      730.87  0
 1.36211E-02   0.00000E+00   0.00000E+00   0.00000E+00   0.00000E+00      730.18  0
 1.36411E-02   0.00000E+00   0.00000E+00   0.00000E+00   0.00000E+00      729.48  0
 1.36611E-02   0.00000E+00   0.00000E+00   0.00000E+00   0.00000E+00      728.78  0
 1.36811E-02   0.00000E+00   0.00000E+00   0.00000E+00   0.00000E+00      728.09  0
 1.37011E-02   0.00000E+00   0.00000E+00   0.00000E+00   0.00000E+00      727.40  0
 1.37211E-02   0.00000E+00   0.00000E+00   0.00000E+00   0.00000E+00      726.72  0
 1.37411E-02   0.00000E+00   0.00000E+00   0.00000E+00   0.00000E+00      726.03  0
 1.37611E-02   0.00000E+00   0.00000E+00   0.00000E+00   0.00000E+00      725.35  0
 1.37811E-02   0.00000E+00   0.00000E+00   0.00000E+00   0.00000E+00      724.67  0
 1.38011E-02   0.00000E+00   0.00000E+00   0.00000E+00   0.00000E+00      723.99  0
 1.38211E-02   0.00000E+00   0.00000E+00   0.00000E+00   0.00000E+00      723.31  0
 1.38411E-02   0.00000E+00   0.00000E+00   0.00000E+00   0.00000E+00      722.63  0
 1.38611E-02   0.00000E+00   0.00000E+00   0.00000E+00   0.00000E+00      721.96  0
 1.38811E-02   0.00000E+00   0.00000E+00   0.00000E+00   0.00000E+00      721.29  0
 1.39011E-02   0.00000E+00   0.00000E+00   0.00000E+00   0.00000E+00      720.62  0
 1.39211E-02   0.00000E+00   0.00000E+00   0.00000E+00   0.00000E+00      719.95  0
