# Melt Pool Geometry History
# time(s)  length(m)  depth(m)  width(m)  volume(m3)  Tpeak(K)  laser_on
 2.10000E-05   0.00000E+00   0.00000E+00   0.00000E+00   8.84308E-14      293.00  1
 4.10000E-05   4.10019E-05   1.03384E-04   4.90051E-05   2.26177E-13     1926.69  1
 6.10000E-05   7.30614E-05   1.08313E-04   5.40085E-05   3.72572E-13     2577.88  1
 8.10000E-05   1.06785E-04   1.09260E-04   5.80648E-05   4.99818E-13     2712.96  1
 1.01000E-04   1.33750E-04   1.09321E-04   5.90663E-05   6.38068E-13     2806.86  1
 1.21000E-04   1.62163E-04   1.09397E-04   5.96776E-05   7.50970E-13     2840.59  1
 1.41000E-04   1.90473E-04   1.09359E-04   5.98936E-05   8.70742E-13     2826.70  1
 1.61000E-04   2.17530E-04   1.09407E-04   6.01561E-05   9.75739E-13     2850.32  1
 1.81000E-04   2.47070E-04   1.09321E-04   6.00532E-05   9.16314E-13     2789.61  0
 2.01000E-04   2.44295E-04   1.04179E-04   5.99455E-05   7.87334E-13     2396.01  0
 2.21000E-04   2.44720E-04   9.90590E-05   6.45008E-05   7.33666E-13     2177.32  0
 2.41000E-04   2.44951E-04   9.32637E-05   6.51335E-05   6.82586E-13     2046.70  0
 2.61000E-04   2.44889E-04   8.76506E-05   6.53091E-05   6.35292E-13     1960.26  0
 2.81000E-04   2.44721E-04   8.12462E-05   6.52299E-05   5.92410E-13     1896.39  0
 3.01000E-04   2.44457E-04   7.52138E-05   6.49293E-05   5.52490E-13     1846.34  0
 3.21000E-04   2.44116E-04   6.95036E-05   6.44075E-05   5.14778E-13     1804.45  0
 3.41000E-04   2.43719E-04   6.43275E-05   6.36841E-05   4.78485E-13     1768.65  0
 3.61000E-04   2.43304E-04   5.93719E-05   6.27812E-05   4.42750E-13     1738.29  0
 3.81000E-04   2.42964E-04   5.50555E-05   6.17306E-05   4.07399E-13     1712.06  0
 4.01000E-04   2.42795E-04   5.13815E-05   6.05937E-05   3.72382E-13     1689.53  0
 4.21000E-04   2.42604E-04   4.79305E-05   5.94249E-05   3.37621E-13     1670.41  0
 4.41000E-04   2.42361E-04   4.40978E-05   5.82880E-05   3.03107E-13     1654.31  0
 4.61000E-04   2.42064E-04   4.14053E-05   5.72792E-05   2.69341E-13     1641.33  0
 4.81000E-04   2.41618E-04   3.84881E-05   5.65836E-05   2.36602E-13     1631.52  0
 5.01000E-04   2.35156E-04   3.56480E-05   5.63014E-05   2.05376E-13     1625.21  0
 5.21000E-04   2.31984E-04   3.33653E-05   5.60711E-05   1.76369E-13     1622.78  0
 5.41000E-04   2.25663E-04   3.06611E-05   5.58548E-05   1.49264E-13     1621.92  0
 5.61000E-04   2.14498E-04   2.85684E-05   5.56404E-05   1.24273E-13     1620.70  0
 5.81000E-04   2.06130E-04   2.63917E-05   5.54182E-05   1.01232E-13     1619.09  0
 6.01000E-04   1.92730E-04   2.38776E-05   5.09129E-05   6.84619E-14     1616.86  0
 6.21000E-04   1.75721E-04   2.22480E-05   6.10600E-05   4.88144E-14     1614.18  0
 6.41000E-04   1.57235E-04   1.93078E-05   6.09566E-05   3.27944E-14     1610.76  0
 6.61000E-04   1.38840E-04   1.77984E-05   5.99211E-05   2.01017E-14     1606.61  0
 6.81000E-04   1.19951E-04   1.47368E-05   5.54972E-05   9.72148E-14     1601.47  1
 7.01000E-04   4.23357E-05   1.03830E-04   4.37556E-05   2.33694E-13     1867.46  1
 7.21000E-04   7.67722E-05   1.08252E-04   5.72159E-05   3.72180E-13     2570.74  1
 7.41000E-04   1.07846E-04   1.09043E-04   6.23618E-05   5.14146E-13     2780.92  1
 7.61000E-04   1.37647E-04   1.09232E-04   6.69849E-05   6.59851E-13     2807.84  1
 7.81000E-04   1.67213E-04   1.09348E-04   6.90749E-05   7.99195E-13     2845.47  1
 8.01000E-04   1.94537E-04   1.08842E-04   6.99977E-05   9.19066E-13     2731.64  1
 8.21000E-04   2.23825E-04   1.09223E-04   7.54452E-05   1.05065E-12     2748.26  1
 8.41000E-04   2.53260E-04   1.09496E-04   7.74559E-05   1.17327E-12     2775.29  1
 8.61000E-04   2.83248E-04   1.09518E-04   7.82033E-05   1.29169E-12     2780.23  1
 8.81000E-04   3.12555E-04   1.09467E-04   7.86034E-05   1.39746E-12     2785.28  1
 9.01000E-04   3.42457E-04   1.09342E-04   7.88175E-05   1.50052E-12     2783.72  1
 9.21000E-04   3.72035E-04   1.09138E-04   7.88974E-05   1.59940E-12     2775.11  1
 9.41000E-04   4.01896E-04   1.08893E-04   7.90008E-05   1.68283E-12     2763.89  1
 9.61000E-04   4.31284E-04   1.08752E-04   7.92079E-05   1.76373E-12     2785.21  1
 9.81000E-04   4.48248E-04   1.08666E-04   7.93587E-05   1.83952E-12     2777.44  1
 1.00100E-03   4.76160E-04   1.08618E-04   7.92240E-05   1.73484E-12     2756.12  0
 1.02100E-03   4.76074E-04   1.04903E-04   8.02337E-05   1.63430E-12     2354.76  0
 1.04100E-03   4.75754E-04   1.00868E-04   8.05478E-05   1.53687E-12     2160.34  0
 1.06100E-03   4.69912E-04   9.54726E-05   8.05619E-05   1.44298E-12     2041.41  0
 1.08100E-03   4.63570E-04   9.02195E-05   8.04392E-05   1.35555E-12     1950.95  0
 1.10100E-03   4.56422E-04   8.46022E-05   8.02231E-05   1.27584E-12     1883.28  0
 1.12100E-03   4.49203E-04   7.90895E-05   7.98841E-05   1.20026E-12     1827.94  0
 1.14100E-03   4.44745E-04   7.36386E-05   7.94351E-05   1.12765E-12     1783.94  0
 1.16100E-03   4.37541E-04   6.83927E-05   7.89092E-05   1.05767E-12     1748.57  0
 1.18100E-03   4.33982E-04   6.33607E-05   7.83444E-05   9.89979E-13     1720.63  0
 1.20100E-03   4.27390E-04   5.77475E-05   7.56108E-05   8.53648E-13     1696.99  0
 1.22100E-03   4.25200E-04   5.34907E-05   8.03896E-05   7.72694E-13     1675.89  0
 1.24100E-03   4.21628E-04   4.96064E-05   8.21805E-05   6.97438E-13     1657.32  0
 1.26100E-03   4.14524E-04   4.70052E-05   8.27323E-05   6.26950E-13     1643.09  0
 1.28100E-03   4.11117E-04   4.36279E-05   8.29381E-05   5.60610E-13     1632.71  0
 1.30100E-03   4.03531E-04   4.11258E-05   8.30941E-05   4.98369E-13     1626.01  0
 1.32100E-03   3.99256E-04   3.86579E-05   8.32070E-05   4.40445E-13     1622.97  0
 1.34100E-03   3.86832E-04   3.64709E-05   8.32806E-05   3.86528E-13     1622.28  0
 1.36100E-03   3.76503E-04   3.40197E-05   8.33177E-05   3.36058E-13     1621.33  0
 1.38100E-03   3.64208E-04   3.26404E-05   8.33191E-05   2.89503E-13     1620.11  0
 1.40100E-03   3.50531E-04   2.93382E-05   8.07855E-05   2.34079E-13     1618.38  0
 1.42100E-03   3.37334E-04   2.79719E-05   8.16935E-05   1.93685E-13     1616.61  0
 1.44100E-03   3.24003E-04   2.55085E-05   7.84247E-05   1.56795E-13     1614.55  0
 1.46100E-03   3.09840E-04   2.38151E-05   7.59316E-05   1.23988E-13     1612.17  0
 1.48100E-03   2.92530E-04   2.25539E-05   7.48093E-05   9.50899E-14     1609.47  0
 1.50100E-03   2.74583E-04   1.98286E-05   7.34947E-05   1.46452E-13     1606.39  1
 1.52100E-03   4.39836E-05   1.03372E-04   4.33836E-05   2.80025E-13     1880.96  1
 1.54100E-03   7.66023E-05   1.08248E-04   5.79336E-05   3.99176E-13     2544.52  1
 1.56100E-03   1.06185E-04   1.08662E-04   6.18051E-05   5.18631E-13     2694.20  1
 1.58100E-03   1.31522E-04   1.08960E-04   6.32049E-05   6.36379E-13     2753.64  1
 1.60100E-03   1.58081E-04   1.08427E-04   6.37196E-05   7.57936E-13     2656.00  1
 1.62100E-03   1.90960E-04   1.09004E-04   6.82556E-05   8.84014E-13     2652.12  1
 1.64100E-03   2.18769E-04   1.09296E-04   7.00774E-05   1.00909E-12     2689.90  1
 1.66100E-03   2.45308E-04   1.09513E-04   7.10317E-05   1.13389E-12     2695.56  1
 1.68100E-03   2.73166E-04   1.09684E-04   7.16728E-05   1.24555E-12     2687.20  1
 1.70100E-03   3.02278E-04   1.09787E-04   7.23157E-05   1.36056E-12     2708.06  1
 1.72100E-03   3.31792E-04   1.09875E-04   7.28938E-05   1.47611E-12     2689.12  1
 1.74100E-03   3.62118E-04   1.09966E-04   7.34301E-05   1.58348E-12     2700.18  1
 1.76100E-03   3.91540E-04   1.10033E-04   7.39177E-05   1.68538E-12     2726.70  1
 1.78100E-03   4.19075E-04   1.10059E-04   7.44120E-05   1.78289E-12     2742.33  1
 1.80100E-03   4.41441E-04   1.09989E-04   7.48654E-05   1.87860E-12     2700.19  1
 1.82100E-03   4.76110E-04   1.10056E-04   7.53374E-05   1.96792E-12     2695.85  1
 1.84100E-03   5.03065E-04   1.10089E-04   7.57524E-05   2.05175E-12     2728.59  1
 1.86100E-03   5.27078E-04   1.09939E-04   7.61501E-05   2.13703E-12     2766.73  1
 1.88100E-03   5.52284E-04   1.09775E-04   7.65211E-05   2.20613E-12     2708.69  1
 1.90100E-03   5.75269E-04   1.09581E-04   7.68517E-05   2.27596E-12     2702.18  1
 1.92100E-03   6.01498E-04   1.09352E-04   7.71628E-05   2.34328E-12     2691.12  1
 1.94100E-03   6.25917E-04   1.09109E-04   7.74675E-05   2.39721E-12     2696.21  1
 1.96100E-03   6.51853E-04   1.08901E-04   7.78232E-05   2.44305E-12     2706.12  1
 1.98100E-03   6.72238E-04   1.08772E-04   7.80863E-05   2.48790E-12     2720.08  1
 2.00100E-03   6.94232E-04   1.08593E-04   7.74952E-05   2.37487E-12     2636.81  0
 2.02100E-03   6.94079E-04   1.05153E-04   7.82010E-05   2.25881E-12     2314.93  0
 2.04100E-03   6.87206E-04   1.01150E-04   7.90005E-05   2.13622E-12     2141.80  0
 2.06100E-03   6.84053E-04   9.60619E-05   7.97743E-05   2.01543E-12     2033.31  0
 2.08100E-03   6.76528E-04   9.06787E-05   8.00883E-05   1.90068E-12     1955.56  0
 2.10100E-03   6.71095E-04   8.53305E-05   8.01792E-05   1.79154E-12     1894.85  0
 2.12100E-03   6.65009E-04   7.97218E-05   8.00641E-05   1.68832E-12     1845.91  0
 2.14100E-03   6.57815E-04   7.44483E-05   7.98226E-05   1.58941E-12     1805.40  0
 2.16100E-03   6.53116E-04   6.93094E-05   7.95147E-05   1.49382E-12     1771.57  0
 2.18100E-03   6.44957E-04   6.45487E-05   7.92629E-05   1.40114E-12     1743.85  0
 2.20100E-03   6.35313E-04   5.87269E-05   7.80838E-05   1.23690E-12     1719.09  0
 2.22100E-03   6.34687E-04   5.53460E-05   8.28513E-05   1.13412E-12     1693.44  0
 2.24100E-03   6.26636E-04   5.27980E-05   8.33105E-05   1.03522E-12     1670.16  0
 2.26100E-03   6.20626E-04   4.92524E-05   8.36218E-05   9.40803E-13     1651.62  0
 2.28100E-03   6.12472E-04   4.72653E-05   8.38529E-05   8.51410E-13     1638.08  0
 2.30100E-03   6.03363E-04   4.39966E-05   8.40232E-05   7.67023E-13     1629.08  0
 2.32100E-03   5.92223E-04   4.19662E-05   8.41471E-05   6.87396E-13     1624.10  0
 2.34100E-03   5.79635E-04   3.90426E-05   8.42317E-05   6.13178E-13     1622.65  0
 2.36100E-03   5.67754E-04   3.72435E-05   8.42802E-05   5.43520E-13     1621.83  0
 2.38100E-03   5.48973E-04   3.42744E-05   8.42836E-05   4.78615E-13     1620.75  0
 2.40100E-03   5.29163E-04   3.21189E-05   8.18845E-05   3.91546E-13     1619.29  0
 2.42100E-03   5.10778E-04   2.95365E-05   8.37729E-05   3.30649E-13     1617.66  0
 2.44100E-03   4.92907E-04   2.80751E-05   8.34643E-05   2.77088E-13     1615.73  0
 2.46100E-03   4.73427E-04   2.71827E-05   8.22981E-05   2.28713E-13     1613.50  0
 2.48100E-03   4.52740E-04   2.45565E-05   7.82585E-05   1.85362E-13     1610.98  0
 2.50100E-03   4.33559E-04   2.29190E-05   7.60634E-05   2.24369E-13     1608.13  1
 2.52100E-03   4.41222E-05   1.03471E-04   4.20568E-05   3.47581E-13     1852.78  1
 2.54100E-03   7.66177E-05   1.08091E-04   5.71085E-05   4.56956E-13     2488.33  1
 2.56100E-03   1.07021E-04   1.08768E-04   6.15682E-05   5.63194E-13     2701.24  1
 2.58100E-03   1.36674E-04   1.08949E-04   6.29082E-05   6.71381E-13     2753.48  1
 2.60100E-03   1.65591E-04   1.08649E-04   6.36344E-05   7.75161E-13     2728.83  1
 2.62100E-03   1.94296E-04   1.09004E-04   6.83813E-05   8.91410E-13     2747.36  1
 2.64100E-03   2.23691E-04   1.09346E-04   7.04019E-05   1.00941E-12     2763.88  1
 2.66100E-03   2.53530E-04   1.09591E-04   7.14319E-05   1.13336E-12     2779.80  1
 2.68100E-03   2.82812E-04   1.09761E-04   7.21585E-05   1.24753E-12     2790.11  1
 2.70100E-03   3.12349E-04   1.09860E-04   7.27209E-05   1.36040E-12     2806.52  1
 2.72100E-03   3.42429E-04   1.09974E-04   7.32121E-05   1.47372E-12     2789.36  1
 2.74100E-03   3.72276E-04   1.10075E-04   7.36443E-05   1.57743E-12     2783.13  1
 2.76100E-03   4.01986E-04   1.10154E-04   7.40800E-05   1.67690E-12     2829.55  1
 2.78100E-03   4.31275E-04   1.10204E-04   7.44853E-05   1.77473E-12     2849.34  1
 2.80100E-03   4.43803E-04   1.10204E-04   7.48934E-05   1.87107E-12     2797.60  1
 2.82100E-03   4.74288E-04   1.10288E-04   7.53006E-05   1.96524E-12     2783.14  1
 2.84100E-03   5.01665E-04   1.10419E-04   7.56994E-05   2.05353E-12     2794.23  1
 2.86100E-03   5.25116E-04   1.10363E-04   7.61216E-05   2.14082E-12     2802.24  1
 2.88100E-03   5.52417E-04   1.10330E-04   7.65088E-05   2.22710E-12     2805.37  1
 2.90100E-03   5.76877E-04   1.10309E-04   7.68793E-05   2.30580E-12     2776.55  1
 2.92100E-03   6.01891E-04   1.10388E-04   7.72064E-05   2.38545E-12     2778.01  1
 2.94100E-03   6.17950E-04   1.10388E-04   7.74827E-05   2.46237E-12     2767.23  1
 2.96100E-03   6.43638E-04   1.10346E-04   7.77328E-05   2.53128E-12     2768.84  1
 2.98100E-03   6.67574E-04   1.10281E-04   7.79483E-05   2.59652E-12     2782.38  1
 3.00100E-03   6.88261E-04   1.10145E-04   7.81805E-05   2.66232E-12     2745.92  1
 3.02100E-03   7.14283E-04   1.10085E-04   7.83908E-05   2.71820E-12     2744.00  1
 3.04100E-03   7.36760E-04   1.10026E-04   7.85814E-05   2.76809E-12     2793.10  1
 3.06100E-03   7.62940E-04   1.09792E-04   7.87393E-05   2.81844E-12     2796.66  1
 3.08100E-03   7.85524E-04   1.09579E-04   7.98035E-05   2.85806E-12     2797.94  1
 3.10100E-03   8.11745E-04   1.09362E-04   8.03173E-05   2.89659E-12     2766.64  1
 3.12100E-03   8.33881E-04   1.09120E-04   8.06640E-05   2.92890E-12     2758.44  1
 3.14100E-03   8.60312E-04   1.08876E-04   8.08754E-05   2.95105E-12     2749.88  1
 3.16100E-03   8.72196E-04   1.08744E-04   8.11378E-05   2.80986E-12     2748.08  0
 3.18100E-03   8.66105E-04   1.05618E-04   8.13571E-05   2.66331E-12     2381.92  0
 3.20100E-03   8.60225E-04   1.02040E-04   8.11281E-05   2.51319E-12     2205.13  0
 3.22100E-03   8.51807E-04   9.72511E-05   8.14117E-05   2.37438E-12     2093.30  0
 3.24100E-03   8.47493E-04   9.22364E-05   8.14486E-05   2.24187E-12     2008.42  0
 3.26100E-03   8.38401E-04   8.68224E-05   8.14257E-05   2.11675E-12     1941.24  0
 3.28100E-03   8.34048E-04   8.14507E-05   8.13504E-05   1.99825E-12     1886.56  0
 3.30100E-03   8.24426E-04   7.60801E-05   8.11873E-05   1.88443E-12     1840.54  0
 3.32100E-03   8.18047E-04   7.11828E-05   8.09390E-05   1.77503E-12     1802.34  0
 3.34100E-03   8.09805E-04   6.68424E-05   8.06111E-05   1.66856E-12     1769.95  0
 3.36100E-03   8.00287E-04   6.27643E-05   8.02146E-05   1.56484E-12     1742.69  0
 3.38100E-03   7.93873E-04   5.86101E-05   7.97625E-05   1.46389E-12     1719.31  0
 3.40100E-03   7.83404E-04   5.40994E-05   7.85030E-05   1.29941E-12     1698.32  0
 3.42100E-03   7.73120E-04   5.18329E-05   8.27098E-05   1.18589E-12     1676.99  0
 3.44100E-03   7.63232E-04   4.87610E-05   8.31062E-05   1.07632E-12     1657.60  0
 3.46100E-03   7.53223E-04   4.64932E-05   8.33800E-05   9.72628E-13     1642.65  0
 3.48100E-03   7.42538E-04   4.38510E-05   8.35552E-05   8.73970E-13     1632.13  0
 3.50099E-03   7.30529E-04   4.18514E-05   8.36676E-05   7.80939E-13     1625.71  0
 3.52099E-03   7.17230E-04   3.91206E-05   8.37305E-05   6.94077E-13     1622.96  0
 3.54099E-03   7.03352E-04   3.75608E-05   8.37543E-05   6.12608E-13     1622.28  0
 3.56099E-03   6.89205E-04   3.45322E-05   8.37442E-05   5.36314E-13     1621.31  0
 3.58099E-03   6.72128E-04   3.29957E-05   8.36957E-05   4.65616E-13     1620.08  0
 3.60099E-03   6.45830E-04   2.99567E-05   8.06354E-05   3.74248E-13     1618.42  0
 3.62099E-03   6.14964E-04   2.83875E-05   8.34931E-05   3.09306E-13     1616.62  0
 3.64099E-03   5.90296E-04   2.63141E-05   8.31350E-05   2.52117E-13     1614.52  0
 3.66099E-03   5.63517E-04   2.42052E-05   8.19538E-05   2.74550E-13     1612.11  1
 3.68099E-03   4.13779E-05   1.03725E-04   4.11917E-05   3.85278E-13     1866.18  1
 3.70099E-03   7.30381E-05   1.08209E-04   5.76812E-05   4.83122E-13     2492.29  1
 3.72099E-03   1.03723E-04   1.08889E-04   6.17175E-05   5.83136E-13     2646.68  1
 3.74099E-03   1.34101E-04   1.09042E-04   6.34055E-05   6.86300E-13     2689.79  1
 3.76099E-03   1.64416E-04   1.09138E-04   6.42587E-05   7.88284E-13     2726.12  1
 3.78099E-03   1.92632E-04   1.09390E-04   6.49010E-05   8.93049E-13     2769.20  1
 3.80099E-03   2.16715E-04   1.09061E-04   6.50804E-05   1.01641E-12     2734.42  1
 3.82099E-03   2.44394E-04   1.09503E-04   6.95505E-05   1.13683E-12     2683.12  1
 3.84099E-03   2.73171E-04   1.09759E-04   7.14023E-05   1.25642E-12     2689.41  1
 3.86099E-03   3.02420E-04   1.09897E-04   7.23623E-05   1.37666E-12     2692.24  1
 3.88099E-03   3.31835E-04   1.10037E-04   7.30317E-05   1.48860E-12     2706.23  1
 3.90099E-03   3.61746E-04   1.10137E-04   7.35390E-05   1.59630E-12     2735.68  1
 3.92099E-03   3.89034E-04   1.10204E-04   7.39656E-05   1.70040E-12     2755.39  1
 3.94099E-03   4.14434E-04   1.10248E-04   7.43009E-05   1.80401E-12     2753.72  1
 3.96099E-03   4.42824E-04   1.10263E-04   7.45220E-05   1.89989E-12     2710.07  1
 3.98099E-03   4.72110E-04   1.10363E-04   7.47625E-05   1.99630E-12     2706.53  1
 4.00099E-03   5.01504E-04   1.10444E-04   7.50090E-05   2.09166E-12     2711.69  1
 4.02099E-03   5.31280E-04   1.10467E-04   7.53741E-05   2.17825E-12     2730.08  1
 4.04099E-03   5.60859E-04   1.10544E-04   7.56845E-05   2.26094E-12     2765.81  1
 4.06099E-03   5.86090E-04   1.10552E-04   7.59910E-05   2.34391E-12     2785.82  1
 4.08099E-03   6.12999E-04   1.10513E-04   7.62887E-05   2.42408E-12     2736.84  1
 4.10099E-03   6.38095E-04   1.10488E-04   7.65988E-05   2.49615E-12     2724.14  1
 4.12099E-03   6.57338E-04   1.10578E-04   7.68651E-05   2.56947E-12     2725.02  1
 4.14099E-03   6.80776E-04   1.10609E-04   7.71474E-05   2.64345E-12     2733.56  1
 4.16100E-03   7.02625E-04   1.10609E-04   7.74404E-05   2.70941E-12     2745.51  1
 4.18100E-03   7.23760E-04   1.10668E-04   7.76930E-05   2.77155E-12     2770.23  1
 4.20100E-03   7.44093E-04   1.10560E-04   7.78909E-05   2.83381E-12     2721.14  1
 4.22100E-03   7.71777E-04   1.10547E-04   7.80775E-05   2.89269E-12     2730.32  1
 4.24100E-03   7.93588E-04   1.10656E-04   7.82692E-05   2.94611E-12     2750.83  1
 4.26100E-03   8.17132E-04   1.10562E-04   7.84413E-05   2.99590E-12     2781.13  1
 4.28100E-03   8.35288E-04   1.10402E-04   7.86137E-05   3.04447E-12     2781.81  1
 4.30100E-03   8.57617E-04   1.10301E-04   7.94203E-05   3.08732E-12     2735.05  1
 4.32100E-03   8.81737E-04   1.10295E-04   7.99461E-05   3.13335E-12     2722.95  1
 4.34100E-03   9.04042E-04   1.10176E-04   8.03434E-05   3.17210E-12     2736.95  1
 4.36100E-03   9.29644E-04   1.10022E-04   8.07534E-05   3.20421E-12     2752.03  1
 4.38100E-03   9.50077E-04   1.09830E-04   8.10866E-05   3.22759E-12     2768.97  1
 4.40100E-03   9.67278E-04   1.09463E-04   8.12919E-05   3.24837E-12     2715.03  1
 4.42100E-03   9.93171E-04   1.09399E-04   8.14577E-05   3.26472E-12     2697.84  1
 4.44100E-03   1.01326E-03   1.09243E-04   8.16071E-05   3.27253E-12     2722.15  1
 4.46100E-03   1.03779E-03   1.09009E-04   8.17119E-05   3.27453E-12     2727.88  1
 4.48100E-03   1.05313E-03   1.08874E-04   8.17918E-05   3.27429E-12     2725.72  1
 4.50100E-03   1.07373E-03   1.08785E-04   8.18524E-05   3.11489E-12     2673.39  0
 4.52100E-03   1.06979E-03   1.05567E-04   8.18761E-05   2.94360E-12     2338.43  0
 4.54100E-03   1.06113E-03   1.01721E-04   8.18665E-05   2.77732E-12     2175.79  0
 4.56100E-03   1.05637E-03   9.66046E-05   8.18275E-05   2.61550E-12     2071.28  0
 4.58100E-03   1.04574E-03   9.12236E-05   8.17334E-05   2.46279E-12     1991.00  0
 4.60100E-03   1.03370E-03   8.51560E-05   8.12348E-05   2.26238E-12     1926.34  0
 4.62100E-03   1.03046E-03   7.99471E-05   8.30495E-05   2.11245E-12     1853.51  0
 4.64100E-03   1.01921E-03   7.45154E-05   8.38218E-05   1.96055E-12     1791.89  0
 4.66100E-03   1.00747E-03   6.94800E-05   8.41163E-05   1.81197E-12     1746.36  0
 4.68100E-03   9.95110E-04   6.46349E-05   8.41911E-05   1.66888E-12     1712.30  0
 4.70100E-03   9.82241E-04   6.02518E-05   8.41785E-05   1.53103E-12     1686.50  0
 4.72100E-03   9.65554E-04   5.64602E-05   8.41739E-05   1.39924E-12     1666.78  0
 4.74100E-03   9.48485E-04   5.28634E-05   8.42501E-05   1.27351E-12     1651.77  0
 4.76100E-03   9.29263E-04   4.88622E-05   8.42974E-05   1.15488E-12     1640.52  0
 4.78100E-03   9.06761E-04   4.56686E-05   8.43186E-05   1.04232E-12     1632.32  0
 4.80100E-03   8.82922E-04   4.29871E-05   8.16633E-05   8.76312E-13     1626.49  0
 4.82100E-03   8.56013E-04   3.97725E-05   8.71029E-05   7.66095E-13     1623.39  0
 4.84100E-03   8.26119E-04   3.78413E-05   8.80636E-05   6.67395E-13     1622.51  0
 4.86100E-03   7.93744E-04   3.47591E-05   8.86197E-05   5.77984E-13     1621.61  0
 4.88100E-03   7.59116E-04   3.29927E-05   8.87550E-05   4.96460E-13     1620.40  0
 4.90100E-03   7.31487E-04   3.03076E-05   8.84813E-05   4.21526E-13     1618.87  0
 4.92100E-03   7.02235E-04   2.85797E-05   8.78868E-05   3.53133E-13     1617.03  0
 4.94100E-03   6.69691E-04   2.67862E-05   8.70719E-05   2.90922E-13     1614.90  0
 4.96100E-03   6.35870E-04   2.44133E-05   8.59036E-05   2.34796E-13     1612.46  0
 4.98100E-03   5.97808E-04   2.30618E-05   8.45079E-05   1.84752E-13     1609.74  0
 5.00100E-03   5.56185E-04   2.04795E-05   7.90745E-05   2.00419E-13     1606.44  1
 5.02100E-03   4.02756E-05   1.03155E-04   5.01101E-05   3.17780E-13     1851.33  1
 5.04100E-03   7.55648E-05   1.08023E-04   5.61635E-05   4.29907E-13     2397.52  1
 5.06100E-03   1.06646E-04   1.08637E-04   6.09505E-05   5.40906E-13     2663.48  1
 5.08100E-03   1.36502E-04   1.08863E-04   6.26132E-05   6.50982E-13     2740.07  1
 5.10100E-03   1.65848E-04   1.09025E-04   6.36919E-05   7.66117E-13     2787.90  1
 5.12100E-03   1.95205E-04   1.09339E-04   6.45440E-05   8.88484E-13     2790.06  1
 5.14100E-03   2.25150E-04   1.09595E-04   6.53258E-05   1.00907E-12     2801.36  1
 5.16100E-03   2.54578E-04   1.09777E-04   6.60532E-05   1.12602E-12     2810.69  1
 5.18100E-03   2.84336E-04   1.09882E-04   6.67080E-05   1.23990E-12     2805.76  1
 5.20100E-03   3.12904E-04   1.09995E-04   6.73249E-05   1.34938E-12     2807.72  1
 5.22100E-03   3.42879E-04   1.10107E-04   6.78652E-05   1.45678E-12     2816.61  1
 5.24100E-03   3.72693E-04   1.10245E-04   6.84545E-05   1.56939E-12     2835.18  1
 5.26100E-03   4.02447E-04   1.10302E-04   7.13351E-05   1.67668E-12     2864.08  1
 5.28100E-03   4.32206E-04   1.10338E-04   7.28234E-05   1.78606E-12     2879.12  1
 5.30100E-03   4.47716E-04   1.10370E-04   7.35350E-05   1.88961E-12     2888.58  1
 5.32100E-03   4.75992E-04   1.10423E-04   7.40952E-05   1.99607E-12     2864.16  1
 5.34100E-03   5.04973E-04   1.10534E-04   7.45794E-05   2.10059E-12     2781.84  1
 5.36100E-03   5.34346E-04   1.10569E-04   7.52371E-05   2.19362E-12     2780.26  1
 5.38100E-03   5.63801E-04   1.10610E-04   7.57923E-05   2.28242E-12     2818.19  1
 5.40100E-03   5.87586E-04   1.10622E-04   7.62432E-05   2.36696E-12     2806.38  1
 5.42100E-03   6.19787E-04   1.10645E-04   7.66506E-05   2.44890E-12     2823.94  1
 5.44100E-03   6.45062E-04   1.10770E-04   7.70024E-05   2.52397E-12     2853.62  1
 5.46101E-03   6.67440E-04   1.10776E-04   7.72771E-05   2.59702E-12     2870.53  1
 5.48101E-03   6.92771E-04   1.10706E-04   7.74890E-05   2.66969E-12     2877.36  1
 5.50101E-03   7.15048E-04   1.10647E-04   7.76544E-05   2.73726E-12     2873.33  1
 5.52101E-03   7.38543E-04   1.10715E-04   7.78018E-05   2.80320E-12     2866.23  1
 5.54101E-03   7.62531E-04   1.10751E-04   7.80775E-05   2.86782E-12     2848.68  1
 5.56101E-03   7.84521E-04   1.10756E-04   7.84251E-05   2.92618E-12     2856.68  1
 5.58101E-03   8.08467E-04   1.10835E-04   7.86891E-05   2.98213E-12     2880.95  1
 5.60101E-03   8.25242E-04   1.10734E-04   7.88516E-05   3.03969E-12     2850.70  1
 5.62101E-03   8.49611E-04   1.10728E-04   7.89870E-05   3.09288E-12     2867.70  1
 5.64101E-03   8.73098E-04   1.10848E-04   7.91145E-05   3.14075E-12     2880.60  1
 5.66101E-03   8.96094E-04   1.10831E-04   7.91899E-05   3.18556E-12     2874.16  1
 5.68101E-03   9.05590E-04   1.10717E-04   7.93520E-05   3.22776E-12     2896.74  1
 5.70101E-03   9.28961E-04   1.10609E-04   7.95053E-05   3.26798E-12     2869.44  1
 5.72101E-03   9.49764E-04   1.10635E-04   7.96876E-05   3.31269E-12     2822.91  1
 5.74101E-03   9.74724E-04   1.10610E-04   8.09166E-05   3.35559E-12     2813.81  1
 5.76101E-03   9.95628E-04   1.10556E-04   8.14316E-05   3.38822E-12     2819.87  1
 5.78101E-03   1.01836E-03   1.10520E-04   8.17549E-05   3.41820E-12     2855.28  1
 5.80101E-03   1.03985E-03   1.10339E-04   8.20161E-05   3.44416E-12     2865.65  1
 5.82101E-03   1.06352E-03   1.10206E-04   8.22016E-05   3.46681E-12     2867.35  1
 5.84101E-03   1.08943E-03   1.10193E-04   8.23278E-05   3.48465E-12     2873.31  1
 5.86101E-03   1.10882E-03   1.09992E-04   8.24181E-05   3.49377E-12     2847.63  1
 5.88101E-03   1.13481E-03   1.09792E-04   8.24633E-05   3.50113E-12     2849.41  1
 5.90101E-03   1.15416E-03   1.09594E-04   8.24613E-05   3.49963E-12     2862.35  1
 5.92101E-03   1.17911E-03   1.09407E-04   8.25303E-05   3.49633E-12     2846.20  1
 5.94101E-03   1.19839E-03   1.09199E-04   8.26568E-05   3.49176E-12     2820.39  1
 5.96101E-03   1.21839E-03   1.08972E-04   8.27369E-05   3.47464E-12     2791.64  1
 5.98101E-03   1.23553E-03   1.08804E-04   8.27991E-05   3.29910E-12     2789.84  0
 6.00101E-03   1.22120E-03   1.05847E-04   8.01894E-05   3.10185E-12     2417.02  0
 6.02101E-03   1.20795E-03   1.02520E-04   8.53945E-05   2.92073E-12     2193.56  0
 6.04101E-03   1.19430E-03   9.76888E-05   8.61851E-05   2.73390E-12     2050.22  0
 6.06101E-03   1.17721E-03   9.26955E-05   8.64819E-05   2.55202E-12     1949.46  0
 6.08101E-03   1.16163E-03   8.76151E-05   8.65798E-05   2.37879E-12     1877.05  0
 6.10101E-03   1.14646E-03   8.24141E-05   8.65355E-05   2.21391E-12     1822.86  0
 6.12101E-03   1.12547E-03   7.67712E-05   8.63893E-05   2.05660E-12     1780.46  0
 6.14101E-03   1.10750E-03   7.15879E-05   8.61677E-05   1.90633E-12     1747.21  0
 6.16101E-03   1.08626E-03   6.67562E-05   8.58997E-05   1.76232E-12     1720.11  0
 6.18101E-03   1.06561E-03   6.25715E-05   8.55902E-05   1.62405E-12     1697.71  0
 6.20101E-03   1.03958E-03   5.69681E-05   8.21023E-05   1.39645E-12     1678.51  0
 6.22101E-03   1.01461E-03   5.34668E-05   9.12444E-05   1.24996E-12     1661.63  0
 6.24101E-03   9.88618E-04   4.99443E-05   9.14764E-05   1.11512E-12     1646.94  0
 6.26101E-03   9.55800E-04   4.76199E-05   9.16501E-05   9.90653E-13     1635.76  0
 6.28101E-03   9.20798E-04   4.41215E-05   9.17701E-05   8.75412E-13     1628.05  0
 6.30101E-03   8.84682E-04   4.19189E-05   9.18466E-05   7.68592E-13     1623.74  0
 6.32101E-03   8.51241E-04   3.89873E-05   9.18861E-05   6.70701E-13     1622.56  0
 6.34101E-03   8.14540E-04   3.69519E-05   9.18909E-05   5.80395E-13     1621.70  0
 6.36101E-03   7.79211E-04   3.41321E-05   9.18364E-05   4.97424E-13     1620.55  0
 6.38101E-03   7.40201E-04   3.25711E-05   9.17484E-05   4.21502E-13     1619.11  0
 6.40101E-03   6.96452E-04   2.93825E-05   8.55375E-05   3.32446E-13     1617.41  0
 6.42101E-03   6.54232E-04   2.79282E-05   9.07168E-05   2.68344E-13     1615.46  0
 6.44101E-03   6.11259E-04   2.52725E-05   8.60580E-05   2.11613E-13     1613.23  0
 6.46101E-03   5.65388E-04   2.36041E-05   8.39467E-05   1.62169E-13     1610.72  0
 6.48101E-03   5.19442E-04   2.17923E-05   8.25069E-05   2.18479E-13     1607.88  1
 6.50101E-03   4.44897E-05   1.05247E-04   4.49129E-05   3.49826E-13     1868.11  1
 6.52101E-03   7.73546E-05   1.09132E-04   5.84024E-05   4.72077E-13     2528.24  1
 6.54101E-03   1.06717E-04   1.09827E-04   6.24497E-05   5.92025E-13     2700.45  1
 6.56101E-03   1.32012E-04   1.10114E-04   6.38792E-05   7.12311E-13     2769.94  1
 6.58101E-03   1.59268E-04   1.10220E-04   6.48976E-05   8.39296E-13     2749.33  1
 6.60101E-03   1.87342E-04   1.10031E-04   6.58385E-05   9.74659E-13     2700.17  1
 6.62101E-03   2.16446E-04   1.10186E-04   7.03437E-05   1.11568E-12     2699.15  1
 6.64101E-03   2.45782E-04   1.10368E-04   7.22314E-05   1.25186E-12     2719.47  1
 6.66101E-03   2.75488E-04   1.10427E-04   7.33314E-05   1.37625E-12     2735.59  1
 6.68101E-03   3.03130E-04   1.10521E-04   7.41637E-05   1.50662E-12     2764.68  1
 6.70101E-03   3.28071E-04   1.10525E-04   7.68828E-05   1.64043E-12     2785.44  1
 6.72101E-03   3.55426E-04   1.10515E-04   7.84011E-05   1.76016E-12     2726.24  1
 6.74101E-03   3.84146E-04   1.10568E-04   7.89919E-05   1.88142E-12     2727.77  1
 6.76101E-03   4.13245E-04   1.10668E-04   7.93341E-05   1.99951E-12     2730.50  1
 6.78102E-03   4.42680E-04   1.10687E-04   7.95593E-05   2.11006E-12     2749.03  1
 6.80102E-03   4.70189E-04   1.10703E-04   7.97139E-05   2.21017E-12     2747.11  1
 6.82102E-03   5.01334E-04   1.10738E-04   7.99149E-05   2.31147E-12     2775.41  1
 6.84102E-03   5.31249E-04   1.10855E-04   8.00956E-05   2.40698E-12     2792.08  1
 6.86102E-03   5.58868E-04   1.10875E-04   8.03455E-05   2.49477E-12     2801.23  1
 6.88102E-03   5.84230E-04   1.10802E-04   8.05695E-05   2.58379E-12     2807.82  1
 6.90102E-03   6.12281E-04   1.10741E-04   8.07710E-05   2.66941E-12     2748.67  1
 6.92102E-03   6.41425E-04   1.10787E-04   8.09840E-05   2.75081E-12     2741.03  1
 6.94102E-03   6.70697E-04   1.10829E-04   8.11609E-05   2.83042E-12     2754.39  1
 6.96102E-03   6.96380E-04   1.10844E-04   8.13763E-05   2.90373E-12     2777.05  1
 6.98102E-03   7.20005E-04   1.10916E-04   8.15537E-05   2.97228E-12     2797.55  1
 7.00102E-03   7.40536E-04   1.10815E-04   8.16636E-05   3.04060E-12     2770.38  1
 7.02102E-03   7.63780E-04   1.10816E-04   8.17720E-05   3.10531E-12     2767.89  1
 7.04102E-03   7.89775E-04   1.10943E-04   8.19474E-05   3.16569E-12     2802.26  1
 7.06102E-03   8.10989E-04   1.10951E-04   8.20947E-05   3.22139E-12     2810.27  1
 7.08102E-03   8.34129E-04   1.10849E-04   8.22435E-05   3.27597E-12     2822.85  1
 7.10102E-03   8.55168E-04   1.10759E-04   8.23570E-05   3.32547E-12     2772.58  1
 7.12102E-03   8.81714E-04   1.10782E-04   8.24342E-05   3.37332E-12     2758.63  1
 7.14102E-03   9.04884E-04   1.10798E-04   8.25071E-05   3.42114E-12     2770.23  1
 7.16102E-03   9.32100E-04   1.10788E-04   8.26069E-05   3.46342E-12     2783.83  1
 7.18102E-03   9.56570E-04   1.10828E-04   8.26498E-05   3.49824E-12     2815.73  1
 7.20102E-03   9.79777E-04   1.10726E-04   8.27133E-05   3.53496E-12     2832.83  1
 7.22102E-03   1.00642E-03   1.10598E-04   8.28166E-05   3.56349E-12     2776.24  1
 7.24102E-03   1.03409E-03   1.10568E-04   8.28725E-05   3.58904E-12     2762.60  1
 7.26102E-03   1.06186E-03   1.10533E-04   8.28933E-05   3.61654E-12     2767.82  1
 7.28102E-03   1.08448E-03   1.10416E-04   8.29397E-05   3.63388E-12     2774.28  1
 7.30102E-03   1.10920E-03   1.10339E-04   8.29417E-05   3.64823E-12     2804.27  1
 7.32102E-03   1.12817E-03   1.10136E-04   8.29340E-05   3.48346E-12     2812.69  0
 7.34102E-03   1.12461E-03   1.08085E-04   8.29278E-05   3.31088E-12     2429.23  0
 7.36102E-03   1.11671E-03   1.04181E-04   8.28808E-05   3.13959E-12     2237.07  0
 7.38102E-03   1.11132E-03   1.00505E-04   8.28071E-05   2.97070E-12     2106.70  0
 7.40102E-03   1.09915E-03   9.66066E-05   8.25670E-05   2.76670E-12     2009.13  0
 7.42102E-03   1.09204E-03   9.27526E-05   8.45391E-05   2.60294E-12     1927.20  0
 7.44102E-03   1.08074E-03   8.81060E-05   8.53075E-05   2.43821E-12     1857.91  0
 7.46102E-03   1.06865E-03   8.35826E-05   8.57089E-05   2.27705E-12     1802.94  0
 7.48102E-03   1.05583E-03   7.91146E-05   8.57341E-05   2.12032E-12     1761.48  0
 7.50102E-03   1.04334E-03   7.48443E-05   8.55818E-05   1.96830E-12     1728.67  0
 7.52102E-03   1.03027E-03   7.09286E-05   8.53399E-05   1.82208E-12     1702.43  0
 7.54102E-03   1.01627E-03   6.73832E-05   8.51462E-05   1.68152E-12     1681.72  0
 7.56102E-03   9.95561E-04   6.31253E-05   8.49754E-05   1.54705E-12     1665.01  0
 7.58102E-03   9.74310E-04   5.90612E-05   8.48193E-05   1.41843E-12     1651.80  0
 7.60102E-03   9.45963E-04   5.47034E-05   8.22081E-05   1.19639E-12     1641.06  0
 7.62102E-03   9.25415E-04   5.21591E-05   9.11951E-05   1.06039E-12     1633.13  0
 7.64102E-03   8.93811E-04   4.86051E-05   9.17508E-05   9.38592E-13     1627.38  0
 7.66102E-03   8.62622E-04   4.56437E-05   9.20020E-05   8.27840E-13     1623.88  0
 7.68102E-03   8.27252E-04   4.32305E-05   9.21937E-05   7.27110E-13     1622.75  0
 7.70102E-03   7.87603E-04   4.02486E-05   9.23221E-05   6.34473E-13     1622.09  0
 7.72102E-03   7.51392E-04   3.82582E-05   9.23990E-05   5.49835E-13     1621.19  0
 7.74102E-03   7.11633E-04   3.56112E-05   9.24263E-05   4.72096E-13     1620.10  0
 7.76102E-03   6.75357E-04   3.36253E-05   9.23871E-05   4.01424E-13     1618.79  0
 7.78102E-03   6.33000E-04   3.16867E-05   9.23092E-05   3.37204E-13     1617.27  0
 7.80102E-03   5.88418E-04   2.89197E-05   8.75507E-05   2.63446E-13     1615.16  0
 7.82102E-03   5.51709E-04   2.76250E-05   8.92059E-05   3.05065E-13     1613.12  1
 7.84102E-03   4.33589E-05   1.05674E-04   4.67112E-05   4.29579E-13     1881.45  1
 7.86102E-03   7.85013E-05   1.09211E-04   5.83290E-05   5.41936E-13     2553.00  1
 7.88102E-03   1.08576E-04   1.09902E-04   6.29030E-05   6.55681E-13     2743.84  1
 7.90102E-03   1.38058E-04   1.10184E-04   6.42875E-05   7.71272E-13     2801.82  1
 7.92102E-03   1.67826E-04   1.10269E-04   6.55464E-05   8.91546E-13     2827.39  1
 7.94102E-03   1.97584E-04   1.10293E-04   6.65440E-05   1.00863E-12     2825.46  1
 7.96102E-03   2.27224E-04   1.10357E-04   6.73850E-05   1.12736E-12     2809.66  1
 7.98102E-03   2.56603E-04   1.10474E-04   6.81564E-05   1.24968E-12     2810.64  1
 8.00102E-03   2.84122E-04   1.10296E-04   6.90832E-05   1.41583E-12     2766.91  1
 8.02102E-03   3.13509E-04   1.10455E-04   7.22752E-05   1.54749E-12     2781.02  1
 8.04102E-03   3.42958E-04   1.10651E-04   7.41059E-05   1.66752E-12     2805.97  1
 8.06102E-03   3.60082E-04   1.10693E-04   7.51204E-05   1.78209E-12     2809.33  1
 8.08102E-03   3.88313E-04   1.10653E-04   7.59470E-05   1.89839E-12     2803.02  1
 8.10102E-03   4.16975E-04   1.10605E-04   7.67251E-05   2.00644E-12     2774.35  1
 8.12102E-03   4.46085E-04   1.10690E-04   7.74750E-05   2.10988E-12     2778.48  1
 8.14102E-03   4.75381E-04   1.10738E-04   7.81560E-05   2.21331E-12     2801.18  1
 8.16103E-03   5.04975E-04   1.10754E-04   7.88221E-05   2.31729E-12     2793.51  1
 8.18103E-03   5.34417E-04   1.10841E-04   8.08231E-05   2.41837E-12     2820.50  1
 8.20103E-03   5.58982E-04   1.10761E-04   8.24480E-05   2.51335E-12     2806.04  1
 8.22103E-03   5.93727E-04   1.10775E-04   8.32704E-05   2.60604E-12     2813.03  1
 8.24103E-03   6.18927E-04   1.10906E-04   8.37197E-05   2.69042E-12     2844.63  1
 8.26103E-03   6.45870E-04   1.10924E-04   8.40736E-05   2.77076E-12     2858.32  1
 8.28103E-03   6.74266E-04   1.10844E-04   8.44349E-05   2.84932E-12     2866.91  1
 8.30103E-03   7.02008E-04   1.10776E-04   8.47289E-05   2.92243E-12     2858.26  1
 8.32103E-03   7.26511E-04   1.10809E-04   8.49542E-05   2.99433E-12     2845.02  1
 8.34103E-03   7.53271E-04   1.10844E-04   8.51140E-05   3.06457E-12     2832.15  1
 8.36103E-03   7.78211E-04   1.10849E-04   8.52800E-05   3.12791E-12     2830.74  1
 8.38103E-03   8.03406E-04   1.10913E-04   8.53820E-05   3.18485E-12     2854.05  1
 8.40103E-03   8.22166E-04   1.10811E-04   8.53956E-05   3.24310E-12     2848.37  1
 8.42103E-03   8.49307E-04   1.10785E-04   8.54162E-05   3.30011E-12     2850.92  1
 8.44103E-03   8.76092E-04   1.10851E-04   8.54128E-05   3.34903E-12     2854.93  1
 8.46103E-03   8.97790E-04   1.10839E-04   8.54607E-05   3.39360E-12     2837.82  1
 8.48103E-03   9.12888E-04   1.10694E-04   8.55330E-05   3.26091E-12     2844.52  0
 8.50103E-03   9.09790E-04   1.08501E-04   8.56012E-05   3.12037E-12     2463.66  0
 8.52103E-03   9.03715E-04   1.05337E-04   8.57003E-05   2.97927E-12     2277.47  0
 8.54103E-03   9.01456E-04   1.02659E-04   8.57974E-05   2.84175E-12     2160.57  0
 8.56103E-03   8.95718E-04   9.83753E-05   8.58331E-05   2.70878E-12     2077.33  0
 8.58103E-03   8.90936E-04   9.41626E-05   8.58237E-05   2.58070E-12     2010.96  0
 8.60103E-03   8.85526E-04   9.02798E-05   8.53254E-05   2.44959E-12     1955.09  0
 8.62103E-03   8.82532E-04   8.68459E-05   8.64706E-05   2.33105E-12     1903.78  0
 8.64103E-03   8.74095E-04   8.29898E-05   8.60195E-05   2.21490E-12     1858.76  0
 8.66103E-03   8.70285E-04   7.88119E-05   8.55071E-05   2.10107E-12     1819.37  0
 8.68103E-03   8.62406E-04   7.50836E-05   8.49267E-05   1.98861E-12     1785.38  0
 8.70103E-03   8.58976E-04   7.22798E-05   8.42774E-05   1.87883E-12     1755.85  0
 8.72103E-03   8.57220E-04   6.83893E-05   8.35716E-05   1.77055E-12     1730.22  0
 8.74103E-03   8.54978E-04   6.49514E-05   8.28167E-05   1.66417E-12     1708.14  0
 8.76103E-03   8.45764E-04   6.25871E-05   8.20288E-05   1.55954E-12     1689.32  0
 8.78103E-03   8.39422E-04   5.88876E-05   8.12316E-05   1.45686E-12     1673.23  0
 8.80103E-03   8.30608E-04   5.54982E-05   7.89388E-05   1.29098E-12     1659.79  0
 8.82103E-03   8.20867E-04   5.32015E-05   8.31431E-05   1.17694E-12     1647.94  0
 8.84103E-03   8.09630E-04   5.01839E-05   8.33218E-05   1.06942E-12     1637.92  0
 8.86103E-03   7.98669E-04   4.81256E-05   8.34267E-05   9.67793E-13     1630.37  0
 8.88103E-03   7.86782E-04   4.52591E-05   8.34807E-05   8.72073E-13     1625.42  0
 8.90103E-03   7.71306E-04   4.33098E-05   8.34967E-05   7.82204E-13     1623.05  0
 8.92103E-03   7.56463E-04   4.06955E-05   8.34853E-05   6.97628E-13     1622.48  0
 8.94103E-03   7.42499E-04   3.86902E-05   8.34523E-05   6.18296E-13     1621.72  0
 8.96103E-03   7.26781E-04   3.66954E-05   8.33888E-05   5.43878E-13     1620.74  0
 8.98103E-03   7.13640E-04   3.42546E-05   8.33035E-05   5.68129E-13     1619.60  1
 9.00103E-03   5.00337E-05   1.04941E-04   4.84594E-05   6.40019E-13     1843.99  1
 9.02103E-03   7.52730E-05   1.09103E-04   5.78103E-05   7.16450E-13     2482.39  1
 9.04103E-03   1.02229E-04   1.09940E-04   6.24338E-05   8.03321E-13     2658.82  1
 9.06103E-03   1.30274E-04   1.10144E-04   6.38533E-05   8.90320E-13     2691.37  1
 9.08103E-03   1.59201E-04   1.10209E-04   6.46358E-05   9.83139E-13     2698.57  1
 9.10103E-03   1.88439E-04   1.10345E-04   6.55252E-05   1.08431E-12     2708.54  1
 9.12103E-03   2.17966E-04   1.10381E-04   6.63273E-05   1.18214E-12     2726.95  1
 9.14103E-03   2.47288E-04   1.10427E-04   6.69931E-05   1.27688E-12     2768.06  1
 9.16103E-03   2.72324E-04   1.10449E-04   6.76503E-05   1.37982E-12     2788.41  1
 9.18103E-03   2.99398E-04   1.10430E-04   6.82606E-05   1.49639E-12     2732.28  1
 9.20103E-03   3.27715E-04   1.10415E-04   7.09742E-05   1.61381E-12     2712.44  1
 9.22103E-03   3.61472E-04   1.10559E-04   7.25827E-05   1.73049E-12     2733.68  1
 9.24103E-03   3.90951E-04   1.10654E-04   7.33417E-05   1.84140E-12     2759.47  1
 9.26103E-03   4.16561E-04   1.10642E-04   7.38393E-05   1.95041E-12     2800.62  1
 9.28103E-03   4.43950E-04   1.10587E-04   7.42470E-05   2.05884E-12     2749.24  1
 9.30103E-03   4.72589E-04   1.10548E-04   7.45769E-05   2.15893E-12     2731.21  1
 9.32103E-03   5.02069E-04   1.10640E-04   7.48623E-05   2.25636E-12     2733.66  1
 9.34103E-03   5.31671E-04   1.10679E-04   7.50858E-05   2.35259E-12     2747.09  1
 9.36103E-03   5.61759E-04   1.10695E-04   7.53099E-05   2.44211E-12     2771.16  1
 9.38103E-03   5.90178E-04   1.10773E-04   7.55611E-05   2.52261E-12     2792.03  1
 9.40103E-03   6.14285E-04   1.10703E-04   7.57392E-05   2.60334E-12     2787.48  1
 9.42103E-03   6.42562E-04   1.10646E-04   7.58892E-05   2.67543E-12     2745.54  1
 9.44103E-03   6.67930E-04   1.10701E-04   7.60992E-05   2.75098E-12     2761.06  1
 9.46104E-03   6.93890E-04   1.10631E-04   7.63304E-05   2.82113E-12     2767.31  1
 9.48104E-03   7.21275E-04   1.10620E-04   7.65350E-05   2.71810E-12     2794.44  0
 9.50104E-03   7.20701E-04   1.08433E-04   7.67424E-05   2.60574E-12     2444.67  0
 9.52104E-03   7.17486E-04   1.05185E-04   7.69068E-05   2.49013E-12     2276.20  0
 9.54104E-03   7.16005E-04   1.02528E-04   7.70951E-05   2.37473E-12     2165.44  0
 9.56104E-03   7.13958E-04   9.82171E-05   7.72206E-05   2.26134E-12     2079.41  0
 9.58104E-03   7.07931E-04   9.39674E-05   7.73049E-05   2.15234E-12     2009.39  0
 9.60104E-03   7.04894E-04   8.98079E-05   7.66179E-05   2.03890E-12     1948.51  0
 9.62104E-03   7.00493E-04   8.62393E-05   7.86012E-05   1.93797E-12     1888.75  0
 9.64104E-03   6.94959E-04   8.27656E-05   7.91028E-05   1.83328E-12     1837.83  0
 9.66104E-03   6.92248E-04   7.85052E-05   7.94509E-05   1.72822E-12     1795.66  0
 9.68104E-03   6.85544E-04   7.45641E-05   7.93689E-05   1.62404E-12     1760.49  0
 9.70104E-03   6.82717E-04   7.13731E-05   7.90720E-05   1.52178E-12     1730.99  0
 9.72104E-03   6.76411E-04   6.80021E-05   7.86419E-05   1.42207E-12     1706.45  0
 9.74104E-03   6.72968E-04   6.41689E-05   7.81339E-05   1.32496E-12     1685.73  0
 9.76104E-03   6.66518E-04   6.11904E-05   7.75984E-05   1.23070E-12     1668.61  0
 9.78104E-03   6.62649E-04   5.81566E-05   7.71643E-05   1.13946E-12     1654.51  0
 9.80104E-03   6.51644E-04   5.42724E-05   7.55145E-05   9.85663E-13     1642.98  0
 9.82104E-03   6.48285E-04   5.20449E-05   8.23565E-05   8.88099E-13     1633.29  0
 9.84104E-03   6.40468E-04   4.88530E-05   8.27718E-05   7.97553E-13     1627.01  0
 9.86104E-03   6.32193E-04   4.63272E-05   8.30836E-05   7.13375E-13     1623.45  0
 9.88104E-03   6.17971E-04   4.37144E-05   8.33160E-05   6.35193E-13     1622.60  0
 9.90104E-03   6.05356E-04   4.13415E-05   8.34747E-05   5.61832E-13     1621.89  0
 9.92104E-03   5.92176E-04   3.88863E-05   8.35850E-05   4.93501E-13     1620.95  0
 9.94104E-03   5.75802E-04   3.69768E-05   8.36529E-05   4.29866E-13     1619.80  0
 9.96104E-03   5.61576E-04   3.43210E-05   8.36797E-05   3.70876E-13     1618.47  0
 9.98104E-03   5.42675E-04   3.28366E-05   8.36656E-05   4.15944E-13     1616.95  1
 1.00010E-02   4.37325E-05   1.05064E-04   4.69255E-05   5.34828E-13     1850.65  1
 1.00210E-02   7.86294E-05   1.09110E-04   5.77071E-05   6.40484E-13     2540.76  1
 1.00410E-02   1.08448E-04   1.09811E-04   6.23004E-05   7.43525E-13     2683.07  1
 1.00610E-02   1.38242E-04   1.10071E-04   6.35900E-05   8.48076E-13     2754.49  1
 1.00810E-02   1.67942E-04   1.10143E-04   6.47323E-05   9.51807E-13     2774.52  1
 1.01010E-02   1.97778E-04   1.10158E-04   6.56191E-05   1.05514E-12     2771.08  1
 1.01210E-02   2.27146E-04   1.10278E-04   6.63241E-05   1.16098E-12     2772.98  1
 1.01410E-02   2.56476E-04   1.10331E-04   6.70060E-05   1.26427E-12     2781.04  1
 1.01610E-02   2.85789E-04   1.10354E-04   6.76363E-05   1.36534E-12     2799.27  1
 1.01810E-02   3.15419E-04   1.10397E-04   6.82308E-05   1.47850E-12     2822.56  1
 1.02010E-02   3.39305E-04   1.10381E-04   7.09322E-05   1.59302E-12     2807.08  1
 1.02210E-02   3.71935E-04   1.10422E-04   7.24673E-05   1.70893E-12     2818.10  1
 1.02410E-02   4.01636E-04   1.10564E-04   7.32411E-05   1.82085E-12     2848.93  1
 1.02610E-02   4.31646E-04   1.10519E-04   7.37649E-05   1.92855E-12     2844.29  1
 1.02810E-02   4.47331E-04   1.10441E-04   7.41703E-05   2.02885E-12     2850.66  1
 1.03010E-02   4.76101E-04   1.10387E-04   7.45372E-05   1.96383E-12     2820.00  0
 1.03210E-02   4.76573E-04   1.08325E-04   7.49220E-05   1.88574E-12     2460.59  0
 1.03410E-02   4.76962E-04   1.04814E-04   7.52640E-05   1.80326E-12     2298.97  0
 1.03610E-02   4.77151E-04   1.02207E-04   7.56125E-05   1.71994E-12     2184.95  0
 1.03810E-02   4.77171E-04   9.80680E-05   7.60168E-05   1.63842E-12     2093.73  0
 1.04010E-02   4.73484E-04   9.33191E-05   7.53648E-05   1.55814E-12     2018.93  0
 1.04210E-02   4.80779E-04   8.92205E-05   7.64217E-05   1.48548E-12     1930.92  0
 1.04410E-02   4.80539E-04   8.52347E-05   7.80948E-05   1.40676E-12     1864.08  0
 1.04610E-02   4.74337E-04   8.19142E-05   7.84908E-05   1.32717E-12     1810.14  0
 1.04810E-02   4.70956E-04   7.79973E-05   7.84980E-05   1.24874E-12     1768.54  0
 1.05010E-02   4.63915E-04   7.37715E-05   7.83030E-05   1.17238E-12     1735.83  0
 1.05210E-02   4.60559E-04   7.00658E-05   7.79940E-05   1.09834E-12     1710.04  0
 1.05410E-02   4.53302E-04   6.71886E-05   7.76119E-05   1.02658E-12     1688.93  0
 1.05610E-02   4.50144E-04   6.33816E-05   7.71896E-05   9.57118E-13     1671.84  0
 1.05810E-02   4.42231E-04   5.99533E-05   7.67790E-05   8.89627E-13     1657.80  0
 1.06010E-02   4.36688E-04   5.76571E-05   7.64177E-05   8.24462E-13     1646.31  0
 1.06210E-02   4.28074E-04   5.40412E-05   7.62796E-05   7.61467E-13     1637.35  0
 1.06410E-02   4.23612E-04   5.16989E-05   7.63814E-05   7.01223E-13     1630.80  0
 1.06610E-02   4.14556E-04   4.87076E-05   7.64770E-05   6.43501E-13     1626.23  0
 1.06810E-02   4.06706E-04   4.63441E-05   7.65682E-05   5.88599E-13     1623.56  0
 1.07010E-02   3.97304E-04   4.38339E-05   7.66533E-05   5.36554E-13     1622.81  0
 1.07210E-02   3.92757E-04   4.18680E-05   7.67269E-05   4.86884E-13     1622.38  0
 1.07410E-02   3.86549E-04   3.92764E-05   7.67861E-05   4.39555E-13     1621.79  0
 1.07610E-02   3.78721E-04   3.78299E-05   7.68283E-05   3.94774E-13     1621.06  0
 1.07810E-02   3.70877E-04   3.52052E-05   7.68503E-05   3.52192E-13     1620.17  0
 1.08010E-02   3.55021E-04   3.32340E-05   7.34630E-05   3.82220E-13     1618.91  1
 1.08210E-02   5.02374E-05   1.04397E-04   5.02212E-05   5.09638E-13     1832.08  1
 1.08410E-02   7.66989E-05   1.08936E-04   5.74045E-05   6.22521E-13     2461.14  1
 1.08610E-02   1.02102E-04   1.09702E-04   6.19800E-05   7.31186E-13     2675.41  1
 1.08810E-02   1.29884E-04   1.09937E-04   6.35022E-05   8.36888E-13     2684.26  1
 1.09010E-02   1.58687E-04   1.09989E-04   6.44400E-05   9.45347E-13     2693.47  1
 1.09210E-02   1.87841E-04   1.10092E-04   6.53022E-05   1.05579E-12     2690.91  1
 1.09410E-02   2.18479E-04   1.10130E-04   6.60670E-05   1.15794E-12     2713.03  1
 1.09610E-02   2.47203E-04   1.10145E-04   6.66949E-05   1.25916E-12     2754.14  1
 1.09810E-02   2.74313E-04   1.10121E-04   6.72742E-05   1.19049E-12     2763.75  0
 1.10010E-02   2.73871E-04   1.08026E-04   6.78484E-05   1.12750E-12     2406.36  0
 1.10210E-02   2.74902E-04   1.04129E-04   7.03809E-05   1.07099E-12     2253.05  0
 1.10410E-02   2.76207E-04   1.00609E-04   7.18677E-05   1.01733E-12     2153.31  0
 1.10610E-02   2.76686E-04   9.72821E-05   7.25496E-05   9.66116E-13     2070.55  0
 1.10810E-02   2.76714E-04   9.30321E-05   7.29474E-05   9.17162E-13     1998.36  0
 1.11010E-02   2.76502E-04   8.86559E-05   7.31380E-05   8.70276E-13     1934.62  0
 1.11210E-02   2.76196E-04   8.45590E-05   7.31513E-05   8.24957E-13     1881.08  0
 1.11410E-02   2.75888E-04   8.08322E-05   7.29929E-05   7.81167E-13     1834.09  0
 1.11610E-02   2.75511E-04   7.75417E-05   7.26737E-05   7.38505E-13     1794.16  0
 1.11810E-02   2.75066E-04   7.33185E-05   7.22170E-05   6.96795E-13     1761.17  0
 1.12010E-02   2.74586E-04   6.94294E-05   7.16372E-05   6.55724E-13     1732.95  0
 1.12210E-02   2.74127E-04   6.61545E-05   7.09692E-05   6.15215E-13     1709.25  0
 1.12410E-02   2.73802E-04   6.30375E-05   7.02437E-05   5.75219E-13     1689.52  0
 1.12610E-02   2.73609E-04   5.93152E-05   6.94960E-05   5.35843E-13     1673.19  0
 1.12810E-02   2.73365E-04   5.65772E-05   6.87606E-05   4.96960E-13     1659.29  0
 1.13010E-02   2.73056E-04   5.34822E-05   6.80856E-05   4.58694E-13     1647.75  0
 1.13210E-02   2.72683E-04   5.04843E-05   6.75374E-05   4.21057E-13     1638.44  0
 1.13410E-02   2.72143E-04   4.81606E-05   6.73081E-05   3.85135E-13     1631.31  0
 1.13610E-02   2.67404E-04   4.51279E-05   6.72670E-05   3.50522E-13     1626.34  0
 1.13810E-02   2.62824E-04   4.31004E-05   6.72414E-05   3.17514E-13     1623.52  0
 1.14010E-02   2.58764E-04   4.04649E-05   6.72264E-05   2.86390E-13     1622.77  0
 1.14210E-02   2.52085E-04   3.86306E-05   6.72149E-05   2.56815E-13     1622.30  0
 1.14411E-02   2.44439E-04   3.68268E-05   6.72016E-05   2.28766E-13     1621.64  0
 1.14611E-02   2.40608E-04   3.44375E-05   6.71813E-05   2.02277E-13     1620.81  0
 1.14811E-02   2.32878E-04   3.30945E-05   6.71491E-05   1.77589E-13     1619.78  0
 1.15011E-02   2.22153E-04   3.08111E-05   6.71009E-05   1.54402E-13     1618.56  0
 1.15211E-02   2.13087E-04   2.90768E-05   6.70303E-05   1.32881E-13     1617.12  0
 1.15411E-02   2.01971E-04   2.78507E-05   6.69307E-05   1.12910E-13     1615.47  0
 1.15611E-02   1.88405E-04   2.54821E-05   6.67957E-05   9.43699E-14     1613.56  0
 1.15811E-02   1.83654E-04   2.39788E-05   6.66127E-05   7.73638E-14     1611.40  0
 1.16011E-02   1.75436E-04   2.28161E-05   6.63744E-05   6.18245E-14     1608.98  0
 1.16211E-02   1.70692E-04   2.04903E-05   6.60734E-05   4.77721E-14     1606.25  0
 1.16411E-02   1.60379E-04   1.89851E-05   6.56751E-05   3.52780E-14     1603.23  0
 1.16611E-02   1.52623E-04   1.78651E-05   6.51751E-05   2.46045E-14     1599.91  0
 1.16811E-02   1.42379E-04   1.55634E-05   6.45053E-05   1.56888E-14     1596.16  0
 1.17011E-02   1.24806E-04   1.39491E-05   6.22038E-05   8.87250E-15     1592.04  0
 1.17211E-02   1.04554E-04   1.26928E-05   5.25481E-05   4.12800E-15     1587.64  0
 1.17411E-02   8.28037E-05   9.69507E-06   4.30213E-05   1.14283E-15     1582.21  0
 1.17611E-02   5.71841E-05   7.85996E-06   3.21388E-05   1.87728E-17     1575.82  0
 1.17811E-02   7.29493E-06   2.83838E-06   1.13989E-05   0.00000E+00     1564.26  0
 1.18011E-02   0.00000E+00   0.00000E+00   0.00000E+00   0.00000E+00     1525.34  0
 1.18211E-02   0.00000E+00   0.00000E+00   0.00000E+00   0.00000E+00     1497.14  0
 1.18411E-02   0.00000E+00   0.00000E+00   0.00000E+00   0.00000E+00     1487.88  0
 1.18611E-02   0.00000E+00   0.00000E+00   0.00000E+00   0.00000E+00     1477.90  0
 1.18811E-02   0.00000E+00   0.00000E+00   0.00000E+00   0.00000E+00     1467.48  0
 1.19011E-02   0.00000E+00   0.00000E+00   0.00000E+00   0.00000E+00     1456.82  0
 1.19211E-02   0.00000E+00   0.00000E+00   0.00000E+00   0.00000E+00     1446.05  0
 1.19411E-02   0.00000E+00   0.00000E+00   0.00000E+00   0.00000E+00     1435.26  0
 1.19611E-02   0.00000E+00   0.00000E+00   0.00000E+00   0.00000E+00     1424.56  0
 1.19811E-02   0.00000E+00   0.00000E+00   0.00000E+00   0.00000E+00     1413.96  0
 1.20011E-02   0.00000E+00   0.00000E+00   0.00000E+00   0.00000E+00     1403.47  0
 1.20211E-02   0.00000E+00   0.00000E+00   0.00000E+00   0.00000E+00     1393.12  0
 1.20411E-02   0.00000E+00   0.00000E+00   0.00000E+00   0.00000E+00     1382.91  0
 1.20611E-02   0.00000E+00   0.00000E+00   0.00000E+00   0.00000E+00     1372.85  0
 1.20811E-02   0.00000E+00   0.00000E+00   0.00000E+00   0.00000E+00     1367.19  0
 1.21011E-02   0.00000E+00   0.00000E+00   0.00000E+00   0.00000E+00     1362.33  0
 1.21211E-02   0.00000E+00   0.00000E+00   0.00000E+00   0.00000E+00     1357.29  0
 1.21411E-02   0.00000E+00   0.00000E+00   0.00000E+00   0.00000E+00     1352.08  0
 1.21611E-02   0.00000E+00   0.00000E+00   0.00000E+00   0.00000E+00     1346.74  0
 1.21811E-02   0.00000E+00   0.00000E+00   0.00000E+00   0.00000E+00     1341.26  0
 1.22011E-02   0.00000E+00   0.00000E+00   0.00000E+00   0.00000E+00     1335.68  0
 1.22211E-02   0.00000E+00   0.00000E+00   0.00000E+00   0.00000E+00     1330.00  0
 1.22411E-02   0.00000E+00   0.00000E+00   0.00000E+00   0.00000E+00     1324.23  0
 1.22611E-02   0.00000E+00   0.00000E+00   0.00000E+00   0.00000E+00     1318.39  0
 1.22811E-02   0.00000E+00   0.00000E+00   0.00000E+00   0.00000E+00     1312.49  0
 1.23011E-02   0.00000E+00   0.00000E+00   0.00000E+00   0.00000E+00     1306.54  0
 1.23211E-02   0.00000E+00   0.00000E+00   0.00000E+00   0.00000E+00     1300.54  0
 1.23411E-02   0.00000E+00   0.00000E+00   0.00000E+00   0.00000E+00     1294.50  0
 1.23611E-02   0.00000E+00   0.00000E+00   0.00000E+00   0.00000E+00     1288.44  0
 1.23811E-02   0.00000E+00   0.00000E+00   0.00000E+00   0.00000E+00     1282.35  0
 1.24011E-02   0.00000E+00   0.00000E+00   0.00000E+00   0.00000E+00     1276.25  0
 1.24211E-02   0.00000E+00   0.00000E+00   0.00000E+00   0.00000E+00     1270.14  0
 1.24411E-02   0.00000E+00   0.00000E+00   0.00000E+00   0.00000E+00     1264.03  0
 1.24611E-02   0.00000E+00   0.00000E+00   0.00000E+00   0.00000E+00     1257.92  0
 1.24811E-02   0.00000E+00   0.00000E+00   0.00000E+00   0.00000E+00     1251.81  0
 1.25011E-02   0.00000E+00   0.00000E+00   0.00000E+00   0.00000E+00     1245.72  0
 1.25211E-02   0.00000E+00   0.00000E+00   0.00000E+00   0.00000E+00     1239.63  0
 1.25411E-02   0.00000E+00   0.00000E+00   0.00000E+00   0.00000E+00     1233.57  0
 1.25611E-02   0.00000E+00   0.00000E+00   0.00000E+00   0.00000E+00     1227.53  0
 1.25811E-02   0.00000E+00   0.00000E+00   0.00000E+00   0.00000E+00     1221.51  0
 1.26011E-02   0.00000E+00   0.00000E+00   0.00000E+00   0.00000E+00     1215.52  0
 1.26211E-02   0.00000E+00   0.00000E+00   0.00000E+00   0.00000E+00     1209.56  0
 1.26411E-02   0.00000E+00   0.00000E+00   0.00000E+00   0.00000E+00     1203.64  0
 1.26611E-02   0.00000E+00   0.00000E+00   0.00000E+00   0.00000E+00     1197.74  0
 1.26811E-02   0.00000E+00   0.00000E+00   0.00000E+00   0.00000E+00     1191.89  0
 1.27011E-02   0.00000E+00   0.00000E+00   0.00000E+00   0.00000E+00     1186.08  0
 1.27211E-02   0.00000E+00   0.00000E+00   0.00000E+00   0.00000E+00     1180.30  0
 1.27411E-02   0.00000E+00   0.00000E+00   0.00000E+00   0.00000E+00     1174.57  0
 1.27611E-02   0.00000E+00   0.00000E+00   0.00000E+00   0.00000E+00     1168.88  0
 1.27811E-02   0.00000E+00   0.00000E+00   0.00000E+00   0.00000E+00     1163.65  0
 1.28011E-02   0.00000E+00   0.00000E+00   0.00000E+00   0.00000E+00     1158.78  0
 1.28211E-02   0.00000E+00   0.00000E+00   0.00000E+00   0.00000E+00     1153.92  0
 1.28411E-02   0.00000E+00   0.00000E+00   0.00000E+00   0.00000E+00     1149.09  0
 1.28611E-02   0.00000E+00   0.00000E+00   0.00000E+00   0.00000E+00     1144.28  0
 1.28811E-02   0.00000E+00   0.00000E+00   0.00000E+00   0.00000E+00     1139.49  0
 1.29011E-02   0.00000E+00   0.00000E+00   0.00000E+00   0.00000E+00     1134.74  0
 1.29211E-02   0.00000E+00   0.00000E+00   0.00000E+00   0.00000E+00     1130.02  0
 1.29411E-02   0.00000E+00   0.00000E+00   0.00000E+00   0.00000E+00     1125.32  0
 1.29611E-02   0.00000E+00   0.00000E+00   0.00000E+00   0.00000E+00     1120.66  0
 1.29811E-02   0.00000E+00   0.00000E+00   0.00000E+00   0.00000E+00     1116.03  0
 1.30011E-02   0.00000E+00   0.00000E+00   0.00000E+00   0.00000E+00     1111.43  0
 1.30211E-02   0.00000E+00   0.00000E+00   0.00000E+00   0.00000E+00     1106.87  0
 1.30411E-02   0.00000E+00   0.00000E+00   0.00000E+00   0.00000E+00     1102.35  0
 1.30611E-02   0.00000E+00   0.00000E+00   0.00000E+00   0.00000E+00     1097.86  0
 1.30811E-02   0.00000E+00   0.00000E+00   0.00000E+00   0.00000E+00     1093.41  0
 1.31011E-02   0.00000E+00   0.00000E+00   0.00000E+00   0.00000E+00     1088.99  0
 1.31211E-02   0.00000E+00   0.00000E+00   0.00000E+00   0.00000E+00     1084.62  0
 1.31411E-02   0.00000E+00   0.00000E+00   0.00000E+00   0.00000E+00     1080.28  0
 1.31611E-02   0.00000E+00   0.00000E+00   0.00000E+00   0.00000E+00     1075.98  0
 1.31811E-02   0.00000E+00   0.00000E+00   0.00000E+00   0.00000E+00     1071.72  0
 1.32011E-02   0.00000E+00   0.00000E+00   0.00000E+00   0.00000E+00     1067.50  0
 1.32211E-02   0.00000E+00   0.00000E+00   0.00000E+00   0.00000E+00     1063.32  0
 1.32411E-02   0.00000E+00   0.00000E+00   0.00000E+00   0.00000E+00     1059.18  0
 1.32611E-02   0.00000E+00   0.00000E+00   0.00000E+00   0.00000E+00     1055.08  0
 1.32811E-02   0.00000E+00   0.00000E+00   0.00000E+00   0.00000E+00     1051.02  0
 1.33011E-02   0.00000E+00   0.00000E+00   0.00000E+00   0.00000E+00     1047.00  0
 1.33211E-02   0.00000E+00   0.00000E+00   0.00000E+00   0.00000E+00     1043.01  0
 1.33411E-02   0.00000E+00   0.00000E+00   0.00000E+00   0.00000E+00     1039.07  0
 1.33611E-02   0.00000E+00   0.00000E+00   0.00000E+00   0.00000E+00     1035.17  0
 1.33811E-02   0.00000E+00   0.00000E+00   0.00000E+00   0.00000E+00     1031.31  0
 1.34011E-02   0.00000E+00   0.00000E+00   0.00000E+00   0.00000E+00     1027.48  0
 1.34211E-02   0.00000E+00   0.00000E+00   0.00000E+00   0.00000E+00     1023.70  0
 1.34411E-02   0.00000E+00   0.00000E+00   0.00000E+00   0.00000E+00     1019.95  0
 1.34611E-02   0.00000E+00   0.00000E+00   0.00000E+00   0.00000E+00     1016.25  0
 1.34811E-02   0.00000E+00   0.00000E+00   0.00000E+00   0.00000E+00     1012.58  0
 1.35011E-02   0.00000E+00   0.00000E+00   0.00000E+00   0.00000E+00     1008.95  0
 1.35211E-02   0.00000E+00   0.00000E+00   0.00000E+00   0.00000E+00     1005.35  0
 1.35411E-02   0.00000E+00   0.00000E+00   0.00000E+00   0.00000E+00     1001.80  0
 1.35611E-02   0.00000E+00   0.00000E+00   0.00000E+00   0.00000E+00      998.28  0
 1.35811E-02   0.00000E+00   0.00000E+00   0.00000E+00   0.00000E+00      994.80  0
 1.36011E-02   0.00000E+00   0.00000E+00   0.00000E+00   0.00000E+00      991.36  0
 1.36211E-02   0.00000E+00   0.00000E+00   0.00000E+00   0.00000E+00      987.95  0
 1.36411E-02   0.00000E+00   0.00000E+00   0.00000E+00   0.00000E+00      984.58  0
 1.36611E-02   0.00000E+00   0.00000E+00   0.00000E+00   0.00000E+00      981.24  0
 1.36811E-02   0.00000E+00   0.00000E+00   0.00000E+00   0.00000E+00      977.94  0
 1.37011E-02   0.00000E+00   0.00000E+00   0.00000E+00   0.00000E+00      974.68  0
 1.37211E-02   0.00000E+00   0.00000E+00   0.00000E+00   0.00000E+00      971.45  0
 1.37411E-02   0.00000E+00   0.00000E+00   0.00000E+00   0.00000E+00      968.26  0
 1.37611E-02   0.00000E+00   0.00000E+00   0.00000E+00   0.00000E+00      965.10  0
 1.37811E-02   0.00000E+00   0.00000E+00   0.00000E+00   0.00000E+00      961.97  0
 1.38011E-02   0.00000E+00   0.00000E+00   0.00000E+00   0.00000E+00      958.87  0
 1.38211E-02   0.00000E+00   0.00000E+00   0.00000E+00   0.00000E+00      955.81  0
 1.38411E-02   0.00000E+00   0.00000E+00   0.00000E+00   0.00000E+00      952.78  0
 1.38611E-02   0.00000E+00   0.00000E+00   0.00000E+00   0.00000E+00      949.79  0
 1.38811E-02   0.00000E+00   0.00000E+00   0.00000E+00   0.00000E+00      946.82  0
 1.39011E-02   0.00000E+00   0.00000E+00   0.00000E+00   0.00000E+00      943.89  0
 1.39211E-02   0.00000E+00   0.00000E+00   0.00000E+00   0.00000E+00      940.98  0
 1.39411E-02   0.00000E+00   0.00000E+00   0.00000E+00   0.00000E+00      938.11  0
 1.39611E-02   0.00000E+00   0.00000E+00   0.00000E+00   0.00000E+00      935.27  0
 1.39811E-02   0.00000E+00   0.00000E+00   0.00000E+00   0.00000E+00      932.45  0
 1.40011E-02   0.00000E+00   0.00000E+00   0.00000E+00   0.00000E+00      929.67  0
 1.40211E-02   0.00000E+00   0.00000E+00   0.00000E+00   0.00000E+00      926.91  0
 1.40411E-02   0.00000E+00   0.00000E+00   0.00000E+00   0.00000E+00      924.18  0
 1.40611E-02   0.00000E+00   0.00000E+00   0.00000E+00   0.00000E+00      921.74  0
 1.40811E-02   0.00000E+00   0.00000E+00   0.00000E+00   0.00000E+00      920.11  0
 1.41011E-02   0.00000E+00   0.00000E+00   0.00000E+00   0.00000E+00      918.50  0
 1.41211E-02   0.00000E+00   0.00000E+00   0.00000E+00   0.00000E+00      916.90  0
 1.41411E-02   0.00000E+00   0.00000E+00   0.00000E+00   0.00000E+00      915.30  0
 1.41611E-02   0.00000E+00   0.00000E+00   0.00000E+00   0.00000E+00      913.71  0
 1.41811E-02   0.00000E+00   0.00000E+00   0.00000E+00   0.00000E+00      912.13  0
 1.42011E-02   0.00000E+00   0.00000E+00   0.00000E+00   0.00000E+00      910.56  0
 1.42211E-02   0.00000E+00   0.00000E+00   0.00000E+00   0.00000E+00      909.00  0
 1.42411E-02   0.00000E+00   0.00000E+00   0.00000E+00   0.00000E+00      907.45  0
 1.42611E-02   0.00000E+00   0.00000E+00   0.00000E+00   0.00000E+00      905.91  0
 1.42811E-02   0.00000E+00   0.00000E+00   0.00000E+00   0.00000E+00      904.38  0
 1.43011E-02   0.00000E+00   0.00000E+00   0.00000E+00   0.00000E+00      902.85  0
 1.43211E-02   0.00000E+00   0.00000E+00   0.00000E+00   0.00000E+00      901.33  0
 1.43411E-02   0.00000E+00   0.00000E+00   0.00000E+00   0.00000E+00      899.83  0
 1.43611E-02   0.00000E+00   0.00000E+00   0.00000E+00   0.00000E+00      898.32  0
 1.43811E-02   0.00000E+00   0.00000E+00   0.00000E+00   0.00000E+00      896.83  0
 1.44011E-02   0.00000E+00   0.00000E+00   0.00000E+00   0.00000E+00      895.35  0
 1.44211E-02   0.00000E+00   0.00000E+00   0.00000E+00   0.00000E+00      893.87  0
 1.44411E-02   0.00000E+00   0.00000E+00   0.00000E+00   0.00000E+00      892.40  0
 1.44611E-02   0.00000E+00   0.00000E+00   0.00000E+00   0.00000E+00      890.94  0
 1.44811E-02   0.00000E+00   0.00000E+00   0.00000E+00   0.00000E+00      889.48  0
 1.45011E-02   0.00000E+00   0.00000E+00   0.00000E+00   0.00000E+00      888.04  0
 1.45211E-02   0.00000E+00   0.00000E+00   0.00000E+00   0.00000E+00      886.60  0
 1.45411E-02   0.00000E+00   0.00000E+00   0.00000E+00   0.00000E+00      885.16  0
 1.45611E-02   0.00000E+00   0.00000E+00   0.00000E+00   0.00000E+00      883.74  0
 1.45811E-02   0.00000E+00   0.00000E+00   0.00000E+00   0.00000E+00      882.32  0
 1.46011E-02   0.00000E+00   0.00000E+00   0.00000E+00   0.00000E+00      880.91  0
 1.46211E-02   0.00000E+00   0.00000E+00   0.00000E+00   0.00000E+00      879.51  0
 1.46411E-02   0.00000E+00   0.00000E+00   0.00000E+00   0.00000E+00      878.11  0
 1.46611E-02   0.00000E+00   0.00000E+00   0.00000E+00   0.00000E+00      876.72  0
 1.46811E-02   0.00000E+00   0.00000E+00   0.00000E+00   0.00000E+00      875.34  0
 1.47011E-02   0.00000E+00   0.00000E+00   0.00000E+00   0.00000E+00      873.96  0
 1.47211E-02   0.00000E+00   0.00000E+00   0.00000E+00   0.00000E+00      872.59  0
 1.47411E-02   0.00000E+00   0.00000E+00   0.00000E+00   0.00000E+00      871.23  0
 1.47611E-02   0.00000E+00   0.00000E+00   0.00000E+00   0.00000E+00      869.88  0
 1.47811E-02   0.00000E+00   0.00000E+00   0.00000E+00   0.00000E+00      868.53  0
 1.48011E-02   0.00000E+00   0.00000E+00   0.00000E+00   0.00000E+00      867.19  0
 1.48211E-02   0.00000E+00   0.00000E+00   0.00000E+00   0.00000E+00      865.85  0
 1.48411E-02   0.00000E+00   0.00000E+00   0.00000E+00   0.00000E+00      864.52  0
 1.48611E-02   0.00000E+00   0.00000E+00   0.00000E+00   0.00000E+00      863.20  0
 1.48811E-02   0.00000E+00   0.00000E+00   0.00000E+00   0.00000E+00      861.88  0
 1.49011E-02   0.00000E+00   0.00000E+00   0.00000E+00   0.00000E+00      860.57  0
 1.49211E-02   0.00000E+00   0.00000E+00   0.00000E+00   0.00000E+00      859.27  0
 1.49411E-02   0.00000E+00   0.00000E+00   0.00000E+00   0.00000E+00      857.97  0
 1.49611E-02   0.00000E+00   0.00000E+00   0.00000E+00   0.00000E+00      856.68  0
 1.49811E-02   0.00000E+00   0.00000E+00   0.00000E+00   0.00000E+00      855.40  0
 1.50011E-02   0.00000E+00   0.00000E+00   0.00000E+00   0.00000E+00      854.13  0
 1.50211E-02   0.00000E+00   0.00000E+00   0.00000E+00   0.00000E+00      852.86  0
 1.50411E-02   0.00000E+00   0.00000E+00   0.00000E+00   0.00000E+00      851.60  0
 1.50611E-02   0.00000E+00   0.00000E+00   0.00000E+00   0.00000E+00      850.54  0
 1.50811E-02   0.00000E+00   0.00000E+00   0.00000E+00   0.00000E+00      849.50  0
 1.51011E-02   0.00000E+00   0.00000E+00   0.00000E+00   0.00000E+00      848.47  0
 1.51211E-02   0.00000E+00   0.00000E+00   0.00000E+00   0.00000E+00      847.45  0
 1.51411E-02   0.00000E+00   0.00000E+00   0.00000E+00   0.00000E+00      846.44  0
 1.51611E-02   0.00000E+00   0.00000E+00   0.00000E+00   0.00000E+00      845.43  0
 1.51811E-02   0.00000E+00   0.00000E+00   0.00000E+00   0.00000E+00      844.43  0
 1.52011E-02   0.00000E+00   0.00000E+00   0.00000E+00   0.00000E+00      843.43  0
 1.52211E-02   0.00000E+00   0.00000E+00   0.00000E+00   0.00000E+00      842.43  0
 1.52411E-02   0.00000E+00   0.00000E+00   0.00000E+00   0.00000E+00      841.43  0
 1.52611E-02   0.00000E+00   0.00000E+00   0.00000E+00   0.00000E+00      840.44  0
 1.52811E-02   0.00000E+00   0.00000E+00   0.00000E+00   0.00000E+00      839.46  0
 1.53011E-02   0.00000E+00   0.00000E+00   0.00000E+00   0.00000E+00      838.47  0
 1.53211E-02   0.00000E+00   0.00000E+00   0.00000E+00   0.00000E+00      837.49  0
 1.53411E-02   0.00000E+00   0.00000E+00   0.00000E+00   0.00000E+00      836.52  0
 1.53611E-02   0.00000E+00   0.00000E+00   0.00000E+00   0.00000E+00      835.54  0
 1.53811E-02   0.00000E+00   0.00000E+00   0.00000E+00   0.00000E+00      834.57  0
 1.54011E-02   0.00000E+00   0.00000E+00   0.00000E+00   0.00000E+00      833.62  0
 1.54211E-02   0.00000E+00   0.00000E+00   0.00000E+00   0.00000E+00      832.67  0
 1.54411E-02   0.00000E+00   0.00000E+00   0.00000E+00   0.00000E+00      831.73  0
 1.54611E-02   0.00000E+00   0.00000E+00   0.00000E+00   0.00000E+00      830.80  0
 1.54811E-02   0.00000E+00   0.00000E+00   0.00000E+00   0.00000E+00      829.87  0
 1.55011E-02   0.00000E+00   0.00000E+00   0.00000E+00   0.00000E+00      828.94  0
 1.55211E-02   0.00000E+00   0.00000E+00   0.00000E+00   0.00000E+00      828.01  0
 1.55411E-02   0.00000E+00   0.00000E+00   0.00000E+00   0.00000E+00      827.09  0
 1.55611E-02   0.00000E+00   0.00000E+00   0.00000E+00   0.00000E+00      826.17  0
 1.55811E-02   0.00000E+00   0.00000E+00   0.00000E+00   0.00000E+00      825.25  0
 1.56011E-02   0.00000E+00   0.00000E+00   0.00000E+00   0.00000E+00      824.34  0
 1.56211E-02   0.00000E+00   0.00000E+00   0.00000E+00   0.00000E+00      823.43  0
 1.56411E-02   0.00000E+00   0.00000E+00   0.00000E+00   0.00000E+00      822.52  0
 1.56611E-02   0.00000E+00   0.00000E+00   0.00000E+00   0.00000E+00      821.61  0
 1.56811E-02   0.00000E+00   0.00000E+00   0.00000E+00   0.00000E+00      820.71  0
 1.57011E-02   0.00000E+00   0.00000E+00   0.00000E+00   0.00000E+00      819.81  0
 1.57211E-02   0.00000E+00   0.00000E+00   0.00000E+00   0.00000E+00      818.92  0
 1.57411E-02   0.00000E+00   0.00000E+00   0.00000E+00   0.00000E+00      818.03  0
 1.57611E-02   0.00000E+00   0.00000E+00   0.00000E+00   0.00000E+00      817.14  0
 1.57811E-02   0.00000E+00   0.00000E+00   0.00000E+00   0.00000E+00      816.25  0
 1.58011E-02   0.00000E+00   0.00000E+00   0.00000E+00   0.00000E+00      815.37  0
 1.58211E-02   0.00000E+00   0.00000E+00   0.00000E+00   0.00000E+00      814.48  0
 1.58411E-02   0.00000E+00   0.00000E+00   0.00000E+00   0.00000E+00      813.61  0
 1.58611E-02   0.00000E+00   0.00000E+00   0.00000E+00   0.00000E+00      812.73  0
 1.58811E-02   0.00000E+00   0.00000E+00   0.00000E+00   0.00000E+00      811.86  0
 1.59011E-02   0.00000E+00   0.00000E+00   0.00000E+00   0.00000E+00      810.99  0
 1.59211E-02   0.00000E+00   0.00000E+00   0.00000E+00   0.00000E+00      810.12  0
 1.59411E-02   0.00000E+00   0.00000E+00   0.00000E+00   0.00000E+00      809.27  0
 1.59611E-02   0.00000E+00   0.00000E+00   0.00000E+00   0.00000E+00      808.42  0
 1.59811E-02   0.00000E+00   0.00000E+00   0.00000E+00   0.00000E+00      807.57  0
 1.60011E-02   0.00000E+00   0.00000E+00   0.00000E+00   0.00000E+00      806.73  0
 1.60211E-02   0.00000E+00   0.00000E+00   0.00000E+00   0.00000E+00      805.91  0
 1.60411E-02   0.00000E+00   0.00000E+00   0.00000E+00   0.00000E+00      805.08  0
 1.60611E-02   0.00000E+00   0.00000E+00   0.00000E+00   0.00000E+00      804.26  0
 1.60811E-02   0.00000E+00   0.00000E+00   0.00000E+00   0.00000E+00      803.44  0
 1.61011E-02   0.00000E+00   0.00000E+00   0.00000E+00   0.00000E+00      802.62  0
 1.61211E-02   0.00000E+00   0.00000E+00   0.00000E+00   0.00000E+00      801.81  0
 1.61411E-02   0.00000E+00   0.00000E+00   0.00000E+00   0.00000E+00      801.00  0
 1.61611E-02   0.00000E+00   0.00000E+00   0.00000E+00   0.00000E+00      800.19  0
 1.61811E-02   0.00000E+00   0.00000E+00   0.00000E+00   0.00000E+00      799.38  0
 1.62011E-02   0.00000E+00   0.00000E+00   0.00000E+00   0.00000E+00      798.57  0
 1.62211E-02   0.00000E+00   0.00000E+00   0.00000E+00   0.00000E+00      797.77  0
 1.62411E-02   0.00000E+00   0.00000E+00   0.00000E+00   0.00000E+00      796.97  0
 1.62611E-02   0.00000E+00   0.00000E+00   0.00000E+00   0.00000E+00      796.17  0
 1.62811E-02   0.00000E+00   0.00000E+00   0.00000E+00   0.00000E+00      795.38  0
 1.63011E-02   0.00000E+00   0.00000E+00   0.00000E+00   0.00000E+00      794.58  0
 1.63211E-02   0.00000E+00   0.00000E+00   0.00000E+00   0.00000E+00      793.79  0
 1.63411E-02   0.00000E+00   0.00000E+00   0.00000E+00   0.00000E+00      793.01  0
 1.63611E-02   0.00000E+00   0.00000E+00   0.00000E+00   0.00000E+00      792.22  0
 1.63811E-02   0.00000E+00   0.00000E+00   0.00000E+00   0.00000E+00      791.44  0
 1.64011E-02   0.00000E+00   0.00000E+00   0.00000E+00   0.00000E+00      790.66  0
 1.64211E-02   0.00000E+00   0.00000E+00   0.00000E+00   0.00000E+00      789.90  0
 1.64411E-02   0.00000E+00   0.00000E+00   0.00000E+00   0.00000E+00      789.14  0
 1.64611E-02   0.00000E+00   0.00000E+00   0.00000E+00   0.00000E+00      788.38  0
 1.64810E-02   0.00000E+00   0.00000E+00   0.00000E+00   0.00000E+00      787.63  0
