# Melt Pool Geometry History
# time(s)  length(m)  depth(m)  width(m)  volume(m3)  Tpeak(K)  laser_on
 2.10000E-05   0.00000E+00   0.00000E+00   0.00000E+00   7.50030E-14      293.00  1
 4.10000E-05   3.53937E-05   9.95699E-05   3.33468E-05   2.28911E-13     1793.42  1
 6.10000E-05   6.79452E-05   1.08447E-04   6.22932E-05   3.49424E-13     2639.29  1
 8.10000E-05   8.88066E-05   1.11168E-04   7.27833E-05   4.65469E-13     3083.33  1
 1.01000E-04   1.05435E-04   1.12578E-04   7.76898E-05   5.98510E-13     3301.45  1
 1.21000E-04   1.25201E-04   1.13074E-04   7.99022E-05   7.20161E-13     3397.59  1
 1.41000E-04   1.41514E-04   1.13282E-04   8.11684E-05   8.46562E-13     3448.73  1
 1.61000E-04   1.60153E-04   1.13557E-04   8.19758E-05   9.78864E-13     3545.84  1
 1.81000E-04   1.80031E-04   1.13651E-04   8.27248E-05   1.08982E-12     3527.65  1
 2.01000E-04   1.95419E-04   1.13512E-04   8.32471E-05   1.21184E-12     3464.13  1
 2.21000E-04   2.16036E-04   1.13322E-04   9.07757E-05   1.33176E-12     3522.90  1
 2.41000E-04   2.35488E-04   1.13406E-04   9.31932E-05   1.44640E-12     3532.66  1
 2.61000E-04   2.54770E-04   1.13680E-04   9.46521E-05   1.42037E-12     3544.30  0
 2.81000E-04   2.56820E-04   1.13102E-04   9.57893E-05   1.39515E-12     3030.78  0
 3.01000E-04   2.57450E-04   1.10543E-04   9.99304E-05   1.36162E-12     2741.70  0
 3.21000E-04   2.57940E-04   1.08257E-04   1.01589E-04   1.32173E-12     2545.96  0
 3.41000E-04   2.58135E-04   1.04721E-04   1.02406E-04   1.27750E-12     2397.64  0
 3.61000E-04   2.58157E-04   1.02501E-04   1.02894E-04   1.23310E-12     2274.64  0
 3.81000E-04   2.57960E-04   9.84952E-05   1.03192E-04   1.18698E-12     2172.01  0
 4.01000E-04   2.55744E-04   9.47509E-05   1.03105E-04   1.13573E-12     2084.25  0
 4.21000E-04   2.57242E-04   9.22506E-05   1.04497E-04   1.09617E-12     2005.49  0
 4.41000E-04   2.56163E-04   8.83873E-05   1.05953E-04   1.04875E-12     1935.85  0
 4.61000E-04   2.55350E-04   8.46362E-05   1.06302E-04   9.99254E-13     1877.94  0
 4.81000E-04   2.54754E-04   8.16988E-05   1.06291E-04   9.48740E-13     1829.57  0
 5.01000E-04   2.54348E-04   7.82440E-05   1.06110E-04   8.98190E-13     1789.62  0
 5.21000E-04   2.54034E-04   7.45266E-05   1.05821E-04   8.47448E-13     1756.23  0
 5.41000E-04   2.53853E-04   7.15101E-05   1.05455E-04   7.96802E-13     1728.19  0
 5.61000E-04   2.53684E-04   6.81498E-05   1.05045E-04   7.45994E-13     1704.87  0
 5.81000E-04   2.53511E-04   6.44200E-05   1.04625E-04   6.95093E-13     1685.46  0
 6.01000E-04   2.53335E-04   6.15751E-05   1.04230E-04   6.44530E-13     1669.39  0
 6.21000E-04   2.53151E-04   5.83234E-05   1.03978E-04   5.94418E-13     1656.06  0
 6.41000E-04   2.52954E-04   5.48846E-05   1.03990E-04   5.45607E-13     1645.11  0
 6.61000E-04   2.52735E-04   5.25771E-05   1.03991E-04   4.97878E-13     1636.36  0
 6.81000E-04   2.52485E-04   4.89370E-05   1.03985E-04   4.51669E-13     1629.84  0
 7.01000E-04   2.52200E-04   4.62000E-05   1.03972E-04   4.06998E-13     1625.34  0
 7.21000E-04   2.51850E-04   4.34837E-05   1.03950E-04   3.64258E-13     1623.08  0
 7.41000E-04   2.51425E-04   4.05503E-05   1.03917E-04   3.23343E-13     1622.58  0
 7.61000E-04   2.50789E-04   3.83247E-05   1.03873E-04   3.61248E-13     1621.96  1
 7.81000E-04   4.90522E-05   1.03316E-04   4.09327E-05   4.88099E-13     1856.03  1
 8.01000E-04   6.81333E-05   1.08943E-04   6.27986E-05   5.67534E-13     2665.30  1
 8.21000E-04   9.40172E-05   1.11521E-04   7.61627E-05   6.68543E-13     3166.05  1
 8.41000E-04   1.14205E-04   1.12937E-04   7.98889E-05   7.75307E-13     3397.20  1
 8.61000E-04   1.31471E-04   1.13612E-04   8.20269E-05   8.82281E-13     3545.63  1
 8.81000E-04   1.50197E-04   1.14542E-04   8.36164E-05   9.93949E-13     3604.23  1
 9.01000E-04   1.69143E-04   1.15271E-04   8.51082E-05   1.11173E-12     3632.92  1
 9.21000E-04   1.88344E-04   1.15631E-04   8.66672E-05   1.22975E-12     3656.38  1
 9.41000E-04   2.07035E-04   1.15966E-04   8.82703E-05   1.36660E-12     3668.29  1
 9.61000E-04   2.25483E-04   1.16269E-04   1.08646E-04   1.51603E-12     3679.86  1
 9.81000E-04   2.58055E-04   1.16439E-04   1.94153E-04   1.67360E-12     3675.76  1
 1.00100E-03   2.59087E-04   1.16564E-04   1.88204E-04   1.83582E-12     3669.12  1
 1.02100E-03   2.78084E-04   1.16657E-04   1.84219E-04   1.98949E-12     3672.02  1
 1.04100E-03   2.97050E-04   1.16726E-04   1.76228E-04   2.14344E-12     3688.88  1
 1.06100E-03   3.15691E-04   1.16736E-04   1.67547E-04   2.29590E-12     3683.85  1
 1.08100E-03   3.30701E-04   1.16707E-04   1.62051E-04   2.44336E-12     3662.22  1
 1.10100E-03   3.48861E-04   1.16525E-04   1.60152E-04   2.58378E-12     3663.90  1
 1.12100E-03   3.67215E-04   1.16307E-04   1.58636E-04   2.71751E-12     3673.43  1
 1.14100E-03   3.85357E-04   1.16071E-04   1.57296E-04   2.84516E-12     3656.84  1
 1.16100E-03   4.00252E-04   1.15772E-04   1.55759E-04   2.96465E-12     3637.10  1
 1.18100E-03   4.18142E-04   1.15479E-04   1.54931E-04   3.07728E-12     3617.74  1
 1.20100E-03   4.35953E-04   1.15193E-04   1.54771E-04   3.18199E-12     3599.05  1
 1.22100E-03   4.55339E-04   1.14844E-04   1.54757E-04   3.27778E-12     3582.76  1
 1.24100E-03   4.73534E-04   1.14629E-04   1.54632E-04   3.22566E-12     3589.75  0
 1.26100E-03   4.75789E-04   1.13627E-04   1.54459E-04   3.15776E-12     3046.84  0
 1.28100E-03   4.76454E-04   1.12573E-04   1.54203E-04   3.07763E-12     2762.14  0
 1.30100E-03   4.76780E-04   1.09183E-04   1.53930E-04   2.99275E-12     2571.06  0
 1.32100E-03   4.76900E-04   1.07540E-04   1.53828E-04   2.90138E-12     2420.82  0
 1.34100E-03   4.76961E-04   1.04042E-04   1.53633E-04   2.80331E-12     2300.16  0
 1.36100E-03   4.76960E-04   1.01725E-04   1.53444E-04   2.70614E-12     2198.25  0
 1.38100E-03   4.76860E-04   9.86187E-05   1.53170E-04   2.60443E-12     2111.48  0
 1.40100E-03   4.74782E-04   9.51932E-05   1.52594E-04   2.47684E-12     2038.65  0
 1.42100E-03   4.74617E-04   9.29775E-05   1.54341E-04   2.37687E-12     1973.09  0
 1.44100E-03   4.74188E-04   8.95235E-05   1.54843E-04   2.26910E-12     1915.46  0
 1.46100E-03   4.73570E-04   8.75557E-05   1.54574E-04   2.15990E-12     1866.43  0
 1.48100E-03   4.72879E-04   8.40008E-05   1.53283E-04   2.05026E-12     1824.98  0
 1.50100E-03   4.72061E-04   8.16729E-05   1.49872E-04   1.94137E-12     1790.30  0
 1.52100E-03   4.63889E-04   7.86947E-05   1.48189E-04   1.83359E-12     1760.45  0
 1.54100E-03   4.55333E-04   7.61918E-05   1.47147E-04   1.72796E-12     1735.53  0
 1.56100E-03   4.47914E-04   7.36080E-05   1.46226E-04   1.62372E-12     1713.95  0
 1.58100E-03   4.42190E-04   7.12628E-05   1.45332E-04   1.52196E-12     1695.48  0
 1.60100E-03   4.33933E-04   6.86618E-05   1.40610E-04   1.38194E-12     1679.38  0
 1.62100E-03   4.27527E-04   6.65055E-05   1.44695E-04   1.28377E-12     1666.11  0
 1.64100E-03   4.22679E-04   6.39883E-05   1.43409E-04   1.19013E-12     1654.60  0
 1.66100E-03   4.15671E-04   6.21499E-05   1.42105E-04   1.10004E-12     1644.88  0
 1.68100E-03   4.11969E-04   5.93137E-05   1.39070E-04   1.01354E-12     1637.20  0
 1.70100E-03   4.04791E-04   5.77460E-05   1.36350E-04   9.30896E-13     1631.20  0
 1.72100E-03   4.01435E-04   5.48294E-05   1.35115E-04   8.51883E-13     1626.88  0
 1.74100E-03   3.94158E-04   5.31505E-05   1.34013E-04   8.54895E-13     1624.13  1
 1.76100E-03   4.94002E-05   1.02782E-04   4.42292E-05   9.46604E-13     1812.39  1
 1.78100E-03   7.09302E-05   1.09560E-04   6.14820E-05   1.00510E-12     2803.57  1
 1.80100E-03   9.11682E-05   1.11700E-04   6.75773E-05   1.06911E-12     3243.23  1
 1.82100E-03   1.10903E-04   1.12871E-04   7.84513E-05   1.14512E-12     3454.72  1
 1.84100E-03   1.30342E-04   1.13417E-04   8.17688E-05   1.22536E-12     3539.25  1
 1.86100E-03   1.49524E-04   1.14078E-04   8.34119E-05   1.30882E-12     3586.01  1
 1.88100E-03   1.68214E-04   1.14829E-04   8.47112E-05   1.39676E-12     3595.98  1
 1.90100E-03   1.86794E-04   1.15425E-04   8.61508E-05   1.48525E-12     3609.61  1
 1.92100E-03   2.02485E-04   1.15880E-04   8.79013E-05   1.58893E-12     3647.63  1
 1.94100E-03   4.56123E-04   1.16220E-04   2.29017E-04   1.71161E-12     3673.50  1
 1.96100E-03   4.48266E-04   1.16565E-04   2.23060E-04   1.85092E-12     3655.86  1
 1.98100E-03   4.40795E-04   1.16860E-04   2.19077E-04   2.00316E-12     3641.98  1
 2.00100E-03   4.34277E-04   1.17067E-04   2.14837E-04   2.15967E-12     3642.67  1
 2.02100E-03   4.28816E-04   1.17320E-04   2.11618E-04   2.31168E-12     3680.33  1
 2.04100E-03   4.20668E-04   1.17549E-04   2.08013E-04   2.46500E-12     3704.12  1
 2.06100E-03   4.13381E-04   1.17700E-04   2.07115E-04   2.61656E-12     3685.46  1
 2.08100E-03   4.07322E-04   1.17834E-04   2.05719E-04   2.77056E-12     3676.87  1
 2.10100E-03   3.98111E-04   1.17927E-04   2.00624E-04   2.92409E-12     3710.70  1
 2.12100E-03   3.88736E-04   1.18023E-04   1.98912E-04   3.08386E-12     3735.03  1
 2.14100E-03   3.99902E-04   1.18051E-04   1.97305E-04   3.24119E-12     3713.34  1
 2.16100E-03   4.17766E-04   1.18089E-04   1.92366E-04   3.38999E-12     3693.17  1
 2.18100E-03   4.36027E-04   1.18116E-04   1.91440E-04   3.53463E-12     3703.27  1
 2.20100E-03   4.49796E-04   1.17967E-04   1.90757E-04   3.66933E-12     3686.53  1
 2.22100E-03   4.67994E-04   1.17934E-04   1.91467E-04   3.80573E-12     3705.13  1
 2.24100E-03   4.86926E-04   1.17800E-04   1.91244E-04   3.93143E-12     3726.47  1
 2.26100E-03   5.05598E-04   1.17758E-04   1.90962E-04   4.05160E-12     3693.49  1
 2.28100E-03   5.24024E-04   1.17708E-04   1.89780E-04   4.16205E-12     3667.83  1
 2.30100E-03   5.38460E-04   1.17581E-04   1.88297E-04   4.27172E-12     3687.94  1
 2.32100E-03   5.56939E-04   1.17385E-04   1.86502E-04   4.36745E-12     3695.77  1
 2.34100E-03   5.75268E-04   1.17112E-04   1.86103E-04   4.45978E-12     3663.39  1
 2.36100E-03   5.93690E-04   1.16823E-04   1.85804E-04   4.54186E-12     3626.53  1
 2.38100E-03   6.08120E-04   1.16495E-04   1.85521E-04   4.61903E-12     3623.57  1
 2.40100E-03   6.24099E-04   1.16139E-04   1.85369E-04   4.67812E-12     3606.00  1
 2.42100E-03   6.43824E-04   1.15757E-04   1.85360E-04   4.73463E-12     3587.67  1
 2.44100E-03   6.59788E-04   1.15481E-04   1.85121E-04   4.78274E-12     3616.25  1
 2.46100E-03   6.76721E-04   1.15318E-04   1.84962E-04   4.83008E-12     3627.37  1
 2.48100E-03   6.91780E-04   1.15050E-04   1.84632E-04   4.72083E-12     3581.44  0
 2.50100E-03   6.87344E-04   1.13880E-04   1.84331E-04   4.59873E-12     3047.15  0
 2.52100E-03   6.83999E-04   1.12886E-04   1.83905E-04   4.46761E-12     2741.35  0
 2.54100E-03   6.77622E-04   1.09710E-04   1.83471E-04   4.33454E-12     2542.56  0
 2.56100E-03   6.72155E-04   1.07963E-04   1.82730E-04   4.19421E-12     2389.93  0
 2.58100E-03   6.66996E-04   1.04681E-04   1.81938E-04   4.05041E-12     2274.40  0
 2.60100E-03   6.60533E-04   1.02422E-04   1.80185E-04   3.89809E-12     2178.19  0
 2.62100E-03   6.60052E-04   9.89109E-05   1.78725E-04   3.76107E-12     2097.58  0
 2.64100E-03   6.54499E-04   9.63763E-05   1.77865E-04   3.61430E-12     2029.27  0
 2.66100E-03   6.51547E-04   9.35103E-05   1.77340E-04   3.46752E-12     1969.00  0
 2.68100E-03   6.45607E-04   9.06751E-05   1.76794E-04   3.32020E-12     1917.71  0
 2.70100E-03   6.42321E-04   8.82665E-05   1.75963E-04   3.17493E-12     1872.50  0
 2.72100E-03   6.36660E-04   8.53069E-05   1.75135E-04   3.03039E-12     1834.23  0
 2.74100E-03   6.32853E-04   8.31661E-05   1.73752E-04   2.88760E-12     1801.56  0
 2.76100E-03   6.27577E-04   8.02375E-05   1.70663E-04   2.74696E-12     1772.74  0
 2.78100E-03   6.23189E-04   7.82214E-05   1.68387E-04   2.60837E-12     1747.59  0
 2.80100E-03   6.14799E-04   7.50052E-05   1.65146E-04   2.41214E-12     1725.69  0
 2.82100E-03   6.12823E-04   7.31833E-05   1.69337E-04   2.27265E-12     1706.76  0
 2.84100E-03   6.05535E-04   7.04795E-05   1.66218E-04   2.13661E-12     1689.90  0
 2.86100E-03   6.01060E-04   6.85005E-05   1.65041E-04   2.00511E-12     1675.03  0
 2.88100E-03   5.91262E-04   6.62562E-05   1.64009E-04   1.87777E-12     1662.21  0
 2.90100E-03   5.83731E-04   6.39694E-05   1.63027E-04   1.75449E-12     1651.49  0
 2.92100E-03   5.75756E-04   6.25422E-05   1.61647E-04   1.63582E-12     1642.54  0
 2.94100E-03   5.68008E-04   5.96551E-05   1.57473E-04   1.52140E-12     1635.35  0
 2.96100E-03   5.59324E-04   5.82022E-05   1.55884E-04   1.41176E-12     1629.95  0
 2.98100E-03   5.47979E-04   5.60239E-05   1.54812E-04   1.38891E-12     1626.06  1
 3.00100E-03   4.25188E-05   1.03862E-04   4.15820E-05   1.45045E-12     1862.55  1
 3.02100E-03   6.99733E-05   1.09903E-04   6.31982E-05   1.49022E-12     2856.40  1
 3.04100E-03   9.01981E-05   1.12203E-04   7.10757E-05   1.52331E-12     3224.96  1
 3.06100E-03   1.09666E-04   1.13147E-04   7.42830E-05   1.56389E-12     3492.58  1
 3.08100E-03   1.26296E-04   1.14006E-04   7.60121E-05   1.61110E-12     3630.75  1
 3.10100E-03   1.44877E-04   1.14912E-04   7.74133E-05   1.65878E-12     3666.37  1
 3.12100E-03   1.64102E-04   1.15413E-04   7.86970E-05   1.72185E-12     3713.58  1
 3.14100E-03   1.83170E-04   1.15773E-04   8.40139E-05   1.80543E-12     3737.44  1
 3.16100E-03   2.01869E-04   1.16235E-04   9.42996E-05   1.90682E-12     3751.93  1
 3.18100E-03   6.04637E-04   1.16631E-04   2.32580E-04   2.02236E-12     3757.20  1
 3.20100E-03   5.96604E-04   1.16423E-04   2.30222E-04   2.17031E-12     3718.52  1
 3.22100E-03   5.92071E-04   1.16638E-04   2.30897E-04   2.30257E-12     3733.31  1
 3.24100E-03   5.83804E-04   1.17014E-04   2.29296E-04   2.43564E-12     3759.25  1
 3.26100E-03   5.75897E-04   1.17360E-04   2.28499E-04   2.56963E-12     3764.35  1
 3.28100E-03   5.68704E-04   1.17582E-04   2.27034E-04   2.70419E-12     3765.97  1
 3.30100E-03   5.62162E-04   1.17729E-04   2.23134E-04   2.84024E-12     3770.93  1
 3.32100E-03   5.53184E-04   1.17806E-04   2.21919E-04   2.98414E-12     3795.38  1
 3.34100E-03   5.44514E-04   1.17891E-04   2.20930E-04   3.12172E-12     3806.04  1
 3.36100E-03   5.35928E-04   1.17969E-04   2.19708E-04   3.26009E-12     3796.75  1
 3.38100E-03   5.27192E-04   1.18078E-04   2.15905E-04   3.39954E-12     3788.20  1
 3.40100E-03   5.14604E-04   1.18148E-04   2.12912E-04   3.57021E-12     3756.78  1
 3.42100E-03   5.08952E-04   1.18268E-04   2.14654E-04   3.71422E-12     3783.52  1
 3.44100E-03   4.97499E-04   1.18335E-04   2.10018E-04   3.85723E-12     3820.83  1
 3.46100E-03   4.85225E-04   1.18514E-04   2.08211E-04   3.99522E-12     3824.74  1
 3.48100E-03   4.92978E-04   1.18653E-04   2.06406E-04   4.12782E-12     3801.35  1
 3.50099E-03   5.08150E-04   1.18740E-04   2.02816E-04   4.25853E-12     3797.04  1
 3.52099E-03   5.26341E-04   1.18768E-04   2.03239E-04   4.38606E-12     3822.97  1
 3.54099E-03   5.45091E-04   1.18790E-04   2.03651E-04   4.51293E-12     3818.25  1
 3.56099E-03   5.63258E-04   1.18787E-04   2.03935E-04   4.63123E-12     3789.64  1
 3.58099E-03   5.81413E-04   1.18776E-04   2.04151E-04   4.74292E-12     3775.71  1
 3.60099E-03   5.91248E-04   1.18503E-04   2.03709E-04   4.85770E-12     3736.50  1
 3.62099E-03   6.09283E-04   1.18431E-04   2.05234E-04   4.95399E-12     3765.44  1
 3.64099E-03   6.20865E-04   1.18346E-04   2.04144E-04   5.05205E-12     3794.54  1
 3.66099E-03   6.34195E-04   1.18347E-04   2.03934E-04   5.14382E-12     3789.78  1
 3.68099E-03   6.45253E-04   1.18386E-04   2.03864E-04   5.22736E-12     3771.67  1
 3.70099E-03   6.56679E-04   1.18321E-04   2.03857E-04   5.30722E-12     3762.87  1
 3.72099E-03   6.68209E-04   1.18205E-04   2.03838E-04   5.38425E-12     3782.73  1
 3.74099E-03   6.84168E-04   1.18098E-04   2.03754E-04   5.45556E-12     3785.70  1
 3.76099E-03   6.95739E-04   1.17930E-04   2.03694E-04   5.51546E-12     3760.42  1
 3.78099E-03   7.08319E-04   1.17746E-04   2.03558E-04   5.57258E-12     3748.33  1
 3.80099E-03   7.19837E-04   1.17443E-04   2.02775E-04   5.63121E-12     3730.07  1
 3.82099E-03   7.36027E-04   1.17134E-04   2.02692E-04   5.67117E-12     3719.28  1
 3.84099E-03   7.47836E-04   1.16898E-04   2.01992E-04   5.71073E-12     3710.14  1
 3.86099E-03   7.59801E-04   1.16730E-04   2.01370E-04   5.74661E-12     3715.32  1
 3.88099E-03   7.75447E-04   1.16446E-04   2.00691E-04   5.77219E-12     3707.72  1
 3.90099E-03   7.89770E-04   1.16172E-04   1.99382E-04   5.78995E-12     3689.54  1
 3.92099E-03   7.99838E-04   1.15896E-04   1.96672E-04   5.80886E-12     3669.43  1
 3.94099E-03   8.15325E-04   1.15629E-04   1.95107E-04   5.82165E-12     3656.50  1
 3.96099E-03   8.27739E-04   1.15415E-04   1.94231E-04   5.67461E-12     3653.47  0
 3.98099E-03   8.26510E-04   1.14264E-04   1.93506E-04   5.51706E-12     3061.63  0
 4.00099E-03   8.20242E-04   1.12907E-04   1.91461E-04   5.35654E-12     2732.87  0
 4.02099E-03   8.16709E-04   1.09861E-04   1.94047E-04   5.18126E-12     2514.52  0
 4.04099E-03   8.14235E-04   1.08040E-04   1.91130E-04   4.99671E-12     2352.90  0
 4.06099E-03   8.06548E-04   1.04849E-04   1.89776E-04   4.81138E-12     2227.63  0
 4.08099E-03   8.03815E-04   1.02795E-04   1.89016E-04   4.62491E-12     2130.11  0
 4.10099E-03   7.97328E-04   9.93455E-05   1.88154E-04   4.43952E-12     2049.60  0
 4.12099E-03   7.92973E-04   9.72250E-05   1.87277E-04   4.25420E-12     1982.34  0
 4.14099E-03   7.90048E-04   9.37810E-05   1.85944E-04   4.07339E-12     1927.33  0
 4.16100E-03   7.81969E-04   9.10795E-05   1.83087E-04   3.89535E-12     1881.44  0
 4.18100E-03   7.78903E-04   8.83689E-05   1.80614E-04   3.71906E-12     1841.22  0
 4.20100E-03   7.70381E-04   8.46176E-05   1.78469E-04   3.49163E-12     1806.06  0
 4.22100E-03   7.66342E-04   8.26744E-05   1.79889E-04   3.31613E-12     1776.11  0
 4.24100E-03   7.61857E-04   7.91859E-05   1.76802E-04   3.14098E-12     1749.10  0
 4.26100E-03   7.54357E-04   7.70838E-05   1.75652E-04   2.96829E-12     1725.15  0
 4.28100E-03   7.51287E-04   7.39133E-05   1.74558E-04   2.79931E-12     1704.42  0
 4.30100E-03   7.43190E-04   7.16683E-05   1.73508E-04   2.63410E-12     1686.48  0
 4.32100E-03   7.40056E-04   6.88491E-05   1.72105E-04   2.47350E-12     1671.44  0
 4.34100E-03   7.32416E-04   6.67573E-05   1.68300E-04   2.31737E-12     1658.74  0
 4.36100E-03   7.28978E-04   6.40054E-05   1.66585E-04   2.16539E-12     1648.21  0
 4.38100E-03   7.21530E-04   6.23799E-05   1.65496E-04   2.01900E-12     1639.82  0
 4.40100E-03   7.15771E-04   5.93077E-05   1.60615E-04   1.83867E-12     1632.86  0
 4.42100E-03   7.09816E-04   5.78567E-05   1.65009E-04   1.69960E-12     1628.06  0
 4.44100E-03   7.03846E-04   5.51814E-05   1.63417E-04   1.56699E-12     1624.75  0
 4.46100E-03   6.96927E-04   5.35578E-05   1.62110E-04   1.51441E-12     1623.08  1
 4.48100E-03   4.32243E-05   1.03001E-04   5.00662E-05   1.55998E-12     1819.70  1
 4.50100E-03   6.95618E-05   1.09332E-04   6.11470E-05   1.57773E-12     2691.61  1
 4.52100E-03   9.06656E-05   1.11801E-04   6.73429E-05   1.59447E-12     3208.86  1
 4.54100E-03   1.10346E-04   1.13026E-04   7.36678E-05   1.63393E-12     3412.96  1
 4.56100E-03   1.30039E-04   1.13537E-04   8.03216E-05   1.67660E-12     3538.77  1
 4.58100E-03   1.49177E-04   1.14430E-04   8.28946E-05   1.72599E-12     3584.54  1
 4.60100E-03   1.68375E-04   1.15254E-04   8.52848E-05   1.78859E-12     3605.26  1
 4.62100E-03   7.48760E-04   1.15809E-04   2.33724E-04   1.86962E-12     3628.83  1
 4.64100E-03   7.40122E-04   1.16218E-04   2.31850E-04   1.96846E-12     3679.65  1
 4.66100E-03   7.31374E-04   1.16570E-04   2.30872E-04   2.08199E-12     3710.42  1
 4.68100E-03   7.22565E-04   1.16944E-04   2.29754E-04   2.20260E-12     3694.37  1
 4.70100E-03   7.13914E-04   1.17244E-04   2.26035E-04   2.32932E-12     3685.88  1
 4.72100E-03   7.04249E-04   1.17570E-04   2.27101E-04   2.46193E-12     3712.41  1
 4.74100E-03   6.95329E-04   1.17741E-04   2.26878E-04   2.60087E-12     3751.09  1
 4.76100E-03   6.85514E-04   1.17872E-04   2.26388E-04   2.74193E-12     3772.86  1
 4.78100E-03   6.75250E-04   1.18052E-04   2.24739E-04   2.88355E-12     3753.01  1
 4.80100E-03   6.63176E-04   1.17926E-04   2.21186E-04   3.05127E-12     3727.21  1
 4.82100E-03   6.51953E-04   1.18108E-04   2.23831E-04   3.19379E-12     3756.31  1
 4.84100E-03   6.39782E-04   1.18283E-04   2.20423E-04   3.33599E-12     3796.12  1
 4.86100E-03   6.27297E-04   1.18492E-04   2.18161E-04   3.47868E-12     3782.98  1
 4.88100E-03   6.14734E-04   1.18643E-04   2.16843E-04   3.62248E-12     3760.25  1
 4.90100E-03   5.98865E-04   1.18789E-04   2.13673E-04   3.76375E-12     3778.71  1
 4.92100E-03   5.83680E-04   1.18897E-04   2.09312E-04   3.90880E-12     3796.03  1
 4.94100E-03   5.64245E-04   1.18995E-04   2.07252E-04   4.05731E-12     3804.91  1
 4.96100E-03   5.40965E-04   1.19061E-04   2.00849E-04   4.20238E-12     3785.01  1
 4.98100E-03   5.06128E-04   1.19125E-04   1.97113E-04   4.34328E-12     3767.04  1
 5.00100E-03   5.19417E-04   1.18888E-04   1.94346E-04   4.49692E-12     3686.71  1
 5.02100E-03   5.38558E-04   1.18985E-04   1.98073E-04   4.62912E-12     3725.41  1
 5.04100E-03   5.57512E-04   1.19014E-04   1.99610E-04   4.75947E-12     3779.64  1
 5.06100E-03   5.76344E-04   1.19094E-04   2.00407E-04   4.88406E-12     3765.66  1
 5.08100E-03   5.94715E-04   1.19255E-04   2.00895E-04   5.00333E-12     3740.41  1
 5.10100E-03   6.13120E-04   1.19368E-04   2.01330E-04   5.11436E-12     3743.54  1
 5.12100E-03   6.27481E-04   1.19389E-04   2.01596E-04   5.22814E-12     3760.83  1
 5.14100E-03   6.45638E-04   1.19395E-04   2.01786E-04   5.33995E-12     3776.54  1
 5.16100E-03   6.56473E-04   1.19408E-04   2.02015E-04   5.44507E-12     3753.09  1
 5.18100E-03   6.67771E-04   1.19380E-04   2.02233E-04   5.54210E-12     3733.22  1
 5.20100E-03   6.80379E-04   1.18972E-04   2.02183E-04   5.60957E-12     3696.94  1
 5.22100E-03   6.93119E-04   1.18900E-04   2.05460E-04   5.71200E-12     3736.80  1
 5.24100E-03   7.01619E-04   1.18818E-04   2.06720E-04   5.80432E-12     3790.96  1
 5.26100E-03   7.16516E-04   1.18764E-04   2.07081E-04   5.88400E-12     3798.23  1
 5.28100E-03   7.28596E-04   1.18827E-04   2.07224E-04   5.95892E-12     3755.18  1
 5.30100E-03   7.43249E-04   1.18831E-04   2.07229E-04   6.02887E-12     3752.47  1
 5.32100E-03   7.51842E-04   1.18774E-04   2.07193E-04   6.10010E-12     3757.33  1
 5.34100E-03   7.67305E-04   1.18688E-04   2.06271E-04   6.16108E-12     3774.03  1
 5.36100E-03   7.80682E-04   1.18588E-04   2.05147E-04   6.21815E-12     3747.47  1
 5.38100E-03   7.94680E-04   1.18476E-04   2.02650E-04   6.26668E-12     3727.01  1
 5.40100E-03   8.05030E-04   1.18341E-04   2.01773E-04   6.30790E-12     3735.34  1
 5.42100E-03   8.21788E-04   1.18215E-04   2.01661E-04   6.35067E-12     3757.84  1
 5.44100E-03   8.32762E-04   1.18047E-04   2.01164E-04   6.38379E-12     3732.05  1
 5.46101E-03   8.48821E-04   1.17938E-04   2.00652E-04   6.41419E-12     3713.09  1
 5.48101E-03   8.57643E-04   1.17816E-04   2.00129E-04   6.44313E-12     3727.31  1
 5.50101E-03   8.71763E-04   1.17659E-04   1.99633E-04   6.46169E-12     3735.65  1
 5.52101E-03   8.87631E-04   1.17483E-04   1.98891E-04   6.47433E-12     3704.38  1
 5.54101E-03   8.98868E-04   1.17235E-04   1.98185E-04   6.48311E-12     3670.84  1
 5.56101E-03   9.10354E-04   1.16953E-04   1.97014E-04   6.49092E-12     3679.99  1
 5.58101E-03   9.22969E-04   1.16660E-04   1.95424E-04   6.48916E-12     3692.79  1
 5.60101E-03   9.35949E-04   1.16021E-04   1.92285E-04   6.46589E-12     3578.21  1
 5.62101E-03   9.48709E-04   1.15651E-04   1.93823E-04   6.45205E-12     3587.87  1
 5.64101E-03   9.62163E-04   1.15541E-04   1.91908E-04   6.42950E-12     3593.61  1
 5.66101E-03   9.77554E-04   1.15461E-04   1.90271E-04   6.40347E-12     3601.78  1
 5.68101E-03   9.84724E-04   1.15293E-04   1.89366E-04   6.22537E-12     3593.18  0
 5.70101E-03   9.83044E-04   1.14051E-04   1.88628E-04   6.02833E-12     3048.93  0
 5.72101E-03   9.76073E-04   1.13059E-04   1.87984E-04   5.82457E-12     2736.41  0
 5.74101E-03   9.72483E-04   1.10218E-04   1.87213E-04   5.61525E-12     2525.40  0
 5.76101E-03   9.67396E-04   1.08231E-04   1.86425E-04   5.40742E-12     2377.20  0
 5.78101E-03   9.61404E-04   1.05131E-04   1.85193E-04   5.19548E-12     2258.57  0
 5.80101E-03   9.55440E-04   1.02786E-04   1.81228E-04   4.91052E-12     2157.78  0
 5.82101E-03   9.52382E-04   9.91774E-05   1.83797E-04   4.68502E-12     2074.52  0
 5.84101E-03   9.43708E-04   9.69403E-05   1.83705E-04   4.46613E-12     2000.83  0
 5.86101E-03   9.40196E-04   9.35777E-05   1.83072E-04   4.25138E-12     1936.94  0
 5.88101E-03   9.31196E-04   9.04866E-05   1.82336E-04   4.04054E-12     1883.75  0
 5.90101E-03   9.27488E-04   8.80390E-05   1.81108E-04   3.83406E-12     1839.05  0
 5.92101E-03   9.18587E-04   8.45848E-05   1.77567E-04   3.63027E-12     1800.28  0
 5.94101E-03   9.14706E-04   8.25822E-05   1.76164E-04   3.43136E-12     1767.12  0
 5.96101E-03   9.05599E-04   7.90028E-05   1.75226E-04   3.23680E-12     1739.50  0
 5.98101E-03   9.01601E-04   7.66949E-05   1.74277E-04   3.04716E-12     1715.99  0
 6.00101E-03   8.89591E-04   7.35557E-05   1.68597E-04   2.78771E-12     1695.06  0
 6.02101E-03   8.86857E-04   7.08202E-05   1.74164E-04   2.59781E-12     1678.10  0
 6.04101E-03   8.80003E-04   6.83994E-05   1.72870E-04   2.41693E-12     1663.58  0
 6.06101E-03   8.69910E-04   6.55450E-05   1.71631E-04   2.24455E-12     1651.67  0
 6.08101E-03   8.61709E-04   6.33004E-05   1.69059E-04   2.07930E-12     1642.13  0
 6.10101E-03   8.52969E-04   6.04758E-05   1.66342E-04   1.92234E-12     1634.63  0
 6.12101E-03   8.41381E-04   5.83678E-05   1.65030E-04   1.77176E-12     1629.02  0
 6.14101E-03   8.27922E-04   5.56880E-05   1.63996E-04   1.62856E-12     1625.25  0
 6.16101E-03   8.18630E-04   5.35917E-05   1.62898E-04   1.49290E-12     1623.26  0
 6.18101E-03   8.06127E-04   5.12652E-05   1.61574E-04   1.44639E-12     1622.78  1
 6.20101E-03   4.17945E-05   1.00595E-04   3.69767E-05   1.46235E-12     1794.73  1
 6.22101E-03   6.95898E-05   1.09304E-04   6.11081E-05   1.47417E-12     2707.75  1
 6.24101E-03   9.04400E-05   1.11780E-04   6.75109E-05   1.48853E-12     3206.24  1
 6.26101E-03   1.10476E-04   1.13003E-04   7.37415E-05   1.52016E-12     3437.06  1
 6.28101E-03   1.30108E-04   1.13541E-04   8.02188E-05   1.56423E-12     3559.31  1
 6.30101E-03   1.49260E-04   1.14385E-04   8.26858E-05   1.61326E-12     3618.38  1
 6.32101E-03   1.68383E-04   1.15175E-04   8.52256E-05   1.67335E-12     3644.24  1
 6.34101E-03   1.84157E-04   1.15748E-04   9.61642E-05   1.74299E-12     3655.85  1
 6.36101E-03   2.03642E-04   1.16188E-04   1.04602E-04   1.82792E-12     3674.85  1
 6.38101E-03   8.31438E-04   1.16548E-04   2.19610E-04   1.94036E-12     3703.68  1
 6.40101E-03   8.17004E-04   1.16849E-04   2.15722E-04   2.06713E-12     3689.58  1
 6.42101E-03   8.05558E-04   1.17145E-04   2.13404E-04   2.19491E-12     3735.35  1
 6.44101E-03   7.94229E-04   1.17497E-04   2.12045E-04   2.33285E-12     3801.87  1
 6.46101E-03   7.79465E-04   1.17718E-04   2.13763E-04   2.47549E-12     3828.81  1
 6.48101E-03   7.65386E-04   1.17949E-04   2.10473E-04   2.61878E-12     3828.98  1
 6.50101E-03   7.49308E-04   1.18155E-04   2.08614E-04   2.76573E-12     3844.20  1
 6.52101E-03   7.34230E-04   1.18337E-04   2.07530E-04   2.91558E-12     3873.23  1
 6.54101E-03   7.15578E-04   1.18456E-04   2.06070E-04   3.06965E-12     3895.67  1
 6.56101E-03   6.96273E-04   1.18613E-04   2.01103E-04   3.22292E-12     3892.22  1
 6.58101E-03   6.75103E-04   1.18748E-04   1.99088E-04   3.37445E-12     3883.41  1
 6.60101E-03   6.46394E-04   1.18808E-04   1.96696E-04   3.52652E-12     3845.43  1
 6.62101E-03   6.15370E-04   1.18888E-04   1.90354E-04   3.67797E-12     3853.12  1
 6.64101E-03   5.63630E-04   1.18951E-04   1.84547E-04   3.83456E-12     3886.80  1
 6.66101E-03   4.82398E-04   1.19072E-04   1.84823E-04   3.99169E-12     3899.00  1
 6.68101E-03   4.98350E-04   1.19265E-04   1.85028E-04   4.14306E-12     3888.98  1
 6.70101E-03   5.16262E-04   1.19384E-04   1.85325E-04   4.28948E-12     3858.32  1
 6.72101E-03   5.34065E-04   1.19482E-04   1.85746E-04   4.43329E-12     3867.22  1
 6.74101E-03   5.51736E-04   1.19574E-04   1.86140E-04   4.57534E-12     3880.07  1
 6.76101E-03   5.67859E-04   1.19650E-04   1.86463E-04   4.71480E-12     3885.62  1
 6.78102E-03   5.86262E-04   1.19646E-04   1.86690E-04   4.84912E-12     3865.10  1
 6.80102E-03   6.01318E-04   1.19695E-04   1.86865E-04   4.97784E-12     3834.46  1
 6.82102E-03   6.22606E-04   1.19753E-04   1.87151E-04   5.10536E-12     3850.02  1
 6.84102E-03   6.36045E-04   1.19795E-04   1.88965E-04   5.23760E-12     3869.32  1
 6.86102E-03   6.48233E-04   1.19852E-04   1.90128E-04   5.36402E-12     3874.60  1
 6.88102E-03   6.62296E-04   1.19899E-04   1.90769E-04   5.48633E-12     3858.30  1
 6.90102E-03   6.75933E-04   1.19891E-04   1.91212E-04   5.60190E-12     3840.65  1
 6.92102E-03   6.91655E-04   1.19922E-04   1.91433E-04   5.71776E-12     3851.29  1
 6.94102E-03   7.00276E-04   1.19951E-04   1.91649E-04   5.82869E-12     3858.18  1
 6.96102E-03   7.15874E-04   1.19952E-04   1.91811E-04   5.93633E-12     3850.43  1
 6.98102E-03   7.27972E-04   1.19899E-04   1.91947E-04   6.03866E-12     3821.99  1
 7.00102E-03   7.41991E-04   1.19865E-04   1.91923E-04   6.13789E-12     3801.19  1
 7.02102E-03   7.55682E-04   1.19859E-04   1.91890E-04   6.22867E-12     3817.36  1
 7.04102E-03   7.67830E-04   1.19825E-04   1.91953E-04   6.32150E-12     3839.69  1
 7.06102E-03   7.81286E-04   1.19818E-04   1.92044E-04   6.40547E-12     3839.35  1
 7.08102E-03   7.95825E-04   1.19824E-04   1.92025E-04   6.48715E-12     3818.94  1
 7.10102E-03   8.12649E-04   1.19799E-04   1.92009E-04   6.56097E-12     3801.04  1
 7.12102E-03   8.23784E-04   1.19763E-04   1.92029E-04   6.63714E-12     3813.25  1
 7.14102E-03   8.36428E-04   1.19716E-04   1.91999E-04   6.70582E-12     3816.56  1
 7.16102E-03   8.48786E-04   1.19604E-04   1.91946E-04   6.77192E-12     3814.05  1
 7.18102E-03   8.64274E-04   1.19537E-04   1.91867E-04   6.82951E-12     3784.32  1
 7.20102E-03   8.76509E-04   1.19441E-04   1.91716E-04   6.88708E-12     3768.68  1
 7.22102E-03   8.89394E-04   1.19352E-04   1.91431E-04   6.93647E-12     3776.33  1
 7.24102E-03   9.05536E-04   1.19222E-04   1.91107E-04   6.98346E-12     3793.12  1
 7.26102E-03   9.14765E-04   1.19089E-04   1.90806E-04   7.02653E-12     3802.89  1
 7.28102E-03   9.28609E-04   1.19077E-04   1.90584E-04   7.06287E-12     3805.93  1
 7.30102E-03   9.44596E-04   1.19007E-04   1.90331E-04   7.09576E-12     3777.12  1
 7.32102E-03   9.55785E-04   1.18851E-04   1.89795E-04   7.12267E-12     3755.29  1
 7.34102E-03   9.66959E-04   1.18669E-04   1.89255E-04   7.14822E-12     3768.84  1
 7.36102E-03   9.82277E-04   1.18516E-04   1.88783E-04   7.16462E-12     3767.13  1
 7.38102E-03   9.92716E-04   1.18333E-04   1.87767E-04   7.17613E-12     3749.95  1
 7.40102E-03   1.00792E-03   1.18141E-04   1.86351E-04   7.18278E-12     3727.35  1
 7.42102E-03   1.01466E-03   1.17968E-04   1.84001E-04   7.18707E-12     3734.24  1
 7.44102E-03   1.02947E-03   1.17802E-04   1.83101E-04   7.17902E-12     3737.34  1
 7.46102E-03   1.04119E-03   1.17603E-04   1.82502E-04   7.17210E-12     3723.31  1
 7.48102E-03   1.05389E-03   1.17409E-04   1.81908E-04   7.15941E-12     3702.27  1
 7.50102E-03   1.06561E-03   1.17125E-04   1.81340E-04   7.14046E-12     3686.99  1
 7.52102E-03   1.07515E-03   1.16869E-04   1.80804E-04   7.11127E-12     3689.49  1
 7.54102E-03   1.09042E-03   1.16650E-04   1.80068E-04   7.08477E-12     3686.74  1
 7.56102E-03   1.09999E-03   1.16406E-04   1.79314E-04   7.04895E-12     3673.63  1
 7.58102E-03   1.11190E-03   1.16133E-04   1.78588E-04   7.01024E-12     3652.39  1
 7.60102E-03   1.12254E-03   1.15891E-04   1.77350E-04   6.96167E-12     3651.67  1
 7.62102E-03   1.13864E-03   1.15653E-04   1.74556E-04   6.91800E-12     3638.15  1
 7.64102E-03   1.14820E-03   1.15407E-04   1.72945E-04   6.71237E-12     3619.72  0
 7.66102E-03   1.14665E-03   1.14141E-04   1.72032E-04   6.50003E-12     3063.55  0
 7.68102E-03   1.13880E-03   1.13188E-04   1.71198E-04   6.27825E-12     2747.16  0
 7.70102E-03   1.13578E-03   1.10419E-04   1.70423E-04   6.05030E-12     2541.51  0
 7.72102E-03   1.12710E-03   1.08430E-04   1.69530E-04   5.82015E-12     2390.11  0
 7.74102E-03   1.12354E-03   1.05560E-04   1.68637E-04   5.58751E-12     2273.97  0
 7.76102E-03   1.11414E-03   1.03215E-04   1.67420E-04   5.36050E-12     2177.89  0
 7.78102E-03   1.10946E-03   1.00039E-04   1.64958E-04   5.13267E-12     2097.48  0
 7.80102E-03   1.09849E-03   9.77206E-05   1.62211E-04   4.85297E-12     2029.10  0
 7.82102E-03   1.09379E-03   9.42855E-05   1.63153E-04   4.62960E-12     1966.30  0
 7.84102E-03   1.08473E-03   9.21076E-05   1.62860E-04   4.40324E-12     1909.13  0
 7.86102E-03   1.07946E-03   8.87615E-05   1.60124E-04   4.17904E-12     1858.50  0
 7.88102E-03   1.06970E-03   8.60330E-05   1.58081E-04   3.95748E-12     1816.45  0
 7.90102E-03   1.06251E-03   8.34054E-05   1.56904E-04   3.74026E-12     1780.77  0
 7.92102E-03   1.05525E-03   8.03485E-05   1.55907E-04   3.52769E-12     1750.26  0
 7.94102E-03   1.04577E-03   7.80491E-05   1.54817E-04   3.31974E-12     1724.51  0
 7.96102E-03   1.03864E-03   7.48659E-05   1.53728E-04   3.11742E-12     1702.97  0
 7.98102E-03   1.03084E-03   7.28359E-05   1.52293E-04   2.92048E-12     1684.76  0
 8.00102E-03   1.02094E-03   6.95301E-05   1.48849E-04   2.72977E-12     1669.51  0
 8.02102E-03   1.01177E-03   6.76621E-05   1.47155E-04   2.54498E-12     1656.90  0
 8.04102E-03   1.00467E-03   6.43863E-05   1.46080E-04   2.36692E-12     1646.71  0
 8.06102E-03   9.94733E-04   6.26222E-05   1.45153E-04   2.19584E-12     1638.40  0
 8.08102E-03   9.83981E-04   5.94286E-05   1.44135E-04   2.03139E-12     1631.97  0
 8.10102E-03   9.73315E-04   5.77250E-05   1.42859E-04   1.87370E-12     1627.27  0
 8.12102E-03   9.62588E-04   5.46722E-05   1.39949E-04   1.72279E-12     1624.27  0
 8.14102E-03   9.51548E-04   5.29711E-05   1.37452E-04   1.67562E-12     1622.97  1
 8.16103E-03   4.49244E-05   1.05318E-04   4.24387E-05   1.71338E-12     1881.92  1
 8.18103E-03   7.08317E-05   1.10545E-04   6.65019E-05   1.72638E-12     2793.34  1
 8.20103E-03   9.11283E-05   1.12613E-04   7.84227E-05   1.73124E-12     3194.84  1
 8.22103E-03   1.10894E-04   1.14050E-04   8.48711E-05   1.77268E-12     3401.92  1
 8.24103E-03   9.04995E-04   1.15604E-04   2.19072E-04   1.83886E-12     3535.31  1
 8.26103E-03   8.89393E-04   1.16391E-04   2.18336E-04   1.92566E-12     3606.87  1
 8.28103E-03   8.73918E-04   1.16974E-04   2.16096E-04   2.02059E-12     3634.92  1
 8.30103E-03   8.59684E-04   1.17366E-04   2.13328E-04   2.12070E-12     3662.74  1
 8.32103E-03   8.41582E-04   1.17684E-04   2.12286E-04   2.23030E-12     3727.86  1
 8.34103E-03   8.26118E-04   1.17858E-04   2.11456E-04   2.34893E-12     3772.50  1
 8.36103E-03   8.06475E-04   1.18050E-04   2.10454E-04   2.47722E-12     3759.17  1
 8.38103E-03   7.88171E-04   1.18220E-04   2.10546E-04   2.61161E-12     3754.88  1
 8.40103E-03   7.68772E-04   1.18343E-04   2.08947E-04   2.74839E-12     3755.89  1
 8.42103E-03   7.49202E-04   1.18524E-04   2.08507E-04   2.89428E-12     3785.23  1
 8.44103E-03   7.28709E-04   1.18640E-04   2.07514E-04   3.04308E-12     3812.37  1
 8.46103E-03   7.07310E-04   1.18783E-04   2.04710E-04   3.19053E-12     3795.15  1
 8.48103E-03   6.82893E-04   1.18916E-04   2.01210E-04   3.33743E-12     3781.25  1
 8.50103E-03   6.57146E-04   1.19043E-04   1.99639E-04   3.48633E-12     3804.55  1
 8.52103E-03   6.27366E-04   1.19183E-04   1.98171E-04   3.64281E-12     3824.73  1
 8.54103E-03   5.96728E-04   1.19296E-04   1.94930E-04   3.79806E-12     3831.77  1
 8.56103E-03   5.64385E-04   1.19384E-04   1.95328E-04   3.95257E-12     3779.42  1
 8.58103E-03   5.24353E-04   1.19470E-04   1.95656E-04   4.10485E-12     3780.84  1
 8.60103E-03   4.61981E-04   1.19528E-04   1.95795E-04   4.26207E-12     3766.84  1
 8.62103E-03   4.73683E-04   1.19613E-04   1.96605E-04   4.40705E-12     3786.05  1
 8.64103E-03   4.88246E-04   1.19673E-04   1.96384E-04   4.55413E-12     3822.46  1
 8.66103E-03   5.07268E-04   1.19773E-04   1.96448E-04   4.69792E-12     3829.61  1
 8.68103E-03   5.26004E-04   1.19958E-04   1.96597E-04   4.83673E-12     3778.12  1
 8.70103E-03   5.44455E-04   1.19971E-04   1.96795E-04   4.96789E-12     3781.52  1
 8.72103E-03   5.62865E-04   1.20035E-04   1.96915E-04   5.09917E-12     3797.24  1
 8.74103E-03   5.77909E-04   1.20089E-04   1.97104E-04   5.23679E-12     3811.17  1
 8.76103E-03   5.96776E-04   1.20117E-04   1.98693E-04   5.36998E-12     3807.14  1
 8.78103E-03   6.15266E-04   1.20106E-04   1.99803E-04   5.49688E-12     3779.36  1
 8.80103E-03   6.31317E-04   1.20091E-04   2.00315E-04   5.62035E-12     3762.87  1
 8.82103E-03   6.52692E-04   1.20111E-04   2.00693E-04   5.73817E-12     3770.33  1
 8.84103E-03   6.67358E-04   1.20114E-04   2.00940E-04   5.85904E-12     3786.15  1
 8.86103E-03   6.86076E-04   1.20155E-04   2.01071E-04   5.96982E-12     3802.25  1
 8.88103E-03   7.04422E-04   1.20217E-04   2.01291E-04   6.07735E-12     3768.42  1
 8.90103E-03   7.16801E-04   1.20215E-04   2.01305E-04   6.17995E-12     3771.89  1
 8.92103E-03   7.32113E-04   1.20215E-04   2.01376E-04   6.28167E-12     3787.72  1
 8.94103E-03   7.46428E-04   1.20213E-04   2.01399E-04   6.37855E-12     3796.21  1
 8.96103E-03   7.59845E-04   1.20195E-04   2.01405E-04   6.46971E-12     3800.55  1
 8.98103E-03   7.75025E-04   1.20154E-04   2.01346E-04   6.55729E-12     3768.58  1
 9.00103E-03   7.86859E-04   1.19871E-04   2.00911E-04   6.61848E-12     3715.81  1
 9.02103E-03   8.00238E-04   1.19740E-04   2.04844E-04   6.70762E-12     3734.55  1
 9.04103E-03   8.09176E-04   1.19798E-04   2.05179E-04   6.78832E-12     3769.32  1
 9.06103E-03   8.24285E-04   1.19775E-04   2.06196E-04   6.85691E-12     3791.13  1
 9.08103E-03   8.37412E-04   1.19824E-04   2.06172E-04   6.92044E-12     3768.97  1
 9.10103E-03   8.53156E-04   1.19848E-04   2.05941E-04   6.97798E-12     3763.69  1
 9.12103E-03   8.65211E-04   1.19820E-04   2.05661E-04   7.03754E-12     3763.35  1
 9.14103E-03   8.77922E-04   1.19759E-04   2.04775E-04   7.09132E-12     3784.99  1
 9.16103E-03   8.91430E-04   1.19664E-04   2.03738E-04   7.13818E-12     3770.56  1
 9.18103E-03   9.06275E-04   1.19589E-04   2.00970E-04   7.17989E-12     3748.55  1
 9.20103E-03   9.21661E-04   1.19468E-04   1.99842E-04   7.21653E-12     3723.11  1
 9.22103E-03   9.31875E-04   1.19404E-04   1.99561E-04   7.25242E-12     3731.73  1
 9.24103E-03   9.44134E-04   1.19325E-04   1.98946E-04   7.28697E-12     3766.62  1
 9.26103E-03   9.60902E-04   1.19221E-04   1.98386E-04   7.31357E-12     3777.54  1
 9.28103E-03   9.72457E-04   1.19189E-04   1.97874E-04   7.33519E-12     3737.64  1
 9.30103E-03   9.87108E-04   1.19124E-04   1.97152E-04   7.35507E-12     3737.96  1
 9.32103E-03   9.99624E-04   1.19007E-04   1.96390E-04   7.37662E-12     3741.18  1
 9.34103E-03   1.01265E-03   1.18914E-04   1.95263E-04   7.38598E-12     3757.51  1
 9.36103E-03   1.02643E-03   1.18778E-04   1.93168E-04   7.39611E-12     3737.90  1
 9.38103E-03   1.04243E-03   1.18635E-04   1.90729E-04   7.40170E-12     3720.55  1
 9.40103E-03   1.05158E-03   1.18457E-04   1.89451E-04   7.39431E-12     3660.32  1
 9.42103E-03   1.06991E-03   1.18339E-04   1.89326E-04   7.38961E-12     3680.85  1
 9.44103E-03   1.07689E-03   1.18148E-04   1.88366E-04   7.38212E-12     3719.17  1
 9.46104E-03   1.09260E-03   1.18035E-04   1.87675E-04   7.36614E-12     3733.69  1
 9.48104E-03   1.10857E-03   1.18012E-04   1.86871E-04   7.34912E-12     3709.41  1
 9.50104E-03   1.11824E-03   1.17873E-04   1.86047E-04   7.32698E-12     3679.68  1
 9.52104E-03   1.13026E-03   1.17703E-04   1.84837E-04   7.30540E-12     3693.31  1
 9.54104E-03   1.14266E-03   1.17544E-04   1.82155E-04   7.27002E-12     3702.32  1
 9.56104E-03   1.15566E-03   1.17356E-04   1.80147E-04   7.23770E-12     3682.21  1
 9.58104E-03   1.17082E-03   1.17139E-04   1.79146E-04   7.19727E-12     3656.19  1
 9.60104E-03   1.17706E-03   1.16868E-04   1.78326E-04   7.15636E-12     3643.10  1
 9.62104E-03   1.19350E-03   1.16553E-04   1.77589E-04   6.95233E-12     3643.93  0
 9.64104E-03   1.18873E-03   1.15582E-04   1.76704E-04   6.74096E-12     3090.92  0
 9.66104E-03   1.18444E-03   1.14183E-04   1.75829E-04   6.51803E-12     2775.97  0
 9.68104E-03   1.17803E-03   1.13049E-04   1.74560E-04   6.29085E-12     2562.10  0
 9.70104E-03   1.17274E-03   1.10297E-04   1.71212E-04   6.05754E-12     2402.07  0
 9.72104E-03   1.16524E-03   1.08421E-04   1.69643E-04   5.82506E-12     2277.74  0
 9.74104E-03   1.15996E-03   1.05920E-04   1.68647E-04   5.58971E-12     2176.71  0
 9.76104E-03   1.15123E-03   1.03544E-04   1.67802E-04   5.35501E-12     2090.89  0
 9.78104E-03   1.14656E-03   1.00984E-04   1.66826E-04   5.12216E-12     2019.72  0
 9.80104E-03   1.13491E-03   9.84366E-05   1.65006E-04   4.86334E-12     1957.11  0
 9.82104E-03   1.12927E-03   9.56547E-05   1.64029E-04   4.63521E-12     1903.38  0
 9.84104E-03   1.11956E-03   9.33566E-05   1.62996E-04   4.40870E-12     1858.49  0
 9.86104E-03   1.11387E-03   9.04691E-05   1.59812E-04   4.18556E-12     1819.81  0
 9.88104E-03   1.10345E-03   8.82487E-05   1.58123E-04   3.96687E-12     1786.74  0
 9.90104E-03   1.09358E-03   8.52295E-05   1.57008E-04   3.75245E-12     1758.38  0
 9.92104E-03   1.08565E-03   8.31576E-05   1.56017E-04   3.54285E-12     1733.91  0
 9.94104E-03   1.07724E-03   8.01760E-05   1.54949E-04   3.33862E-12     1713.15  0
 9.96104E-03   1.06668E-03   7.81149E-05   1.53927E-04   3.14019E-12     1695.23  0
 9.98104E-03   1.05629E-03   7.51369E-05   1.52659E-04   2.94764E-12     1679.92  0
 1.00010E-02   1.04178E-03   7.24224E-05   1.47151E-04   2.69817E-12     1666.52  0
 1.00210E-02   1.03555E-03   6.96033E-05   1.51991E-04   2.51176E-12     1655.43  0
 1.00410E-02   1.02449E-03   6.78542E-05   1.50267E-04   2.33337E-12     1645.85  0
 1.00610E-02   1.01305E-03   6.48577E-05   1.47138E-04   2.16210E-12     1637.83  0
 1.00810E-02   1.00103E-03   6.30514E-05   1.45827E-04   1.99787E-12     1631.62  0
 1.01010E-02   9.88371E-04   6.03137E-05   1.44849E-04   1.84135E-12     1627.20  0
 1.01210E-02   9.75321E-04   5.83959E-05   1.43844E-04   1.83363E-12     1624.37  1
 1.01410E-02   9.61929E-04   1.07930E-04   2.02298E-04   1.89631E-12     1996.34  1
 1.01610E-02   9.41830E-04   1.12164E-04   2.10049E-04   1.95379E-12     2916.62  1
 1.01810E-02   9.17646E-04   1.14409E-04   2.11381E-04   2.02161E-12     3321.48  1
 1.02010E-02   8.91550E-04   1.15932E-04   2.11647E-04   2.09885E-12     3519.16  1
 1.02210E-02   8.72330E-04   1.17058E-04   2.12924E-04   2.18918E-12     3656.49  1
 1.02410E-02   8.51384E-04   1.17718E-04   2.11797E-04   2.28816E-12     3737.87  1
 1.02610E-02   8.31211E-04   1.18137E-04   2.11216E-04   2.39749E-12     3804.45  1
 1.02810E-02   8.09417E-04   1.18522E-04   2.10756E-04   2.51127E-12     3842.35  1
 1.03010E-02   7.87232E-04   1.18776E-04   2.09946E-04   2.64002E-12     3853.00  1
 1.03210E-02   7.64449E-04   1.18988E-04   2.10875E-04   2.77440E-12     3866.28  1
 1.03410E-02   7.41115E-04   1.19160E-04   2.10598E-04   2.91857E-12     3896.31  1
 1.03610E-02   7.18821E-04   1.19300E-04   2.11689E-04   3.06930E-12     3906.10  1
 1.03810E-02   6.91388E-04   1.19396E-04   2.12493E-04   3.21972E-12     3911.70  1
 1.04010E-02   6.63791E-04   1.19248E-04   2.13140E-04   3.38758E-12     3899.75  1
 1.04210E-02   6.41346E-04   1.19312E-04   2.18181E-04   3.55418E-12     3898.01  1
 1.04410E-02   6.15966E-04   1.19367E-04   2.20294E-04   3.71368E-12     3887.89  1
 1.04610E-02   5.91138E-04   1.19481E-04   2.21360E-04   3.87245E-12     3898.18  1
 1.04810E-02   5.60128E-04   1.19790E-04   2.22105E-04   4.03768E-12     3898.23  1
 1.05010E-02   5.33412E-04   1.19946E-04   2.22633E-04   4.19902E-12     3890.06  1
 1.05210E-02   5.02981E-04   1.19949E-04   2.23072E-04   4.35769E-12     3875.26  1
 1.05410E-02   4.71174E-04   1.20005E-04   2.23446E-04   4.51227E-12     3859.60  1
 1.05610E-02   4.66477E-04   1.20067E-04   2.23748E-04   4.66878E-12     3872.50  1
 1.05810E-02   4.81279E-04   1.20133E-04   2.24017E-04   4.82420E-12     3877.01  1
 1.06010E-02   4.98366E-04   1.20057E-04   2.24079E-04   4.96273E-12     3823.26  1
 1.06210E-02   5.15811E-04   1.20015E-04   2.27445E-04   5.11830E-12     3847.85  1
 1.06410E-02   5.32477E-04   1.20036E-04   2.29048E-04   5.26789E-12     3873.98  1
 1.06610E-02   5.47492E-04   1.20151E-04   2.29932E-04   5.40779E-12     3885.35  1
 1.06810E-02   5.65662E-04   1.20292E-04   2.30428E-04   5.54225E-12     3871.27  1
 1.07010E-02   5.83930E-04   1.20298E-04   2.30744E-04   5.66841E-12     3857.52  1
 1.07210E-02   6.01715E-04   1.20341E-04   2.30853E-04   5.79254E-12     3876.60  1
 1.07410E-02   6.16966E-04   1.20368E-04   2.30927E-04   5.91549E-12     3880.11  1
 1.07610E-02   6.35336E-04   1.20370E-04   2.30942E-04   6.03430E-12     3871.81  1
 1.07810E-02   6.51131E-04   1.20342E-04   2.30974E-04   6.14645E-12     3843.77  1
 1.08010E-02   6.65290E-04   1.20074E-04   2.30018E-04   6.26255E-12     3744.17  1
 1.08210E-02   6.81922E-04   1.20003E-04   2.31973E-04   6.36281E-12     3783.70  1
 1.08410E-02   6.94272E-04   1.19996E-04   2.30376E-04   6.46331E-12     3822.32  1
 1.08610E-02   7.07954E-04   1.20092E-04   2.29866E-04   6.55985E-12     3839.03  1
 1.08810E-02   7.23091E-04   1.20230E-04   2.29561E-04   6.65021E-12     3822.23  1
 1.09010E-02   7.36542E-04   1.20244E-04   2.29291E-04   6.73545E-12     3800.64  1
 1.09210E-02   7.52725E-04   1.20251E-04   2.28740E-04   6.82070E-12     3811.43  1
 1.09410E-02   7.64680E-04   1.20245E-04   2.28223E-04   6.90405E-12     3824.98  1
 1.09610E-02   7.78993E-04   1.20209E-04   2.27240E-04   6.97912E-12     3825.45  1
 1.09810E-02   7.95614E-04   1.20139E-04   2.26049E-04   7.05061E-12     3803.96  1
 1.10010E-02   8.08704E-04   1.19877E-04   2.23071E-04   7.10684E-12     3768.25  1
 1.10210E-02   8.25553E-04   1.19821E-04   2.24822E-04   7.17269E-12     3801.93  1
 1.10410E-02   8.38564E-04   1.19788E-04   2.25158E-04   7.23374E-12     3847.32  1
 1.10610E-02   8.51228E-04   1.19853E-04   2.24360E-04   7.28958E-12     3859.71  1
 1.10810E-02   8.67662E-04   1.19958E-04   2.21815E-04   7.33947E-12     3844.27  1
 1.11010E-02   8.84380E-04   1.19902E-04   2.20276E-04   7.38386E-12     3827.16  1
 1.11210E-02   8.98101E-04   1.19883E-04   2.19495E-04   7.42735E-12     3847.24  1
 1.11410E-02   9.09927E-04   1.19837E-04   2.18888E-04   7.46921E-12     3860.45  1
 1.11610E-02   9.26558E-04   1.19759E-04   2.18138E-04   7.50042E-12     3847.93  1
 1.11810E-02   9.42618E-04   1.19610E-04   2.17346E-04   7.52522E-12     3810.38  1
 1.12010E-02   9.54975E-04   1.19384E-04   2.15454E-04   7.47093E-12     3792.54  1
 1.12210E-02   9.69555E-04   1.19281E-04   2.16492E-04   7.48226E-12     3821.52  1
 1.12410E-02   9.84725E-04   1.19216E-04   2.15651E-04   7.49221E-12     3824.05  1
 1.12610E-02   9.96993E-04   1.19134E-04   2.14994E-04   7.49242E-12     3796.36  1
 1.12810E-02   1.01311E-03   1.19081E-04   2.14398E-04   7.49431E-12     3799.25  1
 1.13010E-02   1.02659E-03   1.18979E-04   2.13978E-04   7.49297E-12     3818.68  1
 1.13210E-02   1.03953E-03   1.18855E-04   2.13077E-04   7.48442E-12     3811.72  1
 1.13410E-02   1.05354E-03   1.18714E-04   2.11156E-04   7.31571E-12     3782.29  0
 1.13610E-02   1.05379E-03   1.18402E-04   2.08389E-04   7.12952E-12     3173.51  0
 1.13810E-02   1.05258E-03   1.17678E-04   2.07336E-04   6.92851E-12     2823.93  0
 1.14010E-02   1.04523E-03   1.14859E-04   2.04029E-04   6.67757E-12     2583.21  0
 1.14210E-02   1.04424E-03   1.13681E-04   2.10650E-04   6.45670E-12     2418.10  0
 1.14411E-02   1.03852E-03   1.12273E-04   2.06481E-04   6.22820E-12     2288.44  0
 1.14611E-02   1.03398E-03   1.09637E-04   2.05182E-04   5.99967E-12     2185.65  0
 1.14811E-02   1.03169E-03   1.08103E-04   2.04153E-04   5.76943E-12     2101.59  0
 1.15011E-02   1.02507E-03   1.05575E-04   2.03188E-04   5.53905E-12     2030.49  0
 1.15211E-02   1.02081E-03   1.03646E-04   2.01925E-04   5.31279E-12     1970.38  0
 1.15411E-02   1.01814E-03   1.01585E-04   1.98774E-04   5.08940E-12     1919.88  0
 1.15611E-02   1.01026E-03   9.90489E-05   1.96679E-04   4.86904E-12     1876.57  0
 1.15811E-02   1.00672E-03   9.75303E-05   1.95540E-04   4.65271E-12     1839.59  0
 1.16011E-02   1.00053E-03   9.44183E-05   1.94168E-04   4.43065E-12     1807.22  0
 1.16211E-02   9.95139E-04   9.28308E-05   1.93818E-04   4.22404E-12     1779.10  0
 1.16411E-02   9.90778E-04   8.98726E-05   1.92734E-04   4.02128E-12     1754.25  0
 1.16611E-02   9.82767E-04   8.81623E-05   1.91186E-04   3.82300E-12     1732.27  0
 1.16811E-02   9.79468E-04   8.54851E-05   1.87445E-04   3.62883E-12     1713.42  0
 1.17011E-02   9.70717E-04   8.35508E-05   1.86001E-04   3.43878E-12     1696.87  0
 1.17211E-02   9.67269E-04   8.11841E-05   1.84957E-04   3.25357E-12     1682.42  0
 1.17411E-02   9.58323E-04   7.89074E-05   1.83888E-04   3.07338E-12     1670.26  0
 1.17611E-02   9.54609E-04   7.70869E-05   1.82808E-04   2.89814E-12     1659.74  0
 1.17811E-02   9.45338E-04   7.43554E-05   1.80991E-04   2.72860E-12     1650.72  0
 1.18011E-02   9.37480E-04   7.17846E-05   1.73726E-04   2.52265E-12     1642.72  0
 1.18211E-02   9.32169E-04   6.93679E-05   1.80787E-04   2.36053E-12     1636.61  0
 1.18411E-02   9.22770E-04   6.77944E-05   1.76983E-04   2.35007E-12     1631.54  1
 1.18611E-02   9.15008E-04   1.08243E-04   2.16749E-04   2.41246E-12     2033.53  1
 1.18811E-02   9.08302E-04   1.12554E-04   2.27162E-04   2.45838E-12     2902.02  1
 1.19011E-02   8.98597E-04   1.14858E-04   2.29375E-04   2.51472E-12     3329.79  1
 1.19211E-02   8.89504E-04   1.16759E-04   2.29314E-04   2.58233E-12     3624.24  1
 1.19411E-02   8.81750E-04   1.17705E-04   2.26892E-04   2.65680E-12     3769.42  1
 1.19611E-02   8.72468E-04   1.18187E-04   2.25010E-04   2.75127E-12     3841.84  1
 1.19811E-02   8.61354E-04   1.18624E-04   2.28843E-04   2.85967E-12     3925.36  1
 1.20011E-02   8.39838E-04   1.18830E-04   2.28894E-04   2.98339E-12     3929.70  1
 1.20211E-02   8.21947E-04   1.19054E-04   2.34340E-04   3.11357E-12     3965.12  1
 1.20411E-02   8.01629E-04   1.19223E-04   2.32155E-04   3.24316E-12     3980.53  1
 1.20611E-02   7.84424E-04   1.19422E-04   2.32331E-04   3.37702E-12     3991.36  1
 1.20811E-02   7.66254E-04   1.19658E-04   2.33265E-04   3.51470E-12     4030.50  1
 1.21011E-02   7.51122E-04   1.19823E-04   2.34103E-04   3.65560E-12     4049.12  1
 1.21211E-02   7.30599E-04   1.19935E-04   2.34822E-04   3.80193E-12     4057.05  1
 1.21411E-02   7.13761E-04   1.19978E-04   2.35466E-04   3.94531E-12     4039.19  1
 1.21611E-02   6.94387E-04   1.20057E-04   2.36021E-04   4.09320E-12     4033.65  1
 1.21811E-02   6.72693E-04   1.20164E-04   2.36488E-04   4.24492E-12     4008.99  1
 1.22011E-02   6.46381E-04   1.19934E-04   2.36635E-04   4.41321E-12     3922.71  1
 1.22211E-02   6.25759E-04   1.19949E-04   2.40073E-04   4.56269E-12     3946.44  1
 1.22411E-02   6.02561E-04   1.20049E-04   2.40976E-04   4.71374E-12     3963.19  1
 1.22611E-02   5.74792E-04   1.20227E-04   2.41639E-04   4.86725E-12     3951.20  1
 1.22811E-02   5.45280E-04   1.20424E-04   2.42122E-04   5.02180E-12     3921.59  1
 1.23011E-02   5.14381E-04   1.20469E-04   2.42578E-04   5.17010E-12     3902.03  1
 1.23211E-02   5.15984E-04   1.20521E-04   2.42877E-04   5.31966E-12     3902.56  1
 1.23411E-02   5.31914E-04   1.20559E-04   2.43067E-04   5.47964E-12     3902.89  1
 1.23611E-02   5.45217E-04   1.20580E-04   2.45315E-04   5.63518E-12     3885.49  1
 1.23811E-02   5.60779E-04   1.20569E-04   2.46542E-04   5.78365E-12     3856.85  1
 1.24011E-02   5.77757E-04   1.20550E-04   2.47023E-04   5.92612E-12     3839.75  1
 1.24211E-02   5.95500E-04   1.20555E-04   2.47354E-04   6.06169E-12     3852.56  1
 1.24411E-02   6.10433E-04   1.20532E-04   2.47486E-04   6.19603E-12     3875.14  1
 1.24611E-02   6.25780E-04   1.20556E-04   2.47525E-04   6.33158E-12     3884.00  1
 1.24811E-02   6.41138E-04   1.20611E-04   2.46960E-04   6.45848E-12     3864.16  1
 1.25011E-02   6.58580E-04   1.20612E-04   2.46261E-04   6.57446E-12     3844.61  1
 1.25211E-02   6.75880E-04   1.20594E-04   2.44670E-04   6.68858E-12     3857.03  1
 1.25411E-02   6.93260E-04   1.20570E-04   2.43737E-04   6.80041E-12     3870.41  1
 1.25611E-02   7.08936E-04   1.20541E-04   2.43300E-04   6.90706E-12     3856.33  1
 1.25811E-02   7.26829E-04   1.20497E-04   2.42938E-04   7.00842E-12     3820.12  1
 1.26011E-02   7.41848E-04   1.19863E-04   2.42215E-04   7.11983E-12     3743.72  1
 1.26211E-02   7.62876E-04   1.19732E-04   2.44791E-04   7.20375E-12     3776.93  1
 1.26411E-02   7.75628E-04   1.19850E-04   2.44531E-04   7.29002E-12     3815.03  1
 1.26611E-02   7.91395E-04   1.19929E-04   2.42262E-04   7.36860E-12     3828.80  1
 1.26811E-02   8.01478E-04   1.20033E-04   2.41128E-04   7.44168E-12     3806.18  1
 1.27011E-02   8.16428E-04   1.19990E-04   2.40495E-04   7.50589E-12     3804.91  1
 1.27211E-02   8.31562E-04   1.19940E-04   2.39986E-04   7.57175E-12     3809.03  1
 1.27411E-02   8.40366E-04   1.19859E-04   2.39523E-04   7.63116E-12     3806.28  1
 1.27611E-02   8.56797E-04   1.19734E-04   2.38869E-04   7.68521E-12     3812.76  1
 1.27811E-02   8.70669E-04   1.19565E-04   2.38191E-04   7.72780E-12     3772.76  1
 1.28011E-02   8.84891E-04   1.19282E-04   2.36328E-04   7.76425E-12     3699.13  1
 1.28211E-02   9.00857E-04   1.19180E-04   2.36816E-04   7.64760E-12     3728.78  0
 1.28411E-02   8.96422E-04   1.18974E-04   2.36483E-04   7.50241E-12     3142.23  0
 1.28611E-02   8.94827E-04   1.18390E-04   2.36062E-04   7.34103E-12     2809.06  0
 1.28811E-02   8.93491E-04   1.17229E-04   2.35204E-04   7.16667E-12     2584.65  0
 1.29011E-02   8.89945E-04   1.15090E-04   2.33263E-04   6.98108E-12     2426.59  0
 1.29211E-02   8.85327E-04   1.13878E-04   2.30750E-04   6.78847E-12     2302.20  0
 1.29411E-02   8.83539E-04   1.12587E-04   2.29644E-04   6.59069E-12     2204.99  0
 1.29611E-02   8.82044E-04   1.09868E-04   2.28785E-04   6.39029E-12     2125.70  0
 1.29811E-02   8.78318E-04   1.08436E-04   2.27797E-04   6.18847E-12     2058.14  0
 1.30011E-02   8.72351E-04   1.05817E-04   2.26041E-04   5.96051E-12     1998.86  0
 1.30211E-02   8.71490E-04   1.03863E-04   2.25090E-04   5.75580E-12     1949.27  0
 1.30411E-02   8.69711E-04   1.02308E-04   2.23918E-04   5.54972E-12     1905.07  0
 1.30611E-02   8.67820E-04   9.94617E-05   2.20851E-04   5.34413E-12     1867.67  0
 1.30811E-02   8.61327E-04   9.80183E-05   2.18688E-04   5.13935E-12     1834.93  0
 1.31011E-02   8.59018E-04   9.55446E-05   2.17440E-04   4.93692E-12     1805.39  0
 1.31211E-02   8.57254E-04   9.37211E-05   2.16246E-04   4.73684E-12     1779.70  0
 1.31411E-02   8.52127E-04   9.20215E-05   2.15057E-04   4.53972E-12     1756.96  0
 1.31611E-02   8.48142E-04   8.95121E-05   2.13562E-04   4.34558E-12     1736.65  0
 1.31811E-02   8.46119E-04   8.80753E-05   2.10284E-04   4.15431E-12     1718.89  0
 1.32011E-02   8.39985E-04   8.54275E-05   2.07433E-04   3.94491E-12     1703.16  0
 1.32211E-02   8.38959E-04   8.37618E-05   2.06922E-04   3.75980E-12     1689.40  0
 1.32411E-02   8.35666E-04   8.21265E-05   2.05619E-04   3.57858E-12     1677.41  0
 1.32611E-02   8.33251E-04   7.95790E-05   2.04487E-04   3.40161E-12     1666.82  0
 1.32811E-02   8.26436E-04   7.81576E-05   2.03232E-04   3.22958E-12     1657.67  0
 1.33011E-02   8.23597E-04   7.57941E-05   2.00883E-04   3.06231E-12     1649.78  0
 1.33211E-02   8.15722E-04   7.39952E-05   1.97724E-04   3.04653E-12     1643.07  1
 1.33411E-02   8.07412E-04   1.08246E-04   2.54816E-04   3.09482E-12     2036.15  1
 1.33611E-02   8.02291E-04   1.12569E-04   2.65802E-04   3.12892E-12     2892.13  1
 1.33811E-02   7.91869E-04   1.14887E-04   2.67741E-04   3.18148E-12     3319.88  1
 1.34011E-02   7.81556E-04   1.16380E-04   2.66811E-04   3.21681E-12     3533.84  1
 1.34211E-02   7.73030E-04   1.17557E-04   2.69119E-04   3.28218E-12     3673.67  1
 1.34411E-02   7.60649E-04   1.18151E-04   2.69028E-04   3.35748E-12     3808.73  1
 1.34611E-02   7.53304E-04   1.18703E-04   2.68670E-04   3.44504E-12     3880.88  1
 1.34811E-02   7.41899E-04   1.19069E-04   2.67677E-04   3.53839E-12     3903.05  1
 1.35011E-02   7.34410E-04   1.19317E-04   2.64349E-04   3.63850E-12     3905.05  1
 1.35211E-02   7.25725E-04   1.19535E-04   2.63369E-04   3.74592E-12     3941.93  1
 1.35411E-02   7.16742E-04   1.19712E-04   2.62648E-04   3.86367E-12     3967.99  1
 1.35611E-02   7.06668E-04   1.19823E-04   2.61977E-04   3.99597E-12     3977.17  1
 1.35811E-02   6.99763E-04   1.19865E-04   2.64327E-04   4.12514E-12     3968.87  1
 1.36011E-02   6.87866E-04   1.19382E-04   2.62749E-04   4.28391E-12     3888.90  1
 1.36211E-02   6.78455E-04   1.19368E-04   2.64694E-04   4.41011E-12     3913.72  1
 1.36411E-02   6.72120E-04   1.19555E-04   2.62548E-04   4.54820E-12     3949.11  1
 1.36611E-02   6.62001E-04   1.19763E-04   2.60522E-04   4.69183E-12     3958.28  1
 1.36811E-02   6.49579E-04   1.19993E-04   2.60985E-04   4.83254E-12     3941.16  1
 1.37011E-02   6.39546E-04   1.20073E-04   2.61664E-04   4.97019E-12     3915.62  1
 1.37211E-02   6.30993E-04   1.20130E-04   2.62214E-04   5.11320E-12     3926.15  1
 1.37411E-02   6.22096E-04   1.20192E-04   2.62668E-04   5.25969E-12     3932.15  1
 1.37611E-02   6.10900E-04   1.20228E-04   2.63025E-04   5.40248E-12     3911.90  1
 1.37811E-02   5.96706E-04   1.20234E-04   2.63325E-04   5.54139E-12     3870.62  1
 1.38011E-02   5.83732E-04   1.20014E-04   2.63242E-04   5.69105E-12     3825.30  1
 1.38211E-02   5.73713E-04   1.19960E-04   2.64382E-04   5.82040E-12     3839.68  1
 1.38411E-02   5.60690E-04   1.20042E-04   2.64119E-04   5.95842E-12     3859.90  1
 1.38611E-02   5.60805E-04   1.20124E-04   2.64246E-04   6.09269E-12     3865.83  1
 1.38811E-02   5.77814E-04   1.20220E-04   2.64449E-04   6.22259E-12     3853.56  1
 1.39011E-02   5.94910E-04   1.20195E-04   2.64589E-04   6.34514E-12     3841.03  1
 1.39211E-02   6.10758E-04   1.20182E-04   2.64733E-04   6.46870E-12     3856.73  1
 1.39411E-02   6.22375E-04   1.20150E-04   2.64735E-04   6.58885E-12     3863.01  1
 1.39611E-02   6.38810E-04   1.20080E-04   2.64773E-04   6.70242E-12     3849.96  1
 1.39811E-02   6.55414E-04   1.19977E-04   2.64704E-04   6.80884E-12     3822.96  1
 1.40011E-02   6.70244E-04   1.19840E-04   2.64785E-04   6.90995E-12     3815.63  1
 1.40211E-02   6.85477E-04   1.19704E-04   2.66777E-04   7.02200E-12     3834.31  1
 1.40411E-02   7.01217E-04   1.19579E-04   2.67911E-04   7.11364E-12     3826.48  1
 1.40611E-02   7.19064E-04   1.19505E-04   2.68323E-04   7.03888E-12     3802.22  0
 1.40811E-02   7.20679E-04   1.19332E-04   2.68605E-04   6.94281E-12     3214.63  0
 1.41011E-02   7.20182E-04   1.18823E-04   2.68478E-04   6.82675E-12     2871.31  0
 1.41211E-02   7.19067E-04   1.17911E-04   2.68268E-04   6.69476E-12     2638.25  0
 1.41411E-02   7.17250E-04   1.15764E-04   2.68032E-04   6.55347E-12     2476.59  0
 1.41611E-02   7.12447E-04   1.14296E-04   2.67186E-04   6.40276E-12     2350.04  0
 1.41811E-02   7.09773E-04   1.12966E-04   2.65577E-04   6.24717E-12     2252.12  0
 1.42011E-02   7.07960E-04   1.10817E-04   2.63554E-04   6.08493E-12     2169.32  0
 1.42211E-02   7.03823E-04   1.09084E-04   2.62668E-04   5.91740E-12     2099.42  0
 1.42411E-02   7.00353E-04   1.07770E-04   2.61897E-04   5.75036E-12     2039.63  0
 1.42611E-02   6.98540E-04   1.05141E-04   2.61144E-04   5.58068E-12     1987.03  0
 1.42811E-02   6.96690E-04   1.03627E-04   2.60397E-04   5.40993E-12     1941.43  0
 1.43011E-02   6.91860E-04   1.01894E-04   2.59416E-04   5.24046E-12     1902.32  0
 1.43211E-02   6.89139E-04   9.94730E-05   2.58406E-04   5.07105E-12     1867.45  0
 1.43411E-02   6.87231E-04   9.80810E-05   2.56930E-04   4.90233E-12     1836.44  0
 1.43611E-02   6.85135E-04   9.57168E-05   2.53909E-04   4.73436E-12     1809.10  0
 1.43811E-02   6.79663E-04   9.39525E-05   2.51616E-04   4.56767E-12     1785.20  0
 1.44011E-02   6.76750E-04   9.25085E-05   2.49916E-04   4.38956E-12     1763.66  0
 1.44211E-02   6.77833E-04   8.98203E-05   2.48631E-04   4.22090E-12     1744.59  0
 1.44411E-02   6.74781E-04   8.83801E-05   2.47347E-04   4.05522E-12     1727.86  0
 1.44611E-02   6.72664E-04   8.64246E-05   2.46055E-04   3.89192E-12     1712.75  0
 1.44811E-02   6.71222E-04   8.43631E-05   2.44391E-04   3.73170E-12     1699.26  0
 1.45011E-02   6.68800E-04   8.29965E-05   2.40568E-04   3.57424E-12     1687.48  0
 1.45211E-02   6.63306E-04   8.06569E-05   2.38434E-04   3.41939E-12     1676.94  0
 1.45411E-02   6.60634E-04   7.90096E-05   2.37042E-04   3.26748E-12     1667.63  0
 1.45611E-02   6.57802E-04   7.77910E-05   2.35739E-04   3.26350E-12     1659.41  1
 1.45811E-02   6.51150E-04   1.08134E-04   3.03342E-04   3.31660E-12     2020.71  1
 1.46011E-02   6.45730E-04   1.12329E-04   3.08722E-04   3.35472E-12     2855.05  1
 1.46211E-02   6.42041E-04   1.14567E-04   3.10460E-04   3.40882E-12     3303.71  1
 1.46411E-02   6.32626E-04   1.16493E-04   3.10906E-04   3.47378E-12     3554.94  1
 1.46611E-02   6.26334E-04   1.17416E-04   3.10604E-04   3.54315E-12     3674.81  1
 1.46811E-02   6.22283E-04   1.17934E-04   3.10121E-04   3.61654E-12     3727.88  1
 1.47011E-02   6.12437E-04   1.18255E-04   3.09244E-04   3.69697E-12     3782.76  1
 1.47211E-02   6.06380E-04   1.18583E-04   3.05903E-04   3.78840E-12     3838.85  1
 1.47411E-02   6.02582E-04   1.18797E-04   3.04576E-04   3.90217E-12     3880.79  1
 1.47611E-02   5.93610E-04   1.18912E-04   3.07588E-04   4.01839E-12     3868.24  1
 1.47811E-02   5.86820E-04   1.19031E-04   3.07843E-04   4.13956E-12     3866.04  1
 1.48011E-02   5.81371E-04   1.19081E-04   3.06366E-04   4.28830E-12     3831.08  1
 1.48211E-02   5.74815E-04   1.19176E-04   3.07913E-04   4.41367E-12     3851.24  1
 1.48411E-02   5.66794E-04   1.19200E-04   3.07656E-04   4.54371E-12     3880.80  1
 1.48611E-02   5.62793E-04   1.19301E-04   3.06904E-04   4.67630E-12     3887.34  1
 1.48811E-02   5.54642E-04   1.19526E-04   3.04470E-04   4.80515E-12     3842.13  1
 1.49011E-02   5.46944E-04   1.19595E-04   3.02271E-04   4.93284E-12     3838.49  1
 1.49211E-02   5.40368E-04   1.19686E-04   3.01377E-04   5.06513E-12     3852.14  1
 1.49411E-02   5.34421E-04   1.19733E-04   3.00643E-04   5.19901E-12     3863.74  1
 1.49611E-02   5.28824E-04   1.19738E-04   3.00039E-04   5.33215E-12     3814.44  1
 1.49811E-02   5.18040E-04   1.19644E-04   2.99103E-04   5.45629E-12     3787.79  1
 1.50011E-02   5.12004E-04   1.19466E-04   2.97485E-04   5.59179E-12     3746.67  1
 1.50211E-02   5.22097E-04   1.19394E-04   2.99157E-04   5.73062E-12     3771.10  1
 1.50411E-02   5.32726E-04   1.19356E-04   3.00198E-04   5.70161E-12     3801.29  0
 1.50611E-02   5.31129E-04   1.19234E-04   3.00532E-04   5.64202E-12     3193.76  0
 1.50811E-02   5.30727E-04   1.18796E-04   3.00732E-04   5.56558E-12     2863.68  0
 1.51011E-02   5.30713E-04   1.17885E-04   3.00792E-04   5.47619E-12     2652.72  0
 1.51211E-02   5.28642E-04   1.15747E-04   3.00726E-04   5.37625E-12     2497.31  0
 1.51411E-02   5.27456E-04   1.14341E-04   3.00557E-04   5.26824E-12     2377.91  0
 1.51611E-02   5.26848E-04   1.13088E-04   3.00099E-04   5.15331E-12     2280.65  0
 1.51811E-02   5.25145E-04   1.10911E-04   2.99615E-04   5.03148E-12     2200.01  0
 1.52011E-02   5.20744E-04   1.09080E-04   2.99129E-04   4.90388E-12     2129.76  0
 1.52211E-02   5.18461E-04   1.07712E-04   2.98178E-04   4.77307E-12     2068.00  0
 1.52411E-02   5.17019E-04   1.05039E-04   2.96795E-04   4.63965E-12     2013.38  0
 1.52611E-02   5.15386E-04   1.03489E-04   2.94713E-04   4.50433E-12     1965.88  0
 1.52811E-02   5.10512E-04   1.01753E-04   2.93736E-04   4.36794E-12     1924.69  0
 1.53011E-02   5.08371E-04   9.95083E-05   2.92931E-04   4.23057E-12     1888.18  0
 1.53211E-02   5.06808E-04   9.81857E-05   2.92054E-04   4.09343E-12     1855.56  0
 1.53411E-02   5.04477E-04   9.60291E-05   2.91149E-04   3.95625E-12     1826.31  0
 1.53611E-02   4.99333E-04   9.41689E-05   2.90232E-04   3.81975E-12     1800.27  0
 1.53811E-02   4.97296E-04   9.28536E-05   2.89093E-04   3.68427E-12     1776.93  0
 1.54011E-02   4.94283E-04   9.02533E-05   2.87758E-04   3.54177E-12     1756.11  0
 1.54211E-02   4.92345E-04   8.87273E-05   2.87054E-04   3.40865E-12     1737.81  0
 1.54411E-02   4.87559E-04   8.72696E-05   2.84373E-04   3.27661E-12     1721.31  0
 1.54611E-02   4.85555E-04   8.47512E-05   2.81349E-04   3.14567E-12     1706.65  0
 1.54811E-02   4.83938E-04   8.33824E-05   2.79674E-04   3.01655E-12     1693.59  0
 1.55011E-02   4.80025E-04   8.14123E-05   2.78300E-04   2.88915E-12     1682.00  0
 1.55211E-02   4.76617E-04   7.93560E-05   2.76920E-04   2.76368E-12     1671.80  0
 1.55411E-02   4.74830E-04   7.79956E-05   2.75604E-04   2.76177E-12     1662.76  1
 1.55611E-02   4.38553E-05   1.08045E-04   4.92220E-05   2.84257E-12     2012.05  1
 1.55811E-02   4.67997E-04   1.12239E-04   3.52255E-04   2.90452E-12     2793.98  1
 1.56011E-02   4.63171E-04   1.13679E-04   3.53529E-04   2.96103E-12     3201.00  1
 1.56211E-02   4.64341E-04   1.15470E-04   3.57355E-04   3.04002E-12     3456.61  1
 1.56411E-02   4.62210E-04   1.16928E-04   3.57476E-04   3.12829E-12     3628.57  1
 1.56611E-02   4.58778E-04   1.17621E-04   3.54230E-04   3.22054E-12     3712.93  1
 1.56811E-02   4.54497E-04   1.17918E-04   3.52885E-04   3.31820E-12     3757.18  1
 1.57011E-02   4.51198E-04   1.18175E-04   3.52102E-04   3.42074E-12     3779.64  1
 1.57211E-02   4.45725E-04   1.18382E-04   3.51398E-04   3.53860E-12     3818.35  1
 1.57411E-02   4.38850E-04   1.18468E-04   3.53920E-04   3.66022E-12     3839.08  1
 1.57611E-02   4.34165E-04   1.18528E-04   3.50932E-04   3.78426E-12     3830.62  1
 1.57811E-02   4.28279E-04   1.18522E-04   3.49824E-04   3.76650E-12     3818.02  0
 1.58011E-02   4.19528E-04   1.18326E-04   3.48615E-04   3.74626E-12     3255.94  0
 1.58211E-02   4.10009E-04   1.17827E-04   3.48699E-04   3.68964E-12     2941.08  0
 1.58411E-02   4.04732E-04   1.15938E-04   3.47691E-04   3.62232E-12     2717.58  0
 1.58611E-02   3.99764E-04   1.14559E-04   3.45948E-04   3.54683E-12     2547.46  0
 1.58811E-02   3.89168E-04   1.13389E-04   3.41942E-04   3.46594E-12     2405.19  0
 1.59011E-02   3.84871E-04   1.11415E-04   3.40391E-04   3.37982E-12     2288.40  0
 1.59211E-02   3.80939E-04   1.09270E-04   3.39106E-04   3.28953E-12     2190.12  0
 1.59411E-02   3.70539E-04   1.07857E-04   3.37514E-04   3.19638E-12     2106.70  0
 1.59611E-02   3.65988E-04   1.05050E-04   3.32943E-04   3.09964E-12     2035.57  0
 1.59811E-02   3.62395E-04   1.03345E-04   3.30772E-04   3.00120E-12     1974.78  0
 1.60011E-02   3.54497E-04   1.00972E-04   3.28949E-04   2.88101E-12     1922.20  0
 1.60211E-02   3.47662E-04   9.89123E-05   3.30622E-04   2.77237E-12     1877.57  0
 1.60411E-02   3.42916E-04   9.74406E-05   3.26122E-04   2.66205E-12     1837.62  0
 1.60611E-02   3.36420E-04   9.45066E-05   3.24379E-04   2.55144E-12     1801.73  0
 1.60811E-02   3.32886E-04   9.29978E-05   3.23051E-04   2.44141E-12     1770.63  0
 1.61011E-02   3.26517E-04   9.01963E-05   3.21491E-04   2.33132E-12     1743.66  0
 1.61211E-02   3.19425E-04   8.83885E-05   3.17187E-04   2.22222E-12     1719.88  0
 1.61411E-02   3.16319E-04   8.57987E-05   3.15267E-04   2.11431E-12     1699.19  0
 1.61611E-02   3.14709E-04   8.36294E-05   3.13859E-04   2.00839E-12     1681.42  0
 1.61811E-02   3.10291E-04   8.12188E-05   3.12397E-04   1.90447E-12     1666.58  0
 1.62011E-02   3.07520E-04   7.87337E-05   3.07495E-04   1.78616E-12     1654.08  0
 1.62211E-02   3.05382E-04   7.63849E-05   3.06409E-04   1.68236E-12     1644.18  0
 1.62411E-02   3.03696E-04   7.37745E-05   3.05532E-04   1.58388E-12     1636.31  0
 1.62611E-02   2.99131E-04   7.13842E-05   3.04433E-04   1.48948E-12     1630.37  0
 1.62811E-02   2.96520E-04   6.87466E-05   3.00797E-04   1.39889E-12     1626.15  0
 1.63011E-02   2.94794E-04   6.63887E-05   2.97925E-04   1.31196E-12     1623.61  0
 1.63211E-02   2.92904E-04   6.38724E-05   2.95790E-04   1.22883E-12     1622.84  0
 1.63411E-02   2.87807E-04   6.19157E-05   2.93637E-04   1.14917E-12     1622.45  0
 1.63611E-02   2.85366E-04   5.91381E-05   2.89682E-04   1.07259E-12     1621.95  0
 1.63811E-02   2.83715E-04   5.76135E-05   2.82926E-04   9.99307E-13     1621.36  0
 1.64011E-02   2.81354E-04   5.45908E-05   2.79015E-04   9.27978E-13     1620.67  0
 1.64211E-02   2.76231E-04   5.31159E-05   2.76823E-04   8.61038E-13     1619.93  0
 1.64411E-02   2.74161E-04   5.06098E-05   2.72838E-04   7.96985E-13     1619.13  0
 1.64611E-02   2.72250E-04   4.88447E-05   2.67277E-04   7.35909E-13     1618.27  0
 1.64810E-02   2.67556E-04   4.75267E-05   2.63711E-04   6.78075E-13     1617.36  0
 1.65010E-02   2.64036E-04   4.48946E-05   2.58311E-04   6.22804E-13     1616.42  0
 1.65210E-02   2.57448E-04   4.36355E-05   2.52586E-04   5.70591E-13     1615.53  0
 1.65410E-02   2.46908E-04   4.26011E-05   2.47259E-04   5.21305E-13     1614.59  0
 1.65610E-02   2.35858E-04   4.04509E-05   2.43753E-04   4.74372E-13     1613.62  0
 1.65810E-02   2.27518E-04   3.92496E-05   2.38565E-04   4.30284E-13     1612.65  0
 1.66010E-02   2.22556E-04   3.81570E-05   2.30376E-04   3.86634E-13     1611.66  0
 1.66210E-02   2.13731E-04   3.69099E-05   2.30022E-04   3.47703E-13     1610.69  0
 1.66410E-02   2.06780E-04   3.52701E-05   2.19175E-04   3.10850E-13     1609.67  0
 1.66610E-02   2.02938E-04   3.42526E-05   2.14769E-04   2.76452E-13     1608.60  0
 1.66810E-02   1.94658E-04   3.33557E-05   2.10224E-04   2.44553E-13     1607.47  0
 1.67010E-02   1.87110E-04   3.25313E-05   2.00342E-04   2.14612E-13     1606.25  0
 1.67210E-02   1.83289E-04   3.07393E-05   1.95172E-04   1.86988E-13     1605.06  0
 1.67410E-02   1.76351E-04   2.96981E-05   1.89457E-04   1.61616E-13     1603.81  0
 1.67610E-02   1.67191E-04   2.88099E-05   1.81753E-04   1.38156E-13     1602.47  0
 1.67810E-02   1.63142E-04   2.79674E-05   1.74813E-04   1.16972E-13     1601.03  0
 1.68010E-02   1.55281E-04   2.64590E-05   1.66161E-04   9.72047E-14     1599.47  0
 1.68210E-02   1.46373E-04   2.51243E-05   1.61885E-04   7.99267E-14     1597.83  0
 1.68410E-02   1.41942E-04   2.41617E-05   1.50248E-04   6.45211E-14     1596.19  0
 1.68610E-02   1.31386E-04   2.32790E-05   1.43956E-04   5.09660E-14     1594.53  0
 1.68810E-02   1.24146E-04   2.21040E-05   1.35849E-04   3.91948E-14     1592.75  0
 1.69010E-02   1.15784E-04   2.02373E-05   1.25181E-04   2.90386E-14     1590.82  0
 1.69210E-02   1.05867E-04   1.91128E-05   1.16202E-04   2.05943E-14     1588.70  0
 1.69410E-02   9.69709E-05   1.81067E-05   1.05746E-04   1.37125E-14     1586.64  0
 1.69610E-02   8.61167E-05   1.62583E-05   9.46182E-05   8.32568E-15     1584.32  0
 1.69810E-02   7.53695E-05   1.44190E-05   8.16183E-05   4.30816E-15     1581.66  0
 1.70010E-02   6.33835E-05   1.30323E-05   7.09777E-05   1.71573E-15     1578.69  0
 1.70210E-02   4.78971E-05   1.00207E-05   5.30406E-05   3.02625E-16     1575.18  0
 1.70410E-02   2.97509E-05   7.50221E-06   3.25280E-05   0.00000E+00     1570.13  0
 1.70610E-02   0.00000E+00   0.00000E+00   0.00000E+00   0.00000E+00     1553.48  0
 1.70810E-02   0.00000E+00   0.00000E+00   0.00000E+00   0.00000E+00     1526.62  0
 1.71010E-02   0.00000E+00   0.00000E+00   0.00000E+00   0.00000E+00     1508.53  0
 1.71210E-02   0.00000E+00   0.00000E+00   0.00000E+00   0.00000E+00     1494.02  0
 1.71410E-02   0.00000E+00   0.00000E+00   0.00000E+00   0.00000E+00     1482.14  0
 1.71610E-02   0.00000E+00   0.00000E+00   0.00000E+00   0.00000E+00     1471.48  0
 1.71810E-02   0.00000E+00   0.00000E+00   0.00000E+00   0.00000E+00     1461.58  0
 1.72010E-02   0.00000E+00   0.00000E+00   0.00000E+00   0.00000E+00     1452.43  0
 1.72210E-02   0.00000E+00   0.00000E+00   0.00000E+00   0.00000E+00     1444.09  0
 1.72410E-02   0.00000E+00   0.00000E+00   0.00000E+00   0.00000E+00     1436.09  0
 1.72610E-02   0.00000E+00   0.00000E+00   0.00000E+00   0.00000E+00     1428.46  0
 1.72810E-02   0.00000E+00   0.00000E+00   0.00000E+00   0.00000E+00     1421.15  0
 1.73010E-02   0.00000E+00   0.00000E+00   0.00000E+00   0.00000E+00     1414.34  0
 1.73210E-02   0.00000E+00   0.00000E+00   0.00000E+00   0.00000E+00     1407.71  0
 1.73410E-02   0.00000E+00   0.00000E+00   0.00000E+00   0.00000E+00     1401.25  0
 1.73610E-02   0.00000E+00   0.00000E+00   0.00000E+00   0.00000E+00     1394.95  0
 1.73810E-02   0.00000E+00   0.00000E+00   0.00000E+00   0.00000E+00     1388.97  0
 1.74010E-02   0.00000E+00   0.00000E+00   0.00000E+00   0.00000E+00     1383.20  0
 1.74210E-02   0.00000E+00   0.00000E+00   0.00000E+00   0.00000E+00     1377.55  0
 1.74410E-02   0.00000E+00   0.00000E+00   0.00000E+00   0.00000E+00     1372.01  0
 1.74610E-02   0.00000E+00   0.00000E+00   0.00000E+00   0.00000E+00     1366.57  0
 1.74810E-02   0.00000E+00   0.00000E+00   0.00000E+00   0.00000E+00     1361.35  0
 1.75010E-02   0.00000E+00   0.00000E+00   0.00000E+00   0.00000E+00     1356.31  0
 1.75210E-02   0.00000E+00   0.00000E+00   0.00000E+00   0.00000E+00     1351.34  0
 1.75410E-02   0.00000E+00   0.00000E+00   0.00000E+00   0.00000E+00     1346.45  0
 1.75610E-02   0.00000E+00   0.00000E+00   0.00000E+00   0.00000E+00     1341.63  0
 1.75810E-02   0.00000E+00   0.00000E+00   0.00000E+00   0.00000E+00     1336.95  0
 1.76010E-02   0.00000E+00   0.00000E+00   0.00000E+00   0.00000E+00     1332.47  0
 1.76210E-02   0.00000E+00   0.00000E+00   0.00000E+00   0.00000E+00     1328.04  0
 1.76410E-02   0.00000E+00   0.00000E+00   0.00000E+00   0.00000E+00     1323.68  0
 1.76610E-02   0.00000E+00   0.00000E+00   0.00000E+00   0.00000E+00     1319.36  0
 1.76810E-02   0.00000E+00   0.00000E+00   0.00000E+00   0.00000E+00     1315.10  0
 1.77010E-02   0.00000E+00   0.00000E+00   0.00000E+00   0.00000E+00     1310.94  0
 1.77210E-02   0.00000E+00   0.00000E+00   0.00000E+00   0.00000E+00     1306.92  0
 1.77410E-02   0.00000E+00   0.00000E+00   0.00000E+00   0.00000E+00     1302.95  0
 1.77610E-02   0.00000E+00   0.00000E+00   0.00000E+00   0.00000E+00     1299.02  0
 1.77810E-02   0.00000E+00   0.00000E+00   0.00000E+00   0.00000E+00     1295.14  0
 1.78010E-02   0.00000E+00   0.00000E+00   0.00000E+00   0.00000E+00     1291.30  0
 1.78210E-02   0.00000E+00   0.00000E+00   0.00000E+00   0.00000E+00     1287.50  0
 1.78410E-02   0.00000E+00   0.00000E+00   0.00000E+00   0.00000E+00     1283.86  0
 1.78610E-02   0.00000E+00   0.00000E+00   0.00000E+00   0.00000E+00     1280.26  0
 1.78810E-02   0.00000E+00   0.00000E+00   0.00000E+00   0.00000E+00     1276.69  0
 1.79010E-02   0.00000E+00   0.00000E+00   0.00000E+00   0.00000E+00     1273.16  0
 1.79210E-02   0.00000E+00   0.00000E+00   0.00000E+00   0.00000E+00     1269.66  0
 1.79410E-02   0.00000E+00   0.00000E+00   0.00000E+00   0.00000E+00     1266.20  0
 1.79610E-02   0.00000E+00   0.00000E+00   0.00000E+00   0.00000E+00     1262.80  0
 1.79810E-02   0.00000E+00   0.00000E+00   0.00000E+00   0.00000E+00     1259.50  0
 1.80010E-02   0.00000E+00   0.00000E+00   0.00000E+00   0.00000E+00     1256.26  0
 1.80210E-02   0.00000E+00   0.00000E+00   0.00000E+00   0.00000E+00     1253.05  0
 1.80410E-02   0.00000E+00   0.00000E+00   0.00000E+00   0.00000E+00     1249.85  0
 1.80610E-02   0.00000E+00   0.00000E+00   0.00000E+00   0.00000E+00     1246.69  0
 1.80810E-02   0.00000E+00   0.00000E+00   0.00000E+00   0.00000E+00     1243.55  0
 1.81010E-02   0.00000E+00   0.00000E+00   0.00000E+00   0.00000E+00     1240.45  0
 1.81210E-02   0.00000E+00   0.00000E+00   0.00000E+00   0.00000E+00     1237.45  0
 1.81410E-02   0.00000E+00   0.00000E+00   0.00000E+00   0.00000E+00     1234.48  0
 1.81610E-02   0.00000E+00   0.00000E+00   0.00000E+00   0.00000E+00     1231.53  0
 1.81810E-02   0.00000E+00   0.00000E+00   0.00000E+00   0.00000E+00     1228.61  0
 1.82010E-02   0.00000E+00   0.00000E+00   0.00000E+00   0.00000E+00     1225.70  0
 1.82210E-02   0.00000E+00   0.00000E+00   0.00000E+00   0.00000E+00     1222.82  0
 1.82410E-02   0.00000E+00   0.00000E+00   0.00000E+00   0.00000E+00     1219.96  0
 1.82610E-02   0.00000E+00   0.00000E+00   0.00000E+00   0.00000E+00     1217.16  0
 1.82810E-02   0.00000E+00   0.00000E+00   0.00000E+00   0.00000E+00     1214.42  0
 1.83010E-02   0.00000E+00   0.00000E+00   0.00000E+00   0.00000E+00     1211.70  0
 1.83210E-02   0.00000E+00   0.00000E+00   0.00000E+00   0.00000E+00     1209.00  0
 1.83410E-02   0.00000E+00   0.00000E+00   0.00000E+00   0.00000E+00     1206.32  0
 1.83610E-02   0.00000E+00   0.00000E+00   0.00000E+00   0.00000E+00     1203.66  0
 1.83810E-02   0.00000E+00   0.00000E+00   0.00000E+00   0.00000E+00     1201.02  0
 1.84010E-02   0.00000E+00   0.00000E+00   0.00000E+00   0.00000E+00     1198.40  0
 1.84210E-02   0.00000E+00   0.00000E+00   0.00000E+00   0.00000E+00     1195.81  0
 1.84410E-02   0.00000E+00   0.00000E+00   0.00000E+00   0.00000E+00     1193.30  0
 1.84610E-02   0.00000E+00   0.00000E+00   0.00000E+00   0.00000E+00     1190.80  0
 1.84810E-02   0.00000E+00   0.00000E+00   0.00000E+00   0.00000E+00     1188.31  0
 1.85010E-02   0.00000E+00   0.00000E+00   0.00000E+00   0.00000E+00     1185.87  0
 1.85210E-02   0.00000E+00   0.00000E+00   0.00000E+00   0.00000E+00     1183.44  0
 1.85410E-02   0.00000E+00   0.00000E+00   0.00000E+00   0.00000E+00     1181.02  0
 1.85610E-02   0.00000E+00   0.00000E+00   0.00000E+00   0.00000E+00     1178.61  0
 1.85810E-02   0.00000E+00   0.00000E+00   0.00000E+00   0.00000E+00     1176.23  0
 1.86010E-02   0.00000E+00   0.00000E+00   0.00000E+00   0.00000E+00     1173.88  0
 1.86210E-02   0.00000E+00   0.00000E+00   0.00000E+00   0.00000E+00     1171.58  0
 1.86410E-02   0.00000E+00   0.00000E+00   0.00000E+00   0.00000E+00     1169.29  0
 1.86610E-02   0.00000E+00   0.00000E+00   0.00000E+00   0.00000E+00     1167.02  0
 1.86810E-02   0.00000E+00   0.00000E+00   0.00000E+00   0.00000E+00     1164.76  0
 1.87010E-02   0.00000E+00   0.00000E+00   0.00000E+00   0.00000E+00     1162.52  0
 1.87210E-02   0.00000E+00   0.00000E+00   0.00000E+00   0.00000E+00     1160.29  0
 1.87410E-02   0.00000E+00   0.00000E+00   0.00000E+00   0.00000E+00     1158.07  0
 1.87610E-02   0.00000E+00   0.00000E+00   0.00000E+00   0.00000E+00     1155.87  0
 1.87810E-02   0.00000E+00   0.00000E+00   0.00000E+00   0.00000E+00     1153.68  0
 1.88010E-02   0.00000E+00   0.00000E+00   0.00000E+00   0.00000E+00     1151.54  0
 1.88210E-02   0.00000E+00   0.00000E+00   0.00000E+00   0.00000E+00     1149.43  0
 1.88410E-02   0.00000E+00   0.00000E+00   0.00000E+00   0.00000E+00     1147.33  0
 1.88610E-02   0.00000E+00   0.00000E+00   0.00000E+00   0.00000E+00     1145.25  0
 1.88810E-02   0.00000E+00   0.00000E+00   0.00000E+00   0.00000E+00     1143.17  0
 1.89010E-02   0.00000E+00   0.00000E+00   0.00000E+00   0.00000E+00     1141.11  0
 1.89210E-02   0.00000E+00   0.00000E+00   0.00000E+00   0.00000E+00     1139.06  0
 1.89410E-02   0.00000E+00   0.00000E+00   0.00000E+00   0.00000E+00     1137.02  0
 1.89610E-02   0.00000E+00   0.00000E+00   0.00000E+00   0.00000E+00     1134.99  0
 1.89810E-02   0.00000E+00   0.00000E+00   0.00000E+00   0.00000E+00     1132.97  0
 1.90010E-02   0.00000E+00   0.00000E+00   0.00000E+00   0.00000E+00     1130.97  0
 1.90210E-02   0.00000E+00   0.00000E+00   0.00000E+00   0.00000E+00     1129.03  0
 1.90409E-02   0.00000E+00   0.00000E+00   0.00000E+00   0.00000E+00     1127.09  0
 1.90609E-02   0.00000E+00   0.00000E+00   0.00000E+00   0.00000E+00     1125.17  0
 1.90809E-02   0.00000E+00   0.00000E+00   0.00000E+00   0.00000E+00     1123.25  0
 1.91009E-02   0.00000E+00   0.00000E+00   0.00000E+00   0.00000E+00     1121.37  0
 1.91209E-02   0.00000E+00   0.00000E+00   0.00000E+00   0.00000E+00     1119.49  0
 1.91409E-02   0.00000E+00   0.00000E+00   0.00000E+00   0.00000E+00     1117.61  0
 1.91609E-02   0.00000E+00   0.00000E+00   0.00000E+00   0.00000E+00     1115.75  0
 1.91809E-02   0.00000E+00   0.00000E+00   0.00000E+00   0.00000E+00     1113.90  0
 1.92009E-02   0.00000E+00   0.00000E+00   0.00000E+00   0.00000E+00     1112.05  0
 1.92209E-02   0.00000E+00   0.00000E+00   0.00000E+00   0.00000E+00     1110.21  0
 1.92409E-02   0.00000E+00   0.00000E+00   0.00000E+00   0.00000E+00     1108.41  0
 1.92609E-02   0.00000E+00   0.00000E+00   0.00000E+00   0.00000E+00     1106.64  0
 1.92809E-02   0.00000E+00   0.00000E+00   0.00000E+00   0.00000E+00     1104.87  0
 1.93009E-02   0.00000E+00   0.00000E+00   0.00000E+00   0.00000E+00     1103.12  0
 1.93209E-02   0.00000E+00   0.00000E+00   0.00000E+00   0.00000E+00     1101.37  0
 1.93409E-02   0.00000E+00   0.00000E+00   0.00000E+00   0.00000E+00     1099.63  0
 1.93609E-02   0.00000E+00   0.00000E+00   0.00000E+00   0.00000E+00     1097.90  0
 1.93809E-02   0.00000E+00   0.00000E+00   0.00000E+00   0.00000E+00     1096.18  0
 1.94009E-02   0.00000E+00   0.00000E+00   0.00000E+00   0.00000E+00     1094.46  0
 1.94209E-02   0.00000E+00   0.00000E+00   0.00000E+00   0.00000E+00     1092.76  0
 1.94409E-02   0.00000E+00   0.00000E+00   0.00000E+00   0.00000E+00     1091.06  0
 1.94609E-02   0.00000E+00   0.00000E+00   0.00000E+00   0.00000E+00     1089.37  0
 1.94809E-02   0.00000E+00   0.00000E+00   0.00000E+00   0.00000E+00     1087.69  0
 1.95009E-02   0.00000E+00   0.00000E+00   0.00000E+00   0.00000E+00     1086.04  0
 1.95209E-02   0.00000E+00   0.00000E+00   0.00000E+00   0.00000E+00     1084.42  0
 1.95409E-02   0.00000E+00   0.00000E+00   0.00000E+00   0.00000E+00     1082.80  0
 1.95609E-02   0.00000E+00   0.00000E+00   0.00000E+00   0.00000E+00     1081.18  0
 1.95809E-02   0.00000E+00   0.00000E+00   0.00000E+00   0.00000E+00     1079.58  0
 1.96009E-02   0.00000E+00   0.00000E+00   0.00000E+00   0.00000E+00     1077.98  0
 1.96209E-02   0.00000E+00   0.00000E+00   0.00000E+00   0.00000E+00     1076.39  0
 1.96409E-02   0.00000E+00   0.00000E+00   0.00000E+00   0.00000E+00     1074.81  0
 1.96609E-02   0.00000E+00   0.00000E+00   0.00000E+00   0.00000E+00     1073.23  0
 1.96809E-02   0.00000E+00   0.00000E+00   0.00000E+00   0.00000E+00     1071.66  0
 1.97009E-02   0.00000E+00   0.00000E+00   0.00000E+00   0.00000E+00     1070.10  0
 1.97209E-02   0.00000E+00   0.00000E+00   0.00000E+00   0.00000E+00     1068.55  0
 1.97409E-02   0.00000E+00   0.00000E+00   0.00000E+00   0.00000E+00     1067.00  0
 1.97609E-02   0.00000E+00   0.00000E+00   0.00000E+00   0.00000E+00     1065.46  0
 1.97809E-02   0.00000E+00   0.00000E+00   0.00000E+00   0.00000E+00     1063.94  0
 1.98009E-02   0.00000E+00   0.00000E+00   0.00000E+00   0.00000E+00     1062.46  0
 1.98209E-02   0.00000E+00   0.00000E+00   0.00000E+00   0.00000E+00     1060.99  0
 1.98409E-02   0.00000E+00   0.00000E+00   0.00000E+00   0.00000E+00     1059.52  0
 1.98609E-02   0.00000E+00   0.00000E+00   0.00000E+00   0.00000E+00     1058.06  0
 1.98809E-02   0.00000E+00   0.00000E+00   0.00000E+00   0.00000E+00     1056.60  0
 1.99009E-02   0.00000E+00   0.00000E+00   0.00000E+00   0.00000E+00     1055.15  0
 1.99209E-02   0.00000E+00   0.00000E+00   0.00000E+00   0.00000E+00     1053.71  0
 1.99409E-02   0.00000E+00   0.00000E+00   0.00000E+00   0.00000E+00     1052.27  0
 1.99609E-02   0.00000E+00   0.00000E+00   0.00000E+00   0.00000E+00     1050.83  0
 1.99809E-02   0.00000E+00   0.00000E+00   0.00000E+00   0.00000E+00     1049.40  0
 2.00009E-02   0.00000E+00   0.00000E+00   0.00000E+00   0.00000E+00     1047.98  0
 2.00209E-02   0.00000E+00   0.00000E+00   0.00000E+00   0.00000E+00     1046.56  0
 2.00409E-02   0.00000E+00   0.00000E+00   0.00000E+00   0.00000E+00     1045.15  0
 2.00609E-02   0.00000E+00   0.00000E+00   0.00000E+00   0.00000E+00     1043.75  0
 2.00809E-02   0.00000E+00   0.00000E+00   0.00000E+00   0.00000E+00     1042.35  0
 2.01009E-02   0.00000E+00   0.00000E+00   0.00000E+00   0.00000E+00     1040.96  0
 2.01209E-02   0.00000E+00   0.00000E+00   0.00000E+00   0.00000E+00     1039.61  0
 2.01409E-02   0.00000E+00   0.00000E+00   0.00000E+00   0.00000E+00     1038.26  0
 2.01609E-02   0.00000E+00   0.00000E+00   0.00000E+00   0.00000E+00     1036.91  0
 2.01809E-02   0.00000E+00   0.00000E+00   0.00000E+00   0.00000E+00     1035.57  0
 2.02009E-02   0.00000E+00   0.00000E+00   0.00000E+00   0.00000E+00     1034.23  0
 2.02209E-02   0.00000E+00   0.00000E+00   0.00000E+00   0.00000E+00     1032.90  0
 2.02409E-02   0.00000E+00   0.00000E+00   0.00000E+00   0.00000E+00     1031.58  0
 2.02609E-02   0.00000E+00   0.00000E+00   0.00000E+00   0.00000E+00     1030.26  0
 2.02809E-02   0.00000E+00   0.00000E+00   0.00000E+00   0.00000E+00     1028.94  0
 2.03009E-02   0.00000E+00   0.00000E+00   0.00000E+00   0.00000E+00     1027.63  0
 2.03209E-02   0.00000E+00   0.00000E+00   0.00000E+00   0.00000E+00     1026.33  0
 2.03409E-02   0.00000E+00   0.00000E+00   0.00000E+00   0.00000E+00     1025.03  0
 2.03609E-02   0.00000E+00   0.00000E+00   0.00000E+00   0.00000E+00     1023.73  0
 2.03809E-02   0.00000E+00   0.00000E+00   0.00000E+00   0.00000E+00     1022.44  0
 2.04009E-02   0.00000E+00   0.00000E+00   0.00000E+00   0.00000E+00     1021.16  0
 2.04209E-02   0.00000E+00   0.00000E+00   0.00000E+00   0.00000E+00     1019.88  0
 2.04409E-02   0.00000E+00   0.00000E+00   0.00000E+00   0.00000E+00     1018.60  0
 2.04609E-02   0.00000E+00   0.00000E+00   0.00000E+00   0.00000E+00     1017.34  0
 2.04809E-02   0.00000E+00   0.00000E+00   0.00000E+00   0.00000E+00     1016.11  0
 2.05009E-02   0.00000E+00   0.00000E+00   0.00000E+00   0.00000E+00     1014.87  0
 2.05209E-02   0.00000E+00   0.00000E+00   0.00000E+00   0.00000E+00     1013.64  0
 2.05409E-02   0.00000E+00   0.00000E+00   0.00000E+00   0.00000E+00     1012.42  0
 2.05609E-02   0.00000E+00   0.00000E+00   0.00000E+00   0.00000E+00     1011.20  0
 2.05809E-02   0.00000E+00   0.00000E+00   0.00000E+00   0.00000E+00     1009.99  0
 2.06009E-02   0.00000E+00   0.00000E+00   0.00000E+00   0.00000E+00     1008.77  0
 2.06209E-02   0.00000E+00   0.00000E+00   0.00000E+00   0.00000E+00     1007.57  0
 2.06409E-02   0.00000E+00   0.00000E+00   0.00000E+00   0.00000E+00     1006.38  0
 2.06609E-02   0.00000E+00   0.00000E+00   0.00000E+00   0.00000E+00     1005.19  0
 2.06809E-02   0.00000E+00   0.00000E+00   0.00000E+00   0.00000E+00     1004.01  0
 2.07009E-02   0.00000E+00   0.00000E+00   0.00000E+00   0.00000E+00     1002.83  0
 2.07209E-02   0.00000E+00   0.00000E+00   0.00000E+00   0.00000E+00     1001.65  0
 2.07409E-02   0.00000E+00   0.00000E+00   0.00000E+00   0.00000E+00     1000.48  0
 2.07609E-02   0.00000E+00   0.00000E+00   0.00000E+00   0.00000E+00      999.31  0
 2.07809E-02   0.00000E+00   0.00000E+00   0.00000E+00   0.00000E+00      998.15  0
 2.08009E-02   0.00000E+00   0.00000E+00   0.00000E+00   0.00000E+00      996.99  0
 2.08209E-02   0.00000E+00   0.00000E+00   0.00000E+00   0.00000E+00      995.83  0
 2.08409E-02   0.00000E+00   0.00000E+00   0.00000E+00   0.00000E+00      994.68  0
 2.08609E-02   0.00000E+00   0.00000E+00   0.00000E+00   0.00000E+00      993.53  0
 2.08809E-02   0.00000E+00   0.00000E+00   0.00000E+00   0.00000E+00      992.41  0
 2.09009E-02   0.00000E+00   0.00000E+00   0.00000E+00   0.00000E+00      991.29  0
 2.09209E-02   0.00000E+00   0.00000E+00   0.00000E+00   0.00000E+00      990.18  0
 2.09409E-02   0.00000E+00   0.00000E+00   0.00000E+00   0.00000E+00      989.07  0
 2.09609E-02   0.00000E+00   0.00000E+00   0.00000E+00   0.00000E+00      987.97  0
 2.09809E-02   0.00000E+00   0.00000E+00   0.00000E+00   0.00000E+00      986.87  0
 2.10009E-02   0.00000E+00   0.00000E+00   0.00000E+00   0.00000E+00      985.77  0
 2.10209E-02   0.00000E+00   0.00000E+00   0.00000E+00   0.00000E+00      984.67  0
 2.10409E-02   0.00000E+00   0.00000E+00   0.00000E+00   0.00000E+00      983.58  0
 2.10609E-02   0.00000E+00   0.00000E+00   0.00000E+00   0.00000E+00      982.49  0
 2.10809E-02   0.00000E+00   0.00000E+00   0.00000E+00   0.00000E+00      981.41  0
 2.11009E-02   0.00000E+00   0.00000E+00   0.00000E+00   0.00000E+00      980.33  0
 2.11209E-02   0.00000E+00   0.00000E+00   0.00000E+00   0.00000E+00      979.25  0
 2.11409E-02   0.00000E+00   0.00000E+00   0.00000E+00   0.00000E+00      978.18  0
 2.11609E-02   0.00000E+00   0.00000E+00   0.00000E+00   0.00000E+00      977.11  0
 2.11809E-02   0.00000E+00   0.00000E+00   0.00000E+00   0.00000E+00      976.05  0
 2.12009E-02   0.00000E+00   0.00000E+00   0.00000E+00   0.00000E+00      974.98  0
 2.12209E-02   0.00000E+00   0.00000E+00   0.00000E+00   0.00000E+00      973.92  0
 2.12409E-02   0.00000E+00   0.00000E+00   0.00000E+00   0.00000E+00      972.87  0
 2.12609E-02   0.00000E+00   0.00000E+00   0.00000E+00   0.00000E+00      971.82  0
 2.12809E-02   0.00000E+00   0.00000E+00   0.00000E+00   0.00000E+00      970.77  0
