# Melt Pool Geometry History
# time(s)  length(m)  depth(m)  width(m)  volume(m3)  Tpeak(K)  laser_on
 2.10000E-05   0.00000E+00   0.00000E+00   0.00000E+00   8.07573E-14      293.00  1
 4.10000E-05   4.41270E-05   1.03502E-04   4.45914E-05   2.31602E-13     1911.18  1
 6.10000E-05   7.17386E-05   1.08305E-04   5.45875E-05   3.70075E-13     2546.77  1
 8.10000E-05   1.04989E-04   1.09093E-04   5.84506E-05   4.98371E-13     2745.13  1
 1.01000E-04   1.33476E-04   1.09092E-04   5.94503E-05   6.29707E-13     2772.90  1
 1.21000E-04   1.60665E-04   1.09218E-04   5.97157E-05   7.42534E-13     2812.42  1
 1.41000E-04   1.90591E-04   1.09129E-04   6.01631E-05   7.03425E-13     2766.34  0
 1.61000E-04   1.91001E-04   1.06766E-04   6.00896E-05   6.58076E-13     2423.86  0
 1.81000E-04   1.90860E-04   1.02519E-04   5.96256E-05   6.12108E-13     2244.72  0
 2.01000E-04   1.87585E-04   9.23037E-05   5.89032E-05   5.11288E-13     2125.12  0
 2.21000E-04   1.91890E-04   8.84392E-05   6.28372E-05   4.76246E-13     1995.47  0
 2.41000E-04   1.92427E-04   8.25846E-05   6.32731E-05   4.43571E-13     1904.25  0
 2.61000E-04   1.92635E-04   7.54967E-05   6.30879E-05   4.12726E-13     1838.29  0
 2.81000E-04   1.92641E-04   6.94870E-05   6.25801E-05   3.83464E-13     1788.65  0
 3.01000E-04   1.92559E-04   6.38934E-05   6.18299E-05   3.54963E-13     1749.50  0
 3.21000E-04   1.92523E-04   5.85907E-05   6.09004E-05   3.26821E-13     1718.51  0
 3.41000E-04   1.92484E-04   5.36377E-05   5.98436E-05   2.98647E-13     1692.75  0
 3.61000E-04   1.92413E-04   4.91986E-05   5.87278E-05   2.70590E-13     1671.35  0
 3.81000E-04   1.92322E-04   4.52745E-05   5.76472E-05   2.42747E-13     1654.01  0
 4.01000E-04   1.92212E-04   4.24323E-05   5.67004E-05   2.15238E-13     1640.22  0
 4.21000E-04   1.92082E-04   3.85776E-05   5.61430E-05   1.88641E-13     1630.35  0
 4.41000E-04   1.91928E-04   3.53918E-05   5.59093E-05   1.63336E-13     1624.35  0
 4.61000E-04   1.91739E-04   3.30520E-05   5.57047E-05   1.39296E-13     1622.56  0
 4.81000E-04   1.91511E-04   2.97900E-05   5.55039E-05   1.16493E-13     1621.54  0
 5.01000E-04   1.91211E-04   2.79196E-05   5.52939E-05   9.51302E-14     1620.09  0
 5.21000E-04   1.90787E-04   2.48133E-05   5.50643E-05   7.52269E-14     1618.18  0
 5.41000E-04   1.83699E-04   2.30946E-05   5.48024E-05   5.73784E-14     1615.78  0
 5.61000E-04   1.70442E-04   2.02806E-05   5.44915E-05   4.16938E-14     1612.78  0
 5.81000E-04   1.46371E-04   1.84448E-05   5.41128E-05   2.85751E-14     1609.13  0
 6.01000E-04   1.21480E-04   1.57077E-05   4.78212E-05   1.37660E-14     1604.06  0
 6.21000E-04   1.00304E-04   1.35576E-05   5.48249E-05   5.95069E-15     1598.55  0
 6.41000E-04   7.71659E-05   1.08205E-05   4.74877E-05   8.99563E-14     1591.48  1
 6.61000E-04   4.18971E-05   1.03940E-04   4.23350E-05   2.34527E-13     1872.21  1
 6.81000E-04   7.68881E-05   1.08372E-04   5.74521E-05   3.84811E-13     2578.39  1
 7.01000E-04   1.07913E-04   1.09223E-04   6.22556E-05   5.27449E-13     2764.91  1
 7.21000E-04   1.37903E-04   1.09508E-04   6.46135E-05   6.82316E-13     2832.92  1
 7.41000E-04   1.67397E-04   1.09791E-04   7.00230E-05   8.28668E-13     2807.78  1
 7.61000E-04   1.96813E-04   1.10055E-04   7.22603E-05   9.68829E-13     2802.71  1
 7.81000E-04   2.26179E-04   1.10178E-04   7.34041E-05   1.10260E-12     2814.16  1
 8.01000E-04   2.51279E-04   1.09509E-04   7.60284E-05   1.23298E-12     2716.78  1
 8.21000E-04   2.83390E-04   1.09661E-04   7.96828E-05   1.35392E-12     2770.59  1
 8.41000E-04   3.12566E-04   1.09572E-04   8.15644E-05   1.46239E-12     2800.92  1
 8.61000E-04   3.42380E-04   1.09224E-04   8.25634E-05   1.55986E-12     2786.07  1
 8.81000E-04   3.71700E-04   1.08965E-04   8.33653E-05   1.64811E-12     2771.86  1
 9.01000E-04   4.01587E-04   1.08774E-04   8.40312E-05   1.57657E-12     2758.79  0
 9.21000E-04   4.01380E-04   1.05699E-04   8.60700E-05   1.49224E-12     2374.21  0
 9.41000E-04   4.01283E-04   1.01788E-04   8.71499E-05   1.40986E-12     2179.25  0
 9.61000E-04   4.01124E-04   9.73228E-05   8.78539E-05   1.32865E-12     2057.03  0
 9.81000E-04   3.97094E-04   9.19137E-05   8.80827E-05   1.25265E-12     1965.71  0
 1.00100E-03   3.92221E-04   8.60586E-05   8.78473E-05   1.16592E-12     1894.70  0
 1.02100E-03   3.92040E-04   8.08428E-05   8.78273E-05   1.09488E-12     1836.36  0
 1.04100E-03   3.85961E-04   7.57656E-05   8.76331E-05   1.02676E-12     1791.04  0
 1.06100E-03   3.82718E-04   7.10731E-05   8.72662E-05   9.60871E-13     1755.49  0
 1.08100E-03   3.75747E-04   6.69473E-05   8.68126E-05   8.96948E-13     1727.11  0
 1.10100E-03   3.72537E-04   6.28707E-05   8.63164E-05   8.35301E-13     1703.37  0
 1.12100E-03   3.65195E-04   5.87463E-05   8.58319E-05   7.75332E-13     1683.96  0
 1.14100E-03   3.61649E-04   5.52815E-05   8.54504E-05   7.17162E-13     1667.46  0
 1.16100E-03   3.53861E-04   5.27278E-05   8.51308E-05   6.60749E-13     1653.70  0
 1.18100E-03   3.48134E-04   4.91320E-05   8.49792E-05   6.06131E-13     1642.86  0
 1.20100E-03   3.41207E-04   4.66806E-05   8.48848E-05   5.53390E-13     1634.32  0
 1.22100E-03   3.34129E-04   4.37942E-05   8.47894E-05   5.03487E-13     1628.10  0
 1.24100E-03   3.24734E-04   4.14212E-05   8.46926E-05   4.55892E-13     1624.21  0
 1.26100E-03   3.15455E-04   3.88930E-05   8.45935E-05   4.11057E-13     1622.83  0
 1.28100E-03   3.05210E-04   3.70175E-05   8.44904E-05   3.68627E-13     1622.30  0
 1.30100E-03   2.95913E-04   3.43322E-05   8.43836E-05   3.28483E-13     1621.55  0
 1.32100E-03   2.84272E-04   3.29174E-05   8.42726E-05   2.90934E-13     1620.59  0
 1.34100E-03   2.72465E-04   3.06441E-05   8.41527E-05   2.55232E-13     1619.41  0
 1.36100E-03   2.62662E-04   2.87763E-05   8.40220E-05   2.21806E-13     1618.03  0
 1.38100E-03   2.53747E-04   2.77591E-05   8.38798E-05   1.90337E-13     1616.40  0
 1.40100E-03   2.38836E-04   2.47079E-05   7.77868E-05   2.10770E-13     1614.21  1
 1.42100E-03   4.33555E-05   1.02873E-04   4.40868E-05   3.48048E-13     1840.13  1
 1.44100E-03   7.60020E-05   1.08116E-04   5.67827E-05   4.57285E-13     2554.21  1
 1.46100E-03   1.05044E-04   1.08584E-04   6.16494E-05   5.66217E-13     2673.54  1
 1.48100E-03   1.30595E-04   1.09068E-04   6.29824E-05   6.87666E-13     2721.43  1
 1.50100E-03   1.58452E-04   1.09520E-04   6.42163E-05   8.09132E-13     2691.58  1
 1.52100E-03   1.87383E-04   1.09902E-04   6.58465E-05   9.29924E-13     2716.04  1
 1.54100E-03   2.16586E-04   1.10179E-04   6.71296E-05   1.06880E-12     2719.46  1
 1.56100E-03   2.46171E-04   1.10491E-04   7.43175E-05   1.21321E-12     2721.65  1
 1.58100E-03   2.76329E-04   1.10665E-04   7.65586E-05   1.35613E-12     2740.45  1
 1.60100E-03   3.03578E-04   1.10795E-04   7.76369E-05   1.49896E-12     2746.43  1
 1.62100E-03   3.31696E-04   1.10884E-04   8.46245E-05   1.63470E-12     2771.67  1
 1.64100E-03   3.61837E-04   1.11012E-04   8.78455E-05   1.76861E-12     2788.11  1
 1.66100E-03   3.89941E-04   1.11009E-04   8.94964E-05   1.89442E-12     2793.13  1
 1.68100E-03   4.15240E-04   1.10799E-04   9.26281E-05   2.01528E-12     2798.22  1
 1.70100E-03   4.43139E-04   1.10509E-04   9.42232E-05   2.12367E-12     2745.47  1
 1.72100E-03   4.72330E-04   1.10336E-04   9.55989E-05   2.22782E-12     2725.35  1
 1.74100E-03   5.01840E-04   1.09995E-04   9.63348E-05   2.31463E-12     2723.42  1
 1.76100E-03   5.31498E-04   1.09605E-04   9.67881E-05   2.38456E-12     2732.04  1
 1.78100E-03   5.56549E-04   1.09232E-04   9.69491E-05   2.44796E-12     2743.29  1
 1.80100E-03   5.82262E-04   1.08861E-04   9.64264E-05   2.33865E-12     2650.97  0
 1.82100E-03   5.85034E-04   1.06284E-04   9.79398E-05   2.22076E-12     2321.67  0
 1.84100E-03   5.85354E-04   1.02629E-04   9.68421E-05   2.09981E-12     2158.74  0
 1.86100E-03   5.85081E-04   9.79627E-05   9.56974E-05   1.97668E-12     2056.04  0
 1.88100E-03   5.84597E-04   9.30277E-05   9.52677E-05   1.85943E-12     1981.24  0
 1.90100E-03   5.83824E-04   8.81745E-05   9.48635E-05   1.74641E-12     1922.56  0
 1.92100E-03   5.74717E-04   8.33687E-05   9.43875E-05   1.63818E-12     1872.61  0
 1.94100E-03   5.65553E-04   7.86417E-05   9.38123E-05   1.53420E-12     1830.07  0
 1.96100E-03   5.57655E-04   7.41720E-05   9.31503E-05   1.43372E-12     1793.28  0
 1.98100E-03   5.52501E-04   7.01972E-05   9.23828E-05   1.33608E-12     1761.51  0
 2.00100E-03   5.39926E-04   6.58160E-05   9.10833E-05   1.17786E-12     1733.36  0
 2.02100E-03   5.41652E-04   6.28938E-05   9.42451E-05   1.06963E-12     1703.44  0
 2.04100E-03   5.33862E-04   5.92175E-05   9.40723E-05   9.67144E-13     1677.87  0
 2.06100E-03   5.28253E-04   5.65624E-05   9.37071E-05   8.69983E-13     1657.24  0
 2.08100E-03   5.21524E-04   5.34860E-05   9.29968E-05   7.78486E-13     1642.13  0
 2.10100E-03   5.11014E-04   5.04635E-05   9.18359E-05   6.92445E-13     1631.86  0
 2.12100E-03   5.04408E-04   4.80731E-05   8.89344E-05   6.11720E-13     1625.59  0
 2.14100E-03   4.94409E-04   4.48771E-05   8.65207E-05   5.36707E-13     1622.94  0
 2.16100E-03   4.83263E-04   4.28358E-05   8.53331E-05   4.66536E-13     1622.24  0
 2.18100E-03   4.73240E-04   3.96356E-05   8.43988E-05   4.02176E-13     1621.24  0
 2.20100E-03   4.57521E-04   3.72393E-05   8.15101E-05   3.25234E-13     1619.67  0
 2.22100E-03   4.46309E-04   3.43552E-05   8.20535E-05   2.68259E-13     1618.02  0
 2.24100E-03   4.28275E-04   3.26578E-05   7.69544E-05   2.18321E-13     1616.08  0
 2.26100E-03   4.08292E-04   2.95657E-05   7.44341E-05   1.74201E-13     1613.85  0
 2.28100E-03   3.91457E-04   2.78837E-05   7.02768E-05   1.35411E-13     1611.34  0
 2.30100E-03   3.67476E-04   2.49634E-05   6.69413E-05   1.77195E-13     1608.43  1
 2.32100E-03   4.71381E-05   1.03142E-04   4.31198E-05   3.04765E-13     1827.09  1
 2.34100E-03   7.85609E-05   1.08233E-04   5.74756E-05   4.23380E-13     2490.50  1
 2.36100E-03   1.08234E-04   1.09047E-04   6.18247E-05   5.44144E-13     2712.49  1
 2.38100E-03   1.37351E-04   1.09521E-04   6.33311E-05   6.72581E-13     2766.29  1
 2.40100E-03   1.64809E-04   1.09359E-04   6.53594E-05   8.00571E-13     2698.98  1
 2.42100E-03   1.95046E-04   1.09959E-04   7.05720E-05   9.43677E-13     2755.36  1
 2.44100E-03   2.24494E-04   1.10414E-04   7.86346E-05   1.09011E-12     2809.72  1
 2.46100E-03   2.53774E-04   1.10669E-04   8.12730E-05   1.23902E-12     2829.62  1
 2.48100E-03   2.83528E-04   1.10880E-04   8.24320E-05   1.38253E-12     2831.66  1
 2.50100E-03   3.12938E-04   1.10998E-04   8.33677E-05   1.52395E-12     2841.74  1
 2.52100E-03   3.42375E-04   1.11093E-04   8.40961E-05   1.66716E-12     2840.30  1
 2.54100E-03   3.72495E-04   1.11208E-04   8.96583E-05   1.80923E-12     2819.01  1
 2.56100E-03   4.02121E-04   1.11287E-04   9.26493E-05   1.94269E-12     2822.43  1
 2.58100E-03   4.31822E-04   1.11384E-04   9.42402E-05   2.07124E-12     2866.05  1
 2.60100E-03   4.53538E-04   1.11318E-04   9.52533E-05   2.19369E-12     2845.79  1
 2.62100E-03   4.83359E-04   1.11298E-04   9.79647E-05   2.31642E-12     2854.44  1
 2.64100E-03   5.11034E-04   1.11395E-04   9.95452E-05   2.42976E-12     2863.79  1
 2.66100E-03   5.35006E-04   1.11360E-04   1.00376E-04   2.53630E-12     2856.57  1
 2.68100E-03   5.49264E-04   1.11221E-04   1.01017E-04   2.63939E-12     2852.50  1
 2.70100E-03   5.73821E-04   1.10968E-04   1.01574E-04   2.73227E-12     2840.87  1
 2.72100E-03   5.97309E-04   1.10771E-04   1.01800E-04   2.82415E-12     2803.66  1
 2.74100E-03   6.23760E-04   1.10559E-04   1.01850E-04   2.89991E-12     2780.27  1
 2.76100E-03   6.46438E-04   1.10323E-04   1.01869E-04   2.96061E-12     2805.47  1
 2.78100E-03   6.72761E-04   1.09901E-04   1.01820E-04   3.01290E-12     2815.30  1
 2.80100E-03   6.93350E-04   1.09393E-04   1.01687E-04   3.05189E-12     2778.14  1
 2.82100E-03   7.16629E-04   1.09207E-04   1.01485E-04   3.08164E-12     2783.45  1
 2.84100E-03   7.40890E-04   1.08945E-04   1.01227E-04   2.93391E-12     2805.74  0
 2.86100E-03   7.35812E-04   1.06436E-04   1.00925E-04   2.78149E-12     2405.93  0
 2.88100E-03   7.31987E-04   1.02709E-04   1.00576E-04   2.62980E-12     2198.89  0
 2.90100E-03   7.26054E-04   9.79863E-05   1.00271E-04   2.48460E-12     2073.04  0
 2.92100E-03   7.21716E-04   9.30667E-05   9.99887E-05   2.34363E-12     1981.40  0
 2.94100E-03   7.15794E-04   8.80607E-05   9.96405E-05   2.21189E-12     1912.41  0
 2.96100E-03   7.10785E-04   8.31052E-05   9.92278E-05   2.08617E-12     1856.57  0
 2.98100E-03   7.05217E-04   7.81086E-05   9.87442E-05   1.96621E-12     1811.69  0
 3.00100E-03   6.99934E-04   7.30102E-05   9.72094E-05   1.76864E-12     1774.02  0
 3.02100E-03   6.93547E-04   6.84312E-05   9.89845E-05   1.63360E-12     1738.66  0
 3.04100E-03   6.87964E-04   6.40998E-05   9.67730E-05   1.50147E-12     1707.11  0
 3.06100E-03   6.80750E-04   6.03081E-05   9.59339E-05   1.37366E-12     1680.93  0
 3.08100E-03   6.76038E-04   5.75540E-05   9.52581E-05   1.25149E-12     1660.40  0
 3.10100E-03   6.67346E-04   5.36263E-05   9.46315E-05   1.13539E-12     1645.23  0
 3.12100E-03   6.59635E-04   5.04595E-05   9.38273E-05   1.02538E-12     1634.40  0
 3.14100E-03   6.53397E-04   4.79943E-05   9.29732E-05   9.22675E-13     1627.36  0
 3.16100E-03   6.43621E-04   4.46958E-05   9.14295E-05   8.25877E-13     1623.59  0
 3.18100E-03   6.33288E-04   4.27932E-05   8.77338E-05   7.35102E-13     1622.61  0
 3.20100E-03   6.19391E-04   3.95633E-05   8.47288E-05   6.03671E-13     1621.76  0
 3.22100E-03   6.08241E-04   3.79164E-05   8.70387E-05   5.11704E-13     1620.72  0
 3.24100E-03   5.86747E-04   3.50807E-05   8.70177E-05   4.30873E-13     1619.43  0
 3.26100E-03   5.64437E-04   3.33288E-05   8.68135E-05   3.59793E-13     1617.85  0
 3.28100E-03   5.39245E-04   3.08973E-05   8.65941E-05   2.95347E-13     1616.00  0
 3.30100E-03   5.17756E-04   2.88554E-05   8.58723E-05   2.37577E-13     1613.85  0
 3.32100E-03   4.98793E-04   2.71695E-05   8.45880E-05   1.86538E-13     1611.39  0
 3.34100E-03   4.74036E-04   2.44494E-05   7.88491E-05   2.18242E-13     1608.65  1
 3.36100E-03   4.74598E-05   1.03443E-04   4.07103E-05   3.38655E-13     1834.49  1
 3.38100E-03   8.01230E-05   1.08561E-04   5.81814E-05   4.55586E-13     2508.83  1
 3.40100E-03   1.04070E-04   1.08751E-04   6.14191E-05   5.71485E-13     2667.16  1
 3.42100E-03   1.33380E-04   1.09536E-04   6.84452E-05   7.02680E-13     2688.59  1
 3.44100E-03   1.62755E-04   1.10048E-04   7.10590E-05   8.43569E-13     2710.49  1
 3.46100E-03   1.92238E-04   1.10372E-04   7.59123E-05   9.91331E-13     2701.77  1
 3.48100E-03   2.21962E-04   1.10711E-04   8.15767E-05   1.14776E-12     2719.20  1
 3.50099E-03   2.51675E-04   1.10896E-04   8.58921E-05   1.30001E-12     2735.94  1
 3.52099E-03   2.81109E-04   1.11124E-04   8.86976E-05   1.44966E-12     2779.24  1
 3.54099E-03   3.06760E-04   1.11307E-04   9.24126E-05   1.59758E-12     2810.23  1
 3.56099E-03   3.34143E-04   1.11357E-04   9.50915E-05   1.74256E-12     2774.08  1
 3.58099E-03   3.62656E-04   1.11374E-04   9.71193E-05   1.88560E-12     2763.72  1
 3.60099E-03   3.92002E-04   1.11407E-04   9.81902E-05   2.02319E-12     2766.71  1
 3.62099E-03   4.21594E-04   1.11498E-04   9.92338E-05   2.15847E-12     2779.57  1
 3.64099E-03   4.51264E-04   1.11603E-04   1.01755E-04   2.28508E-12     2796.13  1
 3.66099E-03   4.80513E-04   1.11676E-04   1.02968E-04   2.40465E-12     2818.87  1
 3.68099E-03   5.06242E-04   1.11722E-04   1.03857E-04   2.51927E-12     2840.94  1
 3.70099E-03   5.33741E-04   1.11650E-04   1.04416E-04   2.62719E-12     2798.04  1
 3.72099E-03   5.62285E-04   1.11552E-04   1.04736E-04   2.72793E-12     2788.85  1
 3.74099E-03   5.91530E-04   1.11554E-04   1.04971E-04   2.82672E-12     2798.77  1
 3.76099E-03   6.21070E-04   1.11585E-04   1.05164E-04   2.91588E-12     2805.17  1
 3.78099E-03   6.50524E-04   1.11583E-04   1.05407E-04   2.99832E-12     2823.18  1
 3.80099E-03   6.74538E-04   1.11406E-04   1.05592E-04   3.06428E-12     2792.37  1
 3.82099E-03   6.94819E-04   1.11301E-04   1.05726E-04   3.13259E-12     2814.12  1
 3.84099E-03   7.20181E-04   1.11337E-04   1.05801E-04   3.19143E-12     2822.65  1
 3.86099E-03   7.41484E-04   1.11199E-04   1.05815E-04   3.24153E-12     2825.29  1
 3.88099E-03   7.60248E-04   1.10896E-04   1.05795E-04   3.28487E-12     2851.11  1
 3.90099E-03   7.83179E-04   1.10521E-04   1.05748E-04   3.31226E-12     2785.79  1
 3.92099E-03   8.05024E-04   1.10316E-04   1.05661E-04   3.33609E-12     2761.89  1
 3.94099E-03   8.30883E-04   1.09967E-04   1.05539E-04   3.34533E-12     2758.91  1
 3.96099E-03   8.53609E-04   1.09609E-04   1.05385E-04   3.34726E-12     2767.08  1
 3.98099E-03   8.77446E-04   1.09275E-04   1.05262E-04   3.33773E-12     2748.05  1
 4.00099E-03   8.95262E-04   1.08816E-04   1.03788E-04   3.14187E-12     2671.08  0
 4.02099E-03   8.92047E-04   1.06396E-04   1.06069E-04   2.95989E-12     2305.17  0
 4.04099E-03   8.87972E-04   1.02674E-04   1.03633E-04   2.77301E-12     2132.89  0
 4.06099E-03   8.80370E-04   9.80148E-05   1.02716E-04   2.58785E-12     2021.63  0
 4.08099E-03   8.75188E-04   9.31133E-05   1.02037E-04   2.40862E-12     1939.01  0
 4.10099E-03   8.66301E-04   8.82003E-05   1.01260E-04   2.23590E-12     1877.22  0
 4.12099E-03   8.61582E-04   8.33342E-05   1.00410E-04   2.07038E-12     1827.34  0
 4.14099E-03   8.51587E-04   7.84559E-05   9.94719E-05   1.91243E-12     1784.60  0
 4.16100E-03   8.42610E-04   7.37382E-05   9.82537E-05   1.76131E-12     1749.13  0
 4.18100E-03   8.35656E-04   6.92419E-05   9.69543E-05   1.61712E-12     1718.91  0
 4.20100E-03   8.21065E-04   6.39378E-05   9.32058E-05   1.40094E-12     1693.42  0
 4.22100E-03   8.14383E-04   6.04614E-05   9.52220E-05   1.25168E-12     1667.57  0
 4.24100E-03   8.01228E-04   5.75816E-05   9.42526E-05   1.11366E-12     1647.50  0
 4.26100E-03   7.88235E-04   5.35774E-05   9.33877E-05   9.85905E-13     1634.24  0
 4.28100E-03   7.74245E-04   5.01559E-05   9.25090E-05   8.67993E-13     1626.30  0
 4.30100E-03   7.56341E-04   4.77083E-05   9.12099E-05   7.59372E-13     1622.94  0
 4.32100E-03   7.39101E-04   4.40298E-05   8.75326E-05   6.59075E-13     1622.09  0
 4.34100E-03   7.18252E-04   4.14496E-05   8.56178E-05   5.66653E-13     1620.91  0
 4.36100E-03   6.98290E-04   3.85442E-05   8.44274E-05   4.81920E-13     1619.42  0
 4.38100E-03   6.75390E-04   3.57215E-05   8.32676E-05   4.04178E-13     1617.63  0
 4.40100E-03   6.48576E-04   3.28021E-05   7.91619E-05   3.19260E-13     1614.98  0
 4.42100E-03   6.27104E-04   3.00560E-05   8.14487E-05   2.53945E-13     1612.59  0
 4.44100E-03   6.00020E-04   2.81484E-05   7.75177E-05   1.97558E-13     1609.90  0
 4.46100E-03   5.73604E-04   2.53911E-05   6.80012E-05   1.48397E-13     1606.99  0
 4.48100E-03   5.43592E-04   2.34190E-05   6.45540E-05   1.06429E-13     1604.05  0
 4.50100E-03   5.11598E-04   2.09060E-05   5.81025E-05   1.49505E-13     1600.81  1
 4.52100E-03   5.04089E-05   1.03372E-04   4.28916E-05   2.75340E-13     1831.00  1
 4.54100E-03   7.81537E-05   1.08540E-04   5.84152E-05   4.01833E-13     2519.99  1
 4.56100E-03   1.05994E-04   1.09333E-04   6.24027E-05   5.33109E-13     2726.66  1
 4.58100E-03   1.34279E-04   1.09823E-04   6.56079E-05   6.83381E-13     2783.66  1
 4.60100E-03   1.60197E-04   1.09582E-04   7.06401E-05   8.29912E-13     2687.47  1
 4.62100E-03   1.89110E-04   1.10290E-04   7.77249E-05   9.84487E-13     2715.41  1
 4.64100E-03   2.17893E-04   1.10621E-04   8.04379E-05   1.13485E-12     2770.49  1
 4.66100E-03   2.46721E-04   1.10838E-04   8.18199E-05   1.28436E-12     2774.67  1
 4.68100E-03   2.75676E-04   1.11068E-04   8.27530E-05   1.43019E-12     2779.02  1
 4.70100E-03   3.04992E-04   1.11214E-04   8.34818E-05   1.57248E-12     2792.00  1
 4.72100E-03   3.34435E-04   1.11374E-04   8.60140E-05   1.71635E-12     2812.55  1
 4.74100E-03   3.63999E-04   1.11527E-04   8.81384E-05   1.85529E-12     2839.60  1
 4.76100E-03   3.93580E-04   1.11623E-04   9.14253E-05   1.99080E-12     2857.43  1
 4.78100E-03   4.23342E-04   1.11613E-04   9.28018E-05   2.12194E-12     2859.41  1
 4.80100E-03   4.52299E-04   1.11565E-04   9.36834E-05   2.24966E-12     2846.94  1
 4.82100E-03   4.82849E-04   1.11633E-04   9.44744E-05   2.37335E-12     2829.09  1
 4.84100E-03   5.12215E-04   1.11768E-04   9.53181E-05   2.49125E-12     2846.26  1
 4.86100E-03   5.41764E-04   1.11825E-04   9.74344E-05   2.60297E-12     2867.71  1
 4.88100E-03   5.70975E-04   1.11875E-04   9.84718E-05   2.70892E-12     2879.60  1
 4.90100E-03   5.86247E-04   1.11840E-04   9.90308E-05   2.80855E-12     2874.46  1
 4.92100E-03   6.10675E-04   1.11748E-04   9.96711E-05   2.91018E-12     2848.71  1
 4.94100E-03   6.34688E-04   1.11749E-04   1.00165E-04   3.00203E-12     2803.04  1
 4.96100E-03   6.56680E-04   1.11794E-04   1.00491E-04   3.08782E-12     2823.35  1
 4.98100E-03   6.80874E-04   1.11818E-04   1.00679E-04   3.16910E-12     2845.29  1
 5.00100E-03   7.01397E-04   1.11680E-04   1.00772E-04   3.23930E-12     2829.70  1
 5.02100E-03   7.26297E-04   1.11666E-04   1.00781E-04   3.31025E-12     2861.70  1
 5.04100E-03   7.49310E-04   1.11760E-04   1.00709E-04   3.37149E-12     2860.45  1
 5.06100E-03   7.74607E-04   1.11704E-04   1.00600E-04   3.42436E-12     2870.85  1
 5.08100E-03   7.98268E-04   1.11639E-04   1.00521E-04   3.47038E-12     2886.51  1
 5.10100E-03   8.24003E-04   1.11437E-04   1.00421E-04   3.51055E-12     2891.35  1
 5.12100E-03   8.52419E-04   1.11220E-04   1.00354E-04   3.54092E-12     2880.62  1
 5.14100E-03   8.77551E-04   1.11117E-04   1.00276E-04   3.56792E-12     2863.02  1
 5.16100E-03   9.02863E-04   1.10991E-04   1.00153E-04   3.58233E-12     2841.56  1
 5.18100E-03   9.25250E-04   1.10824E-04   1.00002E-04   3.58821E-12     2857.16  1
 5.20100E-03   9.46066E-04   1.10360E-04   9.97635E-05   3.58764E-12     2847.77  1
 5.22100E-03   9.72759E-04   1.10096E-04   9.95549E-05   3.57956E-12     2845.50  1
 5.24100E-03   9.79461E-04   1.09783E-04   9.93061E-05   3.55771E-12     2838.17  1
 5.26100E-03   1.00444E-03   1.09433E-04   9.90109E-05   3.53730E-12     2797.22  1
 5.28100E-03   1.02376E-03   1.09134E-04   9.83846E-05   3.51408E-12     2737.29  1
 5.30100E-03   1.04759E-03   1.08871E-04   9.77020E-05   3.31669E-12     2737.10  0
 5.32100E-03   1.03981E-03   1.06208E-04   9.70235E-05   3.11539E-12     2352.44  0
 5.34100E-03   1.03034E-03   1.02595E-04   9.58227E-05   2.91742E-12     2161.35  0
 5.36100E-03   1.02388E-03   9.78085E-05   9.32518E-05   2.72695E-12     2042.44  0
 5.38100E-03   1.01382E-03   9.27930E-05   9.16761E-05   2.54543E-12     1958.79  0
 5.40100E-03   1.00130E-03   8.76929E-05   9.01733E-05   2.31813E-12     1892.52  0
 5.42100E-03   9.90386E-04   8.26975E-05   9.13812E-05   2.14018E-12     1833.56  0
 5.44100E-03   9.78710E-04   7.76334E-05   8.92441E-05   1.96538E-12     1782.70  0
 5.46101E-03   9.66120E-04   7.27038E-05   8.82751E-05   1.79736E-12     1741.02  0
 5.48101E-03   9.52799E-04   6.79539E-05   8.74400E-05   1.63681E-12     1709.30  0
 5.50101E-03   9.39142E-04   6.34990E-05   8.66325E-05   1.48407E-12     1684.61  0
 5.52101E-03   9.25490E-04   5.94992E-05   8.57493E-05   1.33818E-12     1664.96  0
 5.54101E-03   9.08323E-04   5.63069E-05   8.48856E-05   1.20086E-12     1649.67  0
 5.56101E-03   8.91992E-04   5.30678E-05   8.40157E-05   1.07127E-12     1638.14  0
 5.58101E-03   8.76631E-04   4.94432E-05   8.37602E-05   9.50437E-13     1629.99  0
 5.60101E-03   8.54635E-04   4.58062E-05   8.02382E-05   7.80408E-13     1624.78  0
 5.62101E-03   8.37884E-04   4.31318E-05   8.74728E-05   6.61829E-13     1622.84  0
 5.64101E-03   8.15912E-04   3.97263E-05   8.89659E-05   5.57420E-13     1622.16  0
 5.66101E-03   7.86078E-04   3.76823E-05   8.99192E-05   4.65726E-13     1621.19  0
 5.68101E-03   7.44994E-04   3.43794E-05   9.02402E-05   3.83959E-13     1619.92  0
 5.70101E-03   7.00586E-04   3.27521E-05   9.00434E-05   3.11657E-13     1618.36  0
 5.72101E-03   6.54759E-04   2.97436E-05   8.94312E-05   2.47153E-13     1616.48  0
 5.74101E-03   6.11935E-04   2.80248E-05   8.84935E-05   1.91614E-13     1614.27  0
 5.76101E-03   5.70161E-04   2.51767E-05   8.68156E-05   1.43196E-13     1611.69  0
 5.78101E-03   5.27806E-04   2.32893E-05   7.93920E-05   1.02795E-13     1608.74  0
 5.80101E-03   4.63714E-04   1.99803E-05   7.29518E-05   1.44821E-13     1604.19  1
 5.82101E-03   4.09178E-05   1.03523E-04   5.02629E-05   2.80606E-13     1866.18  1
 5.84101E-03   7.29914E-05   1.08325E-04   5.69121E-05   4.07250E-13     2502.60  1
 5.86101E-03   1.04533E-04   1.09168E-04   6.20826E-05   5.41981E-13     2637.91  1
 5.88101E-03   1.34845E-04   1.09648E-04   6.44035E-05   6.84071E-13     2725.31  1
 5.90101E-03   1.63237E-04   1.10137E-04   7.14316E-05   8.35436E-13     2755.65  1
 5.92101E-03   1.88853E-04   1.10469E-04   7.65966E-05   9.92381E-13     2770.88  1
 5.94101E-03   2.16594E-04   1.10705E-04   8.22174E-05   1.14925E-12     2738.78  1
 5.96101E-03   2.45494E-04   1.10917E-04   8.61383E-05   1.30595E-12     2738.71  1
 5.98101E-03   2.74778E-04   1.11145E-04   8.81702E-05   1.46292E-12     2745.91  1
 6.00101E-03   3.04339E-04   1.11306E-04   9.19717E-05   1.61908E-12     2764.49  1
 6.02101E-03   3.33836E-04   1.11483E-04   9.43239E-05   1.76594E-12     2789.28  1
 6.04101E-03   3.61311E-04   1.11648E-04   9.58735E-05   1.90885E-12     2832.43  1
 6.06101E-03   3.87790E-04   1.11774E-04   9.70375E-05   2.04671E-12     2805.73  1
 6.08101E-03   4.15164E-04   1.11790E-04   9.78633E-05   2.18008E-12     2794.69  1
 6.10101E-03   4.43644E-04   1.11767E-04   9.85090E-05   2.30860E-12     2787.21  1
 6.12101E-03   4.72819E-04   1.11820E-04   9.92860E-05   2.43314E-12     2797.57  1
 6.14101E-03   5.02374E-04   1.11918E-04   9.95008E-05   2.55101E-12     2805.51  1
 6.16101E-03   5.32044E-04   1.11987E-04   9.98184E-05   2.66423E-12     2826.97  1
 6.18101E-03   5.60481E-04   1.12043E-04   9.99265E-05   2.76724E-12     2847.59  1
 6.20101E-03   5.84005E-04   1.11947E-04   9.98528E-05   2.85835E-12     2805.46  1
 6.22101E-03   6.15107E-04   1.11927E-04   9.98169E-05   2.95189E-12     2821.61  1
 6.24101E-03   6.43823E-04   1.12077E-04   9.98685E-05   3.03691E-12     2834.50  1
 6.26101E-03   6.72266E-04   1.12083E-04   9.98430E-05   3.11762E-12     2848.94  1
 6.28101E-03   6.97528E-04   1.12099E-04   9.99342E-05   3.19233E-12     2861.39  1
 6.30101E-03   7.17511E-04   1.12057E-04   1.00031E-04   3.25979E-12     2869.08  1
 6.32101E-03   7.42965E-04   1.11947E-04   9.97367E-05   3.32507E-12     2829.40  1
 6.34101E-03   7.65722E-04   1.11938E-04   9.90797E-05   3.38674E-12     2831.11  1
 6.36101E-03   7.91708E-04   1.11965E-04   9.86586E-05   3.44212E-12     2833.56  1
 6.38101E-03   8.14860E-04   1.11967E-04   9.84475E-05   3.49085E-12     2848.59  1
 6.40101E-03   8.37791E-04   1.11829E-04   9.82046E-05   3.53201E-12     2822.65  1
 6.42101E-03   8.61227E-04   1.11778E-04   9.79916E-05   3.57786E-12     2848.43  1
 6.44101E-03   8.82974E-04   1.11872E-04   9.89301E-05   3.61899E-12     2858.95  1
 6.46101E-03   9.09312E-04   1.11810E-04   9.95074E-05   3.65133E-12     2862.66  1
 6.48101E-03   9.36336E-04   1.11753E-04   9.97536E-05   3.67928E-12     2878.27  1
 6.50101E-03   9.59475E-04   1.11572E-04   9.97666E-05   3.70226E-12     2889.57  1
 6.52101E-03   9.79589E-04   1.11360E-04   9.96687E-05   3.71722E-12     2828.14  1
 6.54101E-03   1.00269E-03   1.11293E-04   9.95082E-05   3.72784E-12     2832.39  1
 6.56101E-03   1.02504E-03   1.11208E-04   9.93998E-05   3.73190E-12     2832.25  1
 6.58101E-03   1.04589E-03   1.11087E-04   9.91808E-05   3.72518E-12     2841.77  1
 6.60101E-03   1.06510E-03   1.10698E-04   9.89970E-05   3.71399E-12     2819.23  1
 6.62101E-03   1.08793E-03   1.10457E-04   9.86772E-05   3.69178E-12     2837.96  1
 6.64101E-03   1.10464E-03   1.10296E-04   9.82511E-05   3.66596E-12     2841.99  1
 6.66101E-03   1.11876E-03   1.09852E-04   9.77778E-05   3.62927E-12     2824.08  1
 6.68101E-03   1.13712E-03   1.09544E-04   9.73620E-05   3.59125E-12     2744.03  1
 6.70101E-03   1.15816E-03   1.09252E-04   9.68683E-05   3.55220E-12     2713.10  1
 6.72101E-03   1.17815E-03   1.08993E-04   9.64192E-05   3.34039E-12     2708.57  0
 6.74101E-03   1.16764E-03   1.06597E-04   9.59393E-05   3.12565E-12     2369.85  0
 6.76101E-03   1.15652E-03   1.02758E-04   9.51832E-05   2.91314E-12     2211.45  0
 6.78102E-03   1.14453E-03   9.80657E-05   9.45160E-05   2.70732E-12     2108.15  0
 6.80102E-03   1.12844E-03   9.29429E-05   9.02800E-05   2.41365E-12     2029.20  0
 6.82102E-03   1.11612E-03   8.81244E-05   9.43449E-05   2.20995E-12     1935.54  0
 6.84102E-03   1.10068E-03   8.31669E-05   9.38875E-05   2.01360E-12     1858.24  0
 6.86102E-03   1.08340E-03   7.82638E-05   9.34206E-05   1.82725E-12     1796.70  0
 6.88102E-03   1.06551E-03   7.34803E-05   9.29999E-05   1.65124E-12     1750.27  0
 6.90102E-03   1.04706E-03   6.88350E-05   9.23757E-05   1.48586E-12     1714.84  0
 6.92102E-03   1.02669E-03   6.44479E-05   9.13162E-05   1.33097E-12     1687.62  0
 6.94102E-03   1.00358E-03   6.03542E-05   8.84446E-05   1.18565E-12     1666.52  0
 6.96102E-03   9.79502E-04   5.69657E-05   8.62686E-05   1.05051E-12     1650.37  0
 6.98102E-03   9.53612E-04   5.30775E-05   8.52438E-05   9.25434E-13     1638.47  0
 7.00102E-03   9.27284E-04   4.90696E-05   8.44002E-05   8.10787E-13     1630.25  0
 7.02102E-03   8.95401E-04   4.57785E-05   8.36125E-05   7.04901E-13     1625.05  0
 7.04102E-03   8.61923E-04   4.29970E-05   8.30637E-05   6.07993E-13     1622.91  0
 7.06102E-03   8.27207E-04   3.94593E-05   8.30556E-05   5.18887E-13     1622.28  0
 7.08102E-03   7.86035E-04   3.74993E-05   8.30287E-05   4.37650E-13     1621.36  0
 7.10102E-03   7.46959E-04   3.40448E-05   8.29820E-05   3.63768E-13     1620.17  0
 7.12102E-03   7.05085E-04   3.21423E-05   8.29137E-05   2.97571E-13     1618.70  0
 7.14102E-03   6.66145E-04   2.91475E-05   8.28225E-05   2.38152E-13     1616.92  0
 7.16102E-03   6.21130E-04   2.78217E-05   8.27044E-05   1.85605E-13     1614.81  0
 7.18102E-03   5.77840E-04   2.60356E-05   8.25527E-05   1.39127E-13     1612.34  0
 7.20102E-03   5.31319E-04   2.27350E-05   7.54528E-05   8.80248E-14     1609.26  0
 7.22102E-03   4.80701E-04   1.97247E-05   8.16880E-05   1.55480E-13     1605.85  1
 7.24102E-03   4.39499E-05   1.05339E-04   4.94570E-05   3.00752E-13     1884.78  1
 7.26102E-03   7.88374E-05   1.09223E-04   5.97726E-05   4.40179E-13     2594.12  1
 7.28102E-03   1.09111E-04   1.10096E-04   6.48256E-05   5.89854E-13     2768.77  1
 7.30102E-03   1.38593E-04   1.10583E-04   6.62626E-05   7.39503E-13     2822.43  1
 7.32102E-03   1.68027E-04   1.10855E-04   6.76743E-05   8.95352E-13     2862.78  1
 7.34102E-03   1.97642E-04   1.11035E-04   7.57437E-05   1.06107E-12     2881.53  1
 7.36102E-03   2.27998E-04   1.11140E-04   8.35757E-05   1.22523E-12     2865.23  1
 7.38102E-03   2.57664E-04   1.11264E-04   8.77269E-05   1.38497E-12     2851.58  1
 7.40102E-03   2.83904E-04   1.11253E-04   9.19519E-05   1.55297E-12     2801.90  1
 7.42102E-03   3.13587E-04   1.11415E-04   9.39845E-05   1.70629E-12     2827.26  1
 7.44102E-03   3.43265E-04   1.11662E-04   9.67275E-05   1.85419E-12     2846.64  1
 7.46102E-03   3.72691E-04   1.11783E-04   9.80507E-05   1.99261E-12     2847.81  1
 7.48102E-03   4.02265E-04   1.11867E-04   9.91384E-05   2.12636E-12     2864.27  1
 7.50102E-03   4.31894E-04   1.11950E-04   9.95870E-05   2.25385E-12     2874.98  1
 7.52102E-03   4.47858E-04   1.11957E-04   1.00052E-04   2.37414E-12     2880.30  1
 7.54102E-03   4.76788E-04   1.11898E-04   1.02103E-04   2.49481E-12     2869.92  1
 7.56102E-03   5.05725E-04   1.11914E-04   1.03195E-04   2.61105E-12     2824.77  1
 7.58102E-03   5.35073E-04   1.11986E-04   1.03796E-04   2.71825E-12     2830.07  1
 7.60102E-03   5.59620E-04   1.11935E-04   1.04399E-04   2.81340E-12     2861.46  1
 7.62102E-03   5.94625E-04   1.11922E-04   1.04854E-04   2.90974E-12     2874.19  1
 7.64102E-03   6.18641E-04   1.12111E-04   1.05146E-04   2.99682E-12     2896.46  1
 7.66102E-03   6.45569E-04   1.12105E-04   1.05295E-04   3.08010E-12     2909.66  1
 7.68102E-03   6.70554E-04   1.12120E-04   1.05326E-04   3.15845E-12     2924.90  1
 7.70102E-03   6.95061E-04   1.12086E-04   1.05273E-04   3.23009E-12     2920.72  1
 7.72102E-03   7.22042E-04   1.11982E-04   1.05186E-04   3.29957E-12     2919.77  1
 7.74102E-03   7.44418E-04   1.11977E-04   1.05192E-04   3.37085E-12     2904.30  1
 7.76102E-03   7.71842E-04   1.12011E-04   1.06540E-04   3.43878E-12     2885.47  1
 7.78102E-03   7.94449E-04   1.12030E-04   1.07262E-04   3.49714E-12     2908.37  1
 7.80102E-03   8.15869E-04   1.11919E-04   1.07471E-04   3.55120E-12     2892.25  1
 7.82102E-03   8.38184E-04   1.11900E-04   1.07719E-04   3.60358E-12     2904.89  1
 7.84102E-03   8.65232E-04   1.12013E-04   1.07699E-04   3.64928E-12     2924.21  1
 7.86102E-03   8.86950E-04   1.11977E-04   1.07581E-04   3.68972E-12     2918.32  1
 7.88102E-03   9.13475E-04   1.11956E-04   1.07465E-04   3.72477E-12     2927.45  1
 7.90102E-03   9.35456E-04   1.11861E-04   1.07245E-04   3.75692E-12     2922.56  1
 7.92102E-03   9.47169E-04   1.11716E-04   1.06986E-04   3.78610E-12     2914.15  1
 7.94102E-03   9.68859E-04   1.11689E-04   1.06440E-04   3.81535E-12     2873.08  1
 7.96102E-03   9.94584E-04   1.11672E-04   1.05820E-04   3.83422E-12     2845.73  1
 7.98102E-03   1.01621E-03   1.11633E-04   1.04828E-04   3.84760E-12     2892.87  1
 8.00102E-03   1.03815E-03   1.11483E-04   1.02975E-04   3.85619E-12     2877.97  1
 8.02102E-03   1.06059E-03   1.11340E-04   1.00504E-04   3.85937E-12     2888.46  1
 8.04102E-03   1.07985E-03   1.11256E-04   9.95001E-05   3.86199E-12     2876.65  1
 8.06102E-03   1.10533E-03   1.11117E-04   9.89817E-05   3.85320E-12     2856.33  1
 8.08102E-03   1.12414E-03   1.10965E-04   9.86033E-05   3.84181E-12     2886.15  1
 8.10102E-03   1.14584E-03   1.10618E-04   9.81366E-05   3.82247E-12     2900.18  1
 8.12102E-03   1.16844E-03   1.10268E-04   9.76854E-05   3.79734E-12     2887.25  1
 8.14102E-03   1.18725E-03   1.10072E-04   9.72664E-05   3.60343E-12     2856.20  0
 8.16103E-03   1.17839E-03   1.08030E-04   9.65811E-05   3.39994E-12     2471.69  0
 8.18103E-03   1.17136E-03   1.04131E-04   9.59000E-05   3.19908E-12     2286.73  0
 8.20103E-03   1.15690E-03   1.00348E-04   9.41457E-05   2.95704E-12     2167.44  0
 8.22103E-03   1.14641E-03   9.70009E-05   9.35027E-05   2.75569E-12     2064.07  0
 8.24103E-03   1.13256E-03   9.28491E-05   9.11583E-05   2.55826E-12     1980.17  0
 8.26103E-03   1.11764E-03   8.83778E-05   8.97262E-05   2.36835E-12     1909.89  0
 8.28103E-03   1.10245E-03   8.40228E-05   8.88794E-05   2.18496E-12     1851.65  0
 8.30103E-03   1.08510E-03   7.99057E-05   8.81166E-05   2.00852E-12     1802.08  0
 8.32103E-03   1.06631E-03   7.62143E-05   8.73691E-05   1.84001E-12     1761.14  0
 8.34103E-03   1.04608E-03   7.27398E-05   8.66425E-05   1.67909E-12     1726.30  0
 8.36103E-03   1.02678E-03   6.84787E-05   8.58152E-05   1.52640E-12     1697.20  0
 8.38103E-03   1.00429E-03   6.46270E-05   8.47797E-05   1.38150E-12     1673.72  0
 8.40103E-03   9.75564E-04   6.02866E-05   8.15082E-05   1.16185E-12     1654.96  0
 8.42103E-03   9.50026E-04   5.75921E-05   8.42318E-05   1.01394E-12     1638.78  0
 8.44103E-03   9.18168E-04   5.35985E-05   8.35719E-05   8.82140E-13     1629.09  0
 8.46103E-03   8.85734E-04   5.01289E-05   8.35912E-05   7.63422E-13     1623.91  0
 8.48103E-03   8.56312E-04   4.76728E-05   8.28499E-05   6.56551E-13     1622.58  0
 8.50103E-03   8.26168E-04   4.38705E-05   8.19921E-05   5.60056E-13     1621.72  0
 8.52103E-03   7.99027E-04   4.10212E-05   8.07771E-05   4.72807E-13     1620.58  0
 8.54103E-03   7.61847E-04   3.82714E-05   7.73068E-05   3.94264E-13     1619.18  0
 8.56103E-03   7.21744E-04   3.50854E-05   7.51443E-05   3.23460E-13     1617.53  0
 8.58103E-03   6.79256E-04   3.30980E-05   7.39241E-05   2.61093E-13     1615.64  0
 8.60103E-03   6.26427E-04   3.01133E-05   7.07888E-05   1.99901E-13     1612.94  0
 8.62103E-03   5.74162E-04   2.82024E-05   7.03450E-05   1.54113E-13     1610.47  0
 8.64103E-03   5.24276E-04   2.54398E-05   6.31788E-05   2.20847E-13     1607.77  1
 8.66103E-03   4.14050E-05   1.07662E-04   4.54902E-05   3.79151E-13     1971.72  1
 8.68103E-03   7.39778E-05   1.10235E-04   6.80072E-05   5.32178E-13     2517.48  1
 8.70103E-03   3.93975E-04   1.11074E-04   1.45036E-04   6.98946E-13     2688.74  1
 8.72103E-03   3.50902E-04   1.11473E-04   1.40565E-04   8.69165E-13     2748.49  1
 8.74103E-03   3.07992E-04   1.11661E-04   1.38477E-04   1.04009E-12     2773.17  1
 8.76103E-03   2.67143E-04   1.11832E-04   1.36736E-04   1.21331E-12     2809.53  1
 8.78103E-03   2.22057E-04   1.11947E-04   1.30646E-04   1.38168E-12     2844.57  1
 8.80103E-03   2.47262E-04   1.11653E-04   1.27811E-04   1.56760E-12     2786.44  1
 8.82103E-03   2.75183E-04   1.11751E-04   1.28709E-04   1.74279E-12     2771.55  1
 8.84103E-03   3.04008E-04   1.11808E-04   1.28151E-04   1.90543E-12     2774.44  1
 8.86103E-03   3.33135E-04   1.11942E-04   1.27963E-04   2.06062E-12     2788.00  1
 8.88103E-03   3.62444E-04   1.12022E-04   1.27842E-04   2.20671E-12     2805.55  1
 8.90103E-03   3.91413E-04   1.12081E-04   1.27404E-04   2.34502E-12     2823.88  1
 8.92103E-03   4.17188E-04   1.12128E-04   1.26332E-04   2.47954E-12     2844.70  1
 8.94103E-03   4.44777E-04   1.12096E-04   1.24813E-04   2.60465E-12     2804.91  1
 8.96103E-03   4.73402E-04   1.12011E-04   1.22173E-04   2.72309E-12     2795.80  1
 8.98103E-03   5.02714E-04   1.12052E-04   1.21254E-04   2.83773E-12     2803.96  1
 9.00103E-03   5.30108E-04   1.12026E-04   1.20736E-04   2.93861E-12     2784.17  1
 9.02103E-03   5.61573E-04   1.11992E-04   1.20375E-04   3.03908E-12     2804.92  1
 9.04103E-03   5.91172E-04   1.12169E-04   1.20034E-04   3.13322E-12     2833.24  1
 9.06103E-03   6.20819E-04   1.12158E-04   1.19718E-04   3.22073E-12     2842.10  1
 9.08103E-03   6.48967E-04   1.12165E-04   1.19392E-04   3.30043E-12     2855.17  1
 9.10103E-03   6.74502E-04   1.12132E-04   1.19033E-04   3.37510E-12     2862.61  1
 9.12103E-03   7.02241E-04   1.12023E-04   1.18371E-04   3.44561E-12     2819.78  1
 9.14103E-03   7.30030E-04   1.12015E-04   1.17700E-04   3.51007E-12     2819.53  1
 9.16103E-03   7.54069E-04   1.12048E-04   1.17075E-04   3.57061E-12     2828.75  1
 9.18103E-03   7.81356E-04   1.12063E-04   1.15849E-04   3.62343E-12     2836.94  1
 9.20103E-03   8.08942E-04   1.11951E-04   1.13174E-04   3.66908E-12     2800.56  1
 9.22103E-03   8.24668E-04   1.11924E-04   1.11506E-04   3.71437E-12     2831.56  1
 9.24103E-03   8.46373E-04   1.12036E-04   1.10671E-04   3.75106E-12     2830.47  1
 9.26103E-03   8.72129E-04   1.11999E-04   1.09946E-04   3.78476E-12     2837.80  1
 9.28103E-03   8.92526E-04   1.11979E-04   1.09263E-04   3.80827E-12     2852.97  1
 9.30103E-03   9.14892E-04   1.11880E-04   1.08610E-04   3.83310E-12     2858.65  1
 9.32103E-03   9.35409E-04   1.11730E-04   1.07788E-04   3.84910E-12     2808.25  1
 9.34103E-03   9.61384E-04   1.11701E-04   1.06690E-04   3.86663E-12     2806.83  1
 9.36103E-03   9.83631E-04   1.11688E-04   1.04757E-04   3.87939E-12     2806.29  1
 9.38103E-03   1.01015E-03   1.11644E-04   1.02187E-04   3.88445E-12     2829.48  1
 9.40103E-03   1.03113E-03   1.11553E-04   1.01206E-04   3.88719E-12     2827.28  1
 9.42103E-03   1.05348E-03   1.11350E-04   1.00546E-04   3.88580E-12     2847.75  1
 9.44103E-03   1.07259E-03   1.11095E-04   1.00318E-04   3.69725E-12     2790.79  0
 9.46104E-03   1.07264E-03   1.08867E-04   9.99670E-05   3.49598E-12     2425.52  0
 9.48104E-03   1.06463E-03   1.06831E-04   9.95564E-05   3.29505E-12     2225.93  0
 9.50104E-03   1.06116E-03   1.03352E-04   9.91483E-05   3.09783E-12     2104.28  0
 9.52104E-03   1.05221E-03   9.95421E-05   9.85255E-05   2.90534E-12     2020.06  0
 9.54104E-03   1.04816E-03   9.64288E-05   9.79262E-05   2.72144E-12     1958.66  0
 9.56104E-03   1.03829E-03   9.28760E-05   9.67963E-05   2.54504E-12     1908.23  0
 9.58104E-03   1.03032E-03   8.87593E-05   9.49866E-05   2.37607E-12     1866.14  0
 9.60104E-03   1.02048E-03   8.46748E-05   9.18926E-05   2.17278E-12     1830.00  0
 9.62104E-03   1.01592E-03   8.14325E-05   9.18159E-05   1.99934E-12     1792.87  0
 9.64104E-03   1.00485E-03   7.80182E-05   9.01239E-05   1.83069E-12     1756.96  0
 9.66104E-03   9.93169E-04   7.40701E-05   8.90740E-05   1.66894E-12     1726.87  0
 9.68104E-03   9.80271E-04   7.08679E-05   8.81455E-05   1.51532E-12     1701.46  0
 9.70104E-03   9.66228E-04   6.79310E-05   8.71754E-05   1.36994E-12     1680.36  0
 9.72104E-03   9.45869E-04   6.42499E-05   8.62094E-05   1.23280E-12     1662.98  0
 9.74104E-03   9.23717E-04   6.15512E-05   8.51039E-05   1.10459E-12     1648.93  0
 9.76104E-03   8.96498E-04   5.84105E-05   8.40785E-05   9.85082E-13     1638.13  0
 9.78104E-03   8.69418E-04   5.52814E-05   8.27644E-05   8.74106E-13     1630.32  0
 9.80104E-03   8.32041E-04   5.22914E-05   7.74511E-05   7.25205E-13     1625.00  0
 9.82104E-03   7.99025E-04   4.91142E-05   8.17423E-05   6.20209E-13     1622.88  0
 9.84104E-03   7.61706E-04   4.66715E-05   8.20562E-05   5.27711E-13     1622.23  0
 9.86104E-03   7.22714E-04   4.36610E-05   8.16552E-05   4.45979E-13     1621.33  0
 9.88104E-03   6.82869E-04   4.09035E-05   8.06578E-05   3.73577E-13     1620.18  0
 9.90104E-03   6.38367E-04   3.83804E-05   7.82796E-05   3.09381E-13     1618.79  0
 9.92104E-03   5.95131E-04   3.54748E-05   7.40987E-05   2.52038E-13     1617.16  0
 9.94104E-03   5.50851E-04   3.32155E-05   7.18693E-05   3.28508E-13     1615.28  1
 9.96104E-03   5.08862E-05   1.07666E-04   4.50326E-05   4.73474E-13     1958.58  1
 9.98104E-03   8.07636E-05   1.10401E-04   6.80776E-05   6.19809E-13     2599.28  1
 1.00010E-02   4.12512E-04   1.10933E-04   1.52513E-04   7.73784E-13     2671.89  1
 1.00210E-02   3.74995E-04   1.11450E-04   1.56031E-04   9.44578E-13     2758.84  1
 1.00410E-02   3.32625E-04   1.11859E-04   1.55436E-04   1.11936E-12     2797.81  1
 1.00610E-02   2.91427E-04   1.11987E-04   1.54344E-04   1.29185E-12     2819.24  1
 1.00810E-02   2.58180E-04   1.12025E-04   1.50498E-04   1.46393E-12     2818.12  1
 1.01010E-02   2.54668E-04   1.11977E-04   1.48113E-04   1.63780E-12     2806.95  1
 1.01210E-02   2.84677E-04   1.11979E-04   1.46991E-04   1.80930E-12     2793.19  1
 1.01410E-02   3.14217E-04   1.12054E-04   1.45551E-04   1.97143E-12     2791.21  1
 1.01610E-02   3.43794E-04   1.12107E-04   1.43116E-04   2.12758E-12     2831.49  1
 1.01810E-02   3.73272E-04   1.12157E-04   1.40655E-04   2.27358E-12     2854.02  1
 1.02010E-02   3.98704E-04   1.12073E-04   1.39742E-04   2.40290E-12     2826.35  1
 1.02210E-02   4.27961E-04   1.12064E-04   1.39085E-04   2.53802E-12     2851.30  1
 1.02410E-02   4.57023E-04   1.12212E-04   1.38312E-04   2.66468E-12     2862.00  1
 1.02610E-02   4.86184E-04   1.12210E-04   1.37699E-04   2.78455E-12     2870.26  1
 1.02810E-02   5.15069E-04   1.12229E-04   1.36958E-04   2.89760E-12     2889.53  1
 1.03010E-02   5.43620E-04   1.12221E-04   1.35731E-04   3.00252E-12     2894.96  1
 1.03210E-02   5.72740E-04   1.12127E-04   1.33009E-04   3.10430E-12     2900.32  1
 1.03410E-02   6.01901E-04   1.12131E-04   1.31091E-04   3.19990E-12     2882.63  1
 1.03610E-02   6.29438E-04   1.12167E-04   1.30170E-04   3.29229E-12     2863.91  1
 1.03810E-02   6.55136E-04   1.12189E-04   1.29431E-04   3.37527E-12     2881.18  1
 1.04010E-02   6.76597E-04   1.12099E-04   1.28564E-04   3.44879E-12     2875.88  1
 1.04210E-02   7.02032E-04   1.12072E-04   1.27692E-04   3.52184E-12     2899.30  1
 1.04410E-02   7.25644E-04   1.12214E-04   1.26417E-04   3.58973E-12     2910.81  1
 1.04610E-02   7.52903E-04   1.12181E-04   1.24078E-04   3.64940E-12     2894.97  1
 1.04810E-02   7.77973E-04   1.12175E-04   1.21553E-04   3.69982E-12     2912.90  1
 1.05010E-02   7.90366E-04   1.12128E-04   1.20446E-04   3.74599E-12     2909.75  1
 1.05210E-02   8.16942E-04   1.11986E-04   1.19637E-04   3.78912E-12     2902.93  1
 1.05410E-02   8.40458E-04   1.11946E-04   1.18745E-04   3.82815E-12     2863.47  1
 1.05610E-02   8.66555E-04   1.11925E-04   1.17819E-04   3.85815E-12     2852.19  1
 1.05810E-02   8.93711E-04   1.11871E-04   1.16588E-04   3.87897E-12     2867.15  1
 1.06010E-02   9.15523E-04   1.11773E-04   1.13893E-04   3.70335E-12     2887.71  0
 1.06210E-02   9.13258E-04   1.09596E-04   1.11750E-04   3.52109E-12     2458.37  0
 1.06410E-02   9.11459E-04   1.08014E-04   1.10302E-04   3.33260E-12     2240.63  0
 1.06610E-02   9.04815E-04   1.04384E-04   1.09351E-04   3.14236E-12     2102.69  0
 1.06810E-02   9.01364E-04   1.01741E-04   1.08404E-04   2.95417E-12     2002.72  0
 1.07010E-02   8.99009E-04   9.82467E-05   1.07391E-04   2.77050E-12     1926.12  0
 1.07210E-02   8.91703E-04   9.45021E-05   1.05983E-04   2.59092E-12     1865.47  0
 1.07410E-02   8.88079E-04   9.13487E-05   1.02784E-04   2.41663E-12     1816.42  0
 1.07610E-02   8.84928E-04   8.80294E-05   1.00206E-04   2.24819E-12     1776.81  0
 1.07810E-02   8.76596E-04   8.40983E-05   9.86742E-05   2.08503E-12     1745.05  0
 1.08010E-02   8.71125E-04   7.98939E-05   9.68834E-05   1.84710E-12     1717.56  0
 1.08210E-02   8.66151E-04   7.71999E-05   1.01993E-04   1.67708E-12     1689.47  0
 1.08410E-02   8.60289E-04   7.33471E-05   1.01109E-04   1.51914E-12     1667.97  0
 1.08610E-02   8.53690E-04   6.96483E-05   9.87247E-05   1.37089E-12     1650.92  0
 1.08810E-02   8.45746E-04   6.68865E-05   9.67681E-05   1.23118E-12     1638.34  0
 1.09010E-02   8.40274E-04   6.33381E-05   9.59871E-05   1.09981E-12     1629.81  0
 1.09210E-02   8.30419E-04   5.98763E-05   9.54118E-05   9.77863E-13     1624.79  0
 1.09410E-02   8.21051E-04   5.75445E-05   9.48119E-05   8.64023E-13     1622.88  0
 1.09610E-02   8.11663E-04   5.37886E-05   9.42090E-05   7.58518E-13     1622.27  0
 1.09810E-02   8.00741E-04   5.09048E-05   9.34240E-05   6.61007E-13     1621.45  0
 1.10010E-02   7.86238E-04   4.76056E-05   9.02857E-05   5.50959E-13     1620.42  0
 1.10210E-02   7.73011E-04   4.45187E-05   8.95346E-05   4.63492E-13     1619.25  0
 1.10410E-02   7.53766E-04   4.25954E-05   8.54302E-05   3.85728E-13     1617.90  0
 1.10610E-02   7.30859E-04   3.92016E-05   7.94404E-05   3.16932E-13     1616.40  0
 1.10810E-02   6.75232E-04   3.74734E-05   7.69468E-05   2.57113E-13     1614.73  0
 1.11010E-02   6.03672E-04   3.42272E-05   7.47838E-05   3.22102E-13     1612.89  1
 1.11210E-02   4.32943E-05   1.07850E-04   5.29784E-05   4.76400E-13     1989.87  1
 1.11410E-02   7.40141E-05   1.10485E-04   7.20175E-05   6.16324E-13     2528.92  1
 1.11610E-02   1.04744E-04   1.11408E-04   8.49979E-05   7.72031E-13     2717.37  1
 1.11810E-02   4.11457E-04   1.11745E-04   1.59708E-04   9.41682E-13     2746.28  1
 1.12010E-02   3.56309E-04   1.11610E-04   1.58932E-04   1.11123E-12     2722.76  1
 1.12210E-02   3.11667E-04   1.11718E-04   1.62506E-04   1.29388E-12     2739.91  1
 1.12410E-02   2.73701E-04   1.11990E-04   1.59521E-04   1.46738E-12     2781.20  1
 1.12610E-02   2.51314E-04   1.12064E-04   1.57540E-04   1.63607E-12     2821.98  1
 1.12810E-02   2.76879E-04   1.12118E-04   1.56255E-04   1.80321E-12     2834.14  1
 1.13010E-02   3.04400E-04   1.12117E-04   1.54597E-04   1.96140E-12     2794.43  1
 1.13210E-02   3.33160E-04   1.12041E-04   1.49400E-04   2.11764E-12     2791.68  1
 1.13410E-02   3.62538E-04   1.12059E-04   1.47647E-04   2.26986E-12     2797.06  1
 1.13610E-02   3.92186E-04   1.12119E-04   1.46108E-04   2.41353E-12     2804.48  1
 1.13810E-02   4.21902E-04   1.12158E-04   1.43997E-04   2.54778E-12     2829.39  1
 1.14010E-02   4.47247E-04   1.12082E-04   1.41168E-04   2.66726E-12     2795.51  1
 1.14210E-02   4.80802E-04   1.12071E-04   1.40180E-04   2.79079E-12     2817.64  1
 1.14411E-02   5.10301E-04   1.12225E-04   1.39196E-04   2.90554E-12     2829.71  1
 1.14611E-02   5.37883E-04   1.12207E-04   1.38359E-04   3.01615E-12     2837.39  1
 1.14811E-02   5.63857E-04   1.12209E-04   1.37594E-04   3.11630E-12     2847.22  1
 1.15011E-02   5.88027E-04   1.12177E-04   1.36374E-04   3.21077E-12     2856.58  1
 1.15211E-02   6.14450E-04   1.12057E-04   1.34819E-04   3.30093E-12     2815.58  1
 1.15411E-02   6.41482E-04   1.12041E-04   1.31956E-04   3.38555E-12     2813.60  1
 1.15611E-02   6.66089E-04   1.12052E-04   1.30811E-04   3.46439E-12     2827.61  1
 1.15811E-02   6.92665E-04   1.12041E-04   1.29962E-04   3.53247E-12     2837.53  1
 1.16011E-02   7.18323E-04   1.11949E-04   1.29191E-04   3.59283E-12     2830.65  1
 1.16211E-02   7.37739E-04   1.11874E-04   1.28283E-04   3.64614E-12     2847.61  1
 1.16411E-02   7.64048E-04   1.11719E-04   1.27383E-04   3.50632E-12     2822.23  0
 1.16611E-02   7.62444E-04   1.09569E-04   1.26097E-04   3.35257E-12     2442.02  0
 1.16811E-02   7.58991E-04   1.08105E-04   1.23373E-04   3.18969E-12     2229.95  0
 1.17011E-02   7.56958E-04   1.04537E-04   1.21214E-04   3.02363E-12     2094.39  0
 1.17211E-02   7.51256E-04   1.02087E-04   1.20117E-04   2.85688E-12     1998.70  0
 1.17411E-02   7.48042E-04   9.84113E-05   1.19177E-04   2.69312E-12     1924.61  0
 1.17611E-02   7.45524E-04   9.47457E-05   1.18090E-04   2.53267E-12     1866.92  0
 1.17811E-02   7.38856E-04   9.20425E-05   1.16926E-04   2.37654E-12     1819.58  0
 1.18011E-02   7.35968E-04   8.82857E-05   1.15317E-04   2.22517E-12     1781.26  0
 1.18211E-02   7.30638E-04   8.45456E-05   1.11687E-04   2.07860E-12     1749.15  0
 1.18411E-02   7.25919E-04   8.15579E-05   1.09408E-04   1.93684E-12     1722.62  0
 1.18611E-02   7.22988E-04   7.81166E-05   1.07922E-04   1.80000E-12     1699.72  0
 1.18811E-02   7.15964E-04   7.42906E-05   1.06489E-04   1.66837E-12     1680.38  0
 1.19011E-02   7.13218E-04   7.12538E-05   1.05086E-04   1.54151E-12     1664.49  0
 1.19211E-02   7.06361E-04   6.80757E-05   1.03402E-04   1.41965E-12     1651.50  0
 1.19411E-02   7.03201E-04   6.43648E-05   9.98592E-05   1.30303E-12     1641.06  0
 1.19611E-02   6.96057E-04   6.16933E-05   9.76336E-05   1.19124E-12     1633.10  0
 1.19811E-02   6.92636E-04   5.84085E-05   9.63787E-05   1.08505E-12     1627.48  0
 1.20011E-02   6.84605E-04   5.51022E-05   9.51368E-05   9.81174E-13     1624.04  0
 1.20211E-02   6.78572E-04   5.28498E-05   9.40888E-05   8.85490E-13     1622.85  0
 1.20411E-02   6.72945E-04   4.94077E-05   9.26040E-05   7.95860E-13     1622.37  0
 1.20611E-02   6.64541E-04   4.75601E-05   8.92777E-05   7.10625E-13     1621.72  0
 1.20811E-02   6.56445E-04   4.42191E-05   8.77894E-05   6.29651E-13     1620.90  0
 1.21011E-02   6.48771E-04   4.25513E-05   8.69679E-05   5.53532E-13     1619.93  0
 1.21211E-02   6.40636E-04   3.94103E-05   8.61944E-05   4.82088E-13     1618.81  0
 1.21411E-02   6.30245E-04   3.78437E-05   8.54324E-05   5.44315E-13     1617.60  1
 1.21611E-02   4.74614E-05   1.07772E-04   4.79197E-05   6.64791E-13     1972.58  1
 1.21811E-02   7.90610E-05   1.10295E-04   6.28239E-05   7.78556E-13     2565.65  1
 1.22011E-02   1.07410E-04   1.10889E-04   7.08858E-05   8.93124E-13     2668.17  1
 1.22211E-02   1.40450E-04   1.11399E-04   7.51244E-05   1.02088E-12     2740.67  1
 1.22411E-02   1.71172E-04   1.11745E-04   7.71804E-05   1.16909E-12     2807.44  1
 1.22611E-02   4.71205E-04   1.11855E-04   1.68020E-04   1.32386E-12     2844.43  1
 1.22811E-02   4.26347E-04   1.11925E-04   1.64180E-04   1.47807E-12     2868.65  1
 1.23011E-02   3.80782E-04   1.11911E-04   1.62788E-04   1.63295E-12     2835.71  1
 1.23211E-02   3.40945E-04   1.11841E-04   1.61803E-04   1.78533E-12     2798.03  1
 1.23411E-02   3.34565E-04   1.11872E-04   1.60865E-04   1.93797E-12     2785.10  1
 1.23611E-02   3.58408E-04   1.11956E-04   1.59555E-04   2.08657E-12     2791.00  1
 1.23811E-02   3.82317E-04   1.12012E-04   1.55805E-04   2.22974E-12     2824.88  1
 1.24011E-02   4.00629E-04   1.11929E-04   1.53617E-04   2.36337E-12     2800.94  1
 1.24211E-02   4.28395E-04   1.11942E-04   1.52378E-04   2.49660E-12     2830.22  1
 1.24411E-02   4.57721E-04   1.12076E-04   1.50954E-04   2.62175E-12     2868.68  1
 1.24611E-02   4.87010E-04   1.12060E-04   1.49123E-04   2.74108E-12     2881.43  1
 1.24811E-02   5.16163E-04   1.12058E-04   1.45538E-04   2.85366E-12     2888.74  1
 1.25011E-02   5.45412E-04   1.11975E-04   1.44282E-04   2.95854E-12     2890.69  1
 1.25211E-02   5.73852E-04   1.11802E-04   1.43300E-04   3.05706E-12     2889.20  1
 1.25411E-02   6.02525E-04   1.11739E-04   1.42403E-04   2.96449E-12     2864.47  0
 1.25611E-02   6.02360E-04   1.09639E-04   1.41662E-04   2.85587E-12     2495.38  0
 1.25811E-02   6.02298E-04   1.08155E-04   1.40497E-04   2.74798E-12     2315.03  0
 1.26011E-02   5.95340E-04   1.04201E-04   1.37418E-04   2.62615E-12     2194.74  0
 1.26211E-02   5.94843E-04   1.01422E-04   1.42361E-04   2.50820E-12     2076.60  0
 1.26411E-02   5.88418E-04   9.82144E-05   1.41579E-04   2.38552E-12     1987.06  0
 1.26611E-02   5.86298E-04   9.44123E-05   1.38920E-04   2.26036E-12     1914.06  0
 1.26811E-02   5.81583E-04   9.14615E-05   1.37364E-04   2.13489E-12     1858.22  0
 1.27011E-02   5.78573E-04   8.81442E-05   1.36414E-04   2.01096E-12     1813.89  0
 1.27211E-02   5.76585E-04   8.43458E-05   1.35388E-04   1.88937E-12     1776.27  0
 1.27411E-02   5.70807E-04   8.19298E-05   1.34282E-04   1.77065E-12     1744.43  0
 1.27611E-02   5.68468E-04   7.85110E-05   1.32813E-04   1.65529E-12     1717.83  0
 1.27811E-02   5.64522E-04   7.52905E-05   1.30164E-04   1.54329E-12     1695.31  0
 1.28011E-02   5.56990E-04   7.18569E-05   1.25644E-04   1.38139E-12     1676.00  0
 1.28211E-02   5.54958E-04   6.88040E-05   1.26525E-04   1.26480E-12     1658.42  0
 1.28411E-02   5.49623E-04   6.60963E-05   1.26142E-04   1.15651E-12     1645.06  0
 1.28611E-02   5.45137E-04   6.34112E-05   1.25449E-04   1.05494E-12     1634.91  0
 1.28811E-02   5.41386E-04   6.04183E-05   1.23006E-04   9.59977E-13     1628.13  0
 1.29011E-02   5.31927E-04   5.81181E-05   1.20833E-04   8.70471E-13     1624.12  0
 1.29211E-02   5.23728E-04   5.50094E-05   1.19819E-04   7.86729E-13     1622.81  0
 1.29411E-02   5.12724E-04   5.29648E-05   1.18821E-04   7.08268E-13     1622.27  0
 1.29611E-02   5.03343E-04   4.98325E-05   1.17725E-04   6.34746E-13     1621.54  0
 1.29811E-02   4.90945E-04   4.78984E-05   1.16093E-04   5.65844E-13     1620.66  0
 1.30011E-02   4.82659E-04   4.48814E-05   1.11735E-04   5.01277E-13     1619.63  0
 1.30211E-02   4.69614E-04   4.30486E-05   1.09619E-04   4.40725E-13     1618.51  0
 1.30411E-02   4.59977E-04   4.02153E-05   1.07829E-04   5.11893E-13     1617.32  1
 1.30611E-02   4.37250E-05   1.07697E-04   4.86879E-05   6.41362E-13     1964.11  1
 1.30811E-02   4.35921E-04   1.10286E-04   1.86336E-04   7.82249E-13     2518.11  1
 1.31011E-02   4.24071E-04   1.11124E-04   1.83816E-04   9.27094E-13     2722.78  1
 1.31211E-02   4.12507E-04   1.11381E-04   1.82353E-04   1.07938E-12     2804.18  1
 1.31411E-02   3.98066E-04   1.11550E-04   1.81417E-04   1.22926E-12     2853.40  1
 1.31611E-02   3.83679E-04   1.11632E-04   1.80383E-04   1.37573E-12     2842.24  1
 1.31811E-02   3.69485E-04   1.11601E-04   1.77926E-04   1.51782E-12     2831.61  1
 1.32011E-02   3.51428E-04   1.11378E-04   1.74434E-04   1.67807E-12     2753.22  1
 1.32211E-02   3.32751E-04   1.11529E-04   1.75153E-04   1.82031E-12     2749.80  1
 1.32411E-02   3.32358E-04   1.11741E-04   1.72690E-04   1.95952E-12     2780.80  1
 1.32611E-02   3.54756E-04   1.11790E-04   1.71487E-04   2.09448E-12     2816.79  1
 1.32811E-02   3.75336E-04   1.11776E-04   1.70441E-04   2.22441E-12     2825.34  1
 1.33011E-02   3.95713E-04   1.11609E-04   1.68992E-04   2.17090E-12     2777.59  0
 1.33211E-02   3.95040E-04   1.09459E-04   1.64406E-04   2.09656E-12     2436.49  0
 1.33411E-02   3.88811E-04   1.07948E-04   1.62541E-04   2.01436E-12     2264.53  0
 1.33611E-02   3.88924E-04   1.04354E-04   1.61186E-04   1.93116E-12     2154.78  0
 1.33811E-02   3.88946E-04   1.01648E-04   1.59482E-04   1.84686E-12     2069.76  0
 1.34011E-02   3.88327E-04   9.82340E-05   1.54453E-04   1.75690E-12     2001.44  0
 1.34211E-02   3.91813E-04   9.46082E-05   1.52616E-04   1.67146E-12     1938.47  0
 1.34411E-02   3.92397E-04   9.17521E-05   1.50981E-04   1.58661E-12     1884.92  0
 1.34611E-02   3.92669E-04   8.83068E-05   1.49207E-04   1.50303E-12     1840.31  0
 1.34811E-02   3.92809E-04   8.46425E-05   1.46151E-04   1.42082E-12     1801.66  0
 1.35011E-02   3.92851E-04   8.20342E-05   1.42903E-04   1.33983E-12     1768.50  0
 1.35211E-02   3.92813E-04   7.84557E-05   1.40977E-04   1.26055E-12     1739.92  0
 1.35411E-02   3.92709E-04   7.50266E-05   1.39280E-04   1.18250E-12     1715.28  0
 1.35611E-02   3.92543E-04   7.26937E-05   1.37493E-04   1.10665E-12     1694.30  0
 1.35811E-02   3.92305E-04   6.91937E-05   1.35390E-04   1.03238E-12     1676.49  0
 1.36011E-02   3.91991E-04   6.71324E-05   1.31084E-04   9.60245E-13     1661.44  0
 1.36211E-02   3.91565E-04   6.39402E-05   1.28999E-04   8.90402E-13     1649.04  0
 1.36411E-02   3.90882E-04   6.17293E-05   1.27298E-04   8.22902E-13     1639.51  0
 1.36611E-02   3.81557E-04   5.88496E-05   1.25825E-04   7.58224E-13     1632.33  0
 1.36811E-02   3.73822E-04   5.65056E-05   1.24290E-04   6.96488E-13     1627.21  0
 1.37011E-02   3.68217E-04   5.38636E-05   1.21296E-04   6.37940E-13     1624.08  0
 1.37211E-02   3.61910E-04   5.16687E-05   1.18491E-04   5.82285E-13     1622.92  0
 1.37411E-02   3.51252E-04   4.90195E-05   1.17045E-04   5.29429E-13     1622.53  0
 1.37611E-02   3.43783E-04   4.71408E-05   1.15756E-04   4.79464E-13     1621.99  0
 1.37811E-02   3.36818E-04   4.43031E-05   1.14427E-04   4.32444E-13     1621.31  0
 1.38011E-02   3.21355E-04   4.17120E-05   1.10016E-04   4.94205E-13     1620.32  1
 1.38211E-02   5.05459E-05   1.07238E-04   5.16387E-05   6.32943E-13     1910.02  1
 1.38411E-02   7.97386E-05   1.10014E-04   5.97102E-05   7.52922E-13     2493.80  1
 1.38611E-02   1.08263E-04   1.10954E-04   6.44422E-05   8.72169E-13     2727.89  1
 1.38811E-02   1.37157E-04   1.11320E-04   6.60251E-05   1.00406E-12     2797.26  1
 1.39011E-02   1.66656E-04   1.11324E-04   7.21107E-05   1.14016E-12     2827.01  1
 1.39211E-02   1.96064E-04   1.11240E-04   7.43719E-05   1.27381E-12     2823.80  1
 1.39411E-02   2.25250E-04   1.11213E-04   7.56063E-05   1.22608E-12     2812.64  0
 1.39611E-02   2.26187E-04   1.09051E-04   7.67302E-05   1.16311E-12     2443.12  0
 1.39811E-02   2.26457E-04   1.07566E-04   7.78226E-05   1.10193E-12     2269.27  0
 1.40011E-02   2.23848E-04   1.03658E-04   8.34799E-05   1.04254E-12     2154.00  0
 1.40211E-02   2.31487E-04   1.00252E-04   8.66182E-05   9.89647E-13     2067.62  0
 1.40411E-02   2.32224E-04   9.76499E-05   8.78376E-05   9.39778E-13     1998.24  0
 1.40611E-02   2.33397E-04   9.36179E-05   1.84039E-04   8.93578E-13     1938.43  0
 1.40811E-02   2.32694E-04   8.99617E-05   1.80936E-04   8.49145E-13     1884.88  0
 1.41011E-02   2.32648E-04   8.73178E-05   1.78394E-04   8.05194E-13     1838.69  0
 1.41211E-02   2.32534E-04   8.33909E-05   1.71644E-04   7.61846E-13     1799.04  0
 1.41411E-02   2.32428E-04   7.96426E-05   1.68607E-04   7.19531E-13     1765.33  0
 1.41611E-02   2.32395E-04   7.68168E-05   1.61524E-04   6.78249E-13     1736.55  0
 1.41811E-02   2.32378E-04   7.33252E-05   1.56931E-04   6.38011E-13     1711.39  0
 1.42011E-02   2.32340E-04   6.99650E-05   1.47157E-04   5.98507E-13     1689.74  0
 1.42211E-02   2.32285E-04   6.77609E-05   1.28408E-04   5.59708E-13     1671.45  0
 1.42411E-02   2.32212E-04   6.41939E-05   1.15447E-04   5.21368E-13     1656.72  0
 1.42611E-02   2.32119E-04   6.19354E-05   1.10280E-04   4.83712E-13     1645.07  0
 1.42811E-02   2.32000E-04   5.87897E-05   1.07619E-04   4.46851E-13     1636.00  0
 1.43011E-02   2.31858E-04   5.61181E-05   1.06107E-04   4.11110E-13     1629.41  0
 1.43211E-02   2.31672E-04   5.34986E-05   1.04396E-04   3.76730E-13     1625.11  0
 1.43411E-02   2.31447E-04   5.06067E-05   1.01838E-04   3.43615E-13     1623.08  0
 1.43611E-02   2.29819E-04   4.83178E-05   9.92985E-05   3.11660E-13     1622.62  0
 1.43811E-02   2.24749E-04   4.54028E-05   9.79820E-05   2.80884E-13     1622.06  0
 1.44011E-02   2.22439E-04   4.33170E-05   9.68645E-05   2.51313E-13     1621.31  0
 1.44211E-02   2.21794E-04   4.05574E-05   9.56819E-05   2.23060E-13     1620.39  0
 1.44411E-02   2.21154E-04   3.85193E-05   9.44225E-05   1.96436E-13     1619.32  0
 1.44611E-02   2.16033E-04   3.61663E-05   9.27481E-05   1.71237E-13     1618.11  0
 1.44811E-02   2.11619E-04   3.39632E-05   8.91951E-05   1.47629E-13     1616.74  0
 1.45011E-02   2.04167E-04   3.24765E-05   8.75533E-05   1.25544E-13     1615.22  0
 1.45211E-02   1.97749E-04   2.96316E-05   8.63217E-05   1.04828E-13     1613.51  0
 1.45411E-02   1.93644E-04   2.81901E-05   8.50988E-05   8.57690E-14     1611.61  0
 1.45611E-02   1.89123E-04   2.59152E-05   8.37423E-05   6.82973E-14     1609.50  0
 1.45811E-02   1.83358E-04   2.40413E-05   8.19359E-05   5.27222E-14     1607.15  0
 1.46011E-02   1.76865E-04   2.26957E-05   7.70888E-05   3.90591E-14     1604.56  0
 1.46211E-02   1.43114E-04   2.00480E-05   7.47931E-05   2.73927E-14     1601.67  0
 1.46411E-02   1.29169E-04   1.85238E-05   7.33904E-05   1.76700E-14     1598.47  0
 1.46611E-02   1.20063E-04   1.65468E-05   7.22143E-05   1.01016E-14     1594.86  0
 1.46811E-02   1.10532E-04   1.41575E-05   6.43391E-05   4.59519E-15     1590.69  0
 1.47011E-02   8.09035E-05   1.25410E-05   4.60057E-05   1.43739E-15     1585.85  0
 1.47211E-02   5.31991E-05   8.93313E-06   3.13035E-05   7.65267E-17     1579.31  0
 1.47411E-02   2.00609E-05   4.06208E-06   1.15858E-05   0.00000E+00     1567.87  0
 1.47611E-02   0.00000E+00   0.00000E+00   0.00000E+00   0.00000E+00     1527.12  0
 1.47811E-02   0.00000E+00   0.00000E+00   0.00000E+00   0.00000E+00     1491.37  0
 1.48011E-02   0.00000E+00   0.00000E+00   0.00000E+00   0.00000E+00     1466.56  0
 1.48211E-02   0.00000E+00   0.00000E+00   0.00000E+00   0.00000E+00     1446.85  0
 1.48411E-02   0.00000E+00   0.00000E+00   0.00000E+00   0.00000E+00     1429.46  0
 1.48611E-02   0.00000E+00   0.00000E+00   0.00000E+00   0.00000E+00     1413.61  0
 1.48811E-02   0.00000E+00   0.00000E+00   0.00000E+00   0.00000E+00     1398.90  0
 1.49011E-02   0.00000E+00   0.00000E+00   0.00000E+00   0.00000E+00     1385.68  0
 1.49211E-02   0.00000E+00   0.00000E+00   0.00000E+00   0.00000E+00     1373.30  0
 1.49411E-02   0.00000E+00   0.00000E+00   0.00000E+00   0.00000E+00     1361.47  0
 1.49611E-02   0.00000E+00   0.00000E+00   0.00000E+00   0.00000E+00     1350.13  0
 1.49811E-02   0.00000E+00   0.00000E+00   0.00000E+00   0.00000E+00     1339.31  0
 1.50011E-02   0.00000E+00   0.00000E+00   0.00000E+00   0.00000E+00     1329.40  0
 1.50211E-02   0.00000E+00   0.00000E+00   0.00000E+00   0.00000E+00     1319.80  0
 1.50411E-02   0.00000E+00   0.00000E+00   0.00000E+00   0.00000E+00     1310.55  0
 1.50611E-02   0.00000E+00   0.00000E+00   0.00000E+00   0.00000E+00     1301.55  0
 1.50811E-02   0.00000E+00   0.00000E+00   0.00000E+00   0.00000E+00     1292.88  0
 1.51011E-02   0.00000E+00   0.00000E+00   0.00000E+00   0.00000E+00     1284.86  0
 1.51211E-02   0.00000E+00   0.00000E+00   0.00000E+00   0.00000E+00     1277.03  0
 1.51411E-02   0.00000E+00   0.00000E+00   0.00000E+00   0.00000E+00     1269.39  0
 1.51611E-02   0.00000E+00   0.00000E+00   0.00000E+00   0.00000E+00     1261.93  0
 1.51811E-02   0.00000E+00   0.00000E+00   0.00000E+00   0.00000E+00     1254.62  0
 1.52011E-02   0.00000E+00   0.00000E+00   0.00000E+00   0.00000E+00     1247.86  0
 1.52211E-02   0.00000E+00   0.00000E+00   0.00000E+00   0.00000E+00     1241.25  0
 1.52411E-02   0.00000E+00   0.00000E+00   0.00000E+00   0.00000E+00     1234.76  0
 1.52611E-02   0.00000E+00   0.00000E+00   0.00000E+00   0.00000E+00     1228.39  0
 1.52811E-02   0.00000E+00   0.00000E+00   0.00000E+00   0.00000E+00     1222.26  0
 1.53011E-02   0.00000E+00   0.00000E+00   0.00000E+00   0.00000E+00     1216.45  0
 1.53211E-02   0.00000E+00   0.00000E+00   0.00000E+00   0.00000E+00     1210.73  0
 1.53411E-02   0.00000E+00   0.00000E+00   0.00000E+00   0.00000E+00     1205.15  0
 1.53611E-02   0.00000E+00   0.00000E+00   0.00000E+00   0.00000E+00     1199.85  0
 1.53811E-02   0.00000E+00   0.00000E+00   0.00000E+00   0.00000E+00     1194.70  0
 1.54011E-02   0.00000E+00   0.00000E+00   0.00000E+00   0.00000E+00     1189.62  0
 1.54211E-02   0.00000E+00   0.00000E+00   0.00000E+00   0.00000E+00     1184.73  0
 1.54411E-02   0.00000E+00   0.00000E+00   0.00000E+00   0.00000E+00     1180.02  0
 1.54611E-02   0.00000E+00   0.00000E+00   0.00000E+00   0.00000E+00     1175.38  0
 1.54811E-02   0.00000E+00   0.00000E+00   0.00000E+00   0.00000E+00     1170.85  0
 1.55011E-02   0.00000E+00   0.00000E+00   0.00000E+00   0.00000E+00     1166.52  0
 1.55211E-02   0.00000E+00   0.00000E+00   0.00000E+00   0.00000E+00     1162.25  0
 1.55411E-02   0.00000E+00   0.00000E+00   0.00000E+00   0.00000E+00     1158.01  0
 1.55611E-02   0.00000E+00   0.00000E+00   0.00000E+00   0.00000E+00     1154.01  0
 1.55811E-02   0.00000E+00   0.00000E+00   0.00000E+00   0.00000E+00     1150.05  0
 1.56011E-02   0.00000E+00   0.00000E+00   0.00000E+00   0.00000E+00     1146.13  0
 1.56211E-02   0.00000E+00   0.00000E+00   0.00000E+00   0.00000E+00     1142.31  0
 1.56411E-02   0.00000E+00   0.00000E+00   0.00000E+00   0.00000E+00     1138.63  0
 1.56611E-02   0.00000E+00   0.00000E+00   0.00000E+00   0.00000E+00     1134.98  0
 1.56811E-02   0.00000E+00   0.00000E+00   0.00000E+00   0.00000E+00     1131.37  0
 1.57011E-02   0.00000E+00   0.00000E+00   0.00000E+00   0.00000E+00     1127.87  0
 1.57211E-02   0.00000E+00   0.00000E+00   0.00000E+00   0.00000E+00     1124.46  0
 1.57411E-02   0.00000E+00   0.00000E+00   0.00000E+00   0.00000E+00     1121.11  0
 1.57611E-02   0.00000E+00   0.00000E+00   0.00000E+00   0.00000E+00     1117.79  0
 1.57811E-02   0.00000E+00   0.00000E+00   0.00000E+00   0.00000E+00     1114.53  0
 1.58011E-02   0.00000E+00   0.00000E+00   0.00000E+00   0.00000E+00     1111.38  0
 1.58211E-02   0.00000E+00   0.00000E+00   0.00000E+00   0.00000E+00     1108.26  0
 1.58411E-02   0.00000E+00   0.00000E+00   0.00000E+00   0.00000E+00     1105.16  0
 1.58611E-02   0.00000E+00   0.00000E+00   0.00000E+00   0.00000E+00     1102.09  0
 1.58811E-02   0.00000E+00   0.00000E+00   0.00000E+00   0.00000E+00     1099.11  0
 1.59011E-02   0.00000E+00   0.00000E+00   0.00000E+00   0.00000E+00     1096.19  0
 1.59211E-02   0.00000E+00   0.00000E+00   0.00000E+00   0.00000E+00     1093.30  0
 1.59411E-02   0.00000E+00   0.00000E+00   0.00000E+00   0.00000E+00     1090.43  0
 1.59611E-02   0.00000E+00   0.00000E+00   0.00000E+00   0.00000E+00     1087.58  0
 1.59811E-02   0.00000E+00   0.00000E+00   0.00000E+00   0.00000E+00     1084.81  0
 1.60011E-02   0.00000E+00   0.00000E+00   0.00000E+00   0.00000E+00     1082.10  0
 1.60211E-02   0.00000E+00   0.00000E+00   0.00000E+00   0.00000E+00     1079.41  0
 1.60411E-02   0.00000E+00   0.00000E+00   0.00000E+00   0.00000E+00     1076.73  0
 1.60611E-02   0.00000E+00   0.00000E+00   0.00000E+00   0.00000E+00     1074.08  0
 1.60811E-02   0.00000E+00   0.00000E+00   0.00000E+00   0.00000E+00     1071.47  0
 1.61011E-02   0.00000E+00   0.00000E+00   0.00000E+00   0.00000E+00     1068.94  0
 1.61211E-02   0.00000E+00   0.00000E+00   0.00000E+00   0.00000E+00     1066.42  0
 1.61411E-02   0.00000E+00   0.00000E+00   0.00000E+00   0.00000E+00     1063.93  0
 1.61611E-02   0.00000E+00   0.00000E+00   0.00000E+00   0.00000E+00     1061.45  0
 1.61811E-02   0.00000E+00   0.00000E+00   0.00000E+00   0.00000E+00     1058.98  0
 1.62011E-02   0.00000E+00   0.00000E+00   0.00000E+00   0.00000E+00     1056.58  0
 1.62211E-02   0.00000E+00   0.00000E+00   0.00000E+00   0.00000E+00     1054.22  0
 1.62411E-02   0.00000E+00   0.00000E+00   0.00000E+00   0.00000E+00     1051.91  0
 1.62611E-02   0.00000E+00   0.00000E+00   0.00000E+00   0.00000E+00     1049.60  0
 1.62811E-02   0.00000E+00   0.00000E+00   0.00000E+00   0.00000E+00     1047.31  0
 1.63011E-02   0.00000E+00   0.00000E+00   0.00000E+00   0.00000E+00     1045.03  0
 1.63211E-02   0.00000E+00   0.00000E+00   0.00000E+00   0.00000E+00     1042.79  0
 1.63411E-02   0.00000E+00   0.00000E+00   0.00000E+00   0.00000E+00     1040.60  0
 1.63611E-02   0.00000E+00   0.00000E+00   0.00000E+00   0.00000E+00     1038.43  0
 1.63811E-02   0.00000E+00   0.00000E+00   0.00000E+00   0.00000E+00     1036.27  0
 1.64011E-02   0.00000E+00   0.00000E+00   0.00000E+00   0.00000E+00     1034.13  0
 1.64211E-02   0.00000E+00   0.00000E+00   0.00000E+00   0.00000E+00     1031.99  0
 1.64411E-02   0.00000E+00   0.00000E+00   0.00000E+00   0.00000E+00     1029.87  0
 1.64611E-02   0.00000E+00   0.00000E+00   0.00000E+00   0.00000E+00     1027.81  0
 1.64810E-02   0.00000E+00   0.00000E+00   0.00000E+00   0.00000E+00     1025.77  0
 1.65010E-02   0.00000E+00   0.00000E+00   0.00000E+00   0.00000E+00     1023.75  0
 1.65210E-02   0.00000E+00   0.00000E+00   0.00000E+00   0.00000E+00     1021.73  0
 1.65410E-02   0.00000E+00   0.00000E+00   0.00000E+00   0.00000E+00     1019.73  0
 1.65610E-02   0.00000E+00   0.00000E+00   0.00000E+00   0.00000E+00     1017.75  0
 1.65810E-02   0.00000E+00   0.00000E+00   0.00000E+00   0.00000E+00     1015.77  0
 1.66010E-02   0.00000E+00   0.00000E+00   0.00000E+00   0.00000E+00     1013.83  0
 1.66210E-02   0.00000E+00   0.00000E+00   0.00000E+00   0.00000E+00     1011.93  0
 1.66410E-02   0.00000E+00   0.00000E+00   0.00000E+00   0.00000E+00     1010.04  0
 1.66610E-02   0.00000E+00   0.00000E+00   0.00000E+00   0.00000E+00     1008.16  0
 1.66810E-02   0.00000E+00   0.00000E+00   0.00000E+00   0.00000E+00     1006.29  0
 1.67010E-02   0.00000E+00   0.00000E+00   0.00000E+00   0.00000E+00     1004.43  0
 1.67210E-02   0.00000E+00   0.00000E+00   0.00000E+00   0.00000E+00     1002.59  0
 1.67410E-02   0.00000E+00   0.00000E+00   0.00000E+00   0.00000E+00     1000.75  0
 1.67610E-02   0.00000E+00   0.00000E+00   0.00000E+00   0.00000E+00      998.96  0
 1.67810E-02   0.00000E+00   0.00000E+00   0.00000E+00   0.00000E+00      997.19  0
 1.68010E-02   0.00000E+00   0.00000E+00   0.00000E+00   0.00000E+00      995.43  0
 1.68210E-02   0.00000E+00   0.00000E+00   0.00000E+00   0.00000E+00      993.70  0
 1.68410E-02   0.00000E+00   0.00000E+00   0.00000E+00   0.00000E+00      991.97  0
 1.68610E-02   0.00000E+00   0.00000E+00   0.00000E+00   0.00000E+00      990.25  0
 1.68810E-02   0.00000E+00   0.00000E+00   0.00000E+00   0.00000E+00      988.54  0
 1.69010E-02   0.00000E+00   0.00000E+00   0.00000E+00   0.00000E+00      986.84  0
 1.69210E-02   0.00000E+00   0.00000E+00   0.00000E+00   0.00000E+00      985.15  0
 1.69410E-02   0.00000E+00   0.00000E+00   0.00000E+00   0.00000E+00      983.51  0
 1.69610E-02   0.00000E+00   0.00000E+00   0.00000E+00   0.00000E+00      981.88  0
 1.69810E-02   0.00000E+00   0.00000E+00   0.00000E+00   0.00000E+00      980.25  0
 1.70010E-02   0.00000E+00   0.00000E+00   0.00000E+00   0.00000E+00      978.64  0
 1.70210E-02   0.00000E+00   0.00000E+00   0.00000E+00   0.00000E+00      977.03  0
 1.70410E-02   0.00000E+00   0.00000E+00   0.00000E+00   0.00000E+00      975.43  0
 1.70610E-02   0.00000E+00   0.00000E+00   0.00000E+00   0.00000E+00      973.83  0
 1.70810E-02   0.00000E+00   0.00000E+00   0.00000E+00   0.00000E+00      972.25  0
 1.71010E-02   0.00000E+00   0.00000E+00   0.00000E+00   0.00000E+00      970.67  0
 1.71210E-02   0.00000E+00   0.00000E+00   0.00000E+00   0.00000E+00      969.13  0
 1.71410E-02   0.00000E+00   0.00000E+00   0.00000E+00   0.00000E+00      967.61  0
 1.71610E-02   0.00000E+00   0.00000E+00   0.00000E+00   0.00000E+00      966.09  0
 1.71810E-02   0.00000E+00   0.00000E+00   0.00000E+00   0.00000E+00      964.59  0
 1.72010E-02   0.00000E+00   0.00000E+00   0.00000E+00   0.00000E+00      963.09  0
 1.72210E-02   0.00000E+00   0.00000E+00   0.00000E+00   0.00000E+00      961.59  0
 1.72410E-02   0.00000E+00   0.00000E+00   0.00000E+00   0.00000E+00      960.11  0
 1.72610E-02   0.00000E+00   0.00000E+00   0.00000E+00   0.00000E+00      958.63  0
 1.72810E-02   0.00000E+00   0.00000E+00   0.00000E+00   0.00000E+00      957.15  0
 1.73010E-02   0.00000E+00   0.00000E+00   0.00000E+00   0.00000E+00      955.69  0
 1.73210E-02   0.00000E+00   0.00000E+00   0.00000E+00   0.00000E+00      954.25  0
 1.73410E-02   0.00000E+00   0.00000E+00   0.00000E+00   0.00000E+00      952.83  0
 1.73610E-02   0.00000E+00   0.00000E+00   0.00000E+00   0.00000E+00      951.42  0
 1.73810E-02   0.00000E+00   0.00000E+00   0.00000E+00   0.00000E+00      950.02  0
 1.74010E-02   0.00000E+00   0.00000E+00   0.00000E+00   0.00000E+00      948.63  0
 1.74210E-02   0.00000E+00   0.00000E+00   0.00000E+00   0.00000E+00      947.24  0
 1.74410E-02   0.00000E+00   0.00000E+00   0.00000E+00   0.00000E+00      945.85  0
 1.74610E-02   0.00000E+00   0.00000E+00   0.00000E+00   0.00000E+00      944.48  0
 1.74810E-02   0.00000E+00   0.00000E+00   0.00000E+00   0.00000E+00      943.10  0
 1.75010E-02   0.00000E+00   0.00000E+00   0.00000E+00   0.00000E+00      941.74  0
 1.75210E-02   0.00000E+00   0.00000E+00   0.00000E+00   0.00000E+00      940.38  0
 1.75410E-02   0.00000E+00   0.00000E+00   0.00000E+00   0.00000E+00      939.04  0
 1.75610E-02   0.00000E+00   0.00000E+00   0.00000E+00   0.00000E+00      937.74  0
 1.75810E-02   0.00000E+00   0.00000E+00   0.00000E+00   0.00000E+00      936.44  0
 1.76010E-02   0.00000E+00   0.00000E+00   0.00000E+00   0.00000E+00      935.15  0
 1.76210E-02   0.00000E+00   0.00000E+00   0.00000E+00   0.00000E+00      933.87  0
 1.76410E-02   0.00000E+00   0.00000E+00   0.00000E+00   0.00000E+00      932.58  0
 1.76610E-02   0.00000E+00   0.00000E+00   0.00000E+00   0.00000E+00      931.31  0
 1.76810E-02   0.00000E+00   0.00000E+00   0.00000E+00   0.00000E+00      930.03  0
 1.77010E-02   0.00000E+00   0.00000E+00   0.00000E+00   0.00000E+00      928.77  0
 1.77210E-02   0.00000E+00   0.00000E+00   0.00000E+00   0.00000E+00      927.51  0
 1.77410E-02   0.00000E+00   0.00000E+00   0.00000E+00   0.00000E+00      926.25  0
 1.77610E-02   0.00000E+00   0.00000E+00   0.00000E+00   0.00000E+00      925.00  0
 1.77810E-02   0.00000E+00   0.00000E+00   0.00000E+00   0.00000E+00      923.75  0
 1.78010E-02   0.00000E+00   0.00000E+00   0.00000E+00   0.00000E+00      922.52  0
 1.78210E-02   0.00000E+00   0.00000E+00   0.00000E+00   0.00000E+00      921.31  0
 1.78410E-02   0.00000E+00   0.00000E+00   0.00000E+00   0.00000E+00      920.11  0
 1.78610E-02   0.00000E+00   0.00000E+00   0.00000E+00   0.00000E+00      918.92  0
 1.78810E-02   0.00000E+00   0.00000E+00   0.00000E+00   0.00000E+00      917.72  0
 1.79010E-02   0.00000E+00   0.00000E+00   0.00000E+00   0.00000E+00      916.54  0
 1.79210E-02   0.00000E+00   0.00000E+00   0.00000E+00   0.00000E+00      915.36  0
 1.79410E-02   0.00000E+00   0.00000E+00   0.00000E+00   0.00000E+00      914.18  0
 1.79610E-02   0.00000E+00   0.00000E+00   0.00000E+00   0.00000E+00      913.01  0
 1.79810E-02   0.00000E+00   0.00000E+00   0.00000E+00   0.00000E+00      911.84  0
 1.80010E-02   0.00000E+00   0.00000E+00   0.00000E+00   0.00000E+00      910.67  0
 1.80210E-02   0.00000E+00   0.00000E+00   0.00000E+00   0.00000E+00      909.51  0
 1.80410E-02   0.00000E+00   0.00000E+00   0.00000E+00   0.00000E+00      908.36  0
 1.80610E-02   0.00000E+00   0.00000E+00   0.00000E+00   0.00000E+00      907.21  0
 1.80810E-02   0.00000E+00   0.00000E+00   0.00000E+00   0.00000E+00      906.06  0
 1.81010E-02   0.00000E+00   0.00000E+00   0.00000E+00   0.00000E+00      904.95  0
 1.81210E-02   0.00000E+00   0.00000E+00   0.00000E+00   0.00000E+00      903.84  0
 1.81410E-02   0.00000E+00   0.00000E+00   0.00000E+00   0.00000E+00      902.74  0
 1.81610E-02   0.00000E+00   0.00000E+00   0.00000E+00   0.00000E+00      901.64  0
 1.81810E-02   0.00000E+00   0.00000E+00   0.00000E+00   0.00000E+00      900.54  0
 1.82010E-02   0.00000E+00   0.00000E+00   0.00000E+00   0.00000E+00      899.45  0
 1.82210E-02   0.00000E+00   0.00000E+00   0.00000E+00   0.00000E+00      898.36  0
 1.82410E-02   0.00000E+00   0.00000E+00   0.00000E+00   0.00000E+00      897.27  0
 1.82610E-02   0.00000E+00   0.00000E+00   0.00000E+00   0.00000E+00      896.19  0
 1.82810E-02   0.00000E+00   0.00000E+00   0.00000E+00   0.00000E+00      895.11  0
 1.83010E-02   0.00000E+00   0.00000E+00   0.00000E+00   0.00000E+00      894.04  0
 1.83210E-02   0.00000E+00   0.00000E+00   0.00000E+00   0.00000E+00      892.97  0
 1.83410E-02   0.00000E+00   0.00000E+00   0.00000E+00   0.00000E+00      891.91  0
 1.83610E-02   0.00000E+00   0.00000E+00   0.00000E+00   0.00000E+00      890.85  0
 1.83810E-02   0.00000E+00   0.00000E+00   0.00000E+00   0.00000E+00      889.80  0
 1.84010E-02   0.00000E+00   0.00000E+00   0.00000E+00   0.00000E+00      888.76  0
 1.84210E-02   0.00000E+00   0.00000E+00   0.00000E+00   0.00000E+00      887.75  0
 1.84410E-02   0.00000E+00   0.00000E+00   0.00000E+00   0.00000E+00      886.73  0
 1.84610E-02   0.00000E+00   0.00000E+00   0.00000E+00   0.00000E+00      885.73  0
 1.84810E-02   0.00000E+00   0.00000E+00   0.00000E+00   0.00000E+00      884.72  0
 1.85010E-02   0.00000E+00   0.00000E+00   0.00000E+00   0.00000E+00      883.72  0
 1.85210E-02   0.00000E+00   0.00000E+00   0.00000E+00   0.00000E+00      882.72  0
 1.85410E-02   0.00000E+00   0.00000E+00   0.00000E+00   0.00000E+00      881.72  0
 1.85610E-02   0.00000E+00   0.00000E+00   0.00000E+00   0.00000E+00      880.73  0
 1.85810E-02   0.00000E+00   0.00000E+00   0.00000E+00   0.00000E+00      879.74  0
 1.86010E-02   0.00000E+00   0.00000E+00   0.00000E+00   0.00000E+00      878.75  0
 1.86210E-02   0.00000E+00   0.00000E+00   0.00000E+00   0.00000E+00      877.77  0
 1.86410E-02   0.00000E+00   0.00000E+00   0.00000E+00   0.00000E+00      876.79  0
 1.86610E-02   0.00000E+00   0.00000E+00   0.00000E+00   0.00000E+00      875.81  0
 1.86810E-02   0.00000E+00   0.00000E+00   0.00000E+00   0.00000E+00      874.84  0
 1.87010E-02   0.00000E+00   0.00000E+00   0.00000E+00   0.00000E+00      873.87  0
 1.87210E-02   0.00000E+00   0.00000E+00   0.00000E+00   0.00000E+00      872.90  0
 1.87410E-02   0.00000E+00   0.00000E+00   0.00000E+00   0.00000E+00      871.93  0
 1.87610E-02   0.00000E+00   0.00000E+00   0.00000E+00   0.00000E+00      870.98  0
 1.87810E-02   0.00000E+00   0.00000E+00   0.00000E+00   0.00000E+00      870.05  0
 1.88010E-02   0.00000E+00   0.00000E+00   0.00000E+00   0.00000E+00      869.11  0
 1.88210E-02   0.00000E+00   0.00000E+00   0.00000E+00   0.00000E+00      868.19  0
 1.88410E-02   0.00000E+00   0.00000E+00   0.00000E+00   0.00000E+00      867.26  0
 1.88610E-02   0.00000E+00   0.00000E+00   0.00000E+00   0.00000E+00      866.34  0
 1.88810E-02   0.00000E+00   0.00000E+00   0.00000E+00   0.00000E+00      865.42  0
 1.89010E-02   0.00000E+00   0.00000E+00   0.00000E+00   0.00000E+00      864.50  0
 1.89210E-02   0.00000E+00   0.00000E+00   0.00000E+00   0.00000E+00      863.59  0
 1.89410E-02   0.00000E+00   0.00000E+00   0.00000E+00   0.00000E+00      862.67  0
 1.89610E-02   0.00000E+00   0.00000E+00   0.00000E+00   0.00000E+00      861.77  0
 1.89810E-02   0.00000E+00   0.00000E+00   0.00000E+00   0.00000E+00      860.86  0
 1.90010E-02   0.00000E+00   0.00000E+00   0.00000E+00   0.00000E+00      859.96  0
 1.90210E-02   0.00000E+00   0.00000E+00   0.00000E+00   0.00000E+00      859.06  0
 1.90409E-02   0.00000E+00   0.00000E+00   0.00000E+00   0.00000E+00      858.16  0
 1.90609E-02   0.00000E+00   0.00000E+00   0.00000E+00   0.00000E+00      857.27  0
 1.90809E-02   0.00000E+00   0.00000E+00   0.00000E+00   0.00000E+00      856.38  0
 1.91009E-02   0.00000E+00   0.00000E+00   0.00000E+00   0.00000E+00      855.49  0
 1.91209E-02   0.00000E+00   0.00000E+00   0.00000E+00   0.00000E+00      854.60  0
 1.91409E-02   0.00000E+00   0.00000E+00   0.00000E+00   0.00000E+00      853.72  0
 1.91609E-02   0.00000E+00   0.00000E+00   0.00000E+00   0.00000E+00      852.84  0
 1.91809E-02   0.00000E+00   0.00000E+00   0.00000E+00   0.00000E+00      851.98  0
 1.92009E-02   0.00000E+00   0.00000E+00   0.00000E+00   0.00000E+00      851.13  0
 1.92209E-02   0.00000E+00   0.00000E+00   0.00000E+00   0.00000E+00      850.28  0
 1.92409E-02   0.00000E+00   0.00000E+00   0.00000E+00   0.00000E+00      849.43  0
 1.92609E-02   0.00000E+00   0.00000E+00   0.00000E+00   0.00000E+00      848.58  0
 1.92809E-02   0.00000E+00   0.00000E+00   0.00000E+00   0.00000E+00      847.74  0
 1.93009E-02   0.00000E+00   0.00000E+00   0.00000E+00   0.00000E+00      846.90  0
 1.93209E-02   0.00000E+00   0.00000E+00   0.00000E+00   0.00000E+00      846.06  0
 1.93409E-02   0.00000E+00   0.00000E+00   0.00000E+00   0.00000E+00      845.22  0
 1.93609E-02   0.00000E+00   0.00000E+00   0.00000E+00   0.00000E+00      844.39  0
 1.93809E-02   0.00000E+00   0.00000E+00   0.00000E+00   0.00000E+00      843.56  0
 1.94009E-02   0.00000E+00   0.00000E+00   0.00000E+00   0.00000E+00      842.74  0
 1.94209E-02   0.00000E+00   0.00000E+00   0.00000E+00   0.00000E+00      841.92  0
 1.94409E-02   0.00000E+00   0.00000E+00   0.00000E+00   0.00000E+00      841.10  0
