# Thermal History - 10 Monitoring Points
# Columns: time(s)  T1..T10 (K)
# Point coordinates (nearest cell centres):
#  P 1:  x= 9.950E-04m  y= 4.950E-04m  z= 6.925E-04m   => i= 101  j=  51  k=  50
#  P 2:  x= 1.995E-03m  y= 4.950E-04m  z= 6.925E-04m   => i= 201  j=  51  k=  50
#  P 3:  x= 2.995E-03m  y= 4.950E-04m  z= 6.925E-04m   => i= 301  j=  51  k=  50
#  P 4:  x= 1.995E-03m  y= 4.950E-04m  z= 6.575E-04m   => i= 201  j=  51  k=  43
#  P 5:  x= 1.995E-03m  y= 4.950E-04m  z= 5.975E-04m   => i= 201  j=  51  k=  31
#  P 6:  x= 1.995E-03m  y= 5.950E-04m  z= 6.925E-04m   => i= 201  j=  61  k=  50
#  P 7:  x= 1.995E-03m  y= 6.450E-04m  z= 6.925E-04m   => i= 201  j=  66  k=  50
#  P 8:  x= 1.995E-03m  y= 7.950E-04m  z= 6.925E-04m   => i= 201  j=  81  k=  50
#  P 9:  x= 1.995E-03m  y= 1.495E-03m  z= 6.925E-04m   => i= 201  j= 151  k=  50
#  P10:  x= 1.995E-03m  y= 4.950E-04m  z= 1.747E-04m   => i= 201  j=  51  k=   4
#  time(s)    T 1(K)       T 2(K)       T 3(K)       T 4(K)       T 5(K)       T 6(K)       T 7(K)       T 8(K)       T 9(K)       T10(K)       
 2.10000E-05     293.000     293.000     293.000     293.000     293.000     293.000     293.000     293.000     293.000     293.000
 4.10000E-05     293.000     293.000     293.000     293.000     293.000     293.000     293.000     293.000     293.000     293.000
 6.10000E-05     293.000     293.000     293.000     293.000     293.000     293.000     293.000     293.000     293.000     293.000
 8.10000E-05     293.000     293.000     293.000     293.000     293.000     293.000     293.000     293.000     293.000     293.000
 1.01000E-04     293.000     293.000     293.000     293.000     293.000     293.000     293.000     293.000     293.000     293.000
 1.21000E-04     293.000     293.000     293.000     293.000     293.000     293.000     293.000     293.000     293.000     293.000
 1.41000E-04     293.000     293.000     293.000     293.000     293.000     293.000     293.000     293.000     293.000     293.000
 1.61000E-04     293.000     293.000     293.000     293.000     293.000     293.000     293.000     293.000     293.000     293.000
 1.81000E-04     293.000     293.000     293.000     293.000     293.000     293.000     293.000     293.000     293.000     293.000
 2.01000E-04     293.000     293.000     293.000     293.000     293.000     293.000     293.000     293.000     293.000     293.000
 2.21000E-04     293.000     293.000     293.000     293.000     293.000     293.000     293.000     293.000     293.000     293.000
 2.41000E-04     293.000     293.000     293.000     293.000     293.000     293.000     293.000     293.000     293.000     293.000
 2.61000E-04     293.000     293.000     293.000     293.000     293.000     293.000     293.000     293.000     293.000     293.000
 2.81000E-04     293.000     293.000     293.000     293.000     293.000     293.000     293.000     293.000     293.000     293.000
 3.01000E-04     293.000     293.000     293.000     293.000     293.000     293.000     293.000     293.000     293.000     293.000
 3.21000E-04     293.001     293.000     293.000     293.000     293.000     293.000     293.000     293.000     293.000     293.000
 3.41000E-04     293.239     293.000     293.000     293.000     293.000     293.000     293.000     293.000     293.000     293.000
 3.61000E-04     334.532     293.000     293.000     293.000     293.000     293.000     293.000     293.000     293.000     293.000
 3.81000E-04    1401.226     293.000     293.000     293.000     293.000     293.000     293.000     293.000     293.000     293.000
 4.01000E-04    2432.705     293.000     293.000     293.000     293.000     293.000     293.000     293.000     293.000     293.000
 4.21000E-04    2854.490     293.000     293.000     293.000     293.000     293.000     293.000     293.000     293.000     293.000
 4.41000E-04    2670.752     293.000     293.000     293.000     293.000     293.000     293.000     293.000     293.000     293.000
 4.61000E-04    2523.511     293.000     293.000     293.000     293.000     293.000     293.000     293.000     293.000     293.000
 4.81000E-04    2414.306     293.000     293.000     293.000     293.000     293.000     293.000     293.000     293.000     293.000
 5.01000E-04    2310.706     293.000     293.000     293.000     293.000     293.000     293.000     293.000     293.000     293.000
 5.21000E-04    2206.597     293.000     293.000     293.000     293.000     293.000     293.000     293.000     293.000     293.000
 5.41000E-04    2131.644     293.000     293.000     293.000     293.000     293.000     293.000     293.000     293.000     293.000
 5.61000E-04    2052.381     293.000     293.000     293.000     293.000     293.000     293.000     293.000     293.000     293.000
 5.81000E-04    1987.280     293.000     293.000     293.000     293.000     293.000     293.000     293.000     293.000     293.000
 6.01000E-04    1932.544     293.000     293.000     293.000     293.000     293.000     293.000     293.000     293.000     293.000
 6.21000E-04    1887.707     293.000     293.000     293.000     293.000     293.000     293.000     293.000     293.000     293.000
 6.41000E-04    1850.152     293.000     293.000     293.000     293.000     293.000     293.000     293.000     293.000     293.000
 6.61000E-04    1818.619     293.000     293.000     293.000     293.000     293.000     293.000     293.000     293.000     293.000
 6.81000E-04    1791.207     293.000     293.000     293.000     293.000     293.000     293.000     293.000     293.000     293.000
 7.01000E-04    1766.954     293.000     293.000     293.000     293.000     293.000     293.000     293.000     293.000     293.000
 7.21000E-04    1749.485     293.000     293.000     293.000     293.000     293.000     293.000     293.000     293.000     293.000
 7.41000E-04    1728.961     293.000     293.000     293.000     293.000     293.000     293.000     293.000     293.000     293.000
 7.61000E-04    1710.403     293.000     293.000     293.000     293.000     293.000     293.000     293.000     293.000     293.000
 7.81000E-04    1693.554     293.000     293.000     293.000     293.000     293.000     293.000     293.000     293.000     293.000
 8.01000E-04    1678.128     293.000     293.000     293.000     293.000     293.000     293.000     293.000     293.000     293.000
 8.21000E-04    1664.484     293.000     293.000     293.000     293.000     293.000     293.000     293.000     293.000     293.000
 8.41000E-04    1652.471     293.000     293.000     293.000     293.000     293.000     293.000     293.000     293.000     293.000
 8.61000E-04    1642.219     293.000     293.000     293.000     293.000     293.000     293.000     293.000     293.000     293.000
 8.81000E-04    1634.207     293.000     293.000     293.000     293.000     293.000     293.000     293.000     293.000     293.000
 9.01000E-04    1629.024     293.000     293.000     293.000     293.000     293.000     293.000     293.000     293.000     293.000
 9.21000E-04    1624.765     293.000     293.000     293.000     293.000     293.000     293.000     293.000     293.000     293.000
 9.41000E-04    1622.729     293.000     293.000     293.000     293.000     293.000     293.000     293.000     293.000     293.000
 9.61000E-04    1621.815     293.000     293.000     293.000     293.000     293.000     293.000     293.000     293.000     293.000
 9.81000E-04    1620.639     293.000     293.000     293.000     293.000     293.000     293.000     293.000     293.000     293.000
 1.00100E-03    1619.174     293.000     293.000     293.000     293.000     293.000     293.000     293.000     293.000     293.000
 1.02100E-03    1617.395     293.000     293.000     293.000     293.000     293.000     293.000     293.000     293.000     293.000
 1.04100E-03    1615.285     293.000     293.000     293.000     293.000     293.000     293.000     293.000     293.000     293.000
 1.06100E-03    1612.865     293.000     293.000     293.000     293.000     293.000     293.000     293.000     293.000     293.000
 1.08100E-03    1610.156     293.000     293.000     293.000     293.000     293.000     293.000     293.000     293.000     293.000
 1.10100E-03    1607.061     293.000     293.000     293.000     293.000     293.000     293.000     293.000     293.000     293.000
 1.12100E-03    1603.605     293.000     293.000     293.016     293.012     293.000     293.000     293.000     293.000     293.000
 1.14100E-03    1599.860     293.005     293.000     293.389     293.295     293.000     293.000     293.000     293.000     293.000
 1.16100E-03    1595.617     294.671     293.000     303.193     300.442     293.000     293.000     293.000     293.000     293.000
 1.18100E-03    1590.769     465.948     293.000     503.365     446.599     292.999     292.999     293.000     293.000     293.000
 1.20100E-03    1585.586    1792.316     293.000    1545.419    1281.727     292.970     292.960     293.000     293.000     293.000
 1.22100E-03    1579.556    2810.157     293.000    2526.211    1983.288     292.983     292.966     293.000     293.000     293.000
 1.24100E-03    1571.934    2802.153     293.000    2539.579    1877.780     293.010     292.970     293.000     293.000     293.000
 1.26100E-03    1563.883    2618.684     293.000    2335.850    1700.512     293.058     292.972     293.004     293.004     293.000
 1.28100E-03    1547.138    2487.622     293.000    2188.428    1601.034     293.142     292.973     293.004     293.004     293.000
 1.30100E-03    1531.474    2386.761     293.000    2080.518    1544.384     293.273     292.968     293.004     293.004     293.000
 1.32100E-03    1531.474    2281.365     293.000    1992.288    1468.147     293.479     292.967     293.004     293.004     293.000
 1.34100E-03    1531.474    2182.607     293.000    1918.650    1409.103     293.782     292.967     293.004     293.004     293.000
 1.36100E-03    1531.474    2096.629     293.000    1856.217    1359.701     294.210     292.968     293.004     293.004     293.000
 1.38100E-03    1531.474    2023.220     293.000    1803.510    1317.267     294.793     292.972     293.004     293.004     293.000
 1.40100E-03    1531.474    1963.009     293.000    1760.640    1280.740     295.560     292.980     293.004     293.004     293.000
 1.42100E-03    1531.474    1912.892     293.000    1727.362    1248.900     296.539     292.992     293.004     293.004     293.000
 1.44100E-03    1428.987    1871.367     293.000    1701.889    1220.948     297.757     293.012     293.009     293.010     293.002
 1.46100E-03    1428.987    1836.666     293.000    1682.146    1196.132     299.235     293.041     293.009     293.010     293.002
 1.48100E-03    1428.987    1807.087     293.000    1665.955    1173.894     300.990     293.082     293.009     293.010     293.002
 1.50100E-03    1428.987    1781.311     293.000    1652.468    1153.823     303.036     293.137     293.009     293.010     293.002
 1.52100E-03    1428.987    1758.326     293.000    1640.239    1135.596     305.380     293.212     293.009     293.010     293.002
 1.54100E-03    1428.987    1737.520     293.000    1630.599    1118.947     308.025     293.309     293.009     293.010     293.002
 1.56100E-03    1428.987    1718.846     293.000    1621.144    1103.684     310.968     293.432     293.009     293.010     293.002
 1.58100E-03    1428.987    1701.584     293.000    1614.339    1089.606     314.205     293.585     293.009     293.010     293.002
 1.60100E-03    1428.987    1685.871     293.000    1604.940    1076.569     317.726     293.774     293.009     293.010     293.002
 1.62100E-03    1339.983    1671.676     293.000    1594.390    1064.449     321.519     294.001     293.017     293.017     293.005
 1.64100E-03    1339.983    1659.142     293.000    1579.516    1053.152     325.570     294.271     293.017     293.017     293.005
 1.66100E-03    1339.983    1648.391     293.000    1564.968    1042.595     329.863     294.588     293.017     293.017     293.005
 1.68100E-03    1339.983    1639.176     293.000    1540.857    1032.688     334.381     294.954     293.017     293.017     293.005
 1.70100E-03    1339.983    1631.901     293.000    1522.911    1023.375     339.104     295.374     293.017     293.017     293.005
 1.72100E-03    1339.983    1626.720     293.000    1506.377    1014.600     344.016     295.849     293.017     293.017     293.005
 1.74100E-03    1339.983    1623.588     293.000    1489.586    1006.316     349.096     296.382     293.017     293.017     293.005
 1.76100E-03    1339.983    1622.351     293.000    1475.716     998.480     354.327     296.976     293.017     293.017     293.005
 1.78100E-03    1339.983    1621.329     293.000    1461.838     991.063     359.690     297.631     293.017     293.017     293.005
 1.80100E-03    1265.093    1620.020     293.000    1449.076     984.018     365.169     298.349     293.028     293.025     293.009
 1.82100E-03    1265.093    1618.421     293.000    1437.779     977.333     370.745     299.130     293.028     293.025     293.009
 1.84100E-03    1265.093    1616.516     293.000    1426.578     970.965     376.405     299.975     293.028     293.025     293.009
 1.86100E-03    1265.093    1614.308     293.000    1415.825     964.894     382.131     300.884     293.028     293.025     293.009
 1.88100E-03    1265.093    1611.816     293.000    1405.986     959.110     387.910     301.857     293.028     293.025     293.009
 1.90100E-03    1265.093    1609.002     293.000    1396.549     953.576     393.729     302.892     293.028     293.025     293.009
 1.92100E-03    1265.093    1605.796     293.000    1387.162     948.281     399.576     303.990     293.028     293.025     293.009
 1.94100E-03    1265.093    1602.246     293.000    1378.177     943.206     405.438     305.148     293.028     293.025     293.009
 1.96100E-03    1265.093    1598.393     293.042    1369.635     938.336     411.306     306.365     293.028     293.025     293.009
 1.98100E-03    1199.990    1593.875     303.165    1361.205     933.653     417.170     307.640     293.054     293.034     293.014
 2.00100E-03    1199.990    1588.874     839.501    1352.904     929.144     423.021     308.970     293.054     293.034     293.014
 2.02100E-03    1199.990    1583.577    2044.849    1344.829     924.796     428.851     310.354     293.054     293.034     293.014
 2.04100E-03    1199.990    1576.756    2858.429    1336.874     920.604     434.652     311.790     293.054     293.034     293.014
 2.06100E-03    1199.990    1569.076    2716.363    1328.921     916.546     440.418     313.275     293.054     293.034     293.014
 2.08100E-03    1199.990    1558.635    2558.630    1320.984     912.641     446.143     314.808     293.054     293.034     293.014
 2.10100E-03    1199.990    1541.493    2448.245    1313.946     909.284     451.783     316.372     293.054     293.034     293.014
 2.12100E-03    1199.990    1541.493    2347.344    1313.946     909.284     451.783     316.372     293.054     293.034     293.014
 2.14100E-03    1199.990    1541.493    2243.313    1313.946     909.284     451.783     316.372     293.054     293.034     293.014
 2.16100E-03    1142.570    1474.942    2147.408    1287.347     899.205     468.231     321.400     293.109     293.040     293.020
 2.18100E-03    1142.570    1474.942    2065.123    1287.347     899.205     468.231     321.400     293.109     293.040     293.020
 2.20100E-03    1142.570    1474.942    1996.365    1287.347     899.205     468.231     321.400     293.109     293.040     293.020
 2.22100E-03    1142.570    1474.942    1939.683    1287.347     899.205     468.231     321.400     293.109     293.040     293.020
 2.24100E-03    1142.570    1474.942    1893.041    1287.347     899.205     468.231     321.400     293.109     293.040     293.020
 2.26100E-03    1142.570    1474.942    1854.590    1287.347     899.205     468.231     321.400     293.109     293.040     293.020
 2.28100E-03    1142.570    1474.942    1822.362    1287.347     899.205     468.231     321.400     293.109     293.040     293.020
 2.30100E-03    1142.570    1474.942    1795.302    1287.347     899.205     468.231     321.400     293.109     293.040     293.020
 2.32100E-03    1142.570    1474.942    1771.112    1287.347     899.205     468.231     321.400     293.109     293.040     293.020
 2.34100E-03    1091.469    1379.639    1749.520    1225.545     877.531     511.818     338.184     293.213     293.037     293.024
 2.36100E-03    1091.469    1379.639    1730.200    1225.545     877.531     511.818     338.184     293.213     293.037     293.024
 2.38100E-03    1091.469    1379.639    1711.989    1225.545     877.531     511.818     338.184     293.213     293.037     293.024
 2.40100E-03    1091.469    1379.639    1695.362    1225.545     877.531     511.818     338.184     293.213     293.037     293.024
 2.42100E-03    1091.469    1379.639    1680.162    1225.545     877.531     511.818     338.184     293.213     293.037     293.024
 2.44100E-03    1091.469    1379.639    1666.559    1225.545     877.531     511.818     338.184     293.213     293.037     293.024
 2.46100E-03    1091.469    1379.639    1654.534    1225.545     877.531     511.818     338.184     293.213     293.037     293.024
 2.48100E-03    1091.469    1379.639    1644.061    1225.545     877.531     511.818     338.184     293.213     293.037     293.024
 2.50100E-03    1091.469    1379.639    1635.219    1225.545     877.531     511.818     338.184     293.213     293.037     293.024
 2.52100E-03    1045.690    1300.309    1628.291    1167.103     856.382     548.790     355.533     293.406     293.031     293.036
 2.54100E-03    1045.690    1300.309    1623.852    1167.103     856.382     548.790     355.533     293.406     293.031     293.036
 2.56100E-03    1045.690    1300.309    1622.309    1167.103     856.382     548.790     355.533     293.406     293.031     293.036
 2.58100E-03    1045.690    1300.309    1621.234    1167.103     856.382     548.790     355.533     293.406     293.031     293.036
 2.60100E-03    1045.690    1300.309    1619.881    1167.103     856.382     548.790     355.533     293.406     293.031     293.036
 2.62100E-03    1045.690    1300.309    1618.250    1167.103     856.382     548.790     355.533     293.406     293.031     293.036
 2.64100E-03    1045.690    1300.309    1616.332    1167.103     856.382     548.790     355.533     293.406     293.031     293.036
 2.66100E-03    1045.690    1300.309    1614.101    1167.103     856.382     548.790     355.533     293.406     293.031     293.036
 2.68100E-03    1045.690    1300.309    1611.564    1167.103     856.382     548.790     355.533     293.406     293.031     293.036
 2.70100E-03    1004.457    1231.477    1608.733    1113.964     835.757     579.412     372.701     293.722     293.024     293.059
 2.72100E-03    1004.457    1231.477    1605.508    1113.964     835.757     579.412     372.701     293.722     293.024     293.059
 2.74100E-03    1004.457    1231.477    1601.915    1113.964     835.757     579.412     372.701     293.722     293.024     293.059
 2.76100E-03    1004.457    1231.477    1598.024    1113.964     835.757     579.412     372.701     293.722     293.024     293.059
 2.78100E-03    1004.457    1231.477    1593.577    1113.964     835.757     579.412     372.701     293.722     293.024     293.059
 2.80100E-03    1004.457    1231.477    1588.568    1113.964     835.757     579.412     372.701     293.722     293.024     293.059
 2.82100E-03    1004.457    1231.477    1583.260    1113.964     835.757     579.412     372.701     293.722     293.024     293.059
 2.84100E-03    1004.457    1231.477    1576.785    1113.964     835.757     579.412     372.701     293.722     293.024     293.059
 2.86100E-03    1004.457    1231.477    1569.301    1113.964     835.757     579.412     372.701     293.722     293.024     293.059
 2.88100E-03     967.148    1170.832    1560.250    1066.011     815.842     604.216     389.206     294.190     293.014     293.095
 2.90100E-03     967.148    1170.832    1542.861    1066.011     815.842     604.216     389.206     294.190     293.014     293.095
 2.92100E-03     967.148    1170.832    1517.182    1066.011     815.842     604.216     389.206     294.190     293.014     293.095
 2.94100E-03     967.148    1170.832    1492.804    1066.011     815.842     604.216     389.206     294.190     293.014     293.095
 2.96100E-03     967.148    1170.832    1470.772    1066.011     815.842     604.216     389.206     294.190     293.014     293.095
 2.98100E-03     967.148    1170.832    1451.081    1066.011     815.842     604.216     389.206     294.190     293.014     293.095
 3.00100E-03     967.148    1170.832    1432.295    1066.011     815.842     604.216     389.206     294.190     293.014     293.095
 3.02100E-03     967.148    1170.832    1414.999    1066.011     815.842     604.216     389.206     294.190     293.014     293.095
 3.04100E-03     967.148    1170.832    1398.294    1066.011     815.842     604.216     389.206     294.190     293.014     293.095
 3.06100E-03     933.254    1116.930    1382.062    1022.737     796.783     623.838     404.743     294.832     293.003     293.148
 3.08100E-03     933.254    1116.930    1366.500    1022.737     796.783     623.838     404.743     294.832     293.003     293.148
 3.10100E-03     933.254    1116.930    1351.532    1022.737     796.783     623.838     404.743     294.832     293.003     293.148
 3.12100E-03     933.254    1116.930    1337.095    1022.737     796.783     623.838     404.743     294.832     293.003     293.148
 3.14100E-03     933.254    1116.930    1323.137    1022.737     796.783     623.838     404.743     294.832     293.003     293.148
 3.16100E-03     933.254    1116.930    1309.618    1022.737     796.783     623.838     404.743     294.832     293.003     293.148
 3.18100E-03     933.254    1116.930    1296.508    1022.737     796.783     623.838     404.743     294.832     293.003     293.148
 3.20100E-03     933.254    1116.930    1283.985    1022.737     796.783     623.838     404.743     294.832     293.003     293.148
 3.22100E-03     933.254    1116.930    1271.587    1022.737     796.783     623.838     404.743     294.832     293.003     293.148
 3.24100E-03     902.350    1068.702    1259.529     983.583     778.649     638.925     419.128     295.662     292.990     293.221
 3.26100E-03     902.350    1068.702    1247.924     983.583     778.649     638.925     419.128     295.662     292.990     293.221
 3.28100E-03     902.350    1068.702    1236.968     983.583     778.649     638.925     419.128     295.662     292.990     293.221
 3.30100E-03     902.350    1068.702    1226.240     983.583     778.649     638.925     419.128     295.662     292.990     293.221
 3.32100E-03     902.350    1051.010    1216.359     970.083     772.291     644.525     424.918     295.969     292.990     293.221
 3.34100E-03     902.350    1043.892    1206.214     964.948     769.964     645.893     426.375     296.047     292.990     293.221
 3.36100E-03     902.350    1036.635    1196.572     959.526     767.492     647.224     427.832     296.124     292.990     293.221
 3.38100E-03     902.350    1029.356    1187.438     954.025     764.976     648.516     429.287     296.200     292.990     293.221
 3.40100E-03     902.350    1022.278    1179.073     948.547     762.453     649.766     430.735     296.275     292.990     293.221
 3.42100E-03     874.078    1015.338    1171.516     943.111     759.933     650.975     432.175     296.412     292.984     293.322
 3.44100E-03     874.078    1008.575    1164.788     937.738     757.421     652.140     433.603     296.538     292.984     293.322
 3.46100E-03     874.078    1002.045    1158.924     932.457     754.924     653.262     435.020     296.657     292.984     293.322
 3.48100E-03     874.078     995.583    1153.811     927.239     752.438     654.340     436.423     296.770     292.984     293.322
 3.50099E-03     874.078     989.370    1149.492     922.131     749.974     655.375     437.813     296.877     292.984     293.322
 3.52099E-03     874.078     983.247    1145.848     917.099     747.525     656.366     439.189     296.980     292.984     293.322
 3.54099E-03     874.078     977.289    1142.851     912.163     745.096     657.314     440.551     297.079     292.984     293.322
 3.56099E-03     874.078     971.382    1140.414     907.293     742.681     658.219     441.898     297.176     292.984     293.322
 3.58099E-03     874.078     965.611    1138.492     902.508     740.285     659.082     443.229     297.271     292.984     293.322
 3.60099E-03     858.587     960.027    1137.040     897.830     737.923     659.903     444.546     297.436     292.982     293.437
 3.62099E-03     858.587     954.444    1135.926     893.195     735.563     660.681     445.847     297.590     292.982     293.437
 3.64099E-03     858.587     948.875    1135.127     888.615     733.217     661.419     447.133     297.732     292.982     293.437
 3.66099E-03     858.587     943.443    1134.567     884.107     730.889     662.115     448.402     297.867     292.982     293.437
 3.68099E-03     858.587     938.098    1134.198     879.665     728.580     662.772     449.656     297.995     292.982     293.437
 3.70099E-03     858.587     932.878    1133.962     875.295     726.290     663.388     450.894     298.117     292.982     293.437
 3.72099E-03     858.587     927.797    1133.814     871.004     724.023     663.965     452.116     298.235     292.982     293.437
 3.74099E-03     858.587     922.734    1133.729     866.763     721.770     664.504     453.322     298.349     292.982     293.437
 3.76099E-03     858.587     917.857    1133.661     862.612     719.544     665.004     454.511     298.460     292.982     293.437
 3.78099E-03     843.779     913.100    1133.615     858.545     717.350     665.466     455.685     298.654     292.982     293.573
 3.80099E-03     843.779     908.332    1133.535     854.512     715.160     665.891     456.842     298.833     292.982     293.573
 3.82099E-03     843.779     903.607    1133.423     850.531     712.985     666.280     457.983     298.999     292.982     293.573
 3.84099E-03     843.779     898.989    1133.268     846.615     710.833     666.632     459.108     299.155     292.982     293.573
 3.86099E-03     843.779     894.431    1133.061     842.753     708.698     666.949     460.216     299.303     292.982     293.573
 3.88099E-03     843.779     889.935    1132.796     838.944     706.581     667.231     461.307     299.443     292.982     293.573
 3.90099E-03     843.779     885.463    1132.466     835.177     704.481     667.479     462.383     299.578     292.982     293.573
 3.92099E-03     843.779     881.095    1132.075     831.469     702.401     667.692     463.441     299.708     292.982     293.573
 3.94099E-03     843.779     876.790    1131.618     827.811     700.339     667.873     464.484     299.834     292.982     293.573
 3.96099E-03     828.161     872.608    1131.114     824.224     698.307     668.021     465.510     300.057     292.983     293.735
 3.98099E-03     825.194     868.488    1130.538     820.685     696.289     668.137     466.520     300.261     292.983     293.735
 4.00099E-03     820.438     864.354    1129.881     817.177     694.283     668.222     467.513     300.450     292.983     293.735
 4.02099E-03     816.235     860.353    1129.176     813.735     692.303     668.276     468.490     300.627     292.983     293.735
 4.04099E-03     812.268     856.377    1128.399     810.334     690.340     668.300     469.450     300.793     292.983     293.735
 4.06099E-03     808.484     852.494    1127.565     807.002     688.413     668.376     470.399     300.951     292.983     293.735
 4.08099E-03     804.811     848.733    1126.666     803.784     686.572     688.267     471.980     301.102     292.983     293.735
 4.10099E-03     801.244     845.279    1125.709     800.859     684.992    1429.822     498.432     301.249     292.983     293.735
 4.12099E-03     797.734     841.961    1124.683     798.330     683.804    2422.814     627.849     301.394     292.983     293.735
 4.14099E-03     794.345     838.490    1123.628     796.214     683.047    2950.674     716.601     301.647     293.099     293.979
 4.16100E-03     790.967     835.278    1122.478     795.040     683.271    2744.907     760.169     301.878     293.099     293.979
 4.18100E-03     787.672     832.378    1121.280     794.869     684.553    2564.565     901.422     302.088     293.099     293.979
 4.20100E-03     784.445     829.966    1120.031     795.812     687.016    2430.103    1028.668     302.283     293.099     293.979
 4.22100E-03     781.253     828.171    1118.714     797.889     690.680    2323.925    1134.321     302.468     293.099     293.979
 4.24100E-03     778.168     826.988    1117.376     800.858     695.295    2240.763    1218.355     302.641     293.099     293.979
 4.26100E-03     775.099     826.502    1115.966     804.672     700.787    2169.638    1284.145     302.808     293.099     293.979
 4.28100E-03     772.119     826.665    1114.531     809.046     706.841    2108.345    1335.627     302.966     293.099     293.979
 4.30100E-03     769.158     827.544    1113.030     813.912     713.351    2052.808    1375.723     303.118     293.099     293.979
 4.32100E-03     766.271     829.085    1111.517     819.089     720.098    2004.193    1406.847     303.392     293.124     294.175
 4.34100E-03     763.388     831.259    1109.919     824.464     726.931    1960.428    1430.649     303.642     293.124     294.175
 4.36100E-03     760.553     833.978    1108.314     829.923     733.707    1922.458    1448.558     303.871     293.124     294.175
 4.38100E-03     757.745     837.213    1106.724     835.412     740.348    1888.705    1461.635     304.085     293.124     294.175
 4.40100E-03     754.977     840.856    1105.691     840.854     746.762    1858.892    1470.800     304.285     293.124     294.175
 4.42100E-03     752.249     844.826    1105.691     846.204     752.897    1832.356    1476.814     304.474     293.124     294.175
 4.44100E-03     749.541     849.101    1105.691     851.445     758.735    1808.048    1480.255     304.655     293.124     294.175
 4.46100E-03     746.911     853.459    1105.691     856.492     764.208    1786.841    1481.778     304.827     293.124     294.175
 4.48100E-03     744.282     858.023    1105.691     861.396     769.366    1766.755    1481.720     304.994     293.124     294.175
 4.50100E-03     741.676     862.699    1098.327     866.126     774.195    1747.915    1480.411     305.301     293.154     294.424
 4.52100E-03     739.141     867.291    1098.327     870.626     778.665    1731.268    1478.269     305.581     293.154     294.424
 4.54100E-03     736.654     871.822    1098.327     874.904     782.800    1716.006    1475.554     305.841     293.154     294.424
 4.56100E-03     734.179     876.348    1098.327     878.988     786.639    1701.471    1472.407     306.085     293.154     294.424
 4.58100E-03     731.744     880.769    1098.327     882.853     790.176    1688.074    1469.005     306.316     293.154     294.424
 4.60100E-03     729.334     885.102    1098.327     886.513     793.438    1675.772    1465.481     306.538     293.154     294.424
 4.62100E-03     726.948     889.325    1098.327     889.971     796.439    1664.735    1461.973     306.753     293.154     294.424
 4.64100E-03     724.570     893.461    1098.327     893.241     799.201    1654.824    1458.594     306.964     293.154     294.424
 4.66100E-03     722.234     897.419    1098.327     896.309     801.724    1646.350    1455.494     307.170     293.154     294.424
 4.68100E-03     719.908     901.268    1086.543     899.199     804.035    1638.983    1452.822     307.549     293.180     294.704
 4.70100E-03     717.623     904.926    1086.543     901.900     806.136    1633.063    1450.802     307.901     293.180     294.704
 4.72100E-03     715.394     908.366    1086.543     904.412     808.038    1628.572    1449.295     308.234     293.180     294.704
 4.74100E-03     713.168     911.696    1086.543     906.766     809.769    1625.288    1448.170     308.552     293.180     294.704
 4.76100E-03     710.994     914.820    1086.543     908.947     811.327    1623.304    1447.322     308.860     293.180     294.704
 4.78100E-03     708.817     917.842    1086.543     910.987     812.739    1622.548    1446.666     309.160     293.180     294.704
 4.80100E-03     706.681     920.683    1086.543     912.875     814.004    1621.857    1446.132     309.456     293.180     294.704
 4.82100E-03     704.569     923.378    1086.543     914.626     815.137    1620.964    1445.667     309.749     293.180     294.704
 4.84100E-03     702.473     925.942    1086.543     916.249     816.148    1619.871    1445.229     310.042     293.180     294.704
 4.86100E-03     700.378     928.404    1072.855     917.756     817.048    1618.592    1444.773     310.563     293.203     295.014
 4.88100E-03     698.334     930.705    1072.855     919.142     817.840    1617.119    1444.263     311.053     293.203     295.014
 4.90100E-03     696.328     932.874    1072.855     920.417     818.532    1615.444    1443.673     311.520     293.203     295.014
 4.92100E-03     694.334     934.913    1072.855     921.586     819.133    1613.549    1442.986     311.970     293.203     295.014
 4.94100E-03     692.876     936.804    1072.855     922.650     819.647    1611.407    1442.153     312.406     293.203     295.014
 4.96100E-03     691.238     938.591    1072.855     923.620     820.085    1609.012    1441.149     312.832     293.203     295.014
 4.98100E-03     689.817     940.230    1072.855     924.490     820.446    1606.363    1439.972     313.252     293.203     295.014
 5.00100E-03     688.781     941.784    1072.855     925.278     820.743    1603.384    1438.591     313.667     293.203     295.014
 5.02100E-03     688.183     943.189    1072.855     925.972     820.973    1600.082    1436.890     314.080     293.203     295.014
 5.04100E-03     688.279     944.530    1057.848     926.593     821.149    1596.496    1434.928     314.801     293.221     295.354
 5.06100E-03     688.958     945.740    1057.848     927.131     821.268    1592.471    1432.502     315.477     293.221     295.354
 5.08100E-03     690.301     946.849    1057.848     927.594     821.334    1587.876    1429.429     316.118     293.221     295.354
 5.10100E-03     692.330     947.865    1057.848     927.984     821.352    1582.914    1425.342     316.730     293.221     295.354
 5.12100E-03     695.026     948.790    1057.848     928.306     821.326    1576.873    1420.388     317.320     293.221     295.354
 5.14100E-03     698.338     949.623    1057.848     928.561     821.258    1569.279    1414.698     317.893     293.221     295.354
 5.16100E-03     702.162     950.352    1057.848     928.748     821.151    1557.828    1408.423     318.450     293.221     295.354
 5.18100E-03     706.505     950.939    1057.848     928.875     821.035    1537.202    1401.882     318.993     293.221     295.354
 5.20100E-03     711.189     950.939    1057.848     928.875     821.035    1537.202    1401.882     318.993     293.221     295.354
 5.22100E-03     716.338     951.865    1041.981     928.915     820.664    1491.238    1387.738     320.742     293.235     295.723
 5.24100E-03     721.703     951.865    1041.981     928.915     820.664    1491.238    1387.738     320.742     293.235     295.723
 5.26100E-03     727.341     951.865    1041.981     928.915     820.664    1491.238    1387.738     320.742     293.235     295.723
 5.28100E-03     733.203     951.865    1041.981     928.915     820.664    1491.238    1387.738     320.742     293.235     295.723
 5.30100E-03     739.178     951.865    1041.981     928.915     820.664    1491.238    1387.738     320.742     293.235     295.723
 5.32100E-03     745.284     951.865    1041.981     928.915     820.664    1491.238    1387.738     320.742     293.235     295.723
 5.34100E-03     751.432     951.865    1041.981     928.915     820.664    1491.238    1387.738     320.742     293.235     295.723
 5.36100E-03     757.565     951.865    1041.981     928.915     820.664    1491.238    1387.738     320.742     293.235     295.723
 5.38100E-03     763.634     951.865    1041.981     928.915     820.664    1491.238    1387.738     320.742     293.235     295.723
 5.40100E-03     769.635     952.539    1025.614     927.240     818.536    1404.000    1333.363     329.171     293.232     296.111
 5.42100E-03     775.507     952.539    1025.614     927.240     818.536    1404.000    1333.363     329.171     293.232     296.111
 5.44100E-03     781.250     952.539    1025.614     927.240     818.536    1404.000    1333.363     329.171     293.232     296.111
 5.46101E-03     786.847     952.539    1025.614     927.240     818.536    1404.000    1333.363     329.171     293.232     296.111
 5.48101E-03     792.284     952.539    1025.614     927.240     818.536    1404.000    1333.363     329.171     293.232     296.111
 5.50101E-03     797.551     952.539    1025.614     927.240     818.536    1404.000    1333.363     329.171     293.232     296.111
 5.52101E-03     802.638     952.539    1025.614     927.240     818.536    1404.000    1333.363     329.171     293.232     296.111
 5.54101E-03     807.542     952.539    1025.614     927.240     818.536    1404.000    1333.363     329.171     293.232     296.111
 5.56101E-03     812.264     952.539    1025.614     927.240     818.536    1404.000    1333.363     329.171     293.232     296.111
 5.58101E-03     816.829     950.371    1009.025     923.245     815.350    1334.617    1283.167     338.256     293.224     296.532
 5.60101E-03     821.171     950.371    1009.025     923.245     815.350    1334.617    1283.167     338.256     293.224     296.532
 5.62101E-03     825.330     950.371    1009.025     923.245     815.350    1334.617    1283.167     338.256     293.224     296.532
 5.64101E-03     828.800     950.371    1009.025     923.245     815.350    1334.617    1283.167     338.256     293.224     296.532
 5.66101E-03     831.560     950.371    1009.025     923.245     815.350    1334.617    1283.167     338.256     293.224     296.532
 5.68101E-03     833.791     950.371    1009.025     923.245     815.350    1334.617    1283.167     338.256     293.224     296.532
 5.70101E-03     835.663     950.371    1009.025     923.245     815.350    1334.617    1283.167     338.256     293.224     296.532
 5.72101E-03     837.286     950.371    1009.025     923.245     815.350    1334.617    1283.167     338.256     293.224     296.532
 5.74101E-03     838.668     950.371    1009.025     923.245     815.350    1334.617    1283.167     338.256     293.224     296.532
 5.76101E-03     841.057     945.800     992.427     917.364     811.191    1275.263    1236.800     347.802     293.211     296.985
 5.78101E-03     843.235     945.800     992.427     917.364     811.191    1275.263    1236.800     347.802     293.211     296.985
 5.80101E-03     844.500     945.800     992.427     917.364     811.191    1275.263    1236.800     347.802     293.211     296.985
 5.82101E-03     845.358     945.800     992.427     917.364     811.191    1275.263    1236.800     347.802     293.211     296.985
 5.84101E-03     845.358     945.800     992.427     917.364     811.191    1275.263    1236.800     347.802     293.211     296.985
 5.86101E-03     845.358     945.800     992.427     917.364     811.191    1275.263    1236.800     347.802     293.211     296.985
 5.88101E-03     845.358     945.800     992.427     917.364     811.191    1275.263    1236.800     347.802     293.211     296.985
 5.90101E-03     845.358     945.800     992.427     917.364     811.191    1275.263    1236.800     347.802     293.211     296.985
 5.92101E-03     845.358     945.800     992.427     917.364     811.191    1275.263    1236.800     347.802     293.211     296.985
 5.94101E-03     855.551     939.318     975.976     910.034     806.194    1223.236    1194.072     357.583     293.194     297.473
 5.96101E-03     855.551     939.318     975.976     910.034     806.194    1223.236    1194.072     357.583     293.194     297.473
 5.98101E-03     855.551     939.318     975.976     910.034     806.194    1223.236    1194.072     357.583     293.194     297.473
 6.00101E-03     855.551     939.318     975.976     910.034     806.194    1223.236    1194.072     357.583     293.194     297.473
 6.02101E-03     855.551     939.318     975.976     910.034     806.194    1223.236    1194.072     357.583     293.194     297.473
 6.04101E-03     855.551     939.318     975.976     910.034     806.194    1223.236    1194.072     357.583     293.194     297.473
 6.06101E-03     855.551     939.318     975.976     910.034     806.194    1223.236    1194.072     357.583     293.194     297.473
 6.08101E-03     855.551     939.318     975.976     910.034     806.194    1223.236    1194.072     357.583     293.194     297.473
 6.10101E-03     855.551     939.318     975.976     910.034     806.194    1223.236    1194.072     357.583     293.194     297.473
 6.12101E-03     864.284     931.369     959.787     901.630     800.516    1177.080    1154.738     367.397     293.173     297.995
 6.14101E-03     864.284     931.369     959.787     901.630     800.516    1177.080    1154.738     367.397     293.173     297.995
 6.16101E-03     864.284     931.369     959.787     901.630     800.516    1177.080    1154.738     367.397     293.173     297.995
 6.18101E-03     864.284     931.369     959.787     901.630     800.516    1177.080    1154.738     367.397     293.173     297.995
 6.20101E-03     864.284     931.369     959.787     901.630     800.516    1177.080    1154.738     367.397     293.173     297.995
 6.22101E-03     864.284     931.369     959.787     901.630     800.516    1177.080    1154.738     367.397     293.173     297.995
 6.24101E-03     864.284     931.369     959.787     901.630     800.516    1177.080    1154.738     367.397     293.173     297.995
 6.26101E-03     864.284     931.369     959.787     901.630     800.516    1177.080    1154.738     367.397     293.173     297.995
 6.28101E-03     864.284     931.369     959.787     901.630     800.516    1177.080    1154.738     367.397     293.173     297.995
 6.30101E-03     868.117     923.364     943.943     893.800     795.315    1142.199    1122.714     376.043     293.156     298.558
 6.32101E-03     868.117     923.364     943.943     893.800     795.315    1135.241    1118.741     377.037     293.156     298.558
 6.34101E-03     868.117     923.364     943.943     893.800     795.315    1128.084    1114.470     378.054     293.156     298.558
 6.36101E-03     868.117     923.364     943.943     893.800     795.315    1121.019    1109.977     379.087     293.156     298.558
 6.38101E-03     868.117     923.364     943.943     893.800     795.315    1114.222    1105.339     380.132     293.156     298.558
 6.40101E-03     868.117     923.364     943.943     893.800     795.315    1107.543    1100.596     381.183     293.156     298.558
 6.42101E-03     868.117     923.364     943.943     893.800     795.315    1101.124    1095.798     382.238     293.156     298.558
 6.44101E-03     868.117     923.364     943.943     893.800     795.315    1094.822    1090.966     383.296     293.156     298.558
 6.46101E-03     868.117     923.364     943.943     893.800     795.315    1088.688    1086.123     384.354     293.156     298.558
 6.48101E-03     867.460     913.346     928.500     884.031     788.620    1082.630    1081.277     385.413     293.143     299.160
 6.50101E-03     867.460     913.346     928.500     884.031     788.620    1076.789    1076.451     386.471     293.143     299.160
 6.52101E-03     867.460     913.346     928.500     884.031     788.620    1071.104    1071.656     387.528     293.143     299.160
 6.54101E-03     867.460     913.346     928.500     884.031     788.620    1065.544    1066.898     388.582     293.143     299.160
 6.56101E-03     867.460     913.346     928.500     884.031     788.620    1060.168    1062.188     389.635     293.143     299.160
 6.58101E-03     867.460     913.346     928.500     884.031     788.620    1054.842    1057.522     390.685     293.143     299.160
 6.60101E-03     867.460     913.346     928.500     884.031     788.620    1049.693    1052.909     391.732     293.143     299.160
 6.62101E-03     867.460     913.346     928.500     884.031     788.620    1044.623    1048.349     392.777     293.143     299.160
 6.64101E-03     867.460     913.346     928.500     884.031     788.620    1039.645    1043.841     393.818     293.143     299.160
 6.66101E-03     864.227     902.099     913.494     872.973     780.887    1034.635    1039.372     394.856     293.131     299.797
 6.68101E-03     864.227     902.099     913.494     872.973     780.887    1029.849    1034.961     395.890     293.131     299.797
 6.70101E-03     864.227     902.099     913.494     872.973     780.887    1025.102    1030.599     396.921     293.131     299.797
 6.72101E-03     864.227     902.099     913.494     872.973     780.887    1020.432    1026.288     397.948     293.131     299.797
 6.74101E-03     864.227     902.099     913.494     872.973     780.887    1015.855    1022.028     398.971     293.131     299.797
 6.76101E-03     864.227     902.099     913.494     872.973     780.887    1011.351    1017.819     399.989     293.131     299.797
 6.78102E-03     864.227     902.099     913.494     872.973     780.887    1006.943    1013.663     401.003     293.131     299.797
 6.80102E-03     864.227     902.099     913.494     872.973     780.887    1002.609    1009.558     402.013     293.131     299.797
 6.82102E-03     864.227     902.099     913.494     872.973     780.887     998.380    1005.508     403.018     293.131     299.797
 6.84102E-03     860.350     890.144     898.949     861.342     772.643     994.116    1001.499     404.018     293.120     300.470
 6.86102E-03     860.350     890.144     898.949     861.342     772.643     990.057     997.548     405.013     293.120     300.470
 6.88102E-03     860.350     890.144     898.949     861.342     772.643     986.029     993.649     406.003     293.120     300.470
 6.90102E-03     860.350     890.144     898.949     861.342     772.643     982.074     989.801     406.987     293.120     300.470
 6.92102E-03     860.350     890.144     898.949     861.342     772.643     978.165     986.001     407.967     293.120     300.470
 6.94102E-03     860.350     890.144     898.949     861.342     772.643     974.327     982.249     408.940     293.120     300.470
 6.96102E-03     860.350     890.144     898.949     861.342     772.643     970.513     978.541     409.908     293.120     300.470
 6.98102E-03     860.350     890.144     898.949     861.342     772.643     966.758     974.877     410.870     293.120     300.470
 7.00102E-03     860.350     890.144     898.949     861.342     772.643     963.061     971.256     411.826     293.120     300.470
 7.02102E-03     857.593     880.393     889.140     851.286     765.282     959.492     967.688     412.776     293.117     301.128
 7.04102E-03     857.593     880.393     889.140     851.286     765.282     955.978     964.174     413.721     293.117     301.128
 7.06102E-03     857.593     880.393     889.140     851.286     765.282     952.599     961.206     414.659     293.117     301.128
 7.08102E-03     857.593     880.393     889.140     851.286     765.282     949.881     966.262     415.601     293.117     301.128
 7.10102E-03     857.593     880.393     889.140     851.286     765.282     947.130     983.778     416.543     293.117     301.128
 7.12102E-03     857.593     880.393     889.140     851.286     765.282     944.511     997.122     417.488     293.117     301.128
 7.14102E-03     857.593     880.393     889.140     851.286     765.282     941.818    1012.121     418.430     293.117     301.128
 7.16102E-03     857.593     880.393     889.140     851.286     765.282     939.574    1029.475     419.391     293.117     301.128
 7.18102E-03     857.593     880.393     889.140     851.286     765.282     937.991    1048.286     420.389     293.117     301.128
 7.20102E-03     855.351     870.529     878.419     841.445     758.014     937.171    1115.653     421.443     293.105     301.798
 7.22102E-03     855.351     870.529     878.419     841.445     758.014     937.057    1183.562     422.567     293.105     301.798
 7.24102E-03     855.351     870.529     878.419     841.445     758.014     937.722    1243.082     423.790     293.105     301.798
 7.26102E-03     855.351     870.529     878.419     841.445     758.014     939.123    1291.510     425.133     293.105     301.798
 7.28102E-03     855.351     870.529     878.419     841.445     758.014     941.246    1329.691     426.623     293.105     301.798
 7.30102E-03     855.351     870.529     878.419     841.445     758.014     943.911    1359.395     428.281     293.105     301.798
 7.32102E-03     855.351     870.529     878.419     841.445     758.014     947.153    1382.075     430.128     293.105     301.798
 7.34102E-03     855.351     870.529     878.419     841.445     758.014     950.762    1399.146     432.181     293.105     301.798
 7.36102E-03     855.351     870.529     878.419     841.445     758.014     954.787    1411.661     434.456     293.105     301.798
 7.38102E-03     852.864     857.632     864.302     830.017     749.966     959.236    1420.411     436.963     293.106     302.572
 7.40102E-03     852.864     857.632     864.302     830.017     749.966     963.703    1426.310     439.705     293.106     302.572
 7.42102E-03     852.864     857.632     864.302     830.017     749.966     968.299    1429.889     442.688     293.106     302.572
 7.44102E-03     852.864     857.632     864.302     830.017     749.966     973.017    1431.564     445.909     293.106     302.572
 7.46102E-03     852.864     857.632     864.302     830.017     749.966     977.732    1431.753     449.366     293.106     302.572
 7.48102E-03     852.864     857.632     864.302     830.017     749.966     982.398    1430.800     453.049     293.106     302.572
 7.50102E-03     852.864     857.632     864.302     830.017     749.966     987.023    1428.959     456.952     293.106     302.572
 7.52102E-03     852.864     857.632     864.302     830.017     749.966     991.500    1426.483     461.062     293.106     302.572
 7.54102E-03     852.864     857.632     864.302     830.017     749.966     995.885    1423.530     465.366     293.106     302.572
 7.56102E-03     850.388     845.901     850.552     820.213     743.938    1000.228    1420.179     469.853     293.113     303.375
 7.58102E-03     850.388     845.901     850.552     820.213     743.938    1004.297    1416.634     474.506     293.113     303.375
 7.60102E-03     850.388     845.901     850.552     820.213     743.938    1008.138    1413.016     479.311     293.113     303.375
 7.62102E-03     850.388     845.901     850.552     820.213     743.938    1011.860    1409.383     484.253     293.113     303.375
 7.64102E-03     850.388     845.901     850.552     820.213     743.938    1015.394    1405.836     489.317     293.113     303.375
 7.66102E-03     850.388     845.901     850.552     820.213     743.938    1018.750    1402.474     494.488     293.113     303.375
 7.68102E-03     850.388     845.901     850.552     820.213     743.938    1021.929    1399.468     499.752     293.113     303.375
 7.70102E-03     850.388     845.901     850.552     820.213     743.938    1024.961    1397.071     505.095     293.113     303.375
 7.72102E-03     850.388     845.901     850.552     820.213     743.938    1027.829    1395.132     510.504     293.113     303.375
 7.74102E-03     848.102     836.121     837.200     812.694     740.315    1030.561    1393.519     515.965     293.125     304.206
 7.76102E-03     848.102     836.121     837.200     812.694     740.315    1033.078    1392.131     521.468     293.125     304.206
 7.78102E-03     848.102     836.121     837.200     812.694     740.315    1035.398    1390.892     527.000     293.125     304.206
 7.80102E-03     848.102     836.121     837.200     812.694     740.315    1037.592    1389.747     532.551     293.125     304.206
 7.82102E-03     848.102     836.121     837.200     812.694     740.315    1039.593    1388.646     538.112     293.125     304.206
 7.84102E-03     848.102     836.121     837.200     812.694     740.315    1041.482    1387.557     543.673     293.125     304.206
 7.86102E-03     848.102     836.121     837.200     812.694     740.315    1043.219    1386.453     549.225     293.125     304.206
 7.88102E-03     848.102     836.121     837.200     812.694     740.315    1044.832    1385.313     554.762     293.125     304.206
 7.90102E-03     848.102     836.121     837.200     812.694     740.315    1046.308    1384.113     560.276     293.125     304.206
 7.92102E-03     845.766     828.449     824.553     807.197     738.458    1047.695    1382.835     565.760     293.141     305.064
 7.94102E-03     845.766     828.449     824.553     807.197     738.458    1048.928    1381.469     571.209     293.141     305.064
 7.96102E-03     845.766     828.449     824.553     807.197     738.458    1050.048    1380.010     576.618     293.141     305.064
 7.98102E-03     845.766     828.449     824.553     807.197     738.458    1051.056    1378.422     581.981     293.141     305.064
 8.00102E-03     845.766     828.449     824.553     807.197     738.458    1051.947    1376.691     587.295     293.141     305.064
 8.02102E-03     845.766     828.449     824.553     807.197     738.458    1052.741    1374.828     592.555     293.141     305.064
 8.04102E-03     845.766     828.449     824.553     807.197     738.458    1053.416    1372.790     597.759     293.141     305.064
 8.06102E-03     845.766     828.449     824.553     807.197     738.458    1054.008    1370.494     602.902     293.141     305.064
 8.08102E-03     845.766     828.449     824.553     807.197     738.458    1054.500    1368.011     607.983     293.141     305.064
 8.10102E-03     843.272     822.548     812.021     803.123     737.559    1054.916    1365.032     613.000     293.160     305.946
 8.12102E-03     843.272     822.548     812.021     803.123     737.559    1055.231    1361.479     617.949     293.160     305.946
 8.14102E-03     843.272     822.548     812.021     803.123     737.559    1055.463    1357.196     622.829     293.160     305.946
 8.16103E-03     843.272     822.548     812.021     803.123     737.559    1055.612    1352.341     627.639     293.160     305.946
 8.18103E-03     843.272     822.548     812.021     803.123     737.559    1055.681    1346.974     632.378     293.160     305.946
 8.20103E-03     843.272     822.548     812.021     803.123     737.559    1055.673    1341.189     637.044     293.160     305.946
 8.22103E-03     843.272     822.548     812.021     803.123     737.559    1055.595    1335.162     641.634     293.160     305.946
 8.24103E-03     843.272     822.548     812.021     803.123     737.559    1055.595    1335.162     641.634     293.160     305.946
 8.26103E-03     843.272     822.548     812.021     803.123     737.559    1055.595    1335.162     641.634     293.160     305.946
 8.28103E-03     840.556     817.427     800.443     799.496     736.910    1054.898    1316.157     654.723     293.178     306.849
 8.30103E-03     840.556     817.427     800.443     799.496     736.910    1054.898    1316.157     654.723     293.178     306.849
 8.32103E-03     840.556     817.427     800.443     799.496     736.910    1054.898    1316.157     654.723     293.178     306.849
 8.34103E-03     840.556     817.427     800.443     799.496     736.910    1054.898    1316.157     654.723     293.178     306.849
 8.36103E-03     840.556     817.427     800.443     799.496     736.910    1054.898    1316.157     654.723     293.178     306.849
 8.38103E-03     840.556     817.427     800.443     799.496     736.910    1054.898    1316.157     654.723     293.178     306.849
 8.40103E-03     840.556     817.427     800.443     799.496     736.910    1054.898    1316.157     654.723     293.178     306.849
 8.42103E-03     840.556     817.427     800.443     799.496     736.910    1054.898    1316.157     654.723     293.178     306.849
 8.44103E-03     840.556     817.427     800.443     799.496     736.910    1054.898    1316.157     654.723     293.178     306.849
 8.46103E-03     837.581     813.387     789.282     796.402     736.143    1051.635    1272.303     688.127     293.182     307.762
 8.48103E-03     837.581     813.387     789.282     796.402     736.143    1051.635    1272.303     688.127     293.182     307.762
 8.50103E-03     837.581     813.387     789.282     796.402     736.143    1051.635    1272.303     688.127     293.182     307.762
 8.52103E-03     837.581     813.387     789.282     796.402     736.143    1051.635    1272.303     688.127     293.182     307.762
 8.54103E-03     837.581     813.387     789.282     796.402     736.143    1051.635    1272.303     688.127     293.182     307.762
 8.56103E-03     837.581     813.387     789.282     796.402     736.143    1051.635    1272.303     688.127     293.182     307.762
 8.58103E-03     837.581     813.387     789.282     796.402     736.143    1051.635    1272.303     688.127     293.182     307.762
 8.60103E-03     837.581     813.387     789.282     796.402     736.143    1051.635    1272.303     688.127     293.182     307.762
 8.62103E-03     837.581     813.387     789.282     796.402     736.143    1051.635    1272.303     688.127     293.182     307.762
 8.64103E-03     834.333     809.962     781.503     793.715     735.357    1045.960    1233.823     715.806     293.182     308.697
 8.66103E-03     834.333     809.962     781.503     793.715     735.357    1045.960    1233.823     715.806     293.182     308.697
 8.68103E-03     834.333     809.962     781.503     793.715     735.357    1045.960    1233.823     715.806     293.182     308.697
 8.70103E-03     834.333     809.962     781.503     793.715     735.357    1045.960    1233.823     715.806     293.182     308.697
 8.72103E-03     834.333     809.962     781.503     793.715     735.357    1045.960    1233.823     715.806     293.182     308.697
 8.74103E-03     834.333     809.962     781.503     793.715     735.357    1045.960    1233.823     715.806     293.182     308.697
 8.76103E-03     834.333     809.962     781.503     793.715     735.357    1045.960    1233.823     715.806     293.182     308.697
 8.78103E-03     834.333     809.962     781.503     793.715     735.357    1045.960    1233.823     715.806     293.182     308.697
 8.80103E-03     834.333     809.962     781.503     793.715     735.357    1045.960    1233.823     715.806     293.182     308.697
 8.82103E-03     830.810     806.922     775.652     791.230     734.490    1038.361    1199.251     738.299     293.177     309.653
 8.84103E-03     830.810     806.922     775.652     791.230     734.490    1038.361    1199.251     738.299     293.177     309.653
 8.86103E-03     830.810     806.922     775.652     791.230     734.490    1038.361    1199.251     738.299     293.177     309.653
 8.88103E-03     830.810     806.922     775.652     791.230     734.490    1038.361    1199.251     738.299     293.177     309.653
 8.90103E-03     830.810     806.922     775.652     791.230     734.490    1038.361    1199.251     738.299     293.177     309.653
 8.92103E-03     830.810     806.922     775.652     791.230     734.490    1038.361    1199.251     738.299     293.177     309.653
 8.94103E-03     830.810     806.922     775.652     791.230     734.490    1038.361    1199.251     738.299     293.177     309.653
 8.96103E-03     830.810     806.922     775.652     791.230     734.490    1038.361    1199.251     738.299     293.177     309.653
 8.98103E-03     830.810     806.922     775.652     791.230     734.490    1038.361    1199.251     738.299     293.177     309.653
 9.00103E-03     827.025     804.097     771.404     788.813     733.488    1029.301    1167.849     756.190     293.167     310.629
 9.02103E-03     827.025     804.097     771.404     788.813     733.488    1029.301    1167.849     756.190     293.167     310.629
 9.04103E-03     827.025     804.097     771.404     788.813     733.488    1029.301    1167.849     756.190     293.167     310.629
 9.06103E-03     827.025     804.097     771.404     788.813     733.488    1029.301    1167.849     756.190     293.167     310.629
 9.08103E-03     827.025     804.097     771.404     788.813     733.488    1029.301    1167.849     756.190     293.167     310.629
 9.10103E-03     827.025     804.097     771.404     788.813     733.488    1029.301    1167.849     756.190     293.167     310.629
 9.12103E-03     827.025     804.097     771.404     788.813     733.488    1029.301    1167.849     756.190     293.167     310.629
 9.14103E-03     827.025     804.097     771.404     788.813     733.488    1029.301    1167.849     756.190     293.167     310.629
 9.16103E-03     827.025     804.097     771.404     788.813     733.488    1029.301    1167.849     756.190     293.167     310.629
 9.18103E-03     822.997     801.374     768.643     786.384     732.323    1019.267    1139.286     770.036     293.155     311.627
 9.20103E-03     822.997     801.374     768.643     786.384     732.323    1019.267    1135.867     771.514     293.155     311.627
 9.22103E-03     822.997     801.374     768.643     786.384     732.323    1019.267    1132.302     772.945     293.155     311.627
 9.24103E-03     822.997     801.374     768.643     786.384     732.323    1019.267    1128.642     774.330     293.155     311.627
 9.26103E-03     822.997     801.374     768.643     786.384     732.323    1019.267    1124.909     775.670     293.155     311.627
 9.28103E-03     822.997     801.374     768.643     786.384     732.323    1019.267    1121.146     776.965     293.155     311.627
 9.30103E-03     822.997     801.374     768.643     786.384     732.323    1019.267    1117.367     778.215     293.155     311.627
 9.32103E-03     822.997     801.374     768.643     786.384     732.323    1019.267    1113.595     779.422     293.155     311.627
 9.34103E-03     822.997     801.374     768.643     786.384     732.323    1019.267    1109.837     780.585     293.155     311.627
 9.36103E-03     818.748     798.694     766.370     783.914     731.004    1008.532    1106.079     781.705     293.149     312.653
 9.38103E-03     818.748     798.694     766.370     783.914     731.004    1008.532    1102.321     782.783     293.149     312.653
 9.40103E-03     818.748     798.694     766.370     783.914     731.004    1008.532    1098.570     783.819     293.149     312.653
 9.42103E-03     818.748     798.694     766.370     783.914     731.004    1008.532    1094.843     784.813     293.149     312.653
 9.44103E-03     818.748     798.694     766.370     783.914     731.004    1008.532    1091.143     785.767     293.149     312.653
 9.46104E-03     818.748     798.694     766.370     783.914     731.004    1008.532    1087.492     786.680     293.149     312.653
 9.48104E-03     818.748     798.694     766.370     783.914     731.004    1008.532    1083.889     787.553     293.149     312.653
 9.50104E-03     818.748     798.694     766.370     783.914     731.004    1008.532    1080.352     788.388     293.149     312.653
 9.52104E-03     818.748     798.694     766.370     783.914     731.004    1008.532    1076.876     789.183     293.149     312.653
 9.54104E-03     814.303     795.941     764.648     781.307     729.460     996.450    1073.431     789.940     293.143     313.697
 9.56104E-03     814.303     795.941     764.648     781.307     729.460     996.450    1070.018     790.658     293.143     313.697
 9.58104E-03     814.303     795.941     764.648     781.307     729.460     996.450    1066.633     791.339     293.143     313.697
 9.60104E-03     814.303     795.941     764.648     781.307     729.460     996.450    1063.270     791.983     293.143     313.697
 9.62104E-03     814.303     795.941     764.648     781.307     729.460     996.450    1059.938     792.591     293.143     313.697
 9.64104E-03     814.303     795.941     764.648     781.307     729.460     996.450    1056.645     793.163     293.143     313.697
 9.66104E-03     814.303     795.941     764.648     781.307     729.460     996.450    1053.405     793.698     293.143     313.697
 9.68104E-03     814.303     795.941     764.648     781.307     729.460     996.450    1050.232     794.199     293.143     313.697
 9.70104E-03     814.303     795.941     764.648     781.307     729.460     996.450    1047.122     794.665     293.143     313.697
 9.72104E-03     809.689     793.070     763.204     778.535     727.683     983.626    1044.045     795.097     293.136     314.759
 9.74104E-03     809.689     793.070     763.204     778.535     727.683     983.626    1041.002     795.495     293.136     314.759
 9.76104E-03     809.689     793.070     763.204     778.535     727.683     983.626    1037.985     795.861     293.136     314.759
 9.78104E-03     809.689     793.070     763.204     778.535     727.683     983.626    1034.982     796.193     293.136     314.759
 9.80104E-03     809.689     793.070     763.204     778.535     727.683     983.626    1032.012     796.493     293.136     314.759
 9.82104E-03     809.689     793.070     763.204     778.535     727.683     983.626    1029.079     796.762     293.136     314.759
 9.84104E-03     809.689     793.070     763.204     778.535     727.683     983.626    1026.195     797.000     293.136     314.759
 9.86104E-03     809.689     793.070     763.204     778.535     727.683     983.626    1023.358     797.207     293.136     314.759
 9.88104E-03     809.689     793.070     763.204     778.535     727.683     983.626    1020.579     797.384     293.136     314.759
 9.90104E-03     804.963     790.049     761.863     775.583     725.674     970.452    1017.825     797.531     293.131     315.839
 9.92104E-03     804.963     790.049     761.863     775.583     725.674     970.452    1015.093     797.650     293.131     315.839
 9.94104E-03     804.963     790.049     761.863     775.583     725.674     970.452    1012.384     797.817     293.131     315.839
 9.96104E-03     804.963     790.049     761.863     775.583     725.674     970.452    1009.706     817.121     293.131     315.839
 9.98104E-03     804.963     790.049     761.863     775.583     725.674     970.452    1007.145    1539.783     293.131     315.839
 1.00010E-02     804.963     790.049     761.863     775.583     725.674     970.452    1004.708    2538.910     293.131     315.839
