# Thermal History - 10 Monitoring Points
# Columns: time(s)  T1..T10 (K)
# Point coordinates (nearest cell centres):
#  P 1:  x= 9.950E-04m  y= 4.950E-04m  z= 6.925E-04m   => i= 101  j=  51  k=  50
#  P 2:  x= 1.995E-03m  y= 4.950E-04m  z= 6.925E-04m   => i= 201  j=  51  k=  50
#  P 3:  x= 2.995E-03m  y= 4.950E-04m  z= 6.925E-04m   => i= 301  j=  51  k=  50
#  P 4:  x= 1.995E-03m  y= 4.950E-04m  z= 6.575E-04m   => i= 201  j=  51  k=  43
#  P 5:  x= 1.995E-03m  y= 4.950E-04m  z= 5.975E-04m   => i= 201  j=  51  k=  31
#  P 6:  x= 1.995E-03m  y= 5.950E-04m  z= 6.925E-04m   => i= 201  j=  61  k=  50
#  P 7:  x= 1.995E-03m  y= 6.450E-04m  z= 6.925E-04m   => i= 201  j=  66  k=  50
#  P 8:  x= 1.995E-03m  y= 7.950E-04m  z= 6.925E-04m   => i= 201  j=  81  k=  50
#  P 9:  x= 1.995E-03m  y= 1.495E-03m  z= 6.925E-04m   => i= 201  j= 151  k=  50
#  P10:  x= 1.995E-03m  y= 4.950E-04m  z= 1.747E-04m   => i= 201  j=  51  k=   4
#  time(s)    T 1(K)       T 2(K)       T 3(K)       T 4(K)       T 5(K)       T 6(K)       T 7(K)       T 8(K)       T 9(K)       T10(K)       
 2.10000E-05     293.000     293.000     293.000     293.000     293.000     293.000     293.000     293.000     293.000     293.000
 4.10000E-05     293.000     293.000     293.000     293.000     293.000     293.000     293.000     293.000     293.000     293.000
 6.10000E-05     293.000     293.000     293.000     293.000     293.000     293.000     293.000     293.000     293.000     293.000
 8.10000E-05     293.000     293.000     293.000     293.000     293.000     293.000     293.000     293.000     293.000     293.000
 1.01000E-04     293.000     293.000     293.000     293.000     293.000     293.000     293.000     293.000     293.000     293.000
 1.21000E-04     293.000     293.000     293.000     293.000     293.000     293.000     293.000     293.000     293.000     293.000
 1.41000E-04     293.000     293.000     293.000     293.000     293.000     293.000     293.000     293.000     293.000     293.000
 1.61000E-04     293.000     293.000     293.000     293.000     293.000     293.000     293.000     293.000     293.000     293.000
 1.81000E-04     293.000     293.000     293.000     293.000     293.000     293.000     293.000     293.000     293.000     293.000
 2.01000E-04     293.000     293.000     293.000     293.000     293.000     293.000     293.000     293.000     293.000     293.000
 2.21000E-04     293.000     293.000     293.000     293.000     293.000     293.000     293.000     293.000     293.000     293.000
 2.41000E-04     293.000     293.000     293.000     293.000     293.000     293.000     293.000     293.000     293.000     293.000
 2.61000E-04     293.000     293.000     293.000     293.000     293.000     293.000     293.000     293.000     293.000     293.000
 2.81000E-04     293.000     293.000     293.000     293.000     293.000     293.000     293.000     293.000     293.000     293.000
 3.01000E-04     293.000     293.000     293.000     293.000     293.000     293.000     293.000     293.000     293.000     293.000
 3.21000E-04     293.001     293.000     293.000     293.000     293.000     293.000     293.000     293.000     293.000     293.000
 3.41000E-04     293.239     293.000     293.000     293.000     293.000     293.000     293.000     293.000     293.000     293.000
 3.61000E-04     334.558     293.000     293.000     293.000     293.000     293.000     293.000     293.000     293.000     293.000
 3.81000E-04    1402.114     293.000     293.000     293.000     293.000     293.000     293.000     293.000     293.000     293.000
 4.01000E-04    2436.125     293.000     293.000     293.000     293.000     293.000     293.000     293.000     293.000     293.000
 4.21000E-04    2859.033     293.000     293.000     293.000     293.000     293.000     293.000     293.000     293.000     293.000
 4.41000E-04    2676.445     293.000     293.000     293.000     293.000     293.000     293.000     293.000     293.000     293.000
 4.61000E-04    2529.304     293.000     293.000     293.000     293.000     293.000     293.000     293.000     293.000     293.000
 4.81000E-04    2441.098     293.000     293.000     293.000     293.000     293.000     293.000     293.000     293.000     293.000
 5.01000E-04    2333.210     293.000     293.000     293.000     293.000     293.000     293.000     293.000     293.000     293.000
 5.21000E-04    2223.780     293.000     293.000     293.000     293.000     293.000     293.000     293.000     293.000     293.000
 5.41000E-04    2126.845     293.000     293.000     293.000     293.000     293.000     293.000     293.000     293.000     293.000
 5.61000E-04    2046.587     293.000     293.000     293.000     293.000     293.000     293.000     293.000     293.000     293.000
 5.81000E-04    1981.384     293.000     293.000     293.000     293.000     293.000     293.000     293.000     293.000     293.000
 6.01000E-04    1927.459     293.000     293.000     293.000     293.000     293.000     293.000     293.000     293.000     293.000
 6.21000E-04    1883.547     293.000     293.000     293.000     293.000     293.000     293.000     293.000     293.000     293.000
 6.41000E-04    1854.209     293.000     293.000     293.000     293.000     293.000     293.000     293.000     293.000     293.000
 6.61000E-04    1822.337     293.000     293.000     293.000     293.000     293.000     293.000     293.000     293.000     293.000
 6.81000E-04    1794.855     293.000     293.000     293.000     293.000     293.000     293.000     293.000     293.000     293.000
 7.01000E-04    1770.297     293.000     293.000     293.000     293.000     293.000     293.000     293.000     293.000     293.000
 7.21000E-04    1747.990     293.000     293.000     293.000     293.000     293.000     293.000     293.000     293.000     293.000
 7.41000E-04    1727.603     293.000     293.000     293.000     293.000     293.000     293.000     293.000     293.000     293.000
 7.61000E-04    1708.998     293.000     293.000     293.000     293.000     293.000     293.000     293.000     293.000     293.000
 7.81000E-04    1692.093     293.000     293.000     293.000     293.000     293.000     293.000     293.000     293.000     293.000
 8.01000E-04    1679.668     293.000     293.000     293.000     293.000     293.000     293.000     293.000     293.000     293.000
 8.21000E-04    1665.755     293.000     293.000     293.000     293.000     293.000     293.000     293.000     293.000     293.000
 8.41000E-04    1653.557     293.000     293.000     293.000     293.000     293.000     293.000     293.000     293.000     293.000
 8.61000E-04    1643.292     293.000     293.000     293.000     293.000     293.000     293.000     293.000     293.000     293.000
 8.81000E-04    1635.241     293.000     293.000     293.000     293.000     293.000     293.000     293.000     293.000     293.000
 9.01000E-04    1629.033     293.000     293.000     293.000     293.000     293.000     293.000     293.000     293.000     293.000
 9.21000E-04    1624.828     293.000     293.000     293.000     293.000     293.000     293.000     293.000     293.000     293.000
 9.41000E-04    1622.771     293.000     293.000     293.000     293.000     293.000     293.000     293.000     293.000     293.000
 9.61000E-04    1621.835     293.000     293.000     293.000     293.000     293.000     293.000     293.000     293.000     293.000
 9.81000E-04    1620.640     293.000     293.000     293.000     293.000     293.000     293.000     293.000     293.000     293.000
 1.00100E-03    1619.165     293.000     293.000     293.000     293.000     293.000     293.000     293.000     293.000     293.000
 1.02100E-03    1617.405     293.000     293.000     293.000     293.000     293.000     293.000     293.000     293.000     293.000
 1.04100E-03    1615.339     293.000     293.000     293.000     293.000     293.000     293.000     293.000     293.000     293.000
 1.06100E-03    1612.974     293.000     293.000     293.000     293.000     293.000     293.000     293.000     293.000     293.000
 1.08100E-03    1610.320     293.000     293.000     293.000     293.000     293.000     293.000     293.000     293.000     293.000
 1.10100E-03    1607.275     293.000     293.000     293.000     293.000     293.000     293.000     293.000     293.000     293.000
 1.12100E-03    1603.852     293.000     293.000     293.016     293.013     293.000     293.000     293.000     293.000     293.000
 1.14100E-03    1600.127     293.005     293.000     293.389     293.295     293.000     293.000     293.000     293.000     293.000
 1.16100E-03    1595.929     294.671     293.000     303.195     300.443     293.000     293.000     293.000     293.000     293.000
 1.18100E-03    1591.100     465.951     293.000     503.345     446.600     292.999     292.999     293.000     293.000     293.000
 1.20100E-03    1585.926    1792.376     293.000    1545.406    1281.732     292.970     292.960     293.000     293.000     293.000
 1.22100E-03    1580.017    2810.100     293.000    2526.125    1983.274     292.983     292.966     293.000     293.000     293.000
 1.24100E-03    1572.396    2802.084     293.000    2539.497    1877.763     293.010     292.970     293.000     293.000     293.000
 1.26100E-03    1564.454    2618.571     293.000    2335.689    1700.488     293.058     292.972     293.000     293.000     293.000
 1.28100E-03    1547.789    2487.414     293.000    2188.168    1601.021     293.142     292.973     293.001     293.001     292.999
 1.30100E-03    1531.825    2386.548     293.000    2080.212    1544.361     293.273     292.969     293.001     293.001     292.999
 1.32100E-03    1531.825    2281.103     293.000    1991.953    1468.130     293.479     292.968     293.001     293.001     292.999
 1.34100E-03    1531.825    2182.370     293.000    1918.331    1409.080     293.782     292.967     293.001     293.001     292.999
 1.36100E-03    1531.825    2096.406     293.000    1855.940    1359.677     294.210     292.968     293.001     293.001     292.999
 1.38100E-03    1531.825    2023.111     293.000    1803.360    1317.244     294.793     292.973     293.001     293.001     292.999
 1.40100E-03    1531.825    1962.935     293.000    1760.549    1280.719     295.560     292.980     293.001     293.001     292.999
 1.42100E-03    1531.825    1912.858     293.000    1727.329    1248.881     296.539     292.993     293.001     293.001     292.999
 1.44100E-03    1425.950    1871.368     293.000    1701.899    1220.932     297.757     293.013     293.003     293.003     292.999
 1.46100E-03    1425.950    1836.700     293.000    1682.186    1196.121     299.235     293.041     293.003     293.003     292.999
 1.48100E-03    1425.950    1807.147     293.000    1666.007    1173.890     300.991     293.082     293.003     293.003     292.999
 1.50100E-03    1425.950    1781.389     293.000    1652.526    1153.827     303.037     293.138     293.003     293.003     292.999
 1.52100E-03    1425.950    1758.417     293.000    1640.287    1135.609     305.381     293.212     293.003     293.003     292.999
 1.54100E-03    1425.950    1737.615     293.000    1630.649    1118.970     308.026     293.309     293.003     293.003     292.999
 1.56100E-03    1425.950    1718.941     293.000    1621.171    1103.718     310.969     293.432     293.003     293.003     292.999
 1.58100E-03    1425.950    1701.674     293.000    1614.375    1089.651     314.206     293.586     293.003     293.003     292.999
 1.60100E-03    1340.921    1685.782     293.000    1604.974    1076.617     317.727     293.775     293.006     293.006     292.999
 1.62100E-03    1340.921    1671.934     293.000    1594.446    1064.531     321.520     294.002     293.006     293.006     292.999
 1.64100E-03    1340.921    1659.303     293.000    1579.582    1053.243     325.572     294.272     293.006     293.006     292.999
 1.66100E-03    1340.921    1648.441     293.000    1565.044    1042.696     329.865     294.589     293.006     293.006     292.999
 1.68100E-03    1340.921    1639.246     293.000    1541.006    1032.801     334.382     294.955     293.006     293.006     292.999
 1.70100E-03    1340.921    1632.030     293.000    1523.017    1023.499     339.106     295.375     293.006     293.006     292.999
 1.72100E-03    1340.921    1626.856     293.000    1506.521    1014.735     344.018     295.850     293.006     293.006     292.999
 1.74100E-03    1340.921    1623.668     293.000    1489.714    1006.461     349.098     296.384     293.006     293.006     292.999
 1.76100E-03    1269.439    1622.379     293.000    1475.851     998.636     354.330     296.977     293.013     293.010     292.999
 1.78100E-03    1269.439    1621.366     293.000    1461.987     991.225     359.694     297.633     293.013     293.010     292.999
 1.80100E-03    1269.439    1620.062     293.000    1449.219     984.188     365.173     298.351     293.013     293.010     292.999
 1.82100E-03    1269.439    1618.464     293.000    1437.931     977.513     370.750     299.132     293.013     293.010     292.999
 1.84100E-03    1269.439    1616.559     293.000    1426.744     971.155     376.409     299.978     293.013     293.010     292.999
 1.86100E-03    1269.439    1614.352     293.000    1415.991     965.094     382.136     300.888     293.013     293.010     292.999
 1.88100E-03    1269.439    1611.860     293.000    1406.154     959.321     387.916     301.861     293.013     293.010     292.999
 1.90100E-03    1269.439    1609.050     293.000    1396.729     953.797     393.736     302.897     293.013     293.010     292.999
 1.92100E-03    1207.122    1605.849     293.000    1387.345     948.512     399.583     303.994     293.027     293.015     293.000
 1.94100E-03    1207.122    1602.305     293.000    1378.362     943.447     405.447     305.153     293.027     293.015     293.000
 1.96100E-03    1207.122    1598.462     293.042    1369.827     938.586     411.316     306.371     293.027     293.015     293.000
 1.98100E-03    1207.122    1593.960     303.165    1361.405     933.912     417.181     307.646     293.027     293.015     293.000
 2.00100E-03    1207.122    1588.968     839.523    1353.109     929.413     423.033     308.977     293.027     293.015     293.000
 2.02100E-03    1207.122    1583.685    2044.747    1345.041     925.074     428.864     310.362     293.027     293.015     293.000
 2.04100E-03    1207.122    1576.910    2858.301    1337.095     920.893     434.666     311.798     293.027     293.015     293.000
 2.06100E-03    1207.122    1569.235    2716.382    1329.140     916.842     440.433     313.285     293.027     293.015     293.000
 2.08100E-03    1151.952    1558.910    2557.754    1321.109     912.919     446.159     314.818     293.061     293.020     293.004
 2.10100E-03    1151.952    1539.612    2447.826    1313.227     909.260     451.835     316.395     293.061     293.020     293.004
 2.12100E-03    1151.952    1539.612    2347.421    1313.227     909.260     451.835     316.395     293.061     293.020     293.004
 2.14100E-03    1151.952    1539.612    2244.344    1313.227     909.260     451.835     316.395     293.061     293.020     293.004
 2.16100E-03    1151.952    1539.612    2148.633    1313.227     909.260     451.835     316.395     293.061     293.020     293.004
 2.18100E-03    1151.952    1539.612    2066.361    1313.227     909.260     451.835     316.395     293.061     293.020     293.004
 2.20100E-03    1151.952    1539.612    1997.531    1313.227     909.260     451.835     316.395     293.061     293.020     293.004
 2.22100E-03    1151.952    1539.612    1940.693    1313.227     909.260     451.835     316.395     293.061     293.020     293.004
 2.24100E-03    1102.658    1431.342    1893.958    1259.621     889.532     488.471     328.842     293.123     293.017     293.004
 2.26100E-03    1102.658    1431.342    1855.430    1259.621     889.532     488.471     328.842     293.123     293.017     293.004
 2.28100E-03    1102.658    1431.342    1823.136    1259.621     889.532     488.471     328.842     293.123     293.017     293.004
 2.30100E-03    1102.658    1431.342    1796.021    1259.621     889.532     488.471     328.842     293.123     293.017     293.004
 2.32100E-03    1102.658    1431.342    1771.773    1259.621     889.532     488.471     328.842     293.123     293.017     293.004
 2.34100E-03    1102.658    1431.342    1750.342    1259.621     889.532     488.471     328.842     293.123     293.017     293.004
 2.36100E-03    1102.658    1431.342    1731.022    1259.621     889.532     488.471     328.842     293.123     293.017     293.004
 2.38100E-03    1102.658    1431.342    1712.930    1259.621     889.532     488.471     328.842     293.123     293.017     293.004
 2.40100E-03    1058.322    1346.170    1696.303    1201.586     869.306     525.221     344.084     293.241     293.011     293.008
 2.42100E-03    1058.322    1346.170    1681.039    1201.586     869.306     525.221     344.084     293.241     293.011     293.008
 2.44100E-03    1058.322    1346.170    1667.268    1201.586     869.306     525.221     344.084     293.241     293.011     293.008
 2.46100E-03    1058.322    1346.170    1655.041    1201.586     869.306     525.221     344.084     293.241     293.011     293.008
 2.48100E-03    1058.322    1346.170    1644.387    1201.586     869.306     525.221     344.084     293.241     293.011     293.008
 2.50100E-03    1058.322    1346.170    1635.410    1201.586     869.306     525.221     344.084     293.241     293.011     293.008
 2.52100E-03    1058.322    1346.170    1628.412    1201.586     869.306     525.221     344.084     293.241     293.011     293.008
 2.54100E-03    1058.322    1346.170    1623.889    1201.586     869.306     525.221     344.084     293.241     293.011     293.008
 2.56100E-03    1018.235    1274.353    1622.328    1147.817     849.492     556.707     359.616     293.441     293.003     293.020
 2.58100E-03    1018.235    1274.353    1621.265    1147.817     849.492     556.707     359.616     293.441     293.003     293.020
 2.60100E-03    1018.235    1274.353    1619.924    1147.817     849.492     556.707     359.616     293.441     293.003     293.020
 2.62100E-03    1018.235    1274.353    1618.305    1147.817     849.492     556.707     359.616     293.441     293.003     293.020
 2.64100E-03    1018.235    1274.353    1616.399    1147.817     849.492     556.707     359.616     293.441     293.003     293.020
 2.66100E-03    1018.235    1274.353    1614.179    1147.817     849.492     556.707     359.616     293.441     293.003     293.020
 2.68100E-03    1018.235    1274.353    1611.653    1147.817     849.492     556.707     359.616     293.441     293.003     293.020
 2.70100E-03    1018.235    1274.353    1608.833    1147.817     849.492     556.707     359.616     293.441     293.003     293.020
 2.72100E-03     981.827    1211.688    1605.623    1099.055     830.192     583.153     374.936     293.749     292.993     293.040
 2.74100E-03     981.827    1211.688    1602.041    1099.055     830.192     583.153     374.936     293.749     292.993     293.040
 2.76100E-03     981.827    1211.688    1598.160    1099.055     830.192     583.153     374.936     293.749     292.993     293.040
 2.78100E-03     981.827    1211.688    1593.738    1099.055     830.192     583.153     374.936     293.749     292.993     293.040
 2.80100E-03     981.827    1211.688    1588.743    1099.055     830.192     583.153     374.936     293.749     292.993     293.040
 2.82100E-03     981.827    1211.688    1583.443    1099.055     830.192     583.153     374.936     293.749     292.993     293.040
 2.84100E-03     981.827    1211.688    1577.042    1099.055     830.192     583.153     374.936     293.749     292.993     293.040
 2.86100E-03     981.827    1211.688    1569.559    1099.055     830.192     583.153     374.936     293.749     292.993     293.040
 2.88100E-03     948.632    1156.191    1560.800    1054.954     811.571     604.938     389.704     294.187     292.982     293.072
 2.90100E-03     948.632    1156.191    1543.698    1054.954     811.571     604.938     389.704     294.187     292.982     293.072
 2.92100E-03     948.632    1156.191    1518.073    1054.954     811.571     604.938     389.704     294.187     292.982     293.072
 2.94100E-03     948.632    1156.191    1493.640    1054.954     811.571     604.938     389.704     294.187     292.982     293.072
 2.96100E-03     948.632    1156.191    1471.547    1054.954     811.571     604.938     389.704     294.187     292.982     293.072
 2.98100E-03     948.632    1156.191    1451.806    1054.954     811.571     604.938     389.704     294.187     292.982     293.072
 3.00100E-03     948.632    1156.191    1432.977    1054.954     811.571     604.938     389.704     294.187     292.982     293.072
 3.02100E-03     948.632    1156.191    1415.645    1054.954     811.571     604.938     389.704     294.187     292.982     293.072
 3.04100E-03     918.262    1106.598    1398.652    1014.996     793.738     622.509     403.692     294.772     292.969     293.117
 3.06100E-03     918.262    1106.598    1382.891    1014.996     793.738     622.509     403.692     294.772     292.969     293.117
 3.08100E-03     918.262    1106.598    1367.276    1014.996     793.738     622.509     403.692     294.772     292.969     293.117
 3.10100E-03     918.262    1106.598    1352.257    1014.996     793.738     622.509     403.692     294.772     292.969     293.117
 3.12100E-03     918.262    1106.598    1337.779    1014.996     793.738     622.509     403.692     294.772     292.969     293.117
 3.14100E-03     918.262    1106.598    1323.789    1014.996     793.738     622.509     403.692     294.772     292.969     293.117
 3.16100E-03     918.262    1106.598    1310.244    1014.996     793.738     622.509     403.692     294.772     292.969     293.117
 3.18100E-03     918.262    1106.598    1297.111    1014.996     793.738     622.509     403.692     294.772     292.969     293.117
 3.20100E-03     890.386    1061.993    1284.363     978.681     776.747     636.335     416.756     295.513     292.955     293.178
 3.22100E-03     890.386    1061.993    1271.974     978.681     776.747     636.335     416.756     295.513     292.955     293.178
 3.24100E-03     890.386    1061.993    1260.180     978.681     776.747     636.335     416.756     295.513     292.955     293.178
 3.26100E-03     890.386    1061.993    1248.551     978.681     776.747     636.335     416.756     295.513     292.955     293.178
 3.28100E-03     890.386    1061.993    1237.573     978.681     776.747     636.335     416.756     295.513     292.955     293.178
 3.30100E-03     890.386    1061.993    1226.827     978.681     776.747     636.335     416.756     295.513     292.955     293.178
 3.32100E-03     890.386    1042.021    1216.935     962.910     769.139     644.212     425.071     295.935     292.955     293.178
 3.34100E-03     890.386    1035.222    1206.778     958.009     766.896     645.506     426.484     296.009     292.955     293.178
 3.36100E-03     864.725    1027.861    1196.963     952.556     764.394     646.772     427.908     296.136     292.946     293.260
 3.38100E-03     864.725    1020.420    1187.829     946.886     761.773     648.005     429.338     296.255     292.946     293.260
 3.40100E-03     864.725    1013.090    1179.466     941.162     759.101     649.203     430.766     296.367     292.946     293.260
 3.42100E-03     864.725    1005.870    1171.899     935.458     756.415     650.362     432.191     296.474     292.946     293.260
 3.44100E-03     864.725     998.843    1165.172     929.830     753.737     651.482     433.608     296.576     292.946     293.260
 3.46100E-03     864.725     992.079    1159.307     924.319     751.082     652.561     435.016     296.675     292.946     293.260
 3.48100E-03     864.725     985.402    1154.188     918.898     748.450     653.598     436.413     296.771     292.946     293.260
 3.50099E-03     864.725     979.063    1149.884     913.631     745.857     654.593     437.798     296.865     292.946     293.260
 3.52099E-03     841.038     972.705    1146.209     908.436     743.284     655.547     439.171     297.020     292.938     293.362
 3.54099E-03     841.038     966.632    1143.197     903.377     740.747     656.458     440.530     297.165     292.938     293.362
 3.56099E-03     841.038     960.628    1140.742     898.405     738.236     657.326     441.876     297.300     292.938     293.362
 3.58099E-03     841.038     954.843    1138.806     893.555     735.760     658.153     443.207     297.428     292.938     293.362
 3.60099E-03     841.038     949.135    1137.302     888.791     733.309     658.938     444.523     297.550     292.938     293.362
 3.62099E-03     841.038     943.546    1136.170     884.117     730.887     659.681     445.825     297.668     292.938     293.362
 3.64099E-03     841.038     937.988    1135.353     879.514     728.487     660.383     447.111     297.781     292.938     293.362
 3.66099E-03     841.038     932.580    1134.777     874.998     726.114     661.044     448.382     297.891     292.938     293.362
 3.68099E-03     828.764     927.495    1134.402     870.634     723.800     661.665     449.637     298.072     292.934     293.473
 3.70099E-03     828.764     922.268    1134.153     866.277     721.479     662.246     450.876     298.240     292.934     293.473
 3.72099E-03     828.764     917.219    1133.992     862.014     719.189     662.787     452.099     298.397     292.934     293.473
 3.74099E-03     828.764     912.203    1133.894     857.808     716.919     663.290     453.305     298.545     292.934     293.473
 3.76099E-03     828.764     907.382    1133.816     853.699     714.681     663.753     454.496     298.686     292.934     293.473
 3.78099E-03     828.764     902.590    1133.745     849.644     712.463     664.179     455.669     298.820     292.934     293.473
 3.80099E-03     828.764     897.891    1133.657     845.658     710.268     664.568     456.827     298.950     292.934     293.473
 3.82099E-03     828.764     893.239    1133.540     841.728     708.095     664.919     457.967     299.075     292.934     293.473
 3.84099E-03     816.938     888.854    1133.403     837.926     705.975     665.235     459.092     299.282     292.931     293.601
 3.86099E-03     816.938     884.376    1133.195     834.128     703.849     665.514     460.199     299.473     292.931     293.601
 3.88099E-03     816.938     879.961    1132.929     830.386     701.744     665.759     461.289     299.651     292.931     293.601
 3.90099E-03     816.938     875.582    1132.600     826.691     699.658     665.969     462.363     299.818     292.931     293.601
 3.92099E-03     816.938     871.298    1132.210     823.055     697.595     666.145     463.420     299.976     292.931     293.601
 3.94099E-03     816.938     867.091    1131.756     819.473     695.553     666.288     464.460     300.126     292.931     293.601
 3.96099E-03     816.938     862.916    1131.231     815.935     693.530     666.399     465.483     300.271     292.931     293.601
 3.98099E-03     816.938     858.899    1130.657     812.470     691.534     666.478     466.489     300.409     292.931     293.601
 4.00099E-03     803.697     855.015    1130.048     809.087     689.577     666.525     467.479     300.641     292.929     293.749
 4.02099E-03     799.850     851.115    1129.350     805.727     687.623     666.542     468.451     300.853     292.929     293.749
 4.04099E-03     795.939     847.226    1128.578     802.405     685.687     666.529     469.407     301.050     292.929     293.749
 4.06099E-03     792.180     843.445    1127.751     799.157     683.790     666.569     470.350     301.234     292.929     293.749
 4.08099E-03     788.533     839.774    1126.857     796.019     681.978     686.446     471.926     301.409     292.929     293.749
 4.10099E-03     785.013     836.413    1125.906     793.174     680.428    1428.708     498.375     301.575     292.929     293.749
 4.12099E-03     781.583     833.296    1124.890     790.788     679.329    2420.194     627.775     301.740     292.929     293.749
 4.14099E-03     778.247     830.234    1123.815     788.974     678.817    2952.908     716.544     301.895     292.929     293.749
 4.16100E-03     775.058     827.089    1122.729     787.790     678.977    2746.246     760.118     302.150     292.964     293.961
 4.18100E-03     771.852     824.224    1121.528     787.686     680.273    2563.442     901.170     302.381     292.964     293.961
 4.20100E-03     768.743     821.846    1120.290     788.665     682.717    2429.540    1028.442     302.593     292.964     293.961
 4.22100E-03     765.666     820.102    1118.979     790.805     686.388    2323.090    1134.250     302.793     292.964     293.961
 4.24100E-03     762.696     818.977    1117.646     793.845     691.019    2240.418    1218.491     302.980     292.964     293.961
 4.26100E-03     759.752     818.542    1116.244     797.724     696.521    2170.225    1284.396     303.158     292.964     293.961
 4.28100E-03     756.894     818.762    1114.815     802.176     702.602    2109.315    1335.872     303.327     292.964     293.961
 4.30100E-03     754.052     819.709    1113.315     807.134     709.153    2053.489    1375.844     303.489     292.964     293.961
 4.32100E-03     751.219     821.408    1111.740     812.462     715.999    2001.722    1406.481     303.766     292.984     294.165
 4.34100E-03     748.478     823.629    1110.158     817.912     722.864    1957.276    1429.827     304.019     292.984     294.165
 4.36100E-03     745.778     826.411    1108.563     823.455     729.684    1918.099    1447.264     304.251     292.984     294.165
 4.38100E-03     743.104     829.711    1106.982     829.025     736.371    1883.697    1459.924     304.468     292.984     294.165
 4.40100E-03     740.462     833.440    1105.953     834.553     742.837    1853.507    1468.744     304.672     292.984     294.165
 4.42100E-03     737.860     837.499    1105.953     839.985     749.023    1826.838    1474.497     304.865     292.984     294.165
 4.44100E-03     735.288     841.839    1105.953     845.296     754.903    1802.730    1477.781     305.048     292.984     294.165
 4.46100E-03     732.775     846.300    1105.953     850.424     760.428    1781.448    1479.183     305.224     292.984     294.165
 4.48100E-03     730.264     850.988    1099.652     855.412     765.640    1761.172    1479.008     305.527     293.008     294.393
 4.50100E-03     727.837     855.598    1099.652     860.158     770.468    1743.591    1477.755     305.804     293.008     294.393
 4.52100E-03     725.420     860.290    1099.652     864.725     774.980    1726.946    1475.651     306.061     293.008     294.393
 4.54100E-03     723.059     864.894    1099.652     869.059     779.146    1711.803    1472.976     306.302     293.008     294.393
 4.56100E-03     720.709     869.500    1099.652     873.201     783.016    1697.504    1469.877     306.531     293.008     294.393
 4.58100E-03     718.382     874.039    1099.652     877.136     786.594    1684.419    1466.537     306.750     293.008     294.393
 4.60100E-03     716.081     878.482    1099.652     880.865     789.892    1672.618    1463.103     306.962     293.008     294.393
 4.62100E-03     713.813     882.792    1099.652     884.386     792.923    1662.165    1459.724     307.168     293.008     294.393
 4.64100E-03     711.545     887.042    1088.694     887.726     795.717    1652.573    1456.477     307.524     293.032     294.643
 4.66100E-03     709.323     891.091    1088.694     890.861     798.269    1644.441    1453.532     307.855     293.032     294.643
 4.68100E-03     707.132     894.979    1088.694     893.804     800.601    1637.589    1451.072     308.167     293.032     294.643
 4.70100E-03     704.959     898.727    1088.694     896.569     802.730    1631.944    1449.249     308.465     293.032     294.643
 4.72100E-03     702.838     902.257    1088.694     899.143     804.660    1627.660    1447.898     308.752     293.032     294.643
 4.74100E-03     700.718     905.681    1088.694     901.561     806.419    1624.590    1446.895     309.031     293.032     294.643
 4.76100E-03     698.650     908.891    1088.694     903.805     808.006    1622.945    1446.144     309.306     293.032     294.643
 4.78100E-03     696.579     912.000    1088.694     905.909     809.446    1622.365    1445.563     309.579     293.032     294.643
 4.80100E-03     694.519     914.985    1075.949     907.872     810.746    1621.632    1445.091     310.041     293.055     294.918
 4.82100E-03     692.512     917.757    1075.949     909.686     811.906    1620.716    1444.676     310.477     293.055     294.918
 4.84100E-03     690.520     920.397    1075.949     911.372     812.945    1619.606    1444.277     310.892     293.055     294.918
 4.86100E-03     688.548     922.904    1075.949     912.934     813.870    1618.293    1443.848     311.292     293.055     294.918
 4.88100E-03     686.612     925.276    1075.949     914.379     814.690    1616.772    1443.356     311.680     293.055     294.918
 4.90100E-03     684.701     927.526    1075.949     915.714     815.413    1615.036    1442.778     312.061     293.055     294.918
 4.92100E-03     682.725     929.650    1075.949     916.942     816.045    1613.062    1442.095     312.437     293.055     294.918
 4.94100E-03     681.372     931.613    1075.949     918.064     816.591    1610.834    1441.248     312.810     293.055     294.918
 4.96100E-03     679.758     933.480    1061.937     919.092     817.060    1608.358    1440.228     313.431     293.077     295.215
 4.98100E-03     678.438     935.183    1061.937     920.018     817.452    1605.621    1439.033     314.017     293.077     295.215
 5.00100E-03     677.516     936.807    1061.937     920.860     817.780    1602.544    1437.598     314.574     293.077     295.215
 5.02100E-03     677.025     938.283    1061.937     921.609     818.041    1599.157    1435.852     315.110     293.077     295.215
 5.04100E-03     677.162     939.671    1061.937     922.280     818.246    1595.485    1433.844     315.629     293.077     295.215
 5.06100E-03     677.947     940.950    1061.937     922.870     818.395    1591.271    1431.251     316.135     293.077     295.215
 5.08100E-03     679.381     942.117    1061.937     923.383     818.492    1586.561    1427.978     316.631     293.077     295.215
 5.10100E-03     681.511     943.193    1061.937     923.823     818.543    1581.463    1423.702     317.120     293.077     295.215
 5.12100E-03     684.336     944.183    1047.069     924.195     818.550    1574.813    1418.549     317.927     293.097     295.537
 5.14100E-03     687.755     945.072    1047.069     924.498     818.514    1566.944    1412.695     318.683     293.097     295.537
 5.16100E-03     691.675     945.849    1047.069     924.731     818.440    1552.400    1406.308     319.397     293.097     295.537
 5.18100E-03     696.095     946.333    1047.069     924.866     818.381    1535.814    1400.311     320.021     293.097     295.537
 5.20100E-03     700.862     946.333    1047.069     924.866     818.381    1535.814    1400.311     320.021     293.097     295.537
 5.22100E-03     706.078     946.333    1047.069     924.866     818.381    1535.814    1400.311     320.021     293.097     295.537
 5.24100E-03     711.500     946.333    1047.069     924.866     818.381    1535.814    1400.311     320.021     293.097     295.537
 5.26100E-03     717.189     946.333    1047.069     924.866     818.381    1535.814    1400.311     320.021     293.097     295.537
 5.28100E-03     723.138     948.097    1031.676     924.719     817.429    1453.086    1366.091     324.492     293.107     295.875
 5.30100E-03     729.122     948.097    1031.676     924.719     817.429    1453.086    1366.091     324.492     293.107     295.875
 5.32100E-03     735.261     948.097    1031.676     924.719     817.429    1453.086    1366.091     324.492     293.107     295.875
 5.34100E-03     741.449     948.097    1031.676     924.719     817.429    1453.086    1366.091     324.492     293.107     295.875
 5.36100E-03     747.620     948.097    1031.676     924.719     817.429    1453.086    1366.091     324.492     293.107     295.875
 5.38100E-03     753.726     948.097    1031.676     924.719     817.429    1453.086    1366.091     324.492     293.107     295.875
 5.40100E-03     759.746     948.097    1031.676     924.719     817.429    1453.086    1366.091     324.492     293.107     295.875
 5.42100E-03     765.656     948.097    1031.676     924.719     817.429    1453.086    1366.091     324.492     293.107     295.875
 5.44100E-03     771.454     948.068    1016.016     922.628     815.287    1377.741    1316.608     332.160     293.110     296.235
 5.46101E-03     777.084     948.068    1016.016     922.628     815.287    1377.741    1316.608     332.160     293.110     296.235
 5.48101E-03     782.551     948.068    1016.016     922.628     815.287    1377.741    1316.608     332.160     293.110     296.235
 5.50101E-03     787.848     948.068    1016.016     922.628     815.287    1377.741    1316.608     332.160     293.110     296.235
 5.52101E-03     792.966     948.068    1016.016     922.628     815.287    1377.741    1316.608     332.160     293.110     296.235
 5.54101E-03     797.899     948.068    1016.016     922.628     815.287    1377.741    1316.608     332.160     293.110     296.235
 5.56101E-03     802.649     948.068    1016.016     922.628     815.287    1377.741    1316.608     332.160     293.110     296.235
 5.58101E-03     807.211     948.068    1016.016     922.628     815.287    1377.741    1316.608     332.160     293.110     296.235
 5.60101E-03     811.618     945.596    1000.288     918.568     812.191    1315.543    1270.552     340.358     293.108     296.619
 5.62101E-03     815.805     945.596    1000.288     918.568     812.191    1315.543    1270.552     340.358     293.108     296.619
 5.64101E-03     819.306     945.596    1000.288     918.568     812.191    1315.543    1270.552     340.358     293.108     296.619
 5.66101E-03     822.102     945.596    1000.288     918.568     812.191    1315.543    1270.552     340.358     293.108     296.619
 5.68101E-03     824.370     945.596    1000.288     918.568     812.191    1315.543    1270.552     340.358     293.108     296.619
 5.70101E-03     826.281     945.596    1000.288     918.568     812.191    1315.543    1270.552     340.358     293.108     296.619
 5.72101E-03     827.936     945.596    1000.288     918.568     812.191    1315.543    1270.552     340.358     293.108     296.619
 5.74101E-03     829.346     945.596    1000.288     918.568     812.191    1315.543    1270.552     340.358     293.108     296.619
 5.76101E-03     831.760     941.075     984.643     912.908     808.222    1261.487    1227.783     348.931     293.103     297.030
 5.78101E-03     833.962     941.075     984.643     912.908     808.222    1261.487    1227.783     348.931     293.103     297.030
 5.80101E-03     835.245     941.075     984.643     912.908     808.222    1261.487    1227.783     348.931     293.103     297.030
 5.82101E-03     836.116     941.075     984.643     912.908     808.222    1261.487    1227.783     348.931     293.103     297.030
 5.84101E-03     836.116     941.075     984.643     912.908     808.222    1261.487    1227.783     348.931     293.103     297.030
 5.86101E-03     836.116     941.075     984.643     912.908     808.222    1261.487    1227.783     348.931     293.103     297.030
 5.88101E-03     836.116     941.075     984.643     912.908     808.222    1261.487    1227.783     348.931     293.103     297.030
 5.90101E-03     836.116     941.075     984.643     912.908     808.222    1261.487    1227.783     348.931     293.103     297.030
 5.92101E-03     845.774     934.916     969.194     906.005     803.509    1213.634    1188.174     357.704     293.094     297.467
 5.94101E-03     845.774     934.916     969.194     906.005     803.509    1213.634    1188.174     357.704     293.094     297.467
 5.96101E-03     845.774     934.916     969.194     906.005     803.509    1213.634    1188.174     357.704     293.094     297.467
 5.98101E-03     845.774     934.916     969.194     906.005     803.509    1213.634    1188.174     357.704     293.094     297.467
 6.00101E-03     845.774     934.916     969.194     906.005     803.509    1213.634    1188.174     357.704     293.094     297.467
 6.02101E-03     845.774     934.916     969.194     906.005     803.509    1213.634    1188.174     357.704     293.094     297.467
 6.04101E-03     845.774     934.916     969.194     906.005     803.509    1213.634    1188.174     357.704     293.094     297.467
 6.06101E-03     845.774     934.916     969.194     906.005     803.509    1213.634    1188.174     357.704     293.094     297.467
 6.08101E-03     855.028     927.487     954.023     898.169     798.192    1170.850    1151.529     366.525     293.082     297.932
 6.10101E-03     855.028     927.487     954.023     898.169     798.192    1170.850    1151.529     366.525     293.082     297.932
 6.12101E-03     855.028     927.487     954.023     898.169     798.192    1170.850    1151.529     366.525     293.082     297.932
 6.14101E-03     855.028     927.487     954.023     898.169     798.192    1170.850    1151.529     366.525     293.082     297.932
 6.16101E-03     855.028     927.487     954.023     898.169     798.192    1170.850    1151.529     366.525     293.082     297.932
 6.18101E-03     855.028     927.487     954.023     898.169     798.192    1170.850    1151.529     366.525     293.082     297.932
 6.20101E-03     855.028     927.487     954.023     898.169     798.192    1170.850    1151.529     366.525     293.082     297.932
 6.22101E-03     855.028     927.487     954.023     898.169     798.192    1170.850    1151.529     366.525     293.082     297.932
 6.24101E-03     860.070     919.091     939.187     889.646     792.400    1132.251    1117.592     375.269     293.067     298.425
 6.26101E-03     860.070     919.091     939.187     889.646     792.400    1132.251    1117.592     375.269     293.067     298.425
 6.28101E-03     860.070     919.091     939.187     889.646     792.400    1132.251    1117.592     375.269     293.067     298.425
 6.30101E-03     860.070     919.091     939.187     889.646     792.400    1117.267    1105.032     378.453     293.067     298.425
 6.32101E-03     860.070     919.091     939.187     889.646     792.400    1111.249    1100.725     379.518     293.067     298.425
 6.34101E-03     860.070     919.091     939.187     889.646     792.400    1105.169    1096.330     380.583     293.067     298.425
 6.36101E-03     860.070     919.091     939.187     889.646     792.400    1099.113    1091.862     381.649     293.067     298.425
 6.38101E-03     860.070     919.091     939.187     889.646     792.400    1093.217    1087.352     382.715     293.067     298.425
 6.40101E-03     861.244     910.416     924.727     881.410     786.784    1087.281    1082.802     383.779     293.058     298.953
 6.42101E-03     861.244     910.416     924.727     881.410     786.784    1081.613    1078.246     384.843     293.058     298.953
 6.44101E-03     861.244     910.416     924.727     881.410     786.784    1075.976    1073.686     385.905     293.058     298.953
 6.46101E-03     861.244     910.416     924.727     881.410     786.784    1070.499    1069.139     386.964     293.058     298.953
 6.48101E-03     861.244     910.416     924.727     881.410     786.784    1065.074    1064.606     388.021     293.058     298.953
 6.50101E-03     861.244     910.416     924.727     881.410     786.784    1059.786    1060.099     389.076     293.058     298.953
 6.52101E-03     861.244     910.416     924.727     881.410     786.784    1054.597    1055.621     390.127     293.058     298.953
 6.54101E-03     861.244     910.416     924.727     881.410     786.784    1049.518    1051.179     391.176     293.058     298.953
 6.56101E-03     859.525     900.613     910.669     871.886     780.188    1044.460    1046.768     392.221     293.050     299.508
 6.58101E-03     859.525     900.613     910.669     871.886     780.188    1039.570    1042.399     393.263     293.050     299.508
 6.60101E-03     859.525     900.613     910.669     871.886     780.188    1034.826    1038.080     394.301     293.050     299.508
 6.62101E-03     859.525     900.613     910.669     871.886     780.188    1030.097    1033.803     395.336     293.050     299.508
 6.64101E-03     859.525     900.613     910.669     871.886     780.188    1025.479    1029.572     396.366     293.050     299.508
 6.66101E-03     859.525     900.613     910.669     871.886     780.188    1020.894    1025.383     397.392     293.050     299.508
 6.68101E-03     859.525     900.613     910.669     871.886     780.188    1016.404    1021.240     398.415     293.050     299.508
 6.70101E-03     859.525     900.613     910.669     871.886     780.188    1011.959    1017.138     399.432     293.050     299.508
 6.72101E-03     856.349     890.147     897.028     861.726     773.046    1007.513    1013.072     400.446     293.042     300.092
 6.74101E-03     856.349     890.147     897.028     861.726     773.046    1003.206    1009.050     401.454     293.042     300.092
 6.76101E-03     856.349     890.147     897.028     861.726     773.046     998.958    1005.072     402.458     293.042     300.092
 6.78102E-03     856.349     890.147     897.028     861.726     773.046     994.792    1001.138     403.457     293.042     300.092
 6.80102E-03     856.349     890.147     897.028     861.726     773.046     990.678     997.248     404.450     293.042     300.092
 6.82102E-03     856.349     890.147     897.028     861.726     773.046     986.695     993.409     405.439     293.042     300.092
 6.84102E-03     856.349     890.147     897.028     861.726     773.046     982.713     989.611     406.422     293.042     300.092
 6.86102E-03     856.349     890.147     897.028     861.726     773.046     978.823     985.860     407.399     293.042     300.092
 6.88102E-03     853.037     879.233     883.811     851.219     765.578     974.883     982.141     408.371     293.035     300.704
 6.90102E-03     853.037     879.233     883.811     851.219     765.578     971.109     978.470     409.338     293.035     300.704
 6.92102E-03     853.037     879.233     883.811     851.219     765.578     967.365     974.840     410.298     293.035     300.704
 6.94102E-03     853.037     879.233     883.811     851.219     765.578     963.663     971.251     411.253     293.035     300.704
 6.96102E-03     853.037     879.233     883.811     851.219     765.578     960.014     967.702     412.201     293.035     300.704
 6.98102E-03     853.037     879.233     883.811     851.219     765.578     956.416     964.193     413.144     293.035     300.704
 7.00102E-03     853.037     879.233     883.811     851.219     765.578     952.878     960.724     414.080     293.035     300.704
 7.02102E-03     853.037     879.233     883.811     851.219     765.578     949.378     957.294     415.010     293.035     300.704
 7.04102E-03     850.821     870.785     874.855     842.483     759.177     946.065     953.924     415.934     293.043     301.313
 7.06102E-03     850.821     870.785     874.855     842.483     759.177     942.804     951.097     416.852     293.043     301.313
 7.08102E-03     850.821     870.785     874.855     842.483     759.177     940.200     956.317     417.772     293.043     301.313
 7.10102E-03     850.821     870.785     874.855     842.483     759.177     937.554     974.094     418.692     293.043     301.313
 7.12102E-03     850.821     870.785     874.855     842.483     759.177     935.043     987.705     419.616     293.043     301.313
 7.14102E-03     850.821     870.785     874.855     842.483     759.177     932.458    1002.989     420.537     293.043     301.313
 7.16102E-03     850.821     870.785     874.855     842.483     759.177     930.325    1020.639     421.477     293.043     301.313
 7.18102E-03     850.821     870.785     874.855     842.483     759.177     928.848    1039.567     422.453     293.043     301.313
 7.20102E-03     848.938     861.938     865.130     833.703     752.691     928.119    1104.086     423.484     293.040     301.924
 7.22102E-03     848.938     861.938     865.130     833.703     752.691     928.104    1168.965     424.587     293.040     301.924
 7.24102E-03     848.938     861.938     865.130     833.703     752.691     928.849    1229.401     425.786     293.040     301.924
 7.26102E-03     848.938     861.938     865.130     833.703     752.691     930.339    1279.529     427.106     293.040     301.924
 7.28102E-03     848.938     861.938     865.130     833.703     752.691     932.533    1319.332     428.571     293.040     301.924
 7.30102E-03     848.938     861.938     865.130     833.703     752.691     935.274    1350.439     430.203     293.040     301.924
 7.32102E-03     848.938     861.938     865.130     833.703     752.691     938.616    1374.266     432.025     293.040     301.924
 7.34102E-03     848.938     861.938     865.130     833.703     752.691     942.326    1392.250     434.052     293.040     301.924
 7.36102E-03     846.850     850.259     852.343     823.375     745.363     946.604    1405.331     436.301     293.051     302.615
 7.38102E-03     846.850     850.259     852.343     823.375     745.363     950.960    1414.688     438.780     293.051     302.615
 7.40102E-03     846.850     850.259     852.343     823.375     745.363     955.557    1420.987     441.495     293.051     302.615
 7.42102E-03     846.850     850.259     852.343     823.375     745.363     960.269    1424.852     444.450     293.051     302.615
 7.44102E-03     846.850     850.259     852.343     823.375     745.363     965.102    1426.769     447.643     293.051     302.615
 7.46102E-03     846.850     850.259     852.343     823.375     745.363     969.932    1427.184     451.072     293.051     302.615
 7.48102E-03     846.850     850.259     852.343     823.375     745.363     974.726    1426.431     454.727     293.051     302.615
 7.50102E-03     846.850     850.259     852.343     823.375     745.363     979.461    1424.769     458.601     293.051     302.615
 7.52102E-03     844.750     839.486     839.968     814.270     739.578     984.192    1422.365     462.684     293.065     303.329
 7.54102E-03     844.750     839.486     839.968     814.270     739.578     988.682    1419.481     466.961     293.065     303.329
 7.56102E-03     844.750     839.486     839.968     814.270     739.578     992.943    1416.280     471.419     293.065     303.329
 7.58102E-03     844.750     839.486     839.968     814.270     739.578     997.120    1412.843     476.045     293.065     303.329
 7.60102E-03     844.750     839.486     839.968     814.270     739.578    1001.067    1409.296     480.823     293.065     303.329
 7.62102E-03     844.750     839.486     839.968     814.270     739.578    1004.891    1405.710     485.738     293.065     303.329
 7.64102E-03     844.750     839.486     839.968     814.270     739.578    1008.521    1402.210     490.776     293.065     303.329
 7.66102E-03     844.750     839.486     839.968     814.270     739.578    1011.971    1398.934     495.922     293.065     303.329
 7.68102E-03     842.871     830.252     827.985     807.033     735.819    1015.338    1396.083     501.161     293.083     304.066
 7.70102E-03     842.871     830.252     827.985     807.033     735.819    1018.447    1393.842     506.479     293.083     304.066
 7.72102E-03     842.871     830.252     827.985     807.033     735.819    1021.390    1392.029     511.863     293.083     304.066
 7.74102E-03     842.871     830.252     827.985     807.033     735.819    1024.128    1390.516     517.301     293.083     304.066
 7.76102E-03     842.871     830.252     827.985     807.033     735.819    1026.735    1389.210     522.780     293.083     304.066
 7.78102E-03     842.871     830.252     827.985     807.033     735.819    1029.134    1388.036     528.290     293.083     304.066
 7.80102E-03     842.871     830.252     827.985     807.033     735.819    1031.397    1386.942     533.819     293.083     304.066
 7.82102E-03     842.871     830.252     827.985     807.033     735.819    1033.480    1385.880     539.358     293.083     304.066
 7.84102E-03     840.946     822.814     816.380     801.623     733.754    1035.483    1384.823     544.897     293.102     304.824
 7.86102E-03     840.946     822.814     816.380     801.623     733.754    1037.282    1383.744     550.429     293.102     304.824
 7.88102E-03     840.946     822.814     816.380     801.623     733.754    1038.956    1382.621     555.946     293.102     304.824
 7.90102E-03     840.946     822.814     816.380     801.623     733.754    1040.493    1381.432     561.440     293.102     304.824
 7.92102E-03     840.946     822.814     816.380     801.623     733.754    1041.911    1380.160     566.904     293.102     304.824
 7.94102E-03     840.946     822.814     816.380     801.623     733.754    1043.205    1378.798     572.335     293.102     304.824
 7.96102E-03     840.946     822.814     816.380     801.623     733.754    1044.382    1377.337     577.725     293.102     304.824
 7.98102E-03     840.946     822.814     816.380     801.623     733.754    1045.450    1375.734     583.070     293.102     304.824
 8.00102E-03     838.883     817.027     805.288     797.635     732.768    1046.417    1373.991     588.367     293.121     305.601
 8.02102E-03     838.883     817.027     805.288     797.635     732.768    1047.267    1372.116     593.610     293.121     305.601
 8.04102E-03     838.883     817.027     805.288     797.635     732.768    1047.991    1370.021     598.797     293.121     305.601
 8.06102E-03     838.883     817.027     805.288     797.635     732.768    1048.634    1367.691     603.924     293.121     305.601
 8.08102E-03     838.883     817.027     805.288     797.635     732.768    1049.171    1365.166     608.989     293.121     305.601
 8.10102E-03     838.883     817.027     805.288     797.635     732.768    1049.625    1362.014     613.989     293.121     305.601
 8.12102E-03     838.883     817.027     805.288     797.635     732.768    1049.988    1358.239     618.923     293.121     305.601
 8.14102E-03     838.883     817.027     805.288     797.635     732.768    1050.266    1353.808     623.788     293.121     305.601
 8.16103E-03     836.622     812.543     794.523     794.609     732.319    1050.466    1348.796     628.584     293.141     306.397
 8.18103E-03     836.622     812.543     794.523     794.609     732.319    1050.575    1343.325     633.308     293.141     306.397
 8.20103E-03     836.622     812.543     794.523     794.609     732.319    1050.606    1337.462     637.960     293.141     306.397
 8.22103E-03     836.622     812.543     794.523     794.609     732.319    1050.566    1331.373     642.536     293.141     306.397
 8.24103E-03     836.622     812.543     794.523     794.609     732.319    1050.566    1331.373     642.536     293.141     306.397
 8.26103E-03     836.622     812.543     794.523     794.609     732.319    1050.566    1331.373     642.536     293.141     306.397
 8.28103E-03     836.622     812.543     794.523     794.609     732.319    1050.566    1331.373     642.536     293.141     306.397
 8.30103E-03     836.622     812.543     794.523     794.609     732.319    1050.566    1331.373     642.536     293.141     306.397
 8.32103E-03     834.130     808.445     784.736     791.689     731.903    1049.399    1301.547     663.591     293.153     307.206
 8.34103E-03     834.130     808.445     784.736     791.689     731.903    1049.399    1301.547     663.591     293.153     307.206
 8.36103E-03     834.130     808.445     784.736     791.689     731.903    1049.399    1301.547     663.591     293.153     307.206
 8.38103E-03     834.130     808.445     784.736     791.689     731.903    1049.399    1301.547     663.591     293.153     307.206
 8.40103E-03     834.130     808.445     784.736     791.689     731.903    1049.399    1301.547     663.591     293.153     307.206
 8.42103E-03     834.130     808.445     784.736     791.689     731.903    1049.399    1301.547     663.591     293.153     307.206
 8.44103E-03     834.130     808.445     784.736     791.689     731.903    1049.399    1301.547     663.591     293.153     307.206
 8.46103E-03     834.130     808.445     784.736     791.689     731.903    1049.399    1301.547     663.591     293.153     307.206
 8.48103E-03     831.388     805.311     775.982     789.333     731.422    1045.961    1261.788     692.540     293.157     308.026
 8.50103E-03     831.388     805.311     775.982     789.333     731.422    1045.961    1261.788     692.540     293.157     308.026
 8.52103E-03     831.388     805.311     775.982     789.333     731.422    1045.961    1261.788     692.540     293.157     308.026
 8.54103E-03     831.388     805.311     775.982     789.333     731.422    1045.961    1261.788     692.540     293.157     308.026
 8.56103E-03     831.388     805.311     775.982     789.333     731.422    1045.961    1261.788     692.540     293.157     308.026
 8.58103E-03     831.388     805.311     775.982     789.333     731.422    1045.961    1261.788     692.540     293.157     308.026
 8.60103E-03     831.388     805.311     775.982     789.333     731.422    1045.961    1261.788     692.540     293.157     308.026
 8.62103E-03     831.388     805.311     775.982     789.333     731.422    1045.961    1261.788     692.540     293.157     308.026
 8.64103E-03     828.390     802.627     769.427     787.240     730.888    1040.448    1226.249     716.942     293.156     308.863
 8.66103E-03     828.390     802.627     769.427     787.240     730.888    1040.448    1226.249     716.942     293.156     308.863
 8.68103E-03     828.390     802.627     769.427     787.240     730.888    1040.448    1226.249     716.942     293.156     308.863
 8.70103E-03     828.390     802.627     769.427     787.240     730.888    1040.448    1226.249     716.942     293.156     308.863
 8.72103E-03     828.390     802.627     769.427     787.240     730.888    1040.448    1226.249     716.942     293.156     308.863
 8.74103E-03     828.390     802.627     769.427     787.240     730.888    1040.448    1226.249     716.942     293.156     308.863
 8.76103E-03     828.390     802.627     769.427     787.240     730.888    1040.448    1226.249     716.942     293.156     308.863
 8.78103E-03     828.390     802.627     769.427     787.240     730.888    1040.448    1226.249     716.942     293.156     308.863
 8.80103E-03     825.143     800.210     764.489     785.263     730.253    1033.269    1194.032     737.166     293.151     309.716
 8.82103E-03     825.143     800.210     764.489     785.263     730.253    1033.269    1194.032     737.166     293.151     309.716
 8.84103E-03     825.143     800.210     764.489     785.263     730.253    1033.269    1194.032     737.166     293.151     309.716
 8.86103E-03     825.143     800.210     764.489     785.263     730.253    1033.269    1194.032     737.166     293.151     309.716
 8.88103E-03     825.143     800.210     764.489     785.263     730.253    1033.269    1194.032     737.166     293.151     309.716
 8.90103E-03     825.143     800.210     764.489     785.263     730.253    1033.269    1194.032     737.166     293.151     309.716
 8.92103E-03     825.143     800.210     764.489     785.263     730.253    1033.269    1194.032     737.166     293.151     309.716
 8.94103E-03     825.143     800.210     764.489     785.263     730.253    1033.269    1194.032     737.166     293.151     309.716
 8.96103E-03     821.661     797.934     760.935     783.303     729.478    1024.811    1164.588     753.614     293.142     310.585
 8.98103E-03     821.661     797.934     760.935     783.303     729.478    1024.811    1164.588     753.614     293.142     310.585
 9.00103E-03     821.661     797.934     760.935     783.303     729.478    1024.811    1164.588     753.614     293.142     310.585
 9.02103E-03     821.661     797.934     760.935     783.303     729.478    1024.811    1164.588     753.614     293.142     310.585
 9.04103E-03     821.661     797.934     760.935     783.303     729.478    1024.811    1164.588     753.614     293.142     310.585
 9.06103E-03     821.661     797.934     760.935     783.303     729.478    1024.811    1164.588     753.614     293.142     310.585
 9.08103E-03     821.661     797.934     760.935     783.303     729.478    1024.811    1164.588     753.614     293.142     310.585
 9.10103E-03     821.661     797.934     760.935     783.303     729.478    1024.811    1164.588     753.614     293.142     310.585
 9.12103E-03     817.959     795.702     758.451     781.296     728.535    1015.405    1137.495     766.697     293.129     311.470
 9.14103E-03     817.959     795.702     758.451     781.296     728.535    1015.405    1137.495     766.697     293.129     311.470
 9.16103E-03     817.959     795.702     758.451     781.296     728.535    1015.405    1137.495     766.697     293.129     311.470
 9.18103E-03     817.959     795.702     758.451     781.296     728.535    1015.405    1137.495     766.697     293.129     311.470
 9.20103E-03     817.959     795.702     758.451     781.296     728.535    1015.405    1125.817     772.210     293.129     311.470
 9.22103E-03     817.959     795.702     758.451     781.296     728.535    1015.405    1122.621     773.556     293.129     311.470
 9.24103E-03     817.959     795.702     758.451     781.296     728.535    1015.405    1119.224     774.867     293.129     311.470
 9.26103E-03     817.959     795.702     758.451     781.296     728.535    1015.405    1115.679     776.141     293.129     311.470
 9.28103E-03     814.059     793.483     756.671     779.232     727.446    1006.218    1112.017     777.376     293.122     312.377
 9.30103E-03     814.059     793.483     756.671     779.232     727.446    1006.218    1108.286     778.571     293.122     312.377
 9.32103E-03     814.059     793.483     756.671     779.232     727.446    1006.218    1104.515     779.725     293.122     312.377
 9.34103E-03     814.059     793.483     756.671     779.232     727.446    1006.218    1100.715     780.839     293.122     312.377
 9.36103E-03     814.059     793.483     756.671     779.232     727.446    1006.218    1096.912     781.912     293.122     312.377
 9.38103E-03     814.059     793.483     756.671     779.232     727.446    1006.218    1093.124     782.944     293.122     312.377
 9.40103E-03     814.059     793.483     756.671     779.232     727.446    1006.218    1089.378     783.935     293.122     312.377
 9.42103E-03     814.059     793.483     756.671     779.232     727.446    1006.218    1085.690     784.885     293.122     312.377
 9.44103E-03     809.982     791.182     755.416     777.037     726.158     995.416    1082.030     785.795     293.114     313.298
 9.46104E-03     809.982     791.182     755.416     777.037     726.158     995.416    1078.412     786.665     293.114     313.298
 9.48104E-03     809.982     791.182     755.416     777.037     726.158     995.416    1074.819     787.496     293.114     313.298
 9.50104E-03     809.982     791.182     755.416     777.037     726.158     995.416    1071.263     788.287     293.114     313.298
 9.52104E-03     809.982     791.182     755.416     777.037     726.158     995.416    1067.744     789.039     293.114     313.298
 9.54104E-03     809.982     791.182     755.416     777.037     726.158     995.416    1064.277     789.754     293.114     313.298
 9.56104E-03     809.982     791.182     755.416     777.037     726.158     995.416    1060.865     790.430     293.114     313.298
 9.58104E-03     809.982     791.182     755.416     777.037     726.158     995.416    1057.520     791.068     293.114     313.298
 9.60104E-03     805.751     788.766     754.439     774.692     724.670     983.886    1054.207     791.670     293.105     314.234
 9.62104E-03     805.751     788.766     754.439     774.692     724.670     983.886    1050.926     792.235     293.105     314.234
 9.64104E-03     805.751     788.766     754.439     774.692     724.670     983.886    1047.667     792.765     293.105     314.234
 9.66104E-03     805.751     788.766     754.439     774.692     724.670     983.886    1044.438     793.258     293.105     314.234
 9.68104E-03     805.751     788.766     754.439     774.692     724.670     983.886    1041.253     793.717     293.105     314.234
 9.70104E-03     805.751     788.766     754.439     774.692     724.670     983.886    1038.112     794.141     293.105     314.234
 9.72104E-03     805.751     788.766     754.439     774.692     724.670     983.886    1035.034     794.532     293.105     314.234
 9.74104E-03     805.751     788.766     754.439     774.692     724.670     983.886    1032.019     794.888     293.105     314.234
 9.76104E-03     801.388     786.207     753.576     772.180     722.976     971.956    1029.032     795.213     293.096     315.184
 9.78104E-03     801.388     786.207     753.576     772.180     722.976     971.956    1026.073     795.504     293.096     315.184
 9.80104E-03     801.388     786.207     753.576     772.180     722.976     971.956    1023.141     795.764     293.096     315.184
 9.82104E-03     801.388     786.207     753.576     772.180     722.976     971.956    1020.233     795.993     293.096     315.184
 9.84104E-03     801.388     786.207     753.576     772.180     722.976     971.956    1017.358     796.190     293.096     315.184
 9.86104E-03     801.388     786.207     753.576     772.180     722.976     971.956    1014.517     796.358     293.096     315.184
 9.88104E-03     801.388     786.207     753.576     772.180     722.976     971.956    1011.723     796.496     293.096     315.184
 9.90104E-03     801.388     786.207     753.576     772.180     722.976     971.956    1008.983     796.605     293.096     315.184
 9.92104E-03     796.940     783.503     752.725     769.507     721.092     959.866    1006.268     796.686     293.089     316.147
 9.94104E-03     796.940     783.503     752.725     769.507     721.092     959.866    1003.588     796.815     293.089     316.147
 9.96104E-03     796.940     783.503     752.725     769.507     721.092     959.866    1000.942     816.095     293.089     316.147
 9.98104E-03     796.940     783.503     752.725     769.507     721.092     959.866     998.409    1539.198     293.089     316.147
 1.00010E-02     796.940     783.503     752.725     769.507     721.092     959.866     995.994    2538.190     293.089     316.147
