# Thermal History - 10 Monitoring Points
# Columns: time(s)  T1..T10 (K)
# Point coordinates (nearest cell centres):
#  P 1:  x= 9.950E-04m  y= 4.950E-04m  z= 6.925E-04m   => i= 101  j=  51  k=  50
#  P 2:  x= 1.995E-03m  y= 4.950E-04m  z= 6.925E-04m   => i= 201  j=  51  k=  50
#  P 3:  x= 2.995E-03m  y= 4.950E-04m  z= 6.925E-04m   => i= 301  j=  51  k=  50
#  P 4:  x= 1.995E-03m  y= 4.950E-04m  z= 6.575E-04m   => i= 201  j=  51  k=  43
#  P 5:  x= 1.995E-03m  y= 4.950E-04m  z= 5.975E-04m   => i= 201  j=  51  k=  31
#  P 6:  x= 1.995E-03m  y= 5.950E-04m  z= 6.925E-04m   => i= 201  j=  61  k=  50
#  P 7:  x= 1.995E-03m  y= 6.450E-04m  z= 6.925E-04m   => i= 201  j=  66  k=  50
#  P 8:  x= 1.995E-03m  y= 7.950E-04m  z= 6.925E-04m   => i= 201  j=  81  k=  50
#  P 9:  x= 1.995E-03m  y= 1.495E-03m  z= 6.925E-04m   => i= 201  j= 151  k=  50
#  P10:  x= 1.995E-03m  y= 4.950E-04m  z= 1.747E-04m   => i= 201  j=  51  k=   4
#  time(s)    T 1(K)       T 2(K)       T 3(K)       T 4(K)       T 5(K)       T 6(K)       T 7(K)       T 8(K)       T 9(K)       T10(K)       
 2.10000E-05     293.000     293.000     293.000     293.000     293.000     293.000     293.000     293.000     293.000     293.000
 4.10000E-05     293.000     293.000     293.000     293.000     293.000     293.000     293.000     293.000     293.000     293.000
 6.10000E-05     293.000     293.000     293.000     293.000     293.000     293.000     293.000     293.000     293.000     293.000
 8.10000E-05     293.000     293.000     293.000     293.000     293.000     293.000     293.000     293.000     293.000     293.000
 1.01000E-04     293.000     293.000     293.000     293.000     293.000     293.000     293.000     293.000     293.000     293.000
 1.21000E-04     293.000     293.000     293.000     293.000     293.000     293.000     293.000     293.000     293.000     293.000
 1.41000E-04     293.000     293.000     293.000     293.000     293.000     293.000     293.000     293.000     293.000     293.000
 1.61000E-04     293.000     293.000     293.000     293.000     293.000     293.000     293.000     293.000     293.000     293.000
 1.81000E-04     293.000     293.000     293.000     293.000     293.000     293.000     293.000     293.000     293.000     293.000
 2.01000E-04     293.000     293.000     293.000     293.000     293.000     293.000     293.000     293.000     293.000     293.000
 2.21000E-04     293.000     293.000     293.000     293.000     293.000     293.000     293.000     293.000     293.000     293.000
 2.41000E-04     293.000     293.000     293.000     293.000     293.000     293.000     293.000     293.000     293.000     293.000
 2.61000E-04     293.000     293.000     293.000     293.000     293.000     293.000     293.000     293.000     293.000     293.000
 2.81000E-04     293.000     293.000     293.000     293.000     293.000     293.000     293.000     293.000     293.000     293.000
 3.01000E-04     293.000     293.000     293.000     293.000     293.000     293.000     293.000     293.000     293.000     293.000
 3.21000E-04     293.001     293.000     293.000     293.000     293.000     293.000     293.000     293.000     293.000     293.000
 3.41000E-04     293.239     293.000     293.000     293.000     293.000     293.000     293.000     293.000     293.000     293.000
 3.61000E-04     334.557     293.000     293.000     293.000     293.000     293.000     293.000     293.000     293.000     293.000
 3.81000E-04    1402.066     293.000     293.000     293.000     293.000     293.000     293.000     293.000     293.000     293.000
 4.01000E-04    2436.065     293.000     293.000     293.000     293.000     293.000     293.000     293.000     293.000     293.000
 4.21000E-04    2811.456     293.000     293.000     293.000     293.000     293.000     293.000     293.000     293.000     293.000
 4.41000E-04    2641.011     293.000     293.000     293.000     293.000     293.000     293.000     293.000     293.000     293.000
 4.61000E-04    2504.584     293.000     293.000     293.000     293.000     293.000     293.000     293.000     293.000     293.000
 4.81000E-04    2401.170     293.000     293.000     293.000     293.000     293.000     293.000     293.000     293.000     293.000
 5.01000E-04    2301.028     293.000     293.000     293.000     293.000     293.000     293.000     293.000     293.000     293.000
 5.21000E-04    2202.114     293.000     293.000     293.000     293.000     293.000     293.000     293.000     293.000     293.000
 5.41000E-04    2111.628     293.000     293.000     293.000     293.000     293.000     293.000     293.000     293.000     293.000
 5.61000E-04    2047.357     293.000     293.000     293.000     293.000     293.000     293.000     293.000     293.000     293.000
 5.81000E-04    1982.555     293.000     293.000     293.000     293.000     293.000     293.000     293.000     293.000     293.000
 6.01000E-04    1928.952     293.000     293.000     293.000     293.000     293.000     293.000     293.000     293.000     293.000
 6.21000E-04    1884.753     293.000     293.000     293.000     293.000     293.000     293.000     293.000     293.000     293.000
 6.41000E-04    1847.597     293.000     293.000     293.000     293.000     293.000     293.000     293.000     293.000     293.000
 6.61000E-04    1816.167     293.000     293.000     293.000     293.000     293.000     293.000     293.000     293.000     293.000
 6.81000E-04    1788.875     293.000     293.000     293.000     293.000     293.000     293.000     293.000     293.000     293.000
 7.01000E-04    1769.575     293.000     293.000     293.000     293.000     293.000     293.000     293.000     293.000     293.000
 7.21000E-04    1747.319     293.000     293.000     293.000     293.000     293.000     293.000     293.000     293.000     293.000
 7.41000E-04    1727.318     293.000     293.000     293.000     293.000     293.000     293.000     293.000     293.000     293.000
 7.61000E-04    1708.986     293.000     293.000     293.000     293.000     293.000     293.000     293.000     293.000     293.000
 7.81000E-04    1692.100     293.000     293.000     293.000     293.000     293.000     293.000     293.000     293.000     293.000
 8.01000E-04    1676.737     293.000     293.000     293.000     293.000     293.000     293.000     293.000     293.000     293.000
 8.21000E-04    1663.292     293.000     293.000     293.000     293.000     293.000     293.000     293.000     293.000     293.000
 8.41000E-04    1653.466     293.000     293.000     293.000     293.000     293.000     293.000     293.000     293.000     293.000
 8.61000E-04    1642.927     293.000     293.000     293.000     293.000     293.000     293.000     293.000     293.000     293.000
 8.81000E-04    1634.666     293.000     293.000     293.000     293.000     293.000     293.000     293.000     293.000     293.000
 9.01000E-04    1628.589     293.000     293.000     293.000     293.000     293.000     293.000     293.000     293.000     293.000
 9.21000E-04    1624.637     293.000     293.000     293.000     293.000     293.000     293.000     293.000     293.000     293.000
 9.41000E-04    1622.714     293.000     293.000     293.000     293.000     293.000     293.000     293.000     293.000     293.000
 9.61000E-04    1621.786     293.000     293.000     293.000     293.000     293.000     293.000     293.000     293.000     293.000
 9.81000E-04    1620.552     293.000     293.000     293.000     293.000     293.000     293.000     293.000     293.000     293.000
 1.00100E-03    1619.041     293.000     293.000     293.000     293.000     293.000     293.000     293.000     293.000     293.000
 1.02100E-03    1617.235     293.000     293.000     293.000     293.000     293.000     293.000     293.000     293.000     293.000
 1.04100E-03    1615.117     293.000     293.000     293.000     293.000     293.000     293.000     293.000     293.000     293.000
 1.06100E-03    1612.709     293.000     293.000     293.000     293.000     293.000     293.000     293.000     293.000     293.000
 1.08100E-03    1610.018     293.000     293.000     293.000     293.000     293.000     293.000     293.000     293.000     293.000
 1.10100E-03    1606.933     293.000     293.000     293.000     293.000     293.000     293.000     293.000     293.000     293.000
 1.12100E-03    1603.481     293.000     293.000     293.016     293.013     293.000     293.000     293.000     293.000     293.000
 1.14100E-03    1599.733     293.005     293.000     293.390     293.295     293.000     293.000     293.000     293.000     293.000
 1.16100E-03    1595.464     294.671     293.000     303.195     300.443     293.000     293.000     293.000     293.000     293.000
 1.18100E-03    1590.599     465.949     293.000     503.345     446.600     292.999     292.999     293.000     293.000     293.000
 1.20100E-03    1585.409    1793.119     293.000    1544.122    1281.748     292.976     292.967     293.000     293.000     293.000
 1.22100E-03    1579.322    2809.898     293.000    2526.694    1983.280     292.988     292.972     293.000     293.000     293.000
 1.24100E-03    1571.691    2802.470     293.000    2540.031    1877.769     293.013     292.974     293.000     293.000     293.000
 1.26100E-03    1563.634    2618.971     293.000    2336.013    1700.492     293.061     292.975     293.001     293.001     292.999
 1.28100E-03    1546.628    2487.735     293.000    2188.381    1601.021     293.145     292.976     293.001     293.001     292.999
 1.30100E-03    1530.861    2386.743     293.000    2080.349    1544.362     293.275     292.971     293.001     293.001     292.999
 1.32100E-03    1530.861    2281.265     293.000    1992.063    1468.132     293.481     292.970     293.001     293.001     292.999
 1.34100E-03    1530.861    2182.475     293.000    1918.419    1409.084     293.784     292.969     293.001     293.001     292.999
 1.36100E-03    1530.861    2096.509     293.000    1856.018    1359.683     294.212     292.970     293.001     293.001     292.999
 1.38100E-03    1530.861    2023.135     293.000    1803.365    1317.250     294.795     292.974     293.001     293.001     292.999
 1.40100E-03    1441.957    1962.235     293.000    1760.510    1280.726     295.562     292.982     293.004     293.004     292.998
 1.42100E-03    1441.957    1911.813     293.000    1726.973    1248.891     296.541     292.995     293.004     293.004     292.998
 1.44100E-03    1441.957    1870.198     293.000    1701.478    1220.941     297.759     293.014     293.004     293.004     292.998
 1.46100E-03    1441.957    1835.579     293.000    1681.807    1196.129     299.237     293.043     293.004     293.004     292.998
 1.48100E-03    1441.957    1806.100     293.000    1665.671    1173.896     300.993     293.084     293.004     293.004     292.998
 1.50100E-03    1441.957    1780.415     293.000    1652.222    1153.829     303.039     293.140     293.004     293.004     292.998
 1.52100E-03    1441.957    1757.524     293.000    1640.055    1135.607     305.383     293.214     293.004     293.004     292.998
 1.54100E-03    1360.174    1736.792     293.000    1630.411    1118.963     308.027     293.311     293.007     293.008     292.998
 1.56100E-03    1360.174    1718.072     293.000    1621.041    1103.696     310.971     293.434     293.007     293.008     292.998
 1.58100E-03    1360.174    1700.897     293.000    1614.203    1089.624     314.208     293.588     293.007     293.008     292.998
 1.60100E-03    1360.174    1685.267     293.000    1604.797    1076.594     317.729     293.777     293.007     293.008     292.998
 1.62100E-03    1360.174    1671.457     293.000    1594.213    1064.502     321.522     294.004     293.007     293.008     292.998
 1.64100E-03    1360.174    1658.963     293.000    1579.337    1053.211     325.573     294.274     293.007     293.008     292.998
 1.66100E-03    1360.174    1648.431     293.000    1564.806    1042.676     329.866     294.591     293.007     293.008     292.998
 1.68100E-03    1291.138    1639.379     293.000    1540.575    1032.777     334.383     294.957     293.011     293.011     292.998
 1.70100E-03    1291.138    1632.202     293.000    1522.767    1023.472     339.106     295.377     293.011     293.011     292.998
 1.72100E-03    1291.138    1627.003     293.000    1506.227    1014.706     344.017     295.852     293.011     293.011     292.998
 1.74100E-03    1291.138    1623.748     293.000    1489.500    1006.432     349.097     296.386     293.011     293.011     292.998
 1.76100E-03    1291.138    1622.399     293.000    1475.666     998.606     354.328     296.980     293.011     293.011     292.998
 1.78100E-03    1291.138    1621.384     293.000    1461.805     991.196     359.691     297.635     293.011     293.011     292.998
 1.80100E-03    1291.138    1620.071     293.000    1449.070     984.163     365.170     298.354     293.011     293.011     292.998
 1.82100E-03    1230.653    1618.471     293.000    1437.786     977.481     370.746     299.135     293.018     293.015     292.999
 1.84100E-03    1230.653    1616.563     293.000    1426.615     971.135     376.405     299.981     293.018     293.015     292.999
 1.86100E-03    1230.653    1614.351     293.000    1415.877     965.080     382.131     300.891     293.018     293.015     292.999
 1.88100E-03    1230.653    1611.854     293.000    1406.053     959.313     387.911     301.864     293.018     293.015     292.999
 1.90100E-03    1230.653    1609.035     293.000    1396.634     953.795     393.730     302.900     293.018     293.015     292.999
 1.92100E-03    1230.653    1605.826     293.000    1387.259     948.517     399.576     303.998     293.018     293.015     292.999
 1.94100E-03    1230.653    1602.276     293.000    1378.283     943.460     405.439     305.157     293.018     293.015     292.999
 1.96100E-03    1176.831    1598.427     293.042    1369.754     938.606     411.307     306.375     293.034     293.019     293.001
 1.98100E-03    1176.831    1593.920     303.165    1361.335     933.941     417.172     307.650     293.034     293.019     293.001
 2.00100E-03    1176.831    1588.926     839.517    1353.043     929.450     423.023     308.982     293.034     293.019     293.001
 2.02100E-03    1176.831    1583.640    2044.634    1344.979     925.120     428.853     310.367     293.034     293.019     293.001
 2.04100E-03    1176.831    1576.850    2858.238    1337.035     920.947     434.655     311.803     293.034     293.019     293.001
 2.06100E-03    1176.831    1569.176    2716.335    1329.082     916.904     440.421     313.290     293.034     293.019     293.001
 2.08100E-03    1176.831    1558.851    2558.675    1321.131     913.010     446.146     314.824     293.034     293.019     293.001
 2.10100E-03    1128.507    1538.581    2445.053    1312.836     909.237     451.825     316.403     293.065     293.023     293.004
 2.12100E-03    1128.507    1538.581    2344.645    1312.836     909.237     451.825     316.403     293.065     293.023     293.004
 2.14100E-03    1128.507    1538.581    2242.023    1312.836     909.237     451.825     316.403     293.065     293.023     293.004
 2.16100E-03    1128.507    1538.581    2146.655    1312.836     909.237     451.825     316.403     293.065     293.023     293.004
 2.18100E-03    1128.507    1538.581    2064.668    1312.836     909.237     451.825     316.403     293.065     293.023     293.004
 2.20100E-03    1128.507    1538.581    1996.081    1312.836     909.237     451.825     316.403     293.065     293.023     293.004
 2.22100E-03    1128.507    1538.581    1939.508    1312.836     909.237     451.825     316.403     293.065     293.023     293.004
 2.24100E-03    1084.847    1428.540    1892.943    1257.933     889.185     488.488     328.870     293.120     293.019     293.004
 2.26100E-03    1084.847    1428.540    1854.516    1257.933     889.185     488.488     328.870     293.120     293.019     293.004
 2.28100E-03    1084.847    1428.540    1822.306    1257.933     889.185     488.488     328.870     293.120     293.019     293.004
 2.30100E-03    1084.847    1428.540    1795.274    1257.933     889.185     488.488     328.870     293.120     293.019     293.004
 2.32100E-03    1084.847    1428.540    1771.117    1257.933     889.185     488.488     328.870     293.120     293.019     293.004
 2.34100E-03    1084.847    1428.540    1749.768    1257.933     889.185     488.488     328.870     293.120     293.019     293.004
 2.36100E-03    1084.847    1428.540    1730.516    1257.933     889.185     488.488     328.870     293.120     293.019     293.004
 2.38100E-03    1045.206    1348.109    1712.488    1203.596     870.377     521.201     342.201     293.219     293.014     293.007
 2.40100E-03    1045.206    1348.109    1695.986    1203.596     870.377     521.201     342.201     293.219     293.014     293.007
 2.42100E-03    1045.206    1348.109    1680.789    1203.596     870.377     521.201     342.201     293.219     293.014     293.007
 2.44100E-03    1045.206    1348.109    1667.111    1203.596     870.377     521.201     342.201     293.219     293.014     293.007
 2.46100E-03    1045.206    1348.109    1654.979    1203.596     870.377     521.201     342.201     293.219     293.014     293.007
 2.48100E-03    1045.206    1348.109    1644.389    1203.596     870.377     521.201     342.201     293.219     293.014     293.007
 2.50100E-03    1045.206    1348.109    1635.424    1203.596     870.377     521.201     342.201     293.219     293.014     293.007
 2.52100E-03    1009.063    1280.222    1628.400    1153.054     851.925     549.824     355.862     293.381     293.008     293.016
 2.54100E-03    1009.063    1280.222    1623.892    1153.054     851.925     549.824     355.862     293.381     293.008     293.016
 2.56100E-03    1009.063    1280.222    1622.316    1153.054     851.925     549.824     355.862     293.381     293.008     293.016
 2.58100E-03    1009.063    1280.222    1621.241    1153.054     851.925     549.824     355.862     293.381     293.008     293.016
 2.60100E-03    1009.063    1280.222    1619.887    1153.054     851.925     549.824     355.862     293.381     293.008     293.016
 2.62100E-03    1009.063    1280.222    1618.257    1153.054     851.925     549.824     355.862     293.381     293.008     293.016
 2.64100E-03    1009.063    1280.222    1616.339    1153.054     851.925     549.824     355.862     293.381     293.008     293.016
 2.66100E-03     975.990    1220.778    1614.108    1106.965     833.890     574.447     369.471     293.624     293.001     293.031
 2.68100E-03     975.990    1220.778    1611.571    1106.965     833.890     574.447     369.471     293.624     293.001     293.031
 2.70100E-03     975.990    1220.778    1608.740    1106.965     833.890     574.447     369.471     293.624     293.001     293.031
 2.72100E-03     975.990    1220.778    1605.518    1106.965     833.890     574.447     369.471     293.624     293.001     293.031
 2.74100E-03     975.990    1220.778    1601.926    1106.965     833.890     574.447     369.471     293.624     293.001     293.031
 2.76100E-03     975.990    1220.778    1598.036    1106.965     833.890     574.447     369.471     293.624     293.001     293.031
 2.78100E-03     975.990    1220.778    1593.595    1106.965     833.890     574.447     369.471     293.624     293.001     293.031
 2.80100E-03     945.625    1167.904    1588.587    1065.057     816.411     595.284     382.750     293.966     292.992     293.054
 2.82100E-03     945.625    1167.904    1583.280    1065.057     816.411     595.284     382.750     293.966     292.992     293.054
 2.84100E-03     945.625    1167.904    1576.816    1065.057     816.411     595.284     382.750     293.966     292.992     293.054
 2.86100E-03     945.625    1167.904    1569.331    1065.057     816.411     595.284     382.750     293.966     292.992     293.054
 2.88100E-03     945.625    1167.904    1560.333    1065.057     816.411     595.284     382.750     293.966     292.992     293.054
 2.90100E-03     945.625    1167.904    1543.004    1065.057     816.411     595.284     382.750     293.966     292.992     293.054
 2.92100E-03     945.625    1167.904    1517.357    1065.057     816.411     595.284     382.750     293.966     292.992     293.054
 2.94100E-03     917.666    1120.440    1492.990    1026.891     799.595     612.619     395.505     294.419     292.982     293.086
 2.96100E-03     917.666    1120.440    1470.959    1026.891     799.595     612.619     395.505     294.419     292.982     293.086
 2.98100E-03     917.666    1120.440    1451.331    1026.891     799.595     612.619     395.505     294.419     292.982     293.086
 3.00100E-03     917.666    1120.440    1432.644    1026.891     799.595     612.619     395.505     294.419     292.982     293.086
 3.02100E-03     917.666    1120.440    1415.218    1026.891     799.595     612.619     395.505     294.419     292.982     293.086
 3.04100E-03     917.666    1120.440    1398.507    1026.891     799.595     612.619     395.505     294.419     292.982     293.086
 3.06100E-03     917.666    1120.440    1382.335    1026.891     799.595     612.619     395.505     294.419     292.982     293.086
 3.08100E-03     891.849    1077.554    1366.764     992.036     783.497     626.769     407.598     294.996     292.972     293.129
 3.10100E-03     891.849    1077.554    1351.787     992.036     783.497     626.769     407.598     294.996     292.972     293.129
 3.12100E-03     891.849    1077.554    1337.344     992.036     783.497     626.769     407.598     294.996     292.972     293.129
 3.14100E-03     891.849    1077.554    1323.382     992.036     783.497     626.769     407.598     294.996     292.972     293.129
 3.16100E-03     891.849    1077.554    1309.863     992.036     783.497     626.769     407.598     294.996     292.972     293.129
 3.18100E-03     891.849    1077.554    1296.752     992.036     783.497     626.769     407.598     294.996     292.972     293.129
 3.20100E-03     891.849    1077.554    1284.231     992.036     783.497     626.769     407.598     294.996     292.972     293.129
 3.22100E-03     867.948    1038.606    1271.836     960.111     768.139     638.059     418.940     295.700     292.960     293.184
 3.24100E-03     867.948    1038.606    1260.038     960.111     768.139     638.059     418.940     295.700     292.960     293.184
 3.26100E-03     867.948    1038.606    1248.410     960.111     768.139     638.059     418.940     295.700     292.960     293.184
 3.28100E-03     867.948    1038.606    1237.437     960.111     768.139     638.059     418.940     295.700     292.960     293.184
 3.30100E-03     867.948    1038.606    1226.703     960.111     768.139     638.059     418.940     295.700     292.960     293.184
 3.32100E-03     867.948    1021.050    1216.818     946.103     761.221     644.414     426.027     296.097     292.960     293.184
 3.34100E-03     867.948    1014.645    1206.669     941.383     758.992     645.657     427.461     296.178     292.960     293.184
 3.36100E-03     845.769    1007.762    1196.864     936.197     756.537     646.866     428.900     296.310     292.953     293.256
 3.38100E-03     845.769    1000.814    1187.740     930.833     753.982     648.038     430.339     296.434     292.953     293.256
 3.40100E-03     845.769     993.950    1179.379     925.424     751.386     649.170     431.774     296.551     292.953     293.256
 3.42100E-03     845.769     987.202    1171.825     920.042     748.780     650.261     433.201     296.663     292.953     293.256
 3.44100E-03     845.769     980.636    1165.115     914.733     746.184     651.310     434.619     296.770     292.953     293.256
 3.46100E-03     845.769     974.293    1159.260     909.529     743.612     652.316     436.025     296.873     292.953     293.256
 3.48100E-03     845.769     968.037    1154.155     904.410     741.062     653.280     437.418     296.974     292.953     293.256
 3.50099E-03     825.140     961.915    1149.804     899.389     738.540     654.200     438.799     297.131     292.945     293.343
 3.52099E-03     825.140     956.049    1146.178     894.492     736.052     655.078     440.164     297.278     292.945     293.343
 3.54099E-03     825.140     950.326    1143.181     889.698     733.595     655.913     441.515     297.415     292.945     293.343
 3.56099E-03     825.140     944.660    1140.737     884.984     731.161     656.705     442.851     297.546     292.945     293.343
 3.58099E-03     825.140     939.193    1138.811     880.381     728.763     657.455     444.172     297.670     292.945     293.343
 3.60099E-03     825.140     933.794    1137.317     875.856     726.388     658.164     445.476     297.790     292.945     293.343
 3.62099E-03     825.140     928.502    1136.194     871.414     724.039     658.831     446.765     297.905     292.945     293.343
 3.64099E-03     814.366     923.504    1135.404     867.121     721.750     659.457     448.037     298.085     292.941     293.438
 3.66099E-03     814.366     918.341    1134.832     862.826     719.450     660.042     449.293     298.252     292.941     293.438
 3.68099E-03     814.366     913.283    1134.450     858.604     717.175     660.588     450.533     298.408     292.941     293.438
 3.70099E-03     814.366     908.320    1134.210     854.451     714.925     661.095     451.755     298.556     292.941     293.438
 3.72099E-03     814.366     903.515    1134.057     850.380     712.703     661.562     452.961     298.697     292.941     293.438
 3.74099E-03     814.366     898.745    1133.969     846.363     710.501     661.992     454.150     298.831     292.941     293.438
 3.76099E-03     814.366     894.142    1133.900     842.431     708.329     662.384     455.322     298.961     292.941     293.438
 3.78099E-03     803.935     889.774    1133.855     838.626     706.212     662.739     456.477     299.163     292.938     293.547
 3.80099E-03     803.935     885.278    1133.778     834.815     704.083     663.057     457.615     299.349     292.938     293.547
 3.82099E-03     803.935     880.824    1133.670     831.056     701.973     663.341     458.735     299.523     292.938     293.547
 3.84099E-03     803.935     876.488    1133.521     827.364     699.888     663.588     459.839     299.688     292.938     293.547
 3.86099E-03     803.935     872.212    1133.321     823.724     697.824     663.802     460.925     299.843     292.938     293.547
 3.88099E-03     803.935     867.997    1133.066     820.135     695.780     663.981     461.994     299.991     292.938     293.547
 3.90099E-03     803.935     863.807    1132.746     816.589     693.753     664.128     463.046     300.134     292.938     293.547
 3.92099E-03     793.292     859.870    1132.399     813.155     691.777     664.242     464.081     300.356     292.935     293.671
 3.94099E-03     793.292     855.828    1131.954     809.717     689.793     664.324     465.098     300.562     292.935     293.671
 3.96099E-03     793.292     851.815    1131.438     806.320     687.826     664.375     466.099     300.753     292.935     293.671
 3.98099E-03     784.639     847.941    1130.871     802.987     685.885     664.396     467.082     300.932     292.935     293.671
 4.00099E-03     781.169     844.071    1130.228     799.688     683.959     664.386     468.048     301.101     292.935     293.671
 4.02099E-03     777.916     840.323    1129.536     796.449     682.057     664.348     468.998     301.262     292.935     293.671
 4.04099E-03     774.726     836.599    1128.774     793.250     680.173     664.281     469.930     301.416     292.935     293.671
 4.06099E-03     771.697     833.049    1127.997     790.142     678.336     664.268     470.849     301.658     292.937     293.825
 4.08099E-03     768.626     829.515    1127.112     787.114     676.568     684.122     472.401     301.881     292.937     293.825
 4.10099E-03     765.605     826.241    1126.166     784.348     675.035    1426.789     498.819     302.088     292.937     293.825
 4.12099E-03     762.635     823.320    1125.162     782.107     674.015    2417.393     628.153     302.289     292.937     293.825
 4.14099E-03     759.703     820.336    1124.093     780.368     673.517    2952.947     716.879     302.475     292.937     293.825
 4.16100E-03     756.809     817.307    1122.961     779.357     673.791    2746.911     760.439     302.646     292.937     293.825
 4.18100E-03     753.966     814.579    1121.776     779.353     675.128    2565.107     901.681     302.808     292.937     293.825
 4.20100E-03     751.284     812.442    1120.621     780.415     677.589    2436.555    1029.838     303.064     292.926     293.978
 4.22100E-03     748.509     810.806    1119.315     782.661     681.303    2327.778    1135.963     303.299     292.926     293.978
 4.24100E-03     745.815     809.788    1117.985     785.821     685.991    2242.937    1220.178     303.517     292.926     293.978
 4.26100E-03     743.138     809.469    1116.586     789.827     691.559    2171.976    1285.891     303.720     292.926     293.978
 4.28100E-03     740.532     809.794    1115.160     794.401     697.704    2110.323    1337.092     303.911     292.926     293.978
 4.30100E-03     737.944     810.837    1113.671     799.472     704.313    2053.983    1376.800     304.092     292.926     293.978
 4.32100E-03     735.402     812.528    1112.144     804.837     711.149    2004.193    1407.465     304.264     292.926     293.978
 4.34100E-03     732.853     814.951    1110.536     810.464     718.135    1958.272    1430.672     304.541     292.933     294.171
 4.36100E-03     730.369     817.852    1108.943     816.129     725.029    1918.945    1448.025     304.793     292.933     294.171
 4.38100E-03     727.916     821.253    1107.315     821.810     731.779    1883.999    1460.592     305.027     292.933     294.171
 4.40100E-03     725.489     825.086    1106.262     827.448     738.310    1853.147    1469.301     305.245     292.933     294.171
 4.42100E-03     723.101     829.236    1106.262     832.980     744.555    1826.136    1474.962     305.449     292.933     294.171
 4.44100E-03     720.733     833.679    1106.262     838.391     750.494    1801.777    1478.167     305.643     292.933     294.171
 4.46100E-03     718.429     838.212    1106.262     843.603     756.064    1780.630    1479.535     305.828     292.933     294.171
 4.48100E-03     716.107     843.023    1099.654     848.692     761.336    1760.254    1479.321     306.126     292.945     294.379
 4.50100E-03     713.865     847.736    1099.654     853.529     766.218    1742.760    1478.041     306.399     292.945     294.379
 4.52100E-03     711.624     852.552    1099.654     858.194     770.786    1726.119    1475.908     306.653     292.945     294.379
 4.54100E-03     709.433     857.279    1099.654     862.624     775.007    1710.991    1473.201     306.892     292.945     294.379
 4.56100E-03     707.250     862.007    1099.654     866.860     778.931    1696.704    1470.068     307.118     292.945     294.379
 4.58100E-03     705.087     866.668    1099.654     870.889     782.560    1683.631    1466.692     307.336     292.945     294.379
 4.60100E-03     702.954     871.210    1099.654     874.704     785.903    1671.939    1463.231     307.546     292.945     294.379
 4.62100E-03     700.816     875.722    1089.320     878.338     788.997    1661.115    1459.786     307.886     292.963     294.604
 4.64100E-03     698.717     880.044    1089.320     881.759     791.831    1651.812    1456.508     308.203     292.963     294.604
 4.66100E-03     696.644     884.212    1089.320     884.983     794.430    1643.775    1453.545     308.501     292.963     294.604
 4.68100E-03     694.601     888.205    1089.320     888.012     796.805    1637.020    1451.086     308.786     292.963     294.604
 4.70100E-03     692.568     892.077    1089.320     890.864     798.980    1631.372    1449.262     309.060     292.963     294.604
 4.72100E-03     690.585     895.713    1089.320     893.522     800.953    1627.135    1447.906     309.328     292.963     294.604
 4.74100E-03     688.607     899.234    1089.320     896.020     802.754    1624.222    1446.896     309.591     292.963     294.604
 4.76100E-03     686.634     902.635    1077.521     898.363     804.393    1622.864    1446.138     310.013     292.983     294.845
 4.78100E-03     684.708     905.815    1077.521     900.541     805.870    1622.297    1445.552     310.410     292.983     294.845
 4.80100E-03     682.799     908.848    1077.521     902.573     807.206    1621.549    1445.073     310.790     292.983     294.845
 4.82100E-03     680.907     911.737    1077.521     904.467     808.408    1620.610    1444.652     311.155     292.983     294.845
 4.84100E-03     679.037     914.472    1077.521     906.226     809.487    1619.472    1444.245     311.511     292.983     294.845
 4.86100E-03     677.193     917.058    1077.521     907.857     810.450    1618.125    1443.806     311.861     292.983     294.845
 4.88100E-03     675.372     919.525    1077.521     909.373     811.310    1616.562    1443.302     312.206     292.983     294.845
 4.90100E-03     673.554     921.875    1064.617     910.779     812.073    1614.781    1442.712     312.753     293.006     295.103
 4.92100E-03     671.723     924.083    1064.617     912.075     812.744    1612.767    1442.011     313.270     293.006     295.103
 4.94100E-03     670.534     926.126    1064.617     913.262     813.327    1610.505    1441.147     313.764     293.006     295.103
 4.96100E-03     669.064     928.072    1064.617     914.354     813.833    1608.001    1440.109     314.241     293.006     295.103
 4.98100E-03     667.836     929.848    1064.617     915.341     814.262    1605.225    1438.896     314.704     293.006     295.103
 5.00100E-03     667.022     931.556    1064.617     916.246     814.627    1602.104    1437.428     315.158     293.006     295.103
 5.02100E-03     666.624     933.112    1064.617     917.057     814.926    1598.678    1435.655     315.605     293.006     295.103
 5.04100E-03     666.904     934.591    1050.934     917.790     815.169    1594.950    1433.615     316.305     293.029     295.378
 5.06100E-03     667.771     935.938    1050.934     918.439     815.355    1590.632    1430.948     316.965     293.029     295.378
 5.08100E-03     669.291     937.173    1050.934     919.008     815.487    1585.860    1427.578     317.592     293.029     295.378
 5.10100E-03     671.506     938.315    1050.934     919.504     815.572    1580.658    1423.208     318.195     293.029     295.378
 5.12100E-03     674.412     939.369    1050.934     919.930     815.614    1573.685    1417.966     318.777     293.029     295.378
 5.14100E-03     677.909     940.319    1050.934     920.284     815.612    1565.611    1412.036     319.342     293.029     295.378
 5.16100E-03     681.922     941.142    1050.934     920.567     815.576    1549.511    1405.624     319.895     293.029     295.378
 5.18100E-03     686.449     941.888    1036.744     920.787     815.504    1522.774    1398.761     320.756     293.053     295.670
 5.20100E-03     691.292     941.888    1036.744     920.787     815.504    1522.774    1398.761     320.756     293.053     295.670
 5.22100E-03     696.554     941.888    1036.744     920.787     815.504    1522.774    1398.761     320.756     293.053     295.670
 5.24100E-03     701.980     941.888    1036.744     920.787     815.504    1522.774    1398.761     320.756     293.053     295.670
 5.26100E-03     707.640     941.888    1036.744     920.787     815.504    1522.774    1398.761     320.756     293.053     295.670
 5.28100E-03     713.459     941.888    1036.744     920.787     815.504    1522.774    1398.761     320.756     293.053     295.670
 5.30100E-03     719.355     941.888    1036.744     920.787     815.504    1522.774    1398.761     320.756     293.053     295.670
 5.32100E-03     725.349     943.937    1022.267     920.504     814.313    1430.481    1352.455     327.064     293.066     295.973
 5.34100E-03     731.332     943.937    1022.267     920.504     814.313    1430.481    1352.455     327.064     293.066     295.973
 5.36100E-03     737.270     943.937    1022.267     920.504     814.313    1430.481    1352.455     327.064     293.066     295.973
 5.38100E-03     743.125     943.937    1022.267     920.504     814.313    1430.481    1352.455     327.064     293.066     295.973
 5.40100E-03     748.880     943.937    1022.267     920.504     814.313    1430.481    1352.455     327.064     293.066     295.973
 5.42100E-03     754.517     943.937    1022.267     920.504     814.313    1430.481    1352.455     327.064     293.066     295.973
 5.44100E-03     760.019     943.937    1022.267     920.504     814.313    1430.481    1352.455     327.064     293.066     295.973
 5.46101E-03     765.392     943.591    1007.678     918.287     812.232    1362.212    1307.584     333.864     293.077     296.296
 5.48101E-03     770.587     943.591    1007.678     918.287     812.232    1362.212    1307.584     333.864     293.077     296.296
 5.50101E-03     775.617     943.591    1007.678     918.287     812.232    1362.212    1307.584     333.864     293.077     296.296
 5.52101E-03     780.475     943.591    1007.678     918.287     812.232    1362.212    1307.584     333.864     293.077     296.296
 5.54101E-03     785.159     943.591    1007.678     918.287     812.232    1362.212    1307.584     333.864     293.077     296.296
 5.56101E-03     789.670     943.591    1007.678     918.287     812.232    1362.212    1307.584     333.864     293.077     296.296
 5.58101E-03     794.003     943.591    1007.678     918.287     812.232    1362.212    1307.584     333.864     293.077     296.296
 5.60101E-03     798.189     941.134     993.111     914.396     809.307    1304.919    1265.081     341.102     293.085     296.637
 5.62101E-03     802.167     941.134     993.111     914.396     809.307    1304.919    1265.081     341.102     293.085     296.637
 5.64101E-03     805.485     941.134     993.111     914.396     809.307    1304.919    1265.081     341.102     293.085     296.637
 5.66101E-03     808.120     941.134     993.111     914.396     809.307    1304.919    1265.081     341.102     293.085     296.637
 5.68101E-03     810.244     941.134     993.111     914.396     809.307    1304.919    1265.081     341.102     293.085     296.637
 5.70101E-03     812.023     941.134     993.111     914.396     809.307    1304.919    1265.081     341.102     293.085     296.637
 5.72101E-03     813.559     941.134     993.111     914.396     809.307    1304.919    1265.081     341.102     293.085     296.637
 5.74101E-03     815.609     936.918     978.670     909.143     805.622    1254.862    1225.330     348.659     293.089     296.997
 5.76101E-03     817.433     936.918     978.670     909.143     805.622    1254.862    1225.330     348.659     293.089     296.997
 5.78101E-03     818.951     936.918     978.670     909.143     805.622    1254.862    1225.330     348.659     293.089     296.997
 5.80101E-03     819.883     936.918     978.670     909.143     805.622    1254.862    1225.330     348.659     293.089     296.997
 5.82101E-03     820.547     936.918     978.670     909.143     805.622    1254.862    1225.330     348.659     293.089     296.997
 5.84101E-03     820.547     936.918     978.670     909.143     805.622    1254.862    1225.330     348.659     293.089     296.997
 5.86101E-03     820.547     936.918     978.670     909.143     805.622    1254.862    1225.330     348.659     293.089     296.997
 5.88101E-03     827.792     931.287     964.433     902.821     801.288    1210.360    1188.354     356.406     293.090     297.378
 5.90101E-03     827.792     931.287     964.433     902.821     801.288    1210.360    1188.354     356.406     293.090     297.378
 5.92101E-03     827.792     931.287     964.433     902.821     801.288    1210.360    1188.354     356.406     293.090     297.378
 5.94101E-03     827.792     931.287     964.433     902.821     801.288    1210.360    1188.354     356.406     293.090     297.378
 5.96101E-03     827.792     931.287     964.433     902.821     801.288    1210.360    1188.354     356.406     293.090     297.378
 5.98101E-03     827.792     931.287     964.433     902.821     801.288    1210.360    1188.354     356.406     293.090     297.378
 6.00101E-03     827.792     931.287     964.433     902.821     801.288    1210.360    1188.354     356.406     293.090     297.378
 6.02101E-03     837.294     924.545     950.457     895.682     796.423    1170.395    1154.018     364.228     293.087     297.780
 6.04101E-03     837.294     924.545     950.457     895.682     796.423    1170.395    1154.018     364.228     293.087     297.780
 6.06101E-03     837.294     924.545     950.457     895.682     796.423    1170.395    1154.018     364.228     293.087     297.780
 6.08101E-03     837.294     924.545     950.457     895.682     796.423    1170.395    1154.018     364.228     293.087     297.780
 6.10101E-03     837.294     924.545     950.457     895.682     796.423    1170.395    1154.018     364.228     293.087     297.780
 6.12101E-03     837.294     924.545     950.457     895.682     796.423    1170.395    1154.018     364.228     293.087     297.780
 6.14101E-03     837.294     924.545     950.457     895.682     796.423    1170.395    1154.018     364.228     293.087     297.780
 6.16101E-03     843.825     916.951     936.784     887.934     791.140    1134.247    1122.134     372.027     293.082     298.203
 6.18101E-03     843.825     916.951     936.784     887.934     791.140    1134.247    1122.134     372.027     293.082     298.203
 6.20101E-03     843.825     916.951     936.784     887.934     791.140    1134.247    1122.134     372.027     293.082     298.203
 6.22101E-03     843.825     916.951     936.784     887.934     791.140    1134.247    1122.134     372.027     293.082     298.203
 6.24101E-03     843.825     916.951     936.784     887.934     791.140    1134.247    1122.134     372.027     293.082     298.203
 6.26101E-03     843.825     916.951     936.784     887.934     791.140    1134.247    1122.134     372.027     293.082     298.203
 6.28101E-03     843.825     916.951     936.784     887.934     791.140    1134.247    1122.134     372.027     293.082     298.203
 6.30101E-03     847.441     909.558     923.441     880.806     786.330    1105.965    1095.226     379.130     293.078     298.650
 6.32101E-03     847.441     909.558     923.441     880.806     786.330    1099.727    1091.106     380.167     293.078     298.650
 6.34101E-03     847.441     909.558     923.441     880.806     786.330    1093.347    1086.791     381.220     293.078     298.650
 6.36101E-03     847.441     909.558     923.441     880.806     786.330    1087.045    1082.334     382.283     293.078     298.650
 6.38101E-03     847.441     909.558     923.441     880.806     786.330    1080.965    1077.792     383.353     293.078     298.650
 6.40101E-03     847.441     909.558     923.441     880.806     786.330    1074.979    1073.193     384.426     293.078     298.650
 6.42101E-03     847.441     909.558     923.441     880.806     786.330    1069.208    1068.574     385.501     293.078     298.650
 6.44101E-03     848.189     901.081     910.448     872.675     780.733    1063.457    1063.939     386.576     293.075     299.120
 6.46101E-03     848.189     901.081     910.448     872.675     780.733    1057.941    1059.317     387.651     293.075     299.120
 6.48101E-03     848.189     901.081     910.448     872.675     780.733    1052.504    1054.714     388.723     293.075     299.120
 6.50101E-03     848.189     901.081     910.448     872.675     780.733    1047.223    1050.143     389.793     293.075     299.120
 6.52101E-03     848.189     901.081     910.448     872.675     780.733    1042.064    1045.609     390.861     293.075     299.120
 6.54101E-03     848.189     901.081     910.448     872.675     780.733    1037.011    1041.118     391.925     293.075     299.120
 6.56101E-03     848.189     901.081     910.448     872.675     780.733    1032.118    1036.678     392.985     293.075     299.120
 6.58101E-03     846.933     891.842     897.816     863.717     774.475    1027.193    1032.275     394.042     293.071     299.612
 6.60101E-03     846.933     891.842     897.816     863.717     774.475    1022.502    1027.931     395.095     293.071     299.612
 6.62101E-03     846.933     891.842     897.816     863.717     774.475    1017.839    1023.636     396.144     293.071     299.612
 6.64101E-03     846.933     891.842     897.816     863.717     774.475    1013.295    1019.394     397.188     293.071     299.612
 6.66101E-03     846.933     891.842     897.816     863.717     774.475    1008.792    1015.202     398.228     293.071     299.612
 6.68101E-03     846.933     891.842     897.816     863.717     774.475    1004.402    1011.062     399.262     293.071     299.612
 6.70101E-03     846.933     891.842     897.816     863.717     774.475    1000.050    1006.971     400.293     293.071     299.612
 6.72101E-03     844.565     882.190     885.550     854.395     767.887     995.702    1002.920     401.318     293.067     300.126
 6.74101E-03     844.565     882.190     885.550     854.395     767.887     991.495     998.920     402.338     293.067     300.126
 6.76101E-03     844.565     882.190     885.550     854.395     767.887     987.358     994.969     403.352     293.067     300.126
 6.78102E-03     844.565     882.190     885.550     854.395     767.887     983.304     991.069     404.362     293.067     300.126
 6.80102E-03     844.565     882.190     885.550     854.395     767.887     979.297     987.215     405.365     293.067     300.126
 6.82102E-03     844.565     882.190     885.550     854.395     767.887     975.417     983.416     406.363     293.067     300.126
 6.84102E-03     844.565     882.190     885.550     854.395     767.887     971.564     979.664     407.355     293.067     300.126
 6.86102E-03     841.960     872.279     873.650     844.898     761.120     967.677     975.948     408.341     293.064     300.661
 6.88102E-03     841.960     872.279     873.650     844.898     761.120     963.956     972.284     409.321     293.064     300.661
 6.90102E-03     841.960     872.279     873.650     844.898     761.120     960.302     968.669     410.294     293.064     300.661
 6.92102E-03     841.960     872.279     873.650     844.898     761.120     956.671     965.098     411.261     293.064     300.661
 6.94102E-03     841.960     872.279     873.650     844.898     761.120     953.102     961.571     412.222     293.064     300.661
 6.96102E-03     841.960     872.279     873.650     844.898     761.120     949.552     958.085     413.177     293.064     300.661
 6.98102E-03     841.960     872.279     873.650     844.898     761.120     946.054     954.638     414.124     293.064     300.661
 7.00102E-03     840.095     864.559     866.003     836.938     755.277     942.731     951.245     415.065     293.062     301.183
 7.02102E-03     840.095     864.559     866.003     836.938     755.277     939.314     947.886     415.999     293.062     301.183
 7.04102E-03     840.095     864.559     866.003     836.938     755.277     936.031     944.579     416.927     293.062     301.183
 7.06102E-03     840.095     864.559     866.003     836.938     755.277     932.877     941.821     417.848     293.062     301.183
 7.08102E-03     840.095     864.559     866.003     836.938     755.277     930.386     947.143     418.773     293.062     301.183
 7.10102E-03     840.095     864.559     866.003     836.938     755.277     927.990     965.035     419.698     293.062     301.183
 7.12102E-03     840.095     864.559     866.003     836.938     755.277     925.555     978.789     420.623     293.062     301.183
 7.14102E-03     838.551     857.134     857.735     829.478     749.804     923.095     994.250     421.549     293.065     301.744
 7.16102E-03     838.551     857.134     857.735     829.478     749.804     920.996    1012.118     422.490     293.065     301.744
 7.18102E-03     838.551     857.134     857.735     829.478     749.804     919.554    1031.266     423.465     293.065     301.744
 7.20102E-03     838.551     857.134     857.735     829.478     749.804     918.830    1096.419     424.494     293.065     301.744
 7.22102E-03     838.551     857.134     857.735     829.478     749.804     918.885    1161.754     425.595     293.065     301.744
 7.24102E-03     838.551     857.134     857.735     829.478     749.804     919.715    1222.547     426.793     293.065     301.744
 7.26102E-03     838.551     857.134     857.735     829.478     749.804     921.284    1273.117     428.110     293.065     301.744
 7.28102E-03     836.842     846.510     846.347     820.003     742.940     923.677    1313.001     429.573     293.078     302.344
 7.30102E-03     836.842     846.510     846.347     820.003     742.940     926.494    1344.100     431.202     293.078     302.344
 7.32102E-03     836.842     846.510     846.347     820.003     742.940     929.931    1367.876     433.019     293.078     302.344
 7.34102E-03     836.842     846.510     846.347     820.003     742.940     933.745    1385.812     435.041     293.078     302.344
 7.36102E-03     836.842     846.510     846.347     820.003     742.940     937.937    1399.044     437.283     293.078     302.344
 7.38102E-03     836.842     846.510     846.347     820.003     742.940     942.387    1408.539     439.754     293.078     302.344
 7.40102E-03     836.842     846.510     846.347     820.003     742.940     947.061    1415.041     442.462     293.078     302.344
 7.42102E-03     835.353     836.435     835.359     811.152     736.879     952.036    1419.038     445.409     293.096     302.959
 7.44102E-03     835.353     836.435     835.359     811.152     736.879     956.947    1421.151     448.594     293.096     302.959
 7.46102E-03     835.353     836.435     835.359     811.152     736.879     961.854    1421.747     452.012     293.096     302.959
 7.48102E-03     835.353     836.435     835.359     811.152     736.879     966.713    1421.126     455.658     293.096     302.959
 7.50102E-03     835.353     836.435     835.359     811.152     736.879     971.535    1419.542     459.522     293.096     302.959
 7.52102E-03     835.353     836.435     835.359     811.152     736.879     976.206    1417.269     463.592     293.096     302.959
 7.54102E-03     835.353     836.435     835.359     811.152     736.879     980.809    1414.477     467.858     293.096     302.959
 7.56102E-03     833.897     827.317     824.695     803.600     732.320     985.344    1411.289     472.305     293.116     303.592
 7.58102E-03     833.897     827.317     824.695     803.600     732.320     989.600    1407.924     476.919     293.116     303.592
 7.60102E-03     833.897     827.317     824.695     803.600     732.320     993.623    1404.498     481.684     293.116     303.592
 7.62102E-03     833.897     827.317     824.695     803.600     732.320     997.524    1401.086     486.587     293.116     303.592
 7.64102E-03     833.897     827.317     824.695     803.600     732.320    1001.233    1397.777     491.612     293.116     303.592
 7.66102E-03     833.897     827.317     824.695     803.600     732.320    1004.761    1394.700     496.744     293.116     303.592
 7.68102E-03     833.897     827.317     824.695     803.600     732.320    1008.129    1392.099     501.970     293.116     303.592
 7.70102E-03     832.474     819.552     814.340     797.622     729.382    1011.386    1390.061     507.275     293.138     304.242
 7.72102E-03     832.474     819.552     814.340     797.622     729.382    1014.392    1388.406     512.646     293.138     304.242
 7.74102E-03     832.474     819.552     814.340     797.622     729.382    1017.214    1387.018     518.070     293.138     304.242
 7.76102E-03     832.474     819.552     814.340     797.622     729.382    1019.890    1385.812     523.536     293.138     304.242
 7.78102E-03     832.474     819.552     814.340     797.622     729.382    1022.359    1384.719     529.032     293.138     304.242
 7.80102E-03     832.474     819.552     814.340     797.622     729.382    1024.704    1383.689     534.547     293.138     304.242
 7.82102E-03     832.474     819.552     814.340     797.622     729.382    1026.852    1382.679     540.073     293.138     304.242
 7.84102E-03     830.983     813.261     804.289     793.105     727.754    1028.922    1381.662     545.599     293.159     304.907
 7.86102E-03     830.983     813.261     804.289     793.105     727.754    1030.785    1380.614     551.118     293.159     304.907
 7.88102E-03     830.983     813.261     804.289     793.105     727.754    1032.521    1379.512     556.621     293.159     304.907
 7.90102E-03     830.983     813.261     804.289     793.105     727.754    1034.128    1378.334     562.102     293.159     304.907
 7.92102E-03     830.983     813.261     804.289     793.105     727.754    1035.597    1377.068     567.554     293.159     304.907
 7.94102E-03     830.983     813.261     804.289     793.105     727.754    1036.945    1375.708     572.972     293.159     304.907
 7.96102E-03     830.983     813.261     804.289     793.105     727.754    1038.183    1374.231     578.350     293.159     304.907
 7.98102E-03     829.356     808.319     794.719     789.744     726.991    1039.320    1372.608     583.683     293.179     305.588
 8.00102E-03     829.356     808.319     794.719     789.744     726.991    1040.317    1370.848     588.967     293.179     305.588
 8.02102E-03     829.356     808.319     794.719     789.744     726.991    1041.218    1368.947     594.198     293.179     305.588
 8.04102E-03     829.356     808.319     794.719     789.744     726.991    1041.997    1366.772     599.373     293.179     305.588
 8.06102E-03     829.356     808.319     794.719     789.744     726.991    1042.692    1364.394     604.489     293.179     305.588
 8.08102E-03     829.356     808.319     794.719     789.744     726.991    1043.280    1361.662     609.542     293.179     305.588
 8.10102E-03     829.356     808.319     794.719     789.744     726.991    1043.784    1358.368     614.531     293.179     305.588
 8.12102E-03     827.548     804.471     785.284     787.205     726.707    1044.204    1354.304     619.454     293.198     306.283
 8.14102E-03     827.548     804.471     785.284     787.205     726.707    1044.525    1349.669     624.309     293.198     306.283
 8.16103E-03     827.548     804.471     785.284     787.205     726.707    1044.759    1344.499     629.094     293.198     306.283
 8.18103E-03     827.548     804.471     785.284     787.205     726.707    1044.910    1338.905     633.807     293.198     306.283
 8.20103E-03     827.548     804.471     785.284     787.205     726.707    1044.986    1332.959     638.448     293.198     306.283
 8.22103E-03     827.548     804.471     785.284     787.205     726.707    1045.007    1327.536     642.678     293.198     306.283
 8.24103E-03     827.548     804.471     785.284     787.205     726.707    1045.007    1327.536     642.678     293.198     306.283
 8.26103E-03     825.532     801.188     776.484     785.000     726.584    1044.716    1314.604     651.590     293.214     306.990
 8.28103E-03     825.532     801.188     776.484     785.000     726.584    1044.716    1314.604     651.590     293.214     306.990
 8.30103E-03     825.532     801.188     776.484     785.000     726.584    1044.716    1314.604     651.590     293.214     306.990
 8.32103E-03     825.532     801.188     776.484     785.000     726.584    1044.716    1314.604     651.590     293.214     306.990
 8.34103E-03     825.532     801.188     776.484     785.000     726.584    1044.716    1314.604     651.590     293.214     306.990
 8.36103E-03     825.532     801.188     776.484     785.000     726.584    1044.716    1314.604     651.590     293.214     306.990
 8.38103E-03     825.532     801.188     776.484     785.000     726.584    1044.716    1314.604     651.590     293.214     306.990
 8.40103E-03     823.294     798.505     767.916     783.059     726.363    1042.528    1276.275     679.021     293.219     307.704
 8.42103E-03     823.294     798.505     767.916     783.059     726.363    1042.528    1276.275     679.021     293.219     307.704
 8.44103E-03     823.294     798.505     767.916     783.059     726.363    1042.528    1276.275     679.021     293.219     307.704
 8.46103E-03     823.294     798.505     767.916     783.059     726.363    1042.528    1276.275     679.021     293.219     307.704
 8.48103E-03     823.294     798.505     767.916     783.059     726.363    1042.528    1276.275     679.021     293.219     307.704
 8.50103E-03     823.294     798.505     767.916     783.059     726.363    1042.528    1276.275     679.021     293.219     307.704
 8.52103E-03     823.294     798.505     767.916     783.059     726.363    1042.528    1276.275     679.021     293.219     307.704
 8.54103E-03     820.828     796.256     761.570     781.380     726.103    1038.394    1241.490     702.755     293.222     308.431
 8.56103E-03     820.828     796.256     761.570     781.380     726.103    1038.394    1241.490     702.755     293.222     308.431
 8.58103E-03     820.828     796.256     761.570     781.380     726.103    1038.394    1241.490     702.755     293.222     308.431
 8.60103E-03     820.828     796.256     761.570     781.380     726.103    1038.394    1241.490     702.755     293.222     308.431
 8.62103E-03     820.828     796.256     761.570     781.380     726.103    1038.394    1241.490     702.755     293.222     308.431
 8.64103E-03     820.828     796.256     761.570     781.380     726.103    1038.394    1241.490     702.755     293.222     308.431
 8.66103E-03     820.828     796.256     761.570     781.380     726.103    1038.394    1241.490     702.755     293.222     308.431
 8.68103E-03     818.138     794.280     756.721     779.828     725.762    1032.628    1209.724     723.029     293.221     309.170
 8.70103E-03     818.138     794.280     756.721     779.828     725.762    1032.628    1209.724     723.029     293.221     309.170
 8.72103E-03     818.138     794.280     756.721     779.828     725.762    1032.628    1209.724     723.029     293.221     309.170
 8.74103E-03     818.138     794.280     756.721     779.828     725.762    1032.628    1209.724     723.029     293.221     309.170
 8.76103E-03     818.138     794.280     756.721     779.828     725.762    1032.628    1209.724     723.029     293.221     309.170
 8.78103E-03     818.138     794.280     756.721     779.828     725.762    1032.628    1209.724     723.029     293.221     309.170
 8.80103E-03     818.138     794.280     756.721     779.828     725.762    1032.628    1209.724     723.029     293.221     309.170
 8.82103E-03     815.232     792.456     753.150     778.311     725.303    1025.558    1180.615     740.098     293.216     309.921
 8.84103E-03     815.232     792.456     753.150     778.311     725.303    1025.558    1180.615     740.098     293.216     309.921
 8.86103E-03     815.232     792.456     753.150     778.311     725.303    1025.558    1180.615     740.098     293.216     309.921
 8.88103E-03     815.232     792.456     753.150     778.311     725.303    1025.558    1180.615     740.098     293.216     309.921
 8.90103E-03     815.232     792.456     753.150     778.311     725.303    1025.558    1180.615     740.098     293.216     309.921
 8.92103E-03     815.232     792.456     753.150     778.311     725.303    1025.558    1180.615     740.098     293.216     309.921
 8.94103E-03     815.232     792.456     753.150     778.311     725.303    1025.558    1180.615     740.098     293.216     309.921
 8.96103E-03     812.123     790.695     750.642     776.765     724.701    1017.484    1153.818     754.234     293.208     310.684
 8.98103E-03     812.123     790.695     750.642     776.765     724.701    1017.484    1153.818     754.234     293.208     310.684
 9.00103E-03     812.123     790.695     750.642     776.765     724.701    1017.484    1153.818     754.234     293.208     310.684
 9.02103E-03     812.123     790.695     750.642     776.765     724.701    1017.484    1153.818     754.234     293.208     310.684
 9.04103E-03     812.123     790.695     750.642     776.765     724.701    1017.484    1153.818     754.234     293.208     310.684
 9.06103E-03     812.123     790.695     750.642     776.765     724.701    1017.484    1153.818     754.234     293.208     310.684
 9.08103E-03     812.123     790.695     750.642     776.765     724.701    1017.484    1153.818     754.234     293.208     310.684
 9.10103E-03     808.828     788.929     748.966     775.145     723.937    1008.661    1129.026     765.714     293.197     311.458
 9.12103E-03     808.828     788.929     748.966     775.145     723.937    1008.661    1129.026     765.714     293.197     311.458
 9.14103E-03     808.828     788.929     748.966     775.145     723.937    1008.661    1129.026     765.714     293.197     311.458
 9.16103E-03     808.828     788.929     748.966     775.145     723.937    1008.661    1129.026     765.714     293.197     311.458
 9.18103E-03     808.828     788.929     748.966     775.145     723.937    1008.661    1129.026     765.714     293.197     311.458
 9.20103E-03     808.828     788.929     748.966     775.145     723.937    1008.661    1115.472     772.300     293.197     311.458
 9.22103E-03     808.828     788.929     748.966     775.145     723.937    1008.661    1112.458     773.590     293.197     311.458
 9.24103E-03     805.363     787.135     747.944     773.446     723.030    1000.863    1109.163     774.849     293.189     312.248
 9.26103E-03     805.363     787.135     747.944     773.446     723.030    1000.863    1105.651     776.073     293.189     312.248
 9.28103E-03     805.363     787.135     747.944     773.446     723.030    1000.863    1101.980     777.259     293.189     312.248
 9.30103E-03     805.363     787.135     747.944     773.446     723.030    1000.863    1098.200     778.408     293.189     312.248
 9.32103E-03     805.363     787.135     747.944     773.446     723.030    1000.863    1094.363     779.517     293.189     312.248
 9.34103E-03     805.363     787.135     747.944     773.446     723.030    1000.863    1090.499     780.586     293.189     312.248
 9.36103E-03     805.363     787.135     747.944     773.446     723.030    1000.863    1086.644     781.615     293.189     312.248
 9.38103E-03     801.745     785.249     747.264     771.620     721.948     990.985    1082.797     782.603     293.181     313.049
 9.40103E-03     801.745     785.249     747.264     771.620     721.948     990.985    1078.972     783.551     293.181     313.049
 9.42103E-03     801.745     785.249     747.264     771.620     721.948     990.985    1075.182     784.458     293.181     313.049
 9.44103E-03     801.745     785.249     747.264     771.620     721.948     990.985    1071.429     785.326     293.181     313.049
 9.46104E-03     801.745     785.249     747.264     771.620     721.948     990.985    1067.736     786.153     293.181     313.049
 9.48104E-03     801.745     785.249     747.264     771.620     721.948     990.985    1064.102     786.940     293.181     313.049
 9.50104E-03     801.745     785.249     747.264     771.620     721.948     990.985    1060.547     787.688     293.181     313.049
 9.52104E-03     797.993     783.246     746.804     769.652     720.691     980.523    1057.031     788.398     293.172     313.862
 9.54104E-03     797.993     783.246     746.804     769.652     720.691     980.523    1053.565     789.068     293.172     313.862
 9.56104E-03     797.993     783.246     746.804     769.652     720.691     980.523    1050.138     789.701     293.172     313.862
 9.58104E-03     797.993     783.246     746.804     769.652     720.691     980.523    1046.755     790.296     293.172     313.862
 9.60104E-03     797.993     783.246     746.804     769.652     720.691     980.523    1043.418     790.853     293.172     313.862
 9.62104E-03     797.993     783.246     746.804     769.652     720.691     980.523    1040.137     791.374     293.172     313.862
 9.64104E-03     797.993     783.246     746.804     769.652     720.691     980.523    1036.918     791.859     293.172     313.862
 9.66104E-03     794.124     781.109     746.432     767.534     719.257     969.781    1033.739     792.308     293.162     314.685
 9.68104E-03     794.124     781.109     746.432     767.534     719.257     969.781    1030.606     792.722     293.162     314.685
 9.70104E-03     794.124     781.109     746.432     767.534     719.257     969.781    1027.502     793.102     293.162     314.685
 9.72104E-03     794.124     781.109     746.432     767.534     719.257     969.781    1024.441     793.448     293.162     314.685
 9.74104E-03     794.124     781.109     746.432     767.534     719.257     969.781    1021.422     793.760     293.162     314.685
 9.76104E-03     794.124     781.109     746.432     767.534     719.257     969.781    1018.454     794.039     293.162     314.685
 9.78104E-03     794.124     781.109     746.432     767.534     719.257     969.781    1015.539     794.286     293.162     314.685
 9.80104E-03     790.155     778.825     746.057     765.260     717.648     958.926    1012.654     794.501     293.154     315.519
 9.82104E-03     790.155     778.825     746.057     765.260     717.648     958.926    1009.802     794.686     293.154     315.519
 9.84104E-03     790.155     778.825     746.057     765.260     717.648     958.926    1006.977     794.839     293.154     315.519
 9.86104E-03     790.155     778.825     746.057     765.260     717.648     958.926    1004.174     794.963     293.154     315.519
 9.88104E-03     790.155     778.825     746.057     765.260     717.648     958.926    1001.404     795.058     293.154     315.519
 9.90104E-03     790.155     778.825     746.057     765.260     717.648     958.926     998.678     795.124     293.154     315.519
 9.92104E-03     790.155     778.825     746.057     765.260     717.648     958.926     996.001     795.162     293.154     315.519
 9.94104E-03     786.121     776.428     745.625     762.867     715.909     948.074     993.348     795.249     293.146     316.363
 9.96104E-03     786.121     776.428     745.625     762.867     715.909     948.074     990.743     814.508     293.146     316.363
 9.98104E-03     786.121     776.428     745.625     762.867     715.909     948.074     988.253    1538.275     293.146     316.363
 1.00010E-02     786.121     776.428     745.625     762.867     715.909     948.074     985.877    2538.599     293.146     316.363
